0 0.15288422751109318 0.2264257481648786 0.04921339249697459 0.015810276679841896
0 0.19402985074626866 0.22727272727272727 0.042759177087535294 0.012422360248447204
0 0.2317466720451795 0.23023715415019763 0.026220250100847116 0.014398644833427442
0 0.2866075030254135 0.2236024844720497 0.07866075030254134 0.014680971202710334
0 0.3711173860427592 0.2217673630717109 0.02016942315449778 0.020609824957651044
0 0.4027833803953207 0.22600225861095427 0.043969342476805166 0.007622811970638058
0 0.47660346914078255 0.22106154714850368 0.02379991932230738 0.015810276679841896
0 0.49939491730536506 0.22501411631846416 0.014521984671238403 0.00846979107848673
0 0.5139169019766034 0.2305194805194805 0.003227107704719645 0.002540937323546019
0 0.6081081081081081 0.22106154714850368 0.10931827349737798 0.01637492941840768
0 0.6778943122226704 0.22233201581027667 0.031060911657926585 0.012704686617730096
0 0.7436466317063332 0.21880293619424054 0.01734570391286809 0.015810276679841896
0 0.7620008067769262 0.22063805759457933 0.021782977006857603 0.009881422924901186
0 0.7874142799515934 0.22077922077922077 0.02501008471157725 0.00846979107848673
0 0.809197256958451 0.22092038396386224 0.017749092375958047 0.006493506493506494
0 0.8293666801129488 0.21739130434782608 0.02016942315449778 0.011857707509881422
0 0.8507462686567164 0.2183794466403162 0.021782977006857603 0.009316770186335404
0 0.86304961678096 0.20793337097684925 0.0052440500201694235 0.007058159232072276
0 0.8830173457039129 0.22092038396386224 0.011294876966518758 0.00818746470920384
0 0.16337232755143202 0.27653867871259175 0.05244050020169423 0.017221908526256352
0 0.18515530455828963 0.2696216826651609 0.004840661557079467 0.004517221908526256
0 0.21117386042759176 0.27752682100508186 0.0326744655102864 0.012987012987012988
0 0.24021782977006859 0.27710333145115756 0.02702702702702703 0.012140033879164314
0 0.3110125050423558 0.27653867871259175 0.022589753933037516 0.017221908526256352
0 0.3436869705526422 0.27780914737436474 0.04437273093989512 0.012422360248447204
0 0.35861234368697054 0.26976284584980237 0.004840661557079467 0.005364201016374929
0 0.3862444534086325 0.2790796160361378 0.03751512706736587 0.008752117447769622
0 0.418112141992739 0.2776679841897233 0.022993142396127472 0.009316770186335404
0 0.43384429205324726 0.2738565782044043 0.012505042355788625 0.012422360248447204
0 0.49394917305365066 0.2751270468661773 0.02864058087938685 0.013269339356295878
0 0.5185558693021379 0.27526821005081875 0.020572811617587738 0.011857707509881422
0 0.5443727309398951 0.27625635234330886 0.019766034691407825 0.010446075663466968
0 0.5837031060911658 0.27710333145115756 0.055667607906413875 0.014963297571993224
0 0.6440096813231142 0.2727272727272727 0.06171843485276321 0.01129305477131564
0 0.6966518757563533 0.2751270468661773 0.03872529245663574 0.009881422924901186
0 0.7694634933440904 0.26877470355731226 0.06655909640984267 0.01637492941840768
0 0.8311819281968535 0.2723037831733484 0.04477611940298507 0.022868435911914172
0 0.12767244856797097 0.3300395256916996 0.006857603872529245 0.023150762281197064
0 0.14663170633319886 0.32820440429136083 0.014925373134328358 0.01101072840203275
0 0.1754739814441307 0.32735742518351213 0.033884630899556276 0.014398644833427442
0 0.20169423154497781 0.3341332580463015 0.004033884630899556 0.007058159232072276
0 0.2319483662767245 0.3277809147374365 0.03953206938281565 0.01129305477131564
0 0.26603469140782576 0.32792207792207795 0.018959257765227916 0.009881422924901186
0 0.363251311012505 0.327639751552795 0.14158935054457442 0.014963297571993224
0 0.45240016135538524 0.3269339356295878 0.007664380798709157 0.020327498588368152
0 0.4981847519160952 0.3284867306606437 0.03791851553045583 0.007622811970638058
0 0.5332795482049213 0.32608695652173914 0.028237192416296894 0.01129305477131564
0 0.6119402985074627 0.32523997741389044 0.04356595401371521 0.014116318464144552
0 0.6421944332392093 0.33130999435347264 0.004033884630899556 0.001976284584980237
0 0.7166196046793062 0.3232636928289102 0.056070996369503835 0.014680971202710334
0 0.7561516740621218 0.32622811970638055 0.010891488503428802 0.007622811970638058
0 0.7767244856797095 0.33116883116883117 0.021379588543767647 0.015245623941276116
0 0.8237192416296893 0.3231225296442688 0.017749092375958047 0.021739130434782608
0 0.845300524405002 0.322557876905703 0.013311819281968536 0.012140033879164314
0 0.872529245663574 0.3234048560135517 0.03146430012101654 0.016657255787690572
0 0.899556272690601 0.32622811970638055 0.021782977006857603 0.008752117447769622
0 0.9134731746672046 0.322557876905703 0.008471157724889069 0.014398644833427442
0 0.9296087131908027 0.3246753246753247 0.021379588543767647 0.010728402032749858
0 0.9505849132714804 0.3123941276115189 0.0052440500201694235 0.005928853754940711
0 0.9602662363856393 0.3255223037831734 0.011698265429608713 0.007340485601355167
0 0.14037918515530456 0.37789384528514963 0.016135538523598225 0.016657255787690572
0 0.17325534489713595 0.3774703557312253 0.0463896732553449 0.018068887634105024
0 0.18697055264219442 0.3694240542066629 0.0052440500201694235 0.004234895539243365
0 0.20835014118596207 0.3815640880858272 0.01573215006050827 0.010446075663466968
0 0.24485679709560307 0.3800112930547713 0.05244050020169423 0.010163749294184076
0 0.3174667204517951 0.3761998870694523 0.02581686163775716 0.016092603049124788
0 0.35417507059298103 0.37761151891586675 0.04679306171843485 0.012140033879164314
0 0.37051230334812424 0.37140033879164314 0.004437273093989512 0.006493506493506494
0 0.399959661153691 0.3794466403162055 0.040742234772085516 0.009034443817052512
0 0.4332392093586123 0.37888198757763975 0.02016942315449778 0.009034443817052512
0 0.4554255748285599 0.37662337662337664 0.014521984671238403 0.011857707509881422
0 0.5016135538523598 0.3756352343308865 0.021379588543767647 0.017786561264822136
0 0.5635336829366681 0.3802936194240542 0.11375554659136748 0.01637492941840768
0 0.6313029447357805 0.3794466403162055 0.014521984671238403 0.00846979107848673
0 0.6651875756353368 0.37634105025409376 0.008067769261799113 0.02766798418972332
0 0.682129891085115 0.37761151891586675 0.01290843081887858 0.01383399209486166
0 0.7018959257765228 0.37648221343873517 0.02016942315449778 0.01101072840203275
0 0.7244856797095603 0.3761998870694523 0.021782977006857603 0.010446075663466968
0 0.7422347720855184 0.38354037267080743 0.004840661557079467 0.006493506493506494
0 0.782371924162969 0.37577639751552794 0.0463896732553449 0.01129305477131564
0 0.8176684146833401 0.3759175607001694 0.020976200080677694 0.01101072840203275
0 0.8543767648245261 0.3747882552230378 0.007260992335619202 0.023433088650479956
0 0.8957240822912464 0.3784584980237154 0.022993142396127472 0.009881422924901186
0 0.9116579265832997 0.3685770750988142 0.005647438483259379 0.004799548277809147
0 0.9144816458249294 0.3790231507622812 0.008067769261799113 0.007058159232072276
0 0.9338442920532473 0.3753529079616036 0.020976200080677694 0.014398644833427442
0 0.1809197256958451 0.42857142857142855 0.08511496571198064 0.015810276679841896
0 0.27732956837434447 0.4193958215697346 0.007664380798709157 0.0036702428006775835
0 0.2888261395724082 0.43068887634105024 0.02743041549011698 0.007622811970638058
0 0.3674868898749496 0.42814793901750425 0.045986284792254944 0.01383399209486166
0 0.4209358612343687 0.4278656126482213 0.05929810407422348 0.012140033879164314
0 0.49173053650665594 0.42617165443252397 0.029850746268656716 0.015527950310559006
0 0.5213795885437676 0.42715979672501414 0.025413473174667203 0.010728402032749858
0 0.5564743848325938 0.4308300395256917 0.04235578862444534 0.014116318464144552
0 0.6028640580879386 0.4254658385093168 0.014925373134328358 0.015245623941276116
0 0.6194029850746269 0.42857142857142855 0.01573215006050827 0.009034443817052512
0 0.6778943122226704 0.4254658385093168 0.04719645018152481 0.012422360248447204
0 0.6772892295280355 0.41671372106154714 0.004840661557079467 0.002258610954263128
0 0.7162162162162162 0.4268774703557312 0.014118596208148447 0.01129305477131564
0 0.754538120209762 0.4277244494635799 0.058491327148043566 0.010728402032749858
0 0.8225090762404196 0.42758328627893843 0.024203307785397338 0.00818746470920384
0 0.8574021782977007 0.4278656126482213 0.014925373134328358 0.010446075663466968
0 0.9009681323114159 0.42758328627893843 0.07139975796692215 0.007622811970638058
0 0.9556272690601049 0.4267363071710898 0.035498184751916094 0.00818746470920384
0 0.17164179104477612 0.4823546019198193 0.07462686567164178 0.011575381140598532
0 0.21520774505849133 0.4815076228119706 0.013311819281968536 0.007622811970638058
0 0.23779749899152886 0.48023715415019763 0.026220250100847116 0.010728402032749858
0 0.2987091569181121 0.4774138904573687 0.0326744655102864 0.020892151326933936
0 0.34429205324727713 0.48009599096555616 0.025413473174667203 0.009316770186335404
0 0.3763614360629286 0.4772727272727273 0.03469140782573618 0.01383399209486166
0 0.3898749495764421 0.4712027103331451 0.007664380798709157 0.005081874647092038
0 0.4124647035094796 0.48009599096555616 0.03509479628882614 0.00818746470920384
0 0.4409035901573215 0.48320158102766797 0.004033884630899556 0.003105590062111801
0 0.4955627269060105 0.47473178994918125 0.018959257765227916 0.014963297571993224
0 0.5106897942718839 0.46725014116318464 0.004840661557079467 0.00282326369282891
0 0.5278338039532069 0.4774138904573687 0.03670835014118596 0.009599096555618294
0 0.5883420734167003 0.4723320158102767 0.03670835014118596 0.019198193111236588
0 0.6187979023799919 0.4776962168266516 0.01936264622831787 0.009034443817052512
0 0.6440096813231142 0.4808018068887634 0.02864058087938685 0.015245623941276116
0 0.699878983461073 0.47939017504234893 0.01936264622831787 0.00846979107848673
0 0.6940298507462687 0.46696781479390176 0.0052440500201694235 0.003952569169960474
0 0.745260185558693 0.4786843591191417 0.014118596208148447 0.009316770186335404
0 0.7549415086728519 0.4673913043478261 0.003630496167809601 0.004234895539243365
0 0.7698668818071803 0.4782608695652174 0.030254134731746672 0.009599096555618294
0 0.817466720451795 0.4748729531338227 0.06413876563130294 0.014116318464144552
0 0.8741427995159339 0.481931112365895 0.04195240016135539 0.028232636928289104
0 0.14683340056474384 0.534867306606437 0.03630496167809601 0.016657255787690572
0 0.1754739814441307 0.5351496329757199 0.01371520774505849 0.015527950310559006
0 0.22952803549818476 0.5292207792207793 0.08874546187979024 0.016092603049124788
0 0.31766841468334006 0.5300677583286278 0.010891488503428802 0.016092603049124788
0 0.33521581282775315 0.5330321852060983 0.01936264622831787 0.009599096555618294
0 0.41750705929810406 0.5307735742518351 0.04921339249697459 0.024280067758328628
0 0.4386849536103267 0.5204686617730095 0.003630496167809601 0.004234895539243365
0 0.45582896329164985 0.5295031055900621 0.01855586930213796 0.009881422924901186
0 0.48971359419120614 0.5289384528514963 0.041145623235175476 0.009316770186335404
0 0.5203711173860428 0.5306324110671937 0.014521984671238403 0.007622811970638058
0 0.5853166599435257 0.5320440429136082 0.03227107704719645 0.016092603049124788
0 0.6242436466317063 0.5249858836815359 0.052843888664784185 0.013269339356295878
0 0.626663977410246 0.5175042348955392 0.003630496167809601 0.00282326369282891
0 0.6659943525615167 0.5345849802371542 0.028237192416296894 0.01948051948051948
0 0.7129891085114965 0.5290796160361377 0.033481242436466316 0.006775832862789385
0 0.745260185558693 0.5251270468661773 0.02864058087938685 0.012987012987012988
0 0.8031464300121016 0.5276679841897233 0.021782977006857603 0.010728402032749858
0 0.8311819281968535 0.5262563523433089 0.03670835014118596 0.014116318464144552
0 0.8759580475998386 0.5247035573122529 0.04961678096006454 0.016657255787690572
0 0.9138765631302945 0.5258328627893846 0.027833803953206938 0.012140033879164314
0 0.14764017749092376 0.5830039525691699 0.028237192416296894 0.007340485601355167
0 0.1809197256958451 0.588085827216262 0.03428801936264623 0.019762845849802372
0 0.18676885841064947 0.5702992659514399 0.003227107704719645 0.0033879164313946925
0 0.2156111335215813 0.5845567476002259 0.04235578862444534 0.009316770186335404
0 0.23134328358208955 0.5711462450592886 0.0052440500201694235 0.003952569169960474
0 0.25958047599838646 0.5824392998306042 0.03670835014118596 0.025974025974025976
0 0.31323114158935056 0.5717108977978543 0.004437273093989512 0.0033879164313946925
0 0.32855990318676886 0.5835686053077357 0.027833803953206938 0.007340485601355167
0 0.3979427188382412 0.5786278938452851 0.04800322710770472 0.017786561264822136
0 0.4320290439693425 0.5808865047995483 0.01290843081887858 0.00818746470920384
0 0.47418313836224285 0.5774985883681536 0.06010488100040339 0.015527950310559006
0 0.5125050423557886 0.5807453416149069 0.01653892698668818 0.007340485601355167
0 0.5601048810004033 0.575098814229249 0.0326744655102864 0.01693958215697346
0 0.5597014925373134 0.5777809147374364 0.0052440500201694235 0.011575381140598532
0 0.5943929003630496 0.5766516092603049 0.021379588543767647 0.012140033879164314
0 0.6135538523598225 0.5782044042913608 0.016942315449778138 0.009599096555618294
0 0.6502622025010085 0.5765104460756635 0.05486083098023396 0.012422360248447204
0 0.6853569987898346 0.5789102202145681 0.008874546187979023 0.007058159232072276
0 0.6867688584106495 0.5683229813664596 0.003630496167809601 0.0033879164313946925
0 0.7027027027027027 0.5798983625070582 0.01936264622831787 0.00846979107848673
0 0.72650262202501 0.5858272162619989 0.00645421540943929 0.00846979107848673
0 0.7670431625655506 0.5773574251835122 0.018959257765227916 0.014680971202710334
0 0.7987091569181122 0.5748164878599661 0.041145623235175476 0.014680971202710334
0 0.8824122630092779 0.5756634669678148 0.06494554255748286 0.01637492941840768
0 0.15248083904800322 0.6309994353472614 0.016942315449778138 0.015810276679841896
0 0.17103670835014118 0.6335403726708074 0.016135538523598225 0.00846979107848673
0 0.21702299314239612 0.6304347826086957 0.07341670028237192 0.01355166572557877
0 0.24102460669624848 0.6215415019762845 0.004437273093989512 0.0036702428006775835
0 0.2670431625655506 0.6322699040090345 0.029850746268656716 0.008752117447769622
0 0.2835820895522388 0.629587803500847 0.01290843081887858 0.012422360248447204
0 0.34772085518354173 0.6290231507622812 0.01855586930213796 0.014680971202710334
0 0.3717224687373941 0.6315640880858272 0.02218636546994756 0.009034443817052512
0 0.3947156111335216 0.6318464144551101 0.020572811617587738 0.00846979107848673
0 0.409035901573215 0.6309994353472614 0.012101653892698669 0.00846979107848673
0 0.4312222670431626 0.63085827216262 0.023396530859217425 0.009881422924901186
0 0.44574425171440096 0.6263410502540937 0.02016942315449778 0.01383399209486166
0 0.47498991528842277 0.6309994353472614 0.0318676885841065 0.009599096555618294
0 0.5076643807987091 0.6346696781479391 0.02379991932230738 0.015810276679841896
0 0.5344897135941912 0.6374929418407679 0.00645421540943929 0.010728402032749858
0 0.5895522388059702 0.6277526821005082 0.02702702702702703 0.014398644833427442
0 0.6139572408229125 0.6309994353472614 0.017749092375958047 0.009034443817052512
0 0.6349334409035902 0.6345285149632975 0.003227107704719645 0.002540937323546019
0 0.6678096006454215 0.6261998870694523 0.007664380798709157 0.014116318464144552
0 0.7016942315449778 0.6312817617165444 0.052843888664784185 0.010728402032749858
0 0.7029043969342477 0.6221061547148503 0.004437273093989512 0.0036702428006775835
0 0.7866075030254135 0.6278938452851497 0.026623638563937072 0.017504234895539244
0 0.8108108108108109 0.6305759457933371 0.020976200080677694 0.009881422924901186
0 0.8313836224283986 0.6314229249011858 0.01855586930213796 0.010446075663466968
0 0.8721258572004841 0.6274703557312253 0.04195240016135539 0.016657255787690572
0 0.9080274304154902 0.6269057029926595 0.026623638563937072 0.014398644833427442
0 0.9304154901169827 0.6376341050254094 0.0052440500201694235 0.009316770186335404
0 0.16034691407825735 0.6840767927724449 0.02218636546994756 0.009599096555618294
0 0.15328761597418314 0.6696781479390175 0.003227107704719645 0.003952569169960474
0 0.2299314239612747 0.6836533032185206 0.029043969342476807 0.01101072840203275
0 0.22166196046793063 0.6701016374929418 0.004437273093989512 0.005364201016374929
0 0.2559499798305768 0.6846414455110107 0.013311819281968536 0.009034443817052512
0 0.26401774909237596 0.6674195369847544 0.003630496167809601 0.003952569169960474
0 0.2801532876159742 0.6804065499717674 0.02702702702702703 0.012987012987012988
0 0.30778539733763616 0.6773009599096556 0.021782977006857603 0.015810276679841896
0 0.31343283582089554 0.6722190852625636 0.005647438483259379 0.004517221908526256
0 0.33319887051230335 0.6829474872953134 0.016942315449778138 0.006775832862789385
0 0.3557886244453409 0.6854884246188594 0.01855586930213796 0.017504234895539244
0 0.4144816458249294 0.6829474872953134 0.03509479628882614 0.009599096555618294
0 0.46994755949979833 0.6818181818181818 0.021782977006857603 0.00846979107848673
0 0.5346914078257362 0.6837944664031621 0.01653892698668818 0.012987012987012988
0 0.5528438886647842 0.6819593450028233 0.018959257765227916 0.009316770186335404
0 0.5949979830576846 0.6840767927724449 0.0645421540943929 0.02258610954263128
0 0.5784590560709963 0.6712309429700734 0.004033884630899556 0.003105590062111801
0 0.6524808390480032 0.6811123658949746 0.02218636546994756 0.01101072840203275
0 0.6728519564340459 0.6767363071710898 0.016942315449778138 0.019762845849802372
0 0.7424364663170633 0.6781479390175043 0.08592174263816055 0.012987012987012988
0 0.8166599435256152 0.6816770186335404 0.052843888664784185 0.016657255787690572
0 0.8580072609923356 0.6794184076792772 0.004033884630899556 0.002540937323546019
