0 0.14300121016538928 0.2279785431959345 0.019766034691407825 0.023433088650479956
0 0.13654699475594997 0.22882552230378317 0.0012101653892698668 0.001411631846414455
0 0.15308592174263816 0.23249576510446077 0.008471157724889069 0.009881422924901186
0 0.19342476805163372 0.2289666854884246 0.014925373134328358 0.020892151326933936
0 0.19887051230334812 0.23150762281197063 0.008067769261799113 0.00846979107848673
0 0.21298910851149658 0.22826086956521738 0.01855586930213796 0.01948051948051948
0 0.24485679709560307 0.2279785431959345 0.012101653892698669 0.017786561264822136
0 0.23981444130697863 0.2300959909655562 0.0012101653892698668 0.00282326369282891
0 0.24041952400161357 0.2274138904573687 0.0016135538523598225 0.001976284584980237
0 0.2624041952400161 0.22628458498023715 0.03428801936264623 0.020045172219085264
0 0.2989108511496571 0.23729531338226992 0.0016135538523598225 0.0008469791078486731
0 0.3118192819685357 0.22656691134952003 0.02581686163775716 0.021739130434782608
0 0.300121016538927 0.2285431959345003 0.0016135538523598225 0.002540937323546019
0 0.3325937878176684 0.2274138904573687 0.010891488503428802 0.020609824957651044
0 0.37051230334812424 0.2279785431959345 0.025413473174667203 0.022868435911914172
0 0.38664784187172246 0.23249576510446077 0.004437273093989512 0.007058159232072276
0 0.3929003630496168 0.23207227555053642 0.008874546187979023 0.00846979107848673
0 0.39128680919725695 0.22219085262563523 0.0016135538523598225 0.0033879164313946925
0 0.4300121016538927 0.2316487859966121 0.009681323114158934 0.009316770186335404
0 0.436466317063332 0.23277809147374365 0.008067769261799113 0.007622811970638058
0 0.44594594594594594 0.2329192546583851 0.010891488503428802 0.007340485601355167
0 0.4570391286809197 0.23334274421230944 0.008874546187979023 0.007622811970638058
0 0.46006454215409437 0.2295313382269904 0.0012101653892698668 0.001129305477131564
0 0.47196450181524807 0.24124788255223037 0.020976200080677694 0.026256352343308864
0 0.491327148043566 0.22840203274985885 0.01290843081887858 0.018068887634105024
0 0.4965711980637354 0.23306041784302653 0.004840661557079467 0.00818746470920384
0 0.5062525211778943 0.23334274421230944 0.015328761597418314 0.007622811970638058
0 0.5018152480839048 0.22007340485601354 0.0024203307785397336 0.003105590062111801
0 0.5419524001613554 0.23306041784302653 0.01008471157724889 0.00818746470920384
0 0.5514320290439694 0.23362507058159232 0.023396530859217425 0.037549407114624504
0 0.5851149657119806 0.23080180688876342 0.010891488503428802 0.009316770186335404
0 0.5925776522791448 0.23136645962732919 0.00645421540943929 0.007622811970638058
0 0.6026623638563937 0.23023715415019763 0.009681323114158934 0.008752117447769622
0 0.609318273497378 0.2316487859966121 0.003630496167809601 0.00818746470920384
0 0.6163775716014522 0.23122529644268774 0.008874546187979023 0.00846979107848673
0 0.6157724889068172 0.21908526256352343 0.0028237192416296895 0.004517221908526256
0 0.6284792254941509 0.22628458498023715 0.008874546187979023 0.016657255787690572
0 0.663574021782977 0.2295313382269904 0.009681323114158934 0.009599096555618294
0 0.672045179507866 0.2300959909655562 0.008067769261799113 0.007905138339920948
0 0.6805163372327552 0.23066064370412195 0.008874546187979023 0.009034443817052512
0 0.6922146026623639 0.2316487859966121 0.009681323114158934 0.009316770186335404
0 0.6978620411456232 0.23207227555053642 0.004840661557079467 0.009599096555618294
0 0.7081484469544171 0.2323546019198193 0.01573215006050827 0.009034443817052512
0 0.7035094796288827 0.221485036702428 0.0024203307785397336 0.003105590062111801
0 0.7192416296893909 0.23207227555053642 0.008874546187979023 0.009034443817052512
0 0.7555465913674869 0.23122529644268774 0.01855586930213796 0.010163749294184076
0 0.7690601048810004 0.2305194805194805 0.008471157724889069 0.008752117447769622
0 0.7789431222267044 0.23122529644268774 0.008874546187979023 0.009034443817052512
0 0.8110125050423558 0.23066064370412195 0.014118596208148447 0.009599096555618294
0 0.8257361839451391 0.2251552795031056 0.012101653892698669 0.018351214003387916
0 0.8336022589753933 0.2305194805194805 0.006857603872529245 0.007622811970638058
0 0.8420734167002824 0.22600225861095427 0.00927793465106898 0.016657255787690572
0 0.8481242436466317 0.23362507058159232 0.01573215006050827 0.03077357425183512
0 0.1438079870915692 0.27738565782044045 0.019766034691407825 0.022303783173348392
0 0.15167406212182333 0.2837380011293055 0.00645421540943929 0.012987012987012988
0 0.17063331988705124 0.28147939017504237 0.03146430012101654 0.029926595143986448
0 0.15832997176280758 0.2686335403726708 0.002016942315449778 0.002540937323546019
0 0.1936264622831787 0.2833145115753811 0.016942315449778138 0.008752117447769622
0 0.21157724889068172 0.2803500846979108 0.012505042355788625 0.01693958215697346
0 0.24162968939088342 0.27964426877470355 0.01290843081887858 0.002540937323546019
0 0.26865671641791045 0.2964426877470356 0.0024203307785397336 0.004517221908526256
0 0.27934651068979427 0.27992659514398643 0.020572811617587738 0.029644268774703556
0 0.290843081887858 0.2824675324675325 0.010488100040338847 0.009316770186335404
0 0.30133118192819686 0.28274985883681536 0.010488100040338847 0.007622811970638058
0 0.3164582492940702 0.2768210050818746 0.01734570391286809 0.020609824957651044
0 0.3249294070189593 0.2834556747600226 0.01008471157724889 0.009034443817052512
0 0.3390480032271077 0.2831733483907397 0.01573215006050827 0.007340485601355167
0 0.35699878983461075 0.28274985883681536 0.016942315449778138 0.008752117447769622
0 0.3763614360629286 0.27851496329757197 0.010488100040338847 0.020045172219085264
0 0.3805970149253731 0.282326369282891 0.008471157724889069 0.009034443817052512
0 0.39229528035498185 0.27851496329757197 0.010891488503428802 0.018351214003387916
0 0.4007664380798709 0.29361942405420666 0.019766034691407825 0.029926595143986448
0 0.3971359419120613 0.2782326369282891 0.008471157724889069 0.016092603049124788
0 0.4475594997983058 0.2769621682665161 0.01734570391286809 0.020327498588368152
0 0.4540137152077451 0.282326369282891 0.004437273093989512 0.010163749294184076
0 0.46591367486889873 0.281055900621118 0.022589753933037516 0.03020892151326934
0 0.4592577652279145 0.2701863354037267 0.002016942315449778 0.003952569169960474
0 0.4737797498991529 0.282326369282891 0.010891488503428802 0.00846979107848673
0 0.4828559903186769 0.2833145115753811 0.008874546187979023 0.00818746470920384
0 0.4955627269060105 0.282326369282891 0.018152480839048003 0.00846979107848673
0 0.5149253731343284 0.2780914737436477 0.011698265429608713 0.01693958215697346
0 0.5522388059701493 0.283596837944664 0.023396530859217425 0.03472614342179559
0 0.5635336829366681 0.2824675324675325 0.008067769261799113 0.00818746470920384
0 0.5758370310609117 0.2831733483907397 0.01573215006050827 0.007340485601355167
0 0.6250504235578862 0.2751270468661773 0.020572811617587738 0.020045172219085264
0 0.6375554659136748 0.2813382269904009 0.00927793465106898 0.009316770186335404
0 0.6532876159741832 0.2768210050818746 0.014118596208148447 0.022303783173348392
0 0.6867688584106495 0.27936194240542067 0.01008471157724889 0.009316770186335404
0 0.6990722065348931 0.2802089215132693 0.023396530859217425 0.03811405985319029
0 0.744856797095603 0.27399774138904576 0.022993142396127472 0.021739130434782608
0 0.7664380798709157 0.2751270468661773 0.01290843081887858 0.022303783173348392
0 0.7779346510689794 0.2802089215132693 0.01653892698668818 0.009316770186335404
0 0.7864058087938685 0.28613777526821005 0.003630496167809601 0.004234895539243365
0 0.8158531665994353 0.27540937323546016 0.014925373134328358 0.021174477696216828
0 0.8247277127874143 0.27428006775832864 0.024606696248487294 0.023433088650479956
0 0.8406615570794675 0.29037267080745344 0.02501008471157725 0.027950310559006212
0 0.14501815248083905 0.33229813664596275 0.01734570391286809 0.011857707509881422
0 0.1565147236789028 0.3315923207227555 0.008067769261799113 0.009316770186335404
0 0.16478418717224688 0.3328627893845285 0.00927793465106898 0.00846979107848673
0 0.17789431222267044 0.327639751552795 0.009681323114158934 0.0189158667419537
0 0.18757563533682936 0.32792207792207795 0.014521984671238403 0.023433088650479956
0 0.2252924566357402 0.33893280632411066 0.019766034691407825 0.023997741389045736
0 0.24324324324324326 0.3338509316770186 0.01290843081887858 0.009316770186335404
0 0.25877369907220654 0.3344155844155844 0.00927793465106898 0.00818746470920384
0 0.26643807987091567 0.334274421230943 0.004437273093989512 0.007340485601355167
0 0.27954820492133925 0.327639751552795 0.01936264622831787 0.020045172219085264
0 0.27228721258572003 0.32241671372106157 0.003227107704719645 0.004517221908526256
0 0.3249294070189593 0.33272162619988704 0.011698265429608713 0.009881422924901186
0 0.33501411859620817 0.33258046301524563 0.01008471157724889 0.007905138339920948
0 0.3741427995159338 0.33145115753811405 0.010891488503428802 0.009599096555618294
0 0.38684953610326744 0.3318746470920384 0.015328761597418314 0.00818746470920384
0 0.4035901573215006 0.3277809147374365 0.011698265429608713 0.019762845849802372
0 0.41407825736183945 0.33258046301524563 0.011698265429608713 0.009599096555618294
0 0.4267849939491731 0.327639751552795 0.011294876966518758 0.020045172219085264
0 0.43707139975796694 0.3334274421230943 0.010891488503428802 0.010163749294184076
0 0.4489713594191206 0.3337097684923772 0.010488100040338847 0.00846979107848673
0 0.46591367486889873 0.33300395256917 0.01855586930213796 0.01101072840203275
0 0.5135135135135135 0.3321569734613213 0.029850746268656716 0.012140033879164314
0 0.5352964905203711 0.3315923207227555 0.01290843081887858 0.010446075663466968
0 0.5411456232351755 0.3321569734613213 0.0052440500201694235 0.009316770186335404
0 0.54497781363453 0.3210050818746471 0.0024203307785397336 0.00282326369282891
0 0.5572811617587737 0.33328627893845286 0.02218636546994756 0.010446075663466968
0 0.5931827349737797 0.3306041784302654 0.025413473174667203 0.03387916431394692
0 0.6042759177087536 0.33272162619988704 0.010488100040338847 0.00818746470920384
0 0.653892698668818 0.3256634669678148 0.029043969342476807 0.021174477696216828
0 0.6958450988301734 0.3308865047995483 0.01290843081887858 0.01129305477131564
0 0.7156111335215812 0.32622811970638055 0.020976200080677694 0.01948051948051948
0 0.7277127874142799 0.3306041784302654 0.00645421540943929 0.007340485601355167
0 0.7386042759177087 0.32622811970638055 0.012101653892698669 0.018351214003387916
0 0.7426381605486083 0.33145115753811405 0.010488100040338847 0.00846979107848673
0 0.7583703106091165 0.32820440429136083 0.016135538523598225 0.0189158667419537
0 0.7638160548608309 0.3315923207227555 0.00927793465106898 0.009316770186335404
0 0.7757160145219847 0.33794466403162055 0.021782977006857603 0.039525691699604744
0 0.14219443323920936 0.38354037267080743 0.01653892698668818 0.01383399209486166
0 0.15732150060508268 0.38311688311688313 0.011294876966518758 0.009599096555618294
0 0.1674062121823316 0.38297571993224166 0.008067769261799113 0.009881422924901186
0 0.18878580072609924 0.3781761716544325 0.028237192416296894 0.022303783173348392
0 0.21682129891085114 0.37775268210050816 0.02379991932230738 0.0220214568040655
0 0.24142799515933844 0.3805759457933371 0.012505042355788625 0.0016939582156973462
0 0.2757160145219847 0.3774703557312253 0.012505042355788625 0.020892151326933936
0 0.2833803953206938 0.38325804630152455 0.00927793465106898 0.00818746470920384
0 0.2977006857603873 0.37859966120835686 0.01290843081887858 0.020327498588368152
0 0.3229124647035095 0.38325804630152455 0.0052440500201694235 0.010446075663466968
0 0.3323920935861234 0.378317334839074 0.01371520774505849 0.020327498588368152
0 0.32876159741831384 0.3719649915302089 0.0024203307785397336 0.0036702428006775835
0 0.3688987494957644 0.3824110671936759 0.022993142396127472 0.011575381140598532
0 0.38422751109318276 0.38410502540937325 0.008471157724889069 0.00818746470920384
0 0.4025816861637757 0.37775268210050816 0.020976200080677694 0.020327498588368152
0 0.4310205728116176 0.38114059853190285 0.010891488503428802 0.01129305477131564
0 0.4409035901573215 0.3824110671936759 0.008874546187979023 0.008752117447769622
0 0.4528035498184752 0.37874082439299833 0.014118596208148447 0.020045172219085264
0 0.4846712384025817 0.37789384528514963 0.014118596208148447 0.022303783173348392
0 0.49515933844292054 0.3826933935629588 0.01008471157724889 0.008752117447769622
0 0.5288422751109318 0.3794466403162055 0.015328761597418314 0.020327498588368152
0 0.5330778539733764 0.38382269904009036 0.008471157724889069 0.008752117447769622
0 0.5415490116982654 0.38382269904009036 0.008471157724889069 0.008752117447769622
0 0.572811617587737 0.38114059853190285 0.009681323114158934 0.010163749294184076
0 0.5792658329971763 0.3818464144551101 0.009681323114158934 0.008752117447769622
0 0.5907624041952401 0.38325804630152455 0.01653892698668818 0.007058159232072276
0 0.6075030254134732 0.38099943534726144 0.021782977006857603 0.03190287972896669
0 0.6202097620008068 0.3836815358554489 0.010891488503428802 0.006775832862789385
0 0.6317063331988705 0.37704686617730093 0.011294876966518758 0.0189158667419537
0 0.6405808793868495 0.382128740824393 0.010488100040338847 0.009316770186335404
0 0.654699475594998 0.3759175607001694 0.012101653892698669 0.01948051948051948
0 0.6676079064138766 0.37732919254658387 0.014521984671238403 0.01948051948051948
0 0.7027027027027027 0.38170525127046867 0.012101653892698669 0.009599096555618294
0 0.7121823315853166 0.38226990400903443 0.00927793465106898 0.009034443817052512
0 0.7200484066155708 0.38297571993224166 0.008874546187979023 0.007622811970638058
0 0.754134731746672 0.37634105025409376 0.026220250100847116 0.0220214568040655
0 0.7914481645824929 0.3814229249011858 0.011294876966518758 0.009599096555618294
0 0.8021379588543768 0.38198757763975155 0.012505042355788625 0.009034443817052512
0 0.817466720451795 0.39186900056465274 0.019766034691407825 0.026538678712591756
0 0.8136345300524405 0.38198757763975155 0.010488100040338847 0.009599096555618294
0 0.8511496571198064 0.3756352343308865 0.016942315449778138 0.01948051948051948
0 0.13614360629286001 0.4449463579898362 0.014118596208148447 0.029926595143986448
0 0.14844695441710368 0.4342179559570864 0.007260992335619202 0.00846979107848673
0 0.15832997176280758 0.42871259175607 0.010891488503428802 0.020045172219085264
0 0.1619604679306172 0.4361942405420666 0.0028237192416296895 0.00282326369282891
0 0.20391286809197257 0.4288537549407115 0.018959257765227916 0.0220214568040655
0 0.2172246873739411 0.4339356295878035 0.010891488503428802 0.009034443817052512
0 0.23033481242436465 0.4342179559570864 0.012101653892698669 0.01129305477131564
0 0.24263816054860832 0.43351214003387917 0.014925373134328358 0.011575381140598532
0 0.2569584509883017 0.43351214003387917 0.016135538523598225 0.009881422924901186
0 0.2672448567970956 0.43379446640316205 0.004437273093989512 0.008752117447769622
0 0.2747075433642598 0.4339356295878035 0.009681323114158934 0.00846979107848673
0 0.28156514723678905 0.4459345002823264 0.017749092375958047 0.03020892151326934
0 0.2757160145219847 0.42179559570863917 0.0028237192416296895 0.0033879164313946925
0 0.3206938281565147 0.4407114624505929 0.015328761597418314 0.023715415019762844
0 0.34227511093182733 0.43379446640316205 0.026220250100847116 0.009881422924901186
0 0.33098023396530857 0.4225014116318464 0.0028237192416296895 0.003105590062111801
0 0.35861234368697054 0.4342179559570864 0.009681323114158934 0.007905138339920948
0 0.3961274707543364 0.42701863354037267 0.023396530859217425 0.022868435911914172
0 0.41044776119402987 0.43379446640316205 0.008471157724889069 0.008752117447769622
0 0.42315449778136344 0.42941840767927725 0.01290843081887858 0.018068887634105024
0 0.4540137152077451 0.43478260869565216 0.0060508269463493344 0.010163749294184076
0 0.46409842678499397 0.4295595708639187 0.011698265429608713 0.01948051948051948
0 0.463493344090359 0.42066629023150764 0.0024203307785397336 0.003952569169960474
0 0.4893102057281162 0.4345002823263693 0.02501008471157725 0.01129305477131564
0 0.5056474384832593 0.4345002823263693 0.00927793465106898 0.009599096555618294
0 0.5385235982250908 0.42631281761716544 0.016135538523598225 0.023150762281197064
0 0.5494150867285196 0.43280632411067194 0.011294876966518758 0.009599096555618294
0 0.5673658733360226 0.42715979672501414 0.011698265429608713 0.020327498588368152
0 0.5756353368293666 0.43195934500282324 0.008067769261799113 0.007340485601355167
0 0.5828963291649859 0.43379446640316205 0.009681323114158934 0.007058159232072276
0 0.5931827349737797 0.43252399774138905 0.008471157724889069 0.006775832862789385
0 0.6379588543767648 0.4321005081874647 0.01653892698668818 0.010446075663466968
0 0.6520774505849133 0.42730095990965555 0.012505042355788625 0.022303783173348392
0 0.663775716014522 0.4339356295878035 0.004437273093989512 0.009034443817052512
0 0.6712384025816862 0.4323828345567476 0.007260992335619202 0.008752117447769622
0 0.6698265429608713 0.42165443252399776 0.0028237192416296895 0.0036702428006775835
0 0.68152480839048 0.42871259175607 0.014118596208148447 0.020045172219085264
0 0.7287212585720049 0.43280632411067194 0.022993142396127472 0.033314511575381144
0 0.7394110528438886 0.4333709768492377 0.004840661557079467 0.009599096555618294
0 0.745865268253328 0.42108977978543194 0.003227107704719645 0.004234895539243365
0 0.7498991528842275 0.43280632411067194 0.011294876966518758 0.00846979107848673
0 0.7605889471561114 0.4322416713721062 0.01008471157724889 0.00846979107848673
0 0.7743041549011698 0.42701863354037267 0.012505042355788625 0.016092603049124788
0 0.8067769261799113 0.4364765669113495 0.020976200080677694 0.0220214568040655
0 0.8227107704719645 0.43153585544889894 0.010891488503428802 0.009316770186335404
0 0.8390480032271077 0.42518351214003386 0.015328761597418314 0.019198193111236588
0 0.8652682533279549 0.43195934500282324 0.01371520774505849 0.010163749294184076
0 0.13755546591367487 0.4837662337662338 0.011294876966518758 0.01101072840203275
0 0.14804356595401372 0.4850367024280068 0.008067769261799113 0.009034443817052512
0 0.15611133521581283 0.48461321287408243 0.003227107704719645 0.007622811970638058
0 0.1591367486889875 0.4738848108413326 0.002016942315449778 0.004234895539243365
0 0.16659943525615167 0.48023715415019763 0.012101653892698669 0.017504234895539244
0 0.17809600645421542 0.48461321287408243 0.01008471157724889 0.007622811970638058
0 0.17668414683340056 0.47289666854884244 0.0024203307785397336 0.003952569169960474
0 0.1843485276321097 0.49548277809147373 0.016942315449778138 0.029361942405420668
0 0.2317466720451795 0.48249576510446074 0.011698265429608713 0.009599096555618294
0 0.24102460669624848 0.4839073969508752 0.01008471157724889 0.009599096555618294
0 0.2944735780556676 0.4776962168266516 0.01371520774505849 0.024280067758328628
0 0.30899556272690604 0.4836250705815923 0.016942315449778138 0.01129305477131564
0 0.327349737797499 0.47882552230378317 0.010891488503428802 0.018633540372670808
0 0.33844292053247277 0.47995482778091475 0.01936264622831787 0.02258610954263128
0 0.3892698668818072 0.48306041784302656 0.01290843081887858 0.01129305477131564
0 0.39653085921742637 0.49195369847543763 0.022589753933037516 0.0251270468661773
0 0.4171036708350141 0.48461321287408243 0.017749092375958047 0.00818746470920384
0 0.43686970552642196 0.4808018068887634 0.01936264622831787 0.018068887634105024
0 0.4443323920935861 0.48531902879728966 0.0052440500201694235 0.007905138339920948
0 0.4517950786607503 0.4860248447204969 0.009681323114158934 0.007622811970638058
0 0.4497781363453005 0.47473178994918125 0.0024203307785397336 0.004799548277809147
0 0.4598628479225494 0.49731789949181254 0.015328761597418314 0.028514963297571992
0 0.5028237192416297 0.484472049689441 0.012505042355788625 0.009599096555618294
0 0.5137152077450585 0.48546019198193113 0.012505042355788625 0.007622811970638058
0 0.5314643001210165 0.4779785431959345 0.019766034691407825 0.021456804065499716
0 0.5748285599031868 0.4826369282891022 0.01290843081887858 0.010446075663466968
0 0.5849132714804357 0.4792490118577075 0.01371520774505849 0.023433088650479956
0 0.5925776522791448 0.48348390739695085 0.010488100040338847 0.008752117447769622
0 0.6018555869302138 0.48433088650479955 0.008874546187979023 0.007058159232072276
0 0.6141589350544574 0.48009599096555616 0.011698265429608713 0.018351214003387916
0 0.6198063735377168 0.48461321287408243 0.007664380798709157 0.00818746470920384
0 0.6319080274304155 0.4813664596273292 0.01653892698668818 0.020892151326933936
0 0.6670028237192416 0.48404856013551667 0.01008471157724889 0.008752117447769622
0 0.6768858410649455 0.4795313382269904 0.01290843081887858 0.0189158667419537
0 0.690399354578459 0.48433088650479955 0.010891488503428802 0.009316770186335404
0 0.699677289229528 0.48461321287408243 0.00927793465106898 0.007058159232072276
0 0.7061315046389673 0.4944946357989836 0.01653892698668818 0.029079616036137776
0 0.7228721258572005 0.48320158102766797 0.008874546187979023 0.007058159232072276
0 0.7331585316659943 0.4837662337662338 0.01008471157724889 0.009316770186335404
0 0.7446551028640581 0.48743647656691136 0.003227107704719645 0.002540937323546019
0 0.7874142799515934 0.47684923771880294 0.023396530859217425 0.020892151326933936
0 0.7966922146026624 0.4827780914737436 0.010488100040338847 0.00846979107848673
0 0.8015328761597418 0.48658949745906266 0.003227107704719645 0.002540937323546019
0 0.827954820492134 0.47586109542631283 0.025413473174667203 0.020609824957651044
0 0.8374344493747479 0.4836250705815923 0.011294876966518758 0.010728402032749858
0 0.8442920532472771 0.48404856013551667 0.008067769261799113 0.007622811970638058
0 0.854175070592981 0.4850367024280068 0.013311819281968536 0.006211180124223602
0 0.8656716417910447 0.48461321287408243 0.010488100040338847 0.006493506493506494
0 0.14118596208148446 0.534867306606437 0.012101653892698669 0.012140033879164314
0 0.1498588140379185 0.5359966120835686 0.00927793465106898 0.01101072840203275
0 0.1680112948769665 0.536420101637493 0.01653892698668818 0.009599096555618294
0 0.18212989108511496 0.5359966120835686 0.004437273093989512 0.006493506493506494
0 0.1897942718838241 0.5367024280067758 0.00927793465106898 0.007905138339920948
0 0.18858410649455426 0.5248447204968945 0.0028237192416296895 0.003952569169960474
0 0.209156918112142 0.5311970638057595 0.018959257765227916 0.01948051948051948
0 0.21742638160548608 0.5351496329757199 0.008067769261799113 0.00818746470920384
0 0.23013311819281967 0.5316205533596838 0.01653892698668818 0.019762845849802372
0 0.2809600645421541 0.5311970638057595 0.013311819281968536 0.021174477696216828
0 0.29245663574021785 0.5300677583286278 0.020976200080677694 0.020045172219085264
0 0.34590560709963697 0.5292207792207793 0.013311819281968536 0.021739130434782608
0 0.36304961678096004 0.5347261434217956 0.016942315449778138 0.009599096555618294
0 0.3773699072206535 0.5296442687747036 0.012505042355788625 0.019762845849802372
0 0.3844292053247277 0.5344438170525128 0.004840661557079467 0.00846979107848673
0 0.3926986688180718 0.5304912478825522 0.011698265429608713 0.019762845849802372
0 0.390681726502622 0.5231507622811971 0.002016942315449778 0.00282326369282891
0 0.40116982654296085 0.5354319593450029 0.01008471157724889 0.008752117447769622
0 0.4628882613957241 0.5287972896668549 0.02379991932230738 0.0220214568040655
0 0.4745865268253328 0.534867306606437 0.00927793465106898 0.009316770186335404
0 0.4858814037918516 0.5347261434217956 0.011698265429608713 0.010163749294184076
0 0.4963695038321904 0.5345849802371542 0.01008471157724889 0.009316770186335404
0 0.5050423557886244 0.5354319593450029 0.008067769261799113 0.007058159232072276
0 0.5123033481242436 0.5350084697910785 0.010488100040338847 0.006211180124223602
0 0.5274304154901169 0.5351496329757199 0.014118596208148447 0.007058159232072276
0 0.5457845905607099 0.5350084697910785 0.02016942315449778 0.009599096555618294
0 0.5657523194836628 0.5286561264822134 0.011698265429608713 0.017786561264822136
0 0.6099233561920129 0.5283738001129306 0.012101653892698669 0.020609824957651044
0 0.6258572004840661 0.5334556747600225 0.019766034691407825 0.010446075663466968
0 0.6432029043969343 0.5343026538678712 0.008471157724889069 0.008752117447769622
0 0.6532876159741832 0.529785431959345 0.012505042355788625 0.021174477696216828
0 0.6672045179507866 0.5345849802371542 0.009681323114158934 0.00818746470920384
0 0.6774909237595804 0.5344438170525128 0.01008471157724889 0.009599096555618294
0 0.718031464300121 0.5287972896668549 0.020976200080677694 0.020892151326933936
0 0.7325534489713594 0.5340203274985884 0.01290843081887858 0.009316770186335404
0 0.7478822105687777 0.5295031055900621 0.01371520774505849 0.020609824957651044
0 0.7843888664784188 0.532608695652174 0.01734570391286809 0.01101072840203275
0 0.7964905203711173 0.5328910220214568 0.00927793465106898 0.00818746470920384
0 0.8077853973376361 0.5327498588368154 0.00927793465106898 0.007905138339920948
0 0.14864864864864866 0.5808865047995483 0.019766034691407825 0.022303783173348392
0 0.1565147236789028 0.5859683794466403 0.009681323114158934 0.00818746470920384
0 0.16478418717224688 0.5876623376623377 0.01008471157724889 0.00818746470920384
0 0.17648245260185558 0.586815358554489 0.008471157724889069 0.008752117447769622
0 0.22388059701492538 0.5835686053077357 0.004033884630899556 0.007905138339920948
0 0.23073820088745461 0.585544889892716 0.011294876966518758 0.009034443817052512
0 0.23013311819281967 0.5722755505364201 0.0028237192416296895 0.0033879164313946925
0 0.27974989915288423 0.5815923207227555 0.018152480839048003 0.019762845849802372
0 0.2932634126663977 0.5820158102766798 0.01371520774505849 0.0189158667419537
0 0.3096006454215409 0.5811688311688312 0.019766034691407825 0.018351214003387916
0 0.32432432432432434 0.5807453416149069 0.011294876966518758 0.014116318464144552
0 0.3688987494957644 0.5803218520609825 0.011698265429608713 0.020045172219085264
0 0.37918515530455826 0.5837097684923772 0.008874546187979023 0.009316770186335404
0 0.390480032271077 0.5822981366459627 0.007260992335619202 0.009316770186335404
0 0.3989511899959661 0.58399209486166 0.011294876966518758 0.008752117447769622
0 0.409035901573215 0.5849802371541502 0.011294876966518758 0.00846979107848673
0 0.427390076643808 0.5852625635234331 0.021379588543767647 0.00846979107848673
0 0.47196450181524807 0.5854037267080745 0.010488100040338847 0.009881422924901186
0 0.4864864864864865 0.585544889892716 0.02581686163775716 0.039525691699604744
0 0.47862041145623235 0.5825804630152456 0.0012101653892698668 0.001976284584980237
0 0.5373134328358209 0.580180688876341 0.03307785397337636 0.0220214568040655
0 0.5968132311415894 0.5818746470920384 0.02702702702702703 0.03162055335968379
0 0.6018555869302138 0.5824392998306042 0.00645421540943929 0.009034443817052512
0 0.6099233561920129 0.5831451157538114 0.012101653892698669 0.007058159232072276
0 0.6232351754739814 0.5827216261998871 0.010488100040338847 0.009034443817052512
0 0.6331181928196854 0.5841332580463016 0.01008471157724889 0.007340485601355167
0 0.6442113755546591 0.584274421230943 0.009681323114158934 0.00818746470920384
0 0.6524808390480032 0.5851214003387917 0.004437273093989512 0.00818746470920384
0 0.6601452198467124 0.5848390739695087 0.010891488503428802 0.009881422924901186
0 0.6585316659943525 0.5721343873517787 0.002016942315449778 0.0036702428006775835
0 0.6738604275917709 0.5783455674760023 0.011698265429608713 0.020045172219085264
0 0.7236789027833804 0.5783455674760023 0.022589753933037516 0.021739130434782608
0 0.7349737797498992 0.5832862789384529 0.011294876966518758 0.009599096555618294
0 0.7426381605486083 0.5838509316770186 0.011294876966518758 0.009034443817052512
0 0.754739814441307 0.5844155844155844 0.004033884630899556 0.00846979107848673
0 0.7634126663977411 0.5848390739695087 0.010891488503428802 0.00818746470920384
0 0.7609923356192013 0.5741106719367589 0.002016942315449778 0.0036702428006775835
0 0.8033481242436467 0.5821569734613213 0.010891488503428802 0.01129305477131564
0 0.81847519160952 0.581451157538114 0.023396530859217425 0.034161490683229816
0 0.14925373134328357 0.6319875776397516 0.01290843081887858 0.021174477696216828
0 0.16397741024606696 0.632128740824393 0.027833803953206938 0.019198193111236588
0 0.24142799515933844 0.6288819875776398 0.025413473174667203 0.022868435911914172
0 0.24868898749495763 0.6346696781479391 0.01008471157724889 0.01129305477131564
0 0.2569584509883017 0.6350931677018633 0.009681323114158934 0.008752117447769622
0 0.27269060104881 0.6352343308865048 0.021782977006857603 0.009599096555618294
0 0.28862444534086323 0.6374929418407679 0.00927793465106898 0.009599096555618294
0 0.3410649455425575 0.6352343308865048 0.01653892698668818 0.010163749294184076
0 0.3527632109721662 0.6357989836250706 0.01008471157724889 0.009034443817052512
0 0.3654699475594998 0.6345285149632975 0.012101653892698669 0.01101072840203275
0 0.372932634126664 0.6383399209486166 0.003630496167809601 0.002258610954263128
