0 0.17224687373941105 0.22755505364201017 0.03953206938281565 0.015245623941276116
0 0.20028237192416296 0.23193111236589498 0.003630496167809601 0.002540937323546019
0 0.2507059298104074 0.22473178994918125 0.03751512706736587 0.018068887634105024
0 0.27148043565954016 0.22840203274985885 0.00645421540943929 0.006775832862789385
0 0.29810407422347723 0.22769621682665162 0.04195240016135539 0.009316770186335404
0 0.33299717628075837 0.22910784867306608 0.01653892698668818 0.005364201016374929
0 0.3590157321500605 0.2326369282891022 0.0024203307785397336 0.009599096555618294
0 0.4027833803953207 0.22783738001129306 0.013311819281968536 0.012422360248447204
0 0.43404598628479224 0.22600225861095427 0.04921339249697459 0.008752117447769622
0 0.463493344090359 0.2171089779785432 0.003227107704719645 0.00282326369282891
0 0.46551028640580877 0.22543760587238848 0.007260992335619202 0.005364201016374929
0 0.4919322307382009 0.2248729531338227 0.03428801936264623 0.007058159232072276
0 0.5340863251311012 0.22402597402597402 0.048406615570794675 0.01101072840203275
0 0.6024606696248487 0.22571993224167136 0.0318676885841065 0.007058159232072276
0 0.6335215812827754 0.22275550536420102 0.02864058087938685 0.010728402032749858
0 0.6988705123033482 0.22557876905702992 0.05445744251714401 0.007905138339920948
0 0.7418313836224284 0.22529644268774704 0.02581686163775716 0.00564652738565782
0 0.772488906817265 0.22501411631846416 0.008874546187979023 0.002258610954263128
0 0.8217022993142397 0.22346132128740825 0.05647438483259379 0.012704686617730096
0 0.8666801129487697 0.22317899491812535 0.022993142396127472 0.01101072840203275
0 0.8890681726502622 0.2248729531338227 0.020976200080677694 0.008752117447769622
0 0.9118596208148447 0.23306041784302653 0.006857603872529245 0.007058159232072276
0 0.17648245260185558 0.2748447204968944 0.040742234772085516 0.010446075663466968
0 0.254538120209762 0.2735742518351214 0.015328761597418314 0.01129305477131564
0 0.29689390883420735 0.27413890457368717 0.06615570794675273 0.012422360248447204
0 0.345703912868092 0.268068887634105 0.004840661557079467 0.006493506493506494
0 0.3578055667607906 0.27653867871259175 0.011294876966518758 0.006493506493506494
0 0.4237595804759984 0.27498588368153587 0.040742234772085516 0.012422360248447204
0 0.4560306575231948 0.2761151891586674 0.020572811617587738 0.007340485601355167
0 0.47781363453005243 0.275974025974026 0.01653892698668818 0.005928853754940711
0 0.4923356192012908 0.2758328627893845 0.013311819281968536 0.009599096555618294
0 0.5375151270673659 0.27851496329757197 0.027833803953206938 0.00818746470920384
0 0.6157724889068172 0.2738565782044043 0.056070996369503835 0.012422360248447204
0 0.6916095199677289 0.27498588368153587 0.024606696248487294 0.009599096555618294
0 0.7127874142799516 0.2792207792207792 0.014521984671238403 0.01355166572557877
0 0.7424364663170633 0.27498588368153587 0.043162565550625254 0.012987012987012988
0 0.8247277127874143 0.2735742518351214 0.04961678096006454 0.010728402032749858
0 0.8602258975393303 0.27300959909655564 0.024606696248487294 0.012987012987012988
0 0.8838241226300928 0.2738565782044043 0.01290843081887858 0.012422360248447204
0 0.17043162565550626 0.3256634669678148 0.033481242436466316 0.014398644833427442
0 0.2018959257765228 0.32707509881422925 0.031060911657926585 0.008752117447769622
0 0.24203307785397338 0.3300395256916996 0.04195240016135539 0.01355166572557877
0 0.26966518757563535 0.3308865047995483 0.003630496167809601 0.002258610954263128
0 0.34328358208955223 0.3243929983060418 0.04356595401371521 0.015245623941276116
0 0.3785800726099234 0.33116883116883117 0.003630496167809601 0.002258610954263128
0 0.42496974586526826 0.32029926595143987 0.0318676885841065 0.016657255787690572
0 0.4483662767244857 0.32594579333709767 0.01653892698668818 0.00818746470920384
0 0.4703509479628883 0.3265104460756635 0.021782977006857603 0.00818746470920384
0 0.49152884227511096 0.3255223037831734 0.01653892698668818 0.00846979107848673
0 0.5096813231141589 0.3241106719367589 0.020572811617587738 0.012422360248447204
0 0.5348931020572811 0.33258046301524563 0.004033884630899556 0.00846979107848673
0 0.5748285599031868 0.3256634669678148 0.017749092375958047 0.009881422924901186
0 0.599435256151674 0.3243929983060418 0.026623638563937072 0.01129305477131564
0 0.6052843888664784 0.3169113495200452 0.003630496167809601 0.003105590062111801
0 0.635538523598225 0.32481648785996614 0.03428801936264623 0.012704686617730096
0 0.663372327551432 0.3253811405985319 0.014118596208148447 0.001976284584980237
0 0.6916095199677289 0.3211462450592885 0.010891488503428802 0.018351214003387916
0 0.7083501411859621 0.3253811405985319 0.016942315449778138 0.007058159232072276
0 0.7345703912868092 0.326369282891022 0.028237192416296894 0.007905138339920948
0 0.7593787817668415 0.32396950875211744 0.020572811617587738 0.01101072840203275
0 0.8148446954417103 0.3266516092603049 0.03872529245663574 0.00846979107848673
0 0.8503428801936265 0.3245341614906832 0.026623638563937072 0.012704686617730096
0 0.17567567567567569 0.3747882552230378 0.04961678096006454 0.014398644833427442
0 0.21621621621621623 0.3780350084697911 0.02016942315449778 0.00846979107848673
0 0.25655506252521176 0.37648221343873517 0.0572811617587737 0.01101072840203275
0 0.3031464300121017 0.3774703557312253 0.02702702702702703 0.02258610954263128
0 0.36486486486486486 0.37634105025409376 0.025413473174667203 0.007905138339920948
0 0.4025816861637757 0.37732919254658387 0.04033884630899556 0.00818746470920384
0 0.4298104074223477 0.3784584980237154 0.013311819281968536 0.007622811970638058
0 0.44937474788221055 0.3747882552230378 0.023396530859217425 0.01101072840203275
0 0.4560306575231948 0.371682665160926 0.006857603872529245 0.004234895539243365
0 0.47983057684550223 0.37676453980801805 0.030254134731746672 0.006493506493506494
0 0.5058491327148044 0.3761998870694523 0.021782977006857603 0.007058159232072276
0 0.5191609519967729 0.37422360248447206 0.012101653892698669 0.010446075663466968
0 0.5425574828559904 0.38283455674760025 0.004840661557079467 0.007905138339920948
0 0.5869302137958854 0.37761151891586675 0.029850746268656716 0.010446075663466968
0 0.6111335215812828 0.38071710897797856 0.016942315449778138 0.015527950310559006
0 0.6421944332392093 0.3747882552230378 0.03711173860427592 0.010446075663466968
0 0.6395724082291246 0.36716544325239975 0.0060508269463493344 0.002540937323546019
0 0.6760790641387656 0.3738001129305477 0.021782977006857603 0.009599096555618294
0 0.7172246873739411 0.37648221343873517 0.02016942315449778 0.008752117447769622
0 0.7337636143606293 0.36561264822134387 0.004033884630899556 0.003952569169960474
0 0.7353771682129892 0.37634105025409376 0.007260992335619202 0.006775832862789385
0 0.7587736990722065 0.3730942970073405 0.03146430012101654 0.015527950310559006
0 0.8063735377168213 0.37648221343873517 0.020976200080677694 0.00818746470920384
0 0.17386042759177087 0.424901185770751 0.0645421540943929 0.014116318464144552
0 0.18596208148446955 0.42108977978543194 0.004033884630899556 0.0036702428006775835
0 0.21964501815248083 0.4254658385093168 0.01734570391286809 0.012422360248447204
0 0.2254941508672852 0.42165443252399776 0.004033884630899556 0.0036702428006775835
0 0.2392093586123437 0.427442123094297 0.010488100040338847 0.007340485601355167
0 0.25534489713594194 0.42730095990965555 0.020976200080677694 0.007058159232072276
0 0.2688584106494554 0.4256070016939582 0.008471157724889069 0.01101072840203275
0 0.30475998386446146 0.42828910220214567 0.011698265429608713 0.006211180124223602
0 0.3229124647035095 0.4244776962168266 0.014118596208148447 0.011575381140598532
0 0.38967325534489716 0.42617165443252397 0.1145623235175474 0.011575381140598532
0 0.4755949979830577 0.42814793901750425 0.01290843081887858 0.001976284584980237
0 0.5298507462686567 0.42730095990965555 0.038321903993545785 0.005928853754940711
0 0.5645421540943929 0.4256070016939582 0.027833803953206938 0.009881422924901186
0 0.6262605889471561 0.4288537549407115 0.0326744655102864 0.009034443817052512
0 0.663372327551432 0.4268774703557312 0.040742234772085516 0.010163749294184076
0 0.6964501815248084 0.4264539808018069 0.025413473174667203 0.009316770186335404
0 0.7478822105687777 0.4258893280632411 0.016135538523598225 0.011575381140598532
0 0.7718838241226301 0.4308300395256917 0.021379588543767647 0.011857707509881422
0 0.8025413473174667 0.4178430265386787 0.004437273093989512 0.0033879164313946925
0 0.8146430012101654 0.4278656126482213 0.02702702702702703 0.007058159232072276
0 0.8438886647841872 0.427442123094297 0.01936264622831787 0.00846979107848673
0 0.8485276321097217 0.41826651609260307 0.003630496167809601 0.003105590062111801
0 0.8715207745058491 0.42476002258610956 0.02218636546994756 0.011575381140598532
0 0.9011698265429609 0.4311123658949746 0.03227107704719645 0.015810276679841896
0 0.15348931020572812 0.4764257481648786 0.014925373134328358 0.014398644833427442
0 0.20835014118596207 0.47811970638057594 0.09398951189995966 0.014398644833427442
0 0.3110125050423558 0.4754376058723885 0.023396530859217425 0.014680971202710334
0 0.3356192012908431 0.47261434217955955 0.020976200080677694 0.015810276679841896
0 0.3644614764017749 0.4776962168266516 0.013311819281968536 0.006775832862789385
0 0.40641387656313027 0.47557876905702995 0.012505042355788625 0.014398644833427442
0 0.4213392496974587 0.4785431959345003 0.01573215006050827 0.007905138339920948
0 0.46006454215409437 0.4782608695652174 0.0318676885841065 0.009599096555618294
0 0.48668818071803144 0.4813664596273292 0.018152480839048003 0.014116318464144552
0 0.5010084711577248 0.47882552230378317 0.012101653892698669 0.007340485601355167
0 0.5213795885437676 0.4816487859966121 0.022993142396127472 0.01355166572557877
0 0.5804759983864461 0.47910784867306605 0.01855586930213796 0.007340485601355167
0 0.5996369503832191 0.4805194805194805 0.01734570391286809 0.010728402032749858
0 0.6157724889068172 0.47783738001129306 0.007664380798709157 0.006493506493506494
0 0.6327148043565954 0.47699040090344436 0.013311819281968536 0.008752117447769622
0 0.6607503025413474 0.4774138904573687 0.04033884630899556 0.009599096555618294
0 0.6875756353368294 0.48122529644268774 0.004437273093989512 0.002540937323546019
0 0.7371924162968939 0.47783738001129306 0.021379588543767647 0.01383399209486166
0 0.7749092375958048 0.48009599096555616 0.04921339249697459 0.008752117447769622
0 0.8448971359419121 0.47699040090344436 0.035901573215006054 0.012140033879164314
0 0.8828156514723678 0.47571993224167136 0.04235578862444534 0.014680971202710334
0 0.1609519967728923 0.5290796160361377 0.024203307785397338 0.010163749294184076
0 0.1782977006857604 0.5173630717108978 0.00645421540943929 0.004799548277809147
0 0.18132311415893507 0.5278091473743648 0.0060508269463493344 0.00818746470920384
0 0.20572811617587736 0.5244212309429701 0.03227107704719645 0.016657255787690572
0 0.27732956837434447 0.5238565782044043 0.013311819281968536 0.013269339356295878
0 0.30798709156918114 0.5273856578204404 0.043969342476805166 0.012987012987012988
0 0.41327148043565953 0.5275268210050819 0.09963695038321904 0.012704686617730096
0 0.5219846712384025 0.5289384528514963 0.03872529245663574 0.00818746470920384
0 0.5062525211778943 0.5166572557876906 0.003227107704719645 0.0033879164313946925
0 0.5665590964098427 0.5278091473743648 0.03670835014118596 0.009881422924901186
0 0.6448164582492941 0.525691699604743 0.03509479628882614 0.014680971202710334
0 0.682533279548205 0.5251270468661773 0.03630496167809601 0.011857707509881422
0 0.6859620814844696 0.5182100508187465 0.004437273093989512 0.004234895539243365
0 0.7148043565954014 0.525691699604743 0.024203307785397338 0.009599096555618294
0 0.7841871722468737 0.5258328627893846 0.048406615570794675 0.01101072840203275
0 0.8648648648648649 0.5238565782044043 0.055667607906413875 0.014398644833427442
0 0.917507059298104 0.5251270468661773 0.050423557886244454 0.015245623941276116
0 0.16680112948769665 0.5789102202145681 0.04154901169826543 0.01383399209486166
0 0.19685356998789835 0.5800395256916996 0.014521984671238403 0.009316770186335404
0 0.20693828156514724 0.5701581027667985 0.005647438483259379 0.003105590062111801
0 0.20976200080677693 0.580180688876341 0.00645421540943929 0.007340485601355167
0 0.24142799515933844 0.5790513833992095 0.04477611940298507 0.009034443817052512
0 0.27047196450181527 0.5763692828910221 0.004437273093989512 0.0036702428006775835
0 0.27148043565954016 0.5862507058159232 0.004033884630899556 0.00818746470920384
0 0.33884630899556273 0.5763692828910221 0.05889471561113352 0.014963297571993224
0 0.40439693424768053 0.5797571993224168 0.010891488503428802 0.00818746470920384
0 0.44029850746268656 0.5772162619988707 0.057684550221863654 0.01383399209486166
0 0.5036304961678096 0.577922077922078 0.022993142396127472 0.012987012987012988
0 0.5215812827753126 0.5691699604743083 0.004840661557079467 0.002258610954263128
0 0.5482049213392497 0.577922077922078 0.05808793868495361 0.01129305477131564
0 0.6143606292860024 0.5772162619988707 0.02581686163775716 0.012140033879164314
0 0.6510689794271883 0.5791925465838509 0.014521984671238403 0.00818746470920384
0 0.6663977410246067 0.5773574251835122 0.012101653892698669 0.010728402032749858
0 0.6912061315046389 0.5784867306606437 0.035901573215006054 0.007905138339920948
0 0.7595804759983864 0.5749576510446076 0.03711173860427592 0.012704686617730096
0 0.7932634126663978 0.5762281197063805 0.027833803953206938 0.010728402032749858
0 0.8253327954820492 0.5755223037831734 0.009681323114158934 0.012704686617730096
0 0.8481242436466317 0.5765104460756635 0.03509479628882614 0.01355166572557877
0 0.1718434852763211 0.6298701298701299 0.042759177087535294 0.014116318464144552
0 0.19665187575635337 0.6297289666854884 0.012505042355788625 0.01101072840203275
0 0.21782977006857604 0.63085827216262 0.03065752319483663 0.008752117447769622
0 0.24808390480032272 0.6325522303783173 0.03227107704719645 0.009881422924901186
0 0.2781363453005244 0.6318464144551101 0.013311819281968536 0.00282326369282891
0 0.30153287615974184 0.6324110671936759 0.012505042355788625 0.007905138339920948
0 0.33783783783783783 0.6284584980237155 0.05445744251714401 0.012987012987012988
0 0.372730939895119 0.6253529079616036 0.014521984671238403 0.015245623941276116
0 0.4465510286405809 0.6305759457933371 0.05405405405405406 0.007058159232072276
0 0.4848729326341267 0.627046866177301 0.017749092375958047 0.012422360248447204
0 0.5401371520774506 0.6304347826086957 0.021782977006857603 0.00846979107848673
0 0.5558693021379588 0.6269057029926595 0.011294876966518758 0.01101072840203275
0 0.5738200887454619 0.6291643139469226 0.020572811617587738 0.00818746470920384
0 0.609318273497378 0.6328345567476003 0.04961678096006454 0.015527950310559006
0 0.672448567970956 0.6298701298701299 0.016942315449778138 0.009599096555618294
0 0.7146026623638564 0.6284584980237155 0.06736587333602259 0.010163749294184076
0 0.8158531665994353 0.6252117447769622 0.03509479628882614 0.016657255787690572
0 0.8122226704316257 0.61914172783738 0.004437273093989512 0.00282326369282891
0 0.8503428801936265 0.6260587238848109 0.023396530859217425 0.013269339356295878
0 0.8693021379588544 0.6317052512704686 0.004840661557079467 0.002540937323546019
