0 0.17426381605486083 0.2171089779785432 0.0927793465106898 0.023715415019762844
0 0.26200080677692617 0.21597967250141162 0.0609116579265833 0.024844720496894408
0 0.3170633319887051 0.21513269339356295 0.02743041549011698 0.017504234895539244
0 0.3325937878176684 0.22120271033314512 0.0028237192416296895 0.003105590062111801
0 0.3773699072206535 0.2134387351778656 0.07382008874546188 0.020892151326933936
0 0.463695038321904 0.21414455110107283 0.07866075030254134 0.018351214003387916
0 0.5058491327148044 0.21146245059288538 0.003227107704719645 0.006775832862789385
0 0.5127067365873336 0.21739130434782608 0.007260992335619202 0.007905138339920948
0 0.5663574021782977 0.21456804065499718 0.07341670028237192 0.017504234895539244
0 0.5580879386849537 0.20736871823828346 0.0028237192416296895 0.002540937323546019
0 0.6643807987091569 0.21428571428571427 0.1073013311819282 0.017504234895539244
0 0.6563130294473578 0.2090626764539808 0.003227107704719645 0.003105590062111801
0 0.7958854376764825 0.21739130434782608 0.1371520774505849 0.025409373235460192
0 0.16256555062525213 0.2673630717108978 0.0645421540943929 0.028797289666854884
0 0.20875352964905203 0.26439864483342745 0.013311819281968536 0.022868435911914172
0 0.2254941508672852 0.2651044607566347 0.015328761597418314 0.014680971202710334
0 0.24041952400161357 0.2652456239412761 0.01290843081887858 0.015527950310559006
0 0.25332795482049214 0.26538678712591757 0.01371520774505849 0.014680971202710334
0 0.2624041952400161 0.27526821005081875 0.003630496167809601 0.011857707509881422
0 0.28499394917305365 0.26468097120271034 0.035901573215006054 0.015527950310559006
0 0.3588140379185155 0.2670807453416149 0.09156918112141993 0.01693958215697346
0 0.3674868898749496 0.2597402597402597 0.0024203307785397336 0.00282326369282891
0 0.4070189592577652 0.26905702992659514 0.008874546187979023 0.023715415019762844
0 0.44150867285195644 0.26651609260304915 0.04800322710770472 0.01693958215697346
0 0.4834610730133118 0.2670807453416149 0.02944735780556676 0.01637492941840768
0 0.49858814037918514 0.27442123094297005 0.003227107704719645 0.0016939582156973462
0 0.5409439290036305 0.27117447769621683 0.06857603872529246 0.0251270468661773
0 0.6444130697862042 0.26453980801806887 0.11980637353771682 0.019198193111236588
0 0.6797095603065753 0.25889328063241107 0.0016135538523598225 0.002258610954263128
0 0.7045179507866075 0.26002258610954265 0.002016942315449778 0.00282326369282891
0 0.7129891085114965 0.2663749294184077 0.01008471157724889 0.00818746470920384
0 0.7739007664380799 0.2639751552795031 0.08108108108108109 0.019762845849802372
0 0.7613957240822913 0.2562111801242236 0.002016942315449778 0.002540937323546019
0 0.181726502622025 0.31747600225861095 0.12141992739007665 0.02456239412761152
0 0.16054860830980233 0.31084133258046304 0.004033884630899556 0.002258610954263128
0 0.3061718434852763 0.32058159232072275 0.10165389269866881 0.022868435911914172
0 0.3719241629689391 0.31592320722755507 0.01371520774505849 0.018633540372670808
0 0.3852359822509076 0.31535855448898925 0.012101653892698669 0.015810276679841896
0 0.39854780153287617 0.3170525127046866 0.01290843081887858 0.01355166572557877
0 0.4116579265832997 0.31620553359683795 0.012505042355788625 0.012422360248447204
0 0.4227511093182735 0.3235460191981931 0.0024203307785397336 0.006211180124223602
0 0.4320290439693425 0.3181818181818182 0.01290843081887858 0.012422360248447204
0 0.4443323920935861 0.3178994918125353 0.011698265429608713 0.012987012987012988
0 0.4570391286809197 0.31747600225861095 0.01290843081887858 0.012704686617730096
0 0.46672045179507865 0.31521739130434784 0.014521984671238403 0.020045172219085264
0 0.5070592981040742 0.31521739130434784 0.053247277127874144 0.0189158667419537
0 0.5028237192416297 0.3092885375494071 0.0052440500201694235 0.002540937323546019
0 0.5782573618394514 0.3145115753811406 0.06171843485276321 0.019198193111236588
0 0.6268656716417911 0.3091473743647657 0.004840661557079467 0.00282326369282891
0 0.6423961274707544 0.31832298136645965 0.02864058087938685 0.01101072840203275
0 0.7194433239209359 0.31535855448898925 0.08753529649052037 0.018633540372670808
0 0.8100040338846309 0.31874647092038394 0.07422347720855184 0.029361942405420668
0 0.13594191206131503 0.3642010163749294 0.02743041549011698 0.019762845849802372
0 0.21379588543767647 0.366600790513834 0.10084711577248891 0.02456239412761152
0 0.16942315449778136 0.3650479954827781 0.004840661557079467 0.0033879164313946925
0 0.1853569987898346 0.3575663466967815 0.0060508269463493344 0.0036702428006775835
0 0.2864058087938685 0.367871259175607 0.01936264622831787 0.010728402032749858
0 0.36345300524405 0.36688311688311687 0.10326744655102864 0.015527950310559006
0 0.47216619604679305 0.3687182382834557 0.07866075030254134 0.014116318464144552
0 0.5379185155304558 0.3644833427442123 0.026220250100847116 0.021456804065499716
0 0.6075030254134732 0.36490683229813664 0.07987091569181122 0.022303783173348392
0 0.6044776119402985 0.35714285714285715 0.0028237192416296895 0.0033879164313946925
0 0.6514723678902783 0.3739412761151892 0.003227107704719645 0.001976284584980237
0 0.6879790237999194 0.36490683229813664 0.050423557886244454 0.020045172219085264
0 0.6835417507059298 0.35813099943534726 0.0028237192416296895 0.0036702428006775835
0 0.7581686163775716 0.3697063805759458 0.05445744251714401 0.031338226990400904
0 0.8075837031060912 0.3687182382834557 0.01936264622831787 0.010163749294184076
0 0.8047599838644615 0.35601355166572557 0.0024203307785397336 0.002258610954263128
0 0.17668414683340056 0.4184076792772445 0.10810810810810811 0.026538678712591756
0 0.14058087938684954 0.4109260304912479 0.003630496167809601 0.004234895539243365
0 0.2928600242033078 0.41854884246188595 0.08793868495361033 0.026256352343308864
0 0.3600242033077854 0.415725578769057 0.033481242436466316 0.020045172219085264
0 0.436466317063332 0.41770186335403725 0.09762000806776926 0.021174477696216828
0 0.4263816054860831 0.41007905138339923 0.004033884630899556 0.003105590062111801
0 0.5397337636143607 0.42207792207792205 0.08390480032271078 0.02710333145115754
0 0.5475998386446148 0.41120835686053075 0.0028237192416296895 0.003105590062111801
0 0.6073013311819282 0.42165443252399776 0.030254134731746672 0.010446075663466968
0 0.6686163775716014 0.41699604743083 0.06897942718838242 0.018633540372670808
0 0.7644211375554659 0.4189723320158103 0.10810810810810811 0.02766798418972332
0 0.7464703509479629 0.4109260304912479 0.0028237192416296895 0.002540937323546019
0 0.780960064542154 0.41022021456804064 0.003227107704719645 0.003952569169960474
0 0.13533682936668012 0.47134387351778656 0.025413473174667203 0.012704686617730096
0 0.12847922549415086 0.457227555053642 0.0028237192416296895 0.002540937323546019
0 0.2099636950383219 0.4675324675324675 0.10044372730939895 0.019198193111236588
0 0.34045986284792257 0.4673913043478261 0.12827753126260588 0.023433088650479956
0 0.37031060911657926 0.4590626764539808 0.005647438483259379 0.00282326369282891
0 0.40742234772085517 0.4805194805194805 0.004840661557079467 0.010163749294184076
0 0.4421137555465914 0.4673913043478261 0.05486083098023396 0.021174477696216828
0 0.5012101653892699 0.4673913043478261 0.04719645018152481 0.021174477696216828
0 0.5899556272690601 0.47007340485601357 0.10125050423557887 0.021456804065499716
0 0.6111335215812828 0.46414455110107283 0.004033884630899556 0.00282326369282891
0 0.7228721258572005 0.4733201581027668 0.12343686970552642 0.02456239412761152
0 0.790439693424768 0.47600225861095424 0.003630496167809601 0.007905138339920948
0 0.13775716014521985 0.5158102766798419 0.02864058087938685 0.018633540372670808
0 0.15248083904800322 0.5241389045736872 0.0024203307785397336 0.002540937323546019
0 0.1899959661153691 0.5200451722190853 0.05405405405405406 0.019762845849802372
0 0.18757563533682936 0.5125635234330886 0.004033884630899556 0.004799548277809147
0 0.2823719241629689 0.5176453980801807 0.09842678499394918 0.022303783173348392
0 0.3348124243646632 0.5279503105590062 0.004033884630899556 0.009599096555618294
0 0.35699878983461075 0.5230095990965556 0.024203307785397338 0.01101072840203275
0 0.3489310205728116 0.5110107284020328 0.003227107704719645 0.0016939582156973462
0 0.44594594594594594 0.5251270468661773 0.11738604275917709 0.025409373235460192
0 0.39108511496571197 0.5132693393562959 0.004437273093989512 0.0033879164313946925
0 0.43606292860024204 0.5124223602484472 0.00645421540943929 0.0033879164313946925
0 0.4673255344897136 0.5139751552795031 0.0028237192416296895 0.001411631846414455
0 0.5381202097620008 0.5224449463579899 0.03630496167809601 0.012140033879164314
0 0.5798709156918113 0.52343308865048 0.02218636546994756 0.011857707509881422
0 0.6444130697862042 0.5239977413890458 0.08188785800726099 0.028232636928289104
0 0.6427995159338443 0.5125635234330886 0.004437273093989512 0.003105590062111801
0 0.7079467527228721 0.5197628458498024 0.026623638563937072 0.019198193111236588
0 0.781766841468334 0.5230095990965556 0.09116579265832997 0.027950310559006212
0 0.8317870108914885 0.5249858836815359 0.005647438483259379 0.003105590062111801
