0 0.17265026220250101 0.22529644268774704 0.04356595401371521 0.015810276679841896
0 0.254739814441307 0.22967250141163184 0.06252521177894312 0.01948051948051948
0 0.33319887051230335 0.22699040090344438 0.041145623235175476 0.009599096555618294
0 0.39774102460669625 0.22586109542631283 0.03307785397337636 0.007340485601355167
0 0.40641387656313027 0.21682665160926032 0.0028237192416296895 0.0016939582156973462
0 0.4292053247277128 0.2264257481648786 0.023396530859217425 0.00564652738565782
0 0.45562726906010487 0.22981366459627328 0.014925373134328358 0.00846979107848673
0 0.499798305768455 0.2267080745341615 0.07260992335619201 0.010163749294184076
0 0.5471964501815249 0.2230378317334839 0.025413473174667203 0.011857707509881422
0 0.600847115772489 0.22430830039525693 0.03670835014118596 0.016657255787690572
0 0.6668011294876967 0.22332015810276679 0.0645421540943929 0.014680971202710334
0 0.7269060104881 0.22374364765669114 0.02016942315449778 0.014398644833427442
0 0.7428398547801532 0.2264257481648786 0.018959257765227916 0.009599096555618294
0 0.7686567164179104 0.22501411631846416 0.02702702702702703 0.006211180124223602
0 0.7952803549818476 0.2245906267645398 0.022993142396127472 0.007058159232072276
0 0.8144413069786204 0.22586109542631283 0.01290843081887858 0.007340485601355167
0 0.8348124243646632 0.21626199887069453 0.004437273093989512 0.006775832862789385
0 0.8592174263816055 0.22684923771880294 0.014521984671238403 0.009881422924901186
0 0.8965308592174264 0.2220496894409938 0.05687777329568374 0.016092603049124788
0 0.8975393303751513 0.21739130434782608 0.004033884630899556 0.00282326369282891
0 0.1762807583703106 0.27555053642010163 0.05486083098023396 0.014680971202710334
0 0.2353771682129891 0.2748447204968944 0.01573215006050827 0.011575381140598532
0 0.26502622025010086 0.2790796160361378 0.04679306171843485 0.021174477696216828
0 0.3323920935861234 0.27780914737436474 0.05405405405405406 0.010163749294184076
0 0.3688987494957644 0.2779503105590062 0.01653892698668818 0.007622811970638058
0 0.390883420734167 0.2735742518351214 0.028237192416296894 0.01637492941840768
0 0.43586123436869706 0.2795031055900621 0.014925373134328358 0.010163749294184076
0 0.46651875756353367 0.2816205533596838 0.040742234772085516 0.015527950310559006
0 0.5415490116982654 0.27780914737436474 0.07301331181928197 0.01129305477131564
0 0.6345300524405002 0.2728684359119142 0.06776926179911255 0.014398644833427442
0 0.7214602662363856 0.2720214568040655 0.0391286809197257 0.014963297571993224
0 0.7521177894312223 0.27300959909655564 0.014925373134328358 0.014680971202710334
0 0.7987091569181122 0.27540937323546016 0.035498184751916094 0.005928853754940711
0 0.8100040338846309 0.2658102766798419 0.004840661557079467 0.0036702428006775835
0 0.8356192012908431 0.2715979672501412 0.030254134731746672 0.011857707509881422
0 0.8426784993949173 0.26595143986448333 0.004840661557079467 0.0033879164313946925
0 0.8674868898749496 0.27555053642010163 0.0326744655102864 0.009599096555618294
0 0.1565147236789028 0.33018068887634106 0.023396530859217425 0.01101072840203275
0 0.16700282371924163 0.3186053077357425 0.007260992335619202 0.004234895539243365
0 0.17507059298104075 0.32919254658385094 0.008067769261799113 0.009599096555618294
0 0.1954417103670835 0.3253811405985319 0.0326744655102864 0.017221908526256352
0 0.23840258168616377 0.3253811405985319 0.0500201694231545 0.016657255787690572
0 0.300121016538927 0.32834556747600224 0.017749092375958047 0.007905138339920948
0 0.31565147236789026 0.3298983625070582 0.014925373134328358 0.011575381140598532
0 0.3654699475594998 0.32382834556747603 0.07341670028237192 0.01355166572557877
0 0.3797902379991932 0.3167701863354037 0.004437273093989512 0.0033879164313946925
0 0.41206131504638965 0.33300395256917 0.027833803953206938 0.016657255787690572
0 0.4616780960064542 0.3234048560135517 0.014925373134328358 0.012140033879164314
0 0.4891085114965712 0.3256634669678148 0.04154901169826543 0.009881422924901186
0 0.5014118596208148 0.3190287972896669 0.004840661557079467 0.00282326369282891
0 0.5205728116175877 0.3253811405985319 0.01653892698668818 0.007058159232072276
0 0.5661557079467527 0.32622811970638055 0.014118596208148447 0.009881422924901186
0 0.5861234368697055 0.32622811970638055 0.022589753933037516 0.009316770186335404
0 0.6095199677289229 0.3256634669678148 0.01855586930213796 0.007058159232072276
0 0.6611536910044373 0.3272162619988707 0.014521984671238403 0.010163749294184076
0 0.6758773699072207 0.32622811970638055 0.013311819281968536 0.01101072840203275
0 0.6970552642194433 0.32580463015245625 0.03146430012101654 0.009034443817052512
0 0.7204517950786608 0.326369282891022 0.01371520774505849 0.007905138339920948
0 0.755143202904397 0.3306041784302654 0.048406615570794675 0.01637492941840768
0 0.7851956434045986 0.32891022021456806 0.003630496167809601 0.00282326369282891
0 0.854981847519161 0.32058159232072275 0.0681726502622025 0.0189158667419537
0 0.8346107301331182 0.32128740824393 0.004033884630899556 0.012987012987012988
0 0.18031464300121017 0.3781761716544325 0.07099636950383219 0.017221908526256352
0 0.2099636950383219 0.36914172783738003 0.004437273093989512 0.0036702428006775835
0 0.22932634126663978 0.37859966120835686 0.014118596208148447 0.010163749294184076
0 0.25554659136748686 0.37789384528514963 0.03428801936264623 0.00818746470920384
0 0.28479225494150867 0.3769057029926595 0.015328761597418314 0.009034443817052512
0 0.3338039532069383 0.37761151891586675 0.014925373134328358 0.00818746470920384
0 0.36506655909640984 0.3804347826086957 0.04356595401371521 0.014398644833427442
0 0.44392900363049614 0.3739412761151892 0.024606696248487294 0.017221908526256352
0 0.4757966922146027 0.37549407114624506 0.0318676885841065 0.01129305477131564
0 0.5102864058087939 0.3771880293619424 0.029850746268656716 0.007340485601355167
0 0.5510286405808794 0.3793054771315641 0.05163372327551432 0.014398644833427442
0 0.6030657523194837 0.36801242236024845 0.004033884630899556 0.0036702428006775835
0 0.6167809600645422 0.3781761716544325 0.01855586930213796 0.006493506493506494
0 0.6772892295280355 0.37351778656126483 0.03953206938281565 0.012987012987012988
0 0.7033077853973376 0.3749294184076793 0.013311819281968536 0.009034443817052512
0 0.7289229528035498 0.3747882552230378 0.028237192416296894 0.005364201016374929
0 0.7192416296893909 0.3651891586674195 0.005647438483259379 0.002540937323546019
0 0.7583703106091165 0.37859966120835686 0.023396530859217425 0.015245623941276116
0 0.8015328761597418 0.36674195369847545 0.005647438483259379 0.002258610954263128
0 0.8160548608309802 0.37323546019198195 0.02501008471157725 0.015245623941276116
0 0.8563937071399758 0.3728119706380576 0.01290843081887858 0.012140033879164314
0 0.8739411052843888 0.37549407114624506 0.014925373134328358 0.00846979107848673
0 0.890883420734167 0.37577639751552794 0.01653892698668818 0.009034443817052512
0 0.15611133521581283 0.43365330321852064 0.016942315449778138 0.01637492941840768
0 0.19584509883017345 0.4295595708639187 0.06413876563130294 0.013269339356295878
0 0.27309398951189995 0.43040654997176736 0.029850746268656716 0.007622811970638058
0 0.3051633723275514 0.4278656126482213 0.026220250100847116 0.012140033879164314
0 0.34187172246873737 0.41967814793901753 0.003630496167809601 0.0036702428006775835
0 0.3533682936668011 0.43195934500282324 0.01936264622831787 0.007340485601355167
0 0.40964098426784995 0.4333709768492377 0.014925373134328358 0.00564652738565782
0 0.42416296893908834 0.4323828345567476 0.013311819281968536 0.00818746470920384
0 0.43807987091569184 0.42715979672501414 0.016942315449778138 0.012987012987012988
0 0.5112948769665188 0.43266516092603047 0.05526421944332392 0.014398644833427442
0 0.54538120209762 0.4193958215697346 0.007260992335619202 0.003105590062111801
0 0.5601048810004033 0.42913608130999437 0.030254134731746672 0.005081874647092038
0 0.5897539330375151 0.4357707509881423 0.02501008471157725 0.017786561264822136
0 0.6476401774909237 0.42758328627893843 0.014925373134328358 0.01948051948051948
0 0.672246873739411 0.42941840767927725 0.0326744655102864 0.007905138339920948
0 0.745461879790238 0.42715979672501414 0.05647438483259379 0.015810276679841896
0 0.809600645421541 0.4321005081874647 0.01371520774505849 0.009316770186335404
0 0.8338039532069382 0.4308300395256917 0.03065752319483663 0.007340485601355167
0 0.8600242033077854 0.42631281761716544 0.015328761597418314 0.011857707509881422
0 0.1508672851956434 0.48207227555053644 0.014521984671238403 0.009316770186335404
0 0.16579265832997175 0.48023715415019763 0.014521984671238403 0.00846979107848673
0 0.20713997579669222 0.4771315640880858 0.01653892698668818 0.018068887634105024
0 0.2325534489713594 0.47939017504234893 0.0326744655102864 0.009034443817052512
0 0.3007260992335619 0.4772727272727273 0.056070996369503835 0.016092603049124788
0 0.4112545381202098 0.47995482778091475 0.10528438886647842 0.018068887634105024
0 0.47781363453005243 0.48433088650479955 0.003630496167809601 0.002540937323546019
0 0.5237999193223074 0.4771315640880858 0.027833803953206938 0.012422360248447204
0 0.5613150463896732 0.4792490118577075 0.04235578862444534 0.012704686617730096
0 0.6183945139169019 0.4786843591191417 0.015328761597418314 0.016092603049124788
0 0.654901169826543 0.47939017504234893 0.05687777329568374 0.011857707509881422
0 0.7047196450181524 0.4805194805194805 0.04195240016135539 0.00846979107848673
0 0.7420330778539733 0.4792490118577075 0.0326744655102864 0.009881422924901186
0 0.8057684550221864 0.4772727272727273 0.031060911657926585 0.015527950310559006
0 0.8424768051633723 0.4786843591191417 0.03428801936264623 0.010446075663466968
0 0.8709156918112142 0.4795313382269904 0.017749092375958047 0.007622811970638058
0 0.9120613150463897 0.47684923771880294 0.06292860024203308 0.01355166572557877
0 0.145623235175474 0.5299265951439864 0.01290843081887858 0.020327498588368152
0 0.15974183138362244 0.5287972896668549 0.005647438483259379 0.012422360248447204
0 0.18495361032674465 0.5283738001129306 0.03509479628882614 0.013269339356295878
0 0.2208551835417507 0.5299265951439864 0.031060911657926585 0.02710333145115754
0 0.27611940298507465 0.5307735742518351 0.03428801936264623 0.010728402032749858
0 0.29689390883420735 0.5354319593450029 0.023396530859217425 0.016092603049124788
0 0.2932634126663977 0.5207509881422925 0.003227107704719645 0.0036702428006775835
0 0.3190802743041549 0.5330321852060983 0.020976200080677694 0.00846979107848673
0 0.35296490520371115 0.5296442687747036 0.045986284792254944 0.015245623941276116
0 0.3892698668818072 0.5293619424054207 0.02501008471157725 0.012422360248447204
0 0.4780153287615974 0.5287972896668549 0.0927793465106898 0.01693958215697346
0 0.5405405405405406 0.5309147374364765 0.01371520774505849 0.012704686617730096
0 0.5623235175473982 0.5269621682665161 0.029850746268656716 0.013269339356295878
0 0.6236385639370714 0.5289384528514963 0.014521984671238403 0.012140033879164314
0 0.6440096813231142 0.5345849802371542 0.018152480839048003 0.012704686617730096
0 0.7029043969342477 0.5293619424054207 0.05203711173860428 0.015245623941276116
0 0.7787414279951593 0.5276679841897233 0.02218636546994756 0.015245623941276116
0 0.8140379185155304 0.5304912478825522 0.05647438483259379 0.00846979107848673
0 0.86345300524405 0.5268210050818747 0.0326744655102864 0.015810276679841896
0 0.9102460669624849 0.5306324110671937 0.05445744251714401 0.012704686617730096
0 0.1581282775312626 0.5807453416149069 0.029850746268656716 0.015245623941276116
0 0.1799112545381202 0.5815923207227555 0.01371520774505849 0.009034443817052512
0 0.21137555465913674 0.5800395256916996 0.045986284792254944 0.011575381140598532
0 0.27974989915288423 0.5782044042913608 0.08511496571198064 0.014680971202710334
0 0.36789027833803956 0.5804630152456239 0.029850746268656716 0.01355166572557877
0 0.4344493747478822 0.5813099943534726 0.04759983864461476 0.020892151326933936
0 0.536708350141186 0.5804630152456239 0.0891488503428802 0.014680971202710334
0 0.6105284388866479 0.5791925465838509 0.012505042355788625 0.011575381140598532
0 0.6256555062525212 0.5824392998306042 0.014521984671238403 0.00846979107848673
0 0.6712384025816862 0.5841332580463016 0.014521984671238403 0.010728402032749858
0 0.7039128680919726 0.58399209486166 0.045986284792254944 0.014398644833427442
0 0.7605889471561114 0.5828627893845285 0.020572811617587738 0.00818746470920384
0 0.8059701492537313 0.5803218520609825 0.02743041549011698 0.009881422924901186
0 0.8329971762807584 0.58399209486166 0.017749092375958047 0.015527950310559006
0 0.8511496571198064 0.5820158102766798 0.02016942315449778 0.007622811970638058
0 0.8666801129487697 0.5794748729531338 0.00927793465106898 0.01101072840203275
0 0.8937071399757966 0.5820158102766798 0.04154901169826543 0.008752117447769622
0 0.1472367890278338 0.633399209486166 0.009681323114158934 0.007622811970638058
0 0.17668414683340056 0.6324110671936759 0.04195240016135539 0.007340485601355167
0 0.23295683743444937 0.6284584980237155 0.013311819281968536 0.014116318464144552
0 0.24868898749495763 0.632128740824393 0.01653892698668818 0.009034443817052512
0 0.2745058491327148 0.6325522303783173 0.02864058087938685 0.009316770186335404
0 0.3206938281565147 0.6312817617165444 0.06131504638967326 0.012422360248447204
0 0.3602258975393304 0.6322699040090345 0.01371520774505849 0.007058159232072276
0 0.43404598628479224 0.6302936194240542 0.06696248487293263 0.016657255787690572
0 0.508874546187979 0.6329757199322417 0.014118596208148447 0.010728402032749858
0 0.5292456635740218 0.6335403726708074 0.02581686163775716 0.010163749294184076
0 0.5530455828963292 0.6300112930547713 0.02016942315449778 0.012140033879164314
0 0.6012505042355789 0.6329757199322417 0.014118596208148447 0.009034443817052512
0 0.6171843485276322 0.6283173348390739 0.015328761597418314 0.016657255787690572
0 0.6877773295683743 0.6314229249011858 0.06938281565147236 0.016657255787690572
0 0.7400161355385236 0.6322699040090345 0.02702702702702703 0.0036702428006775835
0 0.7321500605082695 0.6218238283455675 0.00645421540943929 0.0036702428006775835
0 0.7732956837434449 0.6365047995482778 0.022589753933037516 0.015527950310559006
0 0.8420734167002824 0.6314229249011858 0.06010488100040339 0.017221908526256352
0 0.8830173457039129 0.6335403726708074 0.023396530859217425 0.009034443817052512
0 0.8753529649052038 0.6209768492377188 0.004033884630899556 0.002540937323546019
0 0.9150867285195643 0.632128740824393 0.038321903993545785 0.007905138339920948
0 0.14703509479628882 0.6802653867871259 0.021379588543767647 0.01383399209486166
0 0.17567567567567569 0.682806324110672 0.026220250100847116 0.01101072840203275
0 0.19927390076643808 0.6840767927724449 0.015328761597418314 0.011857707509881422
0 0.22045179507866075 0.682523997741389 0.014925373134328358 0.007058159232072276
0 0.2678499394917305 0.6712309429700734 0.004840661557079467 0.003105590062111801
0 0.28862444534086323 0.6833709768492378 0.027833803953206938 0.004799548277809147
0 0.37595804759983864 0.6801242236024845 0.024203307785397338 0.012987012987012988
0 0.42053247277127875 0.6823828345567476 0.058491327148043566 0.009034443817052512
0 0.48426784993949173 0.6854884246188594 0.06575231948366277 0.01693958215697346
0 0.5314643001210165 0.6869000564652739 0.003630496167809601 0.00282326369282891
