0 0.1373537716821299 0.2261434217955957 0.00927793465106898 0.00564652738565782
0 0.1674062121823316 0.21626199887069453 0.03146430012101654 0.011857707509881422
0 0.19786204114562322 0.2180971202710333 0.02864058087938685 0.009316770186335404
0 0.2583703106091166 0.21781479390175043 0.04719645018152481 0.013269339356295878
0 0.3037515127067366 0.217673630717109 0.04033884630899556 0.010163749294184076
0 0.2898346107301331 0.21033314511575382 0.003630496167809601 0.00282326369282891
0 0.3467123840258169 0.21795595708639187 0.03751512706736587 0.009599096555618294
0 0.4136748688987495 0.21513269339356295 0.03670835014118596 0.01129305477131564
0 0.44876966518757566 0.21485036702428006 0.033481242436466316 0.010728402032749858
0 0.5044372730939896 0.21626199887069453 0.02218636546994756 0.007340485601355167
0 0.5578862444534086 0.21456804065499718 0.014521984671238403 0.00846979107848673
0 0.5849132714804357 0.21470920383963862 0.03791851553045583 0.007058159232072276
0 0.6167809600645422 0.2171089779785432 0.016135538523598225 0.010163749294184076
0 0.6415893505445744 0.21513269339356295 0.030254134731746672 0.006775832862789385
0 0.6793061718434853 0.2124505928853755 0.04356595401371521 0.01101072840203275
0 0.719039935457846 0.21485036702428006 0.024606696248487294 0.00564652738565782
0 0.7244856797095603 0.20609824957651043 0.005647438483259379 0.003952569169960474
0 0.7521177894312223 0.21259175607001693 0.038321903993545785 0.009599096555618294
0 0.8303751512706736 0.21202710333145117 0.07059298104074223 0.009034443817052512
0 0.8584106494554256 0.20581592320722755 0.007260992335619202 0.004517221908526256
0 0.882210568777733 0.21287408243929984 0.03307785397337636 0.007340485601355167
0 0.9023799919322307 0.21047430830039526 0.009681323114158934 0.011575381140598532
0 0.1591367486889875 0.26976284584980237 0.040742234772085516 0.00818746470920384
0 0.19019766034691407 0.2689158667419537 0.014925373134328358 0.00818746470920384
0 0.20229931423961275 0.26044607566346695 0.003630496167809601 0.004234895539243365
0 0.20532472771278742 0.2682100508187465 0.008067769261799113 0.007340485601355167
0 0.23658733360225898 0.2682100508187465 0.04719645018152481 0.009034443817052512
0 0.2781363453005244 0.27752682100508186 0.0052440500201694235 0.007905138339920948
0 0.3473174667204518 0.2652456239412761 0.060508269463493344 0.017786561264822136
0 0.4277934651068979 0.2632693393562959 0.030254134731746672 0.011575381140598532
0 0.4937474788221057 0.26312817617165446 0.06292860024203308 0.012987012987012988
0 0.5830980233965308 0.26566911349520045 0.05203711173860428 0.014680971202710334
0 0.6040742234772085 0.25578769057029926 0.003630496167809601 0.002258610954263128
0 0.6403791851553046 0.2632693393562959 0.04881000403388463 0.012140033879164314
0 0.7129891085114965 0.26101072840203277 0.0326744655102864 0.012704686617730096
0 0.7714804356595402 0.2619988706945229 0.052843888664784185 0.014680971202710334
0 0.8265429608713191 0.2663749294184077 0.016135538523598225 0.012140033879164314
0 0.8485276321097217 0.2641163184641446 0.022993142396127472 0.00818746470920384
0 0.8783783783783784 0.2627046866177301 0.027833803953206938 0.012140033879164314
0 0.15449778136345302 0.3204404291360813 0.01371520774505849 0.00846979107848673
0 0.17507059298104075 0.3157820440429136 0.016942315449778138 0.016657255787690572
0 0.24687373941105284 0.3170525127046866 0.08390480032271078 0.010163749294184076
0 0.35054457442517145 0.3190287972896669 0.041145623235175476 0.006211180124223602
0 0.3882613957240823 0.3167701863354037 0.027833803953206938 0.009599096555618294
0 0.4562323517547398 0.31832298136645965 0.02501008471157725 0.007622811970638058
0 0.4701492537313433 0.3094297007340486 0.0052440500201694235 0.003952569169960474
0 0.4774102460669625 0.3186053077357425 0.0052440500201694235 0.005364201016374929
0 0.49717628075837034 0.3145115753811406 0.019766034691407825 0.011857707509881422
0 0.5661557079467527 0.3167701863354037 0.05526421944332392 0.009034443817052512
0 0.617789431222267 0.3167701863354037 0.012505042355788625 0.006775832862789385
0 0.6333198870512303 0.3126764539808018 0.01290843081887858 0.011575381140598532
0 0.6559096409842678 0.31648785996612083 0.02581686163775716 0.00564652738565782
0 0.681726502622025 0.31437041219649914 0.017749092375958047 0.008752117447769622
0 0.7047196450181524 0.3166290231507623 0.026623638563937072 0.007622811970638058
0 0.7323517547398144 0.313382269904009 0.026220250100847116 0.009599096555618294
0 0.7797498991528842 0.3132411067193676 0.012101653892698669 0.014963297571993224
0 0.8063735377168213 0.31507622811970637 0.03630496167809601 0.007340485601355167
0 0.8535699878983461 0.3126764539808018 0.022589753933037516 0.007622811970638058
0 0.8701089148850343 0.31070016939582157 0.016135538523598225 0.009881422924901186
0 0.15328761597418314 0.3730942970073405 0.023396530859217425 0.005928853754940711
0 0.1591367486889875 0.36391869000564653 0.003630496167809601 0.003952569169960474
0 0.1754739814441307 0.3708356860530774 0.016135538523598225 0.006493506493506494
0 0.1952400161355385 0.36928289102202144 0.01936264622831787 0.011857707509881422
0 0.24949576442113755 0.37111801242236025 0.03509479628882614 0.011575381140598532
0 0.2747075433642598 0.3699887069452287 0.01371520774505849 0.007622811970638058
0 0.2946752722872126 0.37125917560700167 0.014118596208148447 0.009599096555618294
0 0.32331585316659944 0.36914172783738003 0.04154901169826543 0.009881422924901186
0 0.3646631706333199 0.37549407114624506 0.004840661557079467 0.007905138339920948
0 0.40782573618394513 0.3591191417278374 0.004840661557079467 0.0033879164313946925
0 0.41589350544574427 0.3694240542066629 0.017749092375958047 0.005928853754940711
0 0.463896732553449 0.37111801242236025 0.024203307785397338 0.012704686617730096
0 0.48225090762404194 0.3673066064370412 0.012505042355788625 0.007340485601355167
0 0.49596611536910046 0.36702428006775834 0.014118596208148447 0.006775832862789385
0 0.5191609519967729 0.36575381140598534 0.026623638563937072 0.009881422924901186
0 0.5788624445340863 0.36900056465273856 0.04033884630899556 0.006775832862789385
0 0.6137555465913674 0.3650479954827781 0.022993142396127472 0.010163749294184076
0 0.6756756756756757 0.36391869000564653 0.045986284792254944 0.012987012987012988
0 0.7166196046793062 0.36716544325239975 0.0318676885841065 0.008752117447769622
0 0.7222670431625655 0.3591191417278374 0.004437273093989512 0.00282326369282891
0 0.7482855990318676 0.3681535855448899 0.02016942315449778 0.006211180124223602
0 0.781968535699879 0.36391869000564653 0.035901573215006054 0.012987012987012988
0 0.8219039935457846 0.364059853190288 0.03428801936264623 0.009881422924901186
0 0.8529649052037112 0.3684359119141728 0.003630496167809601 0.002258610954263128
0 0.14602662363856395 0.4253246753246753 0.00645421540943929 0.004799548277809147
0 0.18858410649455426 0.4201016374929418 0.02379991932230738 0.010163749294184076
0 0.21924162968939087 0.4213721061547149 0.024606696248487294 0.008752117447769622
0 0.2789431222267043 0.4191134952004517 0.03509479628882614 0.008752117447769622
0 0.31323114158935056 0.41981931112365894 0.02944735780556676 0.006211180124223602
0 0.354780153287616 0.41981931112365894 0.05445744251714401 0.006775832862789385
0 0.3509479628882614 0.41219649915302087 0.004033884630899556 0.00282326369282891
0 0.4255748285599032 0.41544325239977414 0.012101653892698669 0.017786561264822136
0 0.45784590560709965 0.41869000564652736 0.04437273093989512 0.007340485601355167
0 0.5042355788624445 0.40796160361377753 0.004840661557079467 0.003952569169960474
0 0.5121016538926987 0.4181253529079616 0.01008471157724889 0.00564652738565782
0 0.5264219443323921 0.4155844155844156 0.015328761597418314 0.011857707509881422
0 0.5443727309398951 0.4222190852625635 0.003630496167809601 0.002540937323546019
0 0.5764421137555465 0.41332580463015245 0.03791851553045583 0.015245623941276116
0 0.618192819685357 0.4137492941840768 0.033481242436466316 0.012704686617730096
0 0.7035094796288827 0.41417278373800115 0.06938281565147236 0.01355166572557877
0 0.7682533279548205 0.4044325239977414 0.02864058087938685 0.0036702428006775835
0 0.7753126260588947 0.41219649915302087 0.00645421540943929 0.009034443817052512
0 0.7985074626865671 0.4148785996612084 0.030254134731746672 0.007058159232072276
0 0.8166599435256152 0.4052795031055901 0.0060508269463493344 0.002540937323546019
0 0.8309802339653086 0.41544325239977414 0.026623638563937072 0.009316770186335404
0 0.8557886244453409 0.4162902315076228 0.012505042355788625 0.007058159232072276
0 0.1553045582896329 0.474025974025974 0.03146430012101654 0.009034443817052512
0 0.19766034691407824 0.47219085262563526 0.050826946349334406 0.010446075663466968
0 0.2769261799112545 0.4710615471485037 0.05203711173860428 0.009881422924901186
0 0.3219039935457846 0.47134387351778656 0.028237192416296894 0.009316770186335404
0 0.35135135135135137 0.4748729531338227 0.004840661557079467 0.002258610954263128
0 0.37373941105284386 0.46174477696216826 0.00927793465106898 0.006493506493506494
0 0.4552238805970149 0.46696781479390176 0.07139975796692215 0.014116318464144552
0 0.5030254134731746 0.46908526256352345 0.014521984671238403 0.007622811970638058
0 0.5237999193223074 0.4696499153020892 0.018959257765227916 0.007058159232072276
0 0.5437676482452601 0.4697910784867307 0.014521984671238403 0.009034443817052512
0 0.5812827753126261 0.46710897797854317 0.05970149253731343 0.012140033879164314
0 0.6411859620814845 0.4668266516092603 0.019766034691407825 0.013269339356295878
0 0.6682129891085115 0.47360248447204967 0.0318676885841065 0.014963297571993224
0 0.7230738200887454 0.46696781479390176 0.03428801936264623 0.009034443817052512
0 0.754336425978217 0.4707792207792208 0.017749092375958047 0.01383399209486166
0 0.7700685760387252 0.467673630717109 0.011294876966518758 0.006493506493506494
0 0.7898346107301332 0.4707792207792208 0.021782977006857603 0.012704686617730096
0 0.8283582089552238 0.4632975719932242 0.0326744655102864 0.01637492941840768
0 0.8586123436869706 0.46597967250141165 0.03428801936264623 0.009881422924901186
0 0.9019766034691408 0.4655561829474873 0.045986284792254944 0.010163749294184076
0 0.8852359822509076 0.45412196499153024 0.003630496167809601 0.001976284584980237
0 0.9374747882210569 0.47261434217955955 0.004840661557079467 0.00846979107848673
0 0.17265026220250101 0.5208921513269339 0.041145623235175476 0.015245623941276116
0 0.20330778539733763 0.525691699604743 0.003227107704719645 0.0033879164313946925
0 0.2498991528842275 0.5180688876341051 0.03670835014118596 0.018633540372670808
0 0.2757160145219847 0.5220214568040655 0.007664380798709157 0.006211180124223602
0 0.3061718434852763 0.5225861095426313 0.042759177087535294 0.010163749294184076
0 0.34288019362646227 0.5232919254658385 0.014521984671238403 0.007622811970638058
0 0.4048003227107705 0.5214568040654998 0.038321903993545785 0.00846979107848673
0 0.42718838241226303 0.5160926030491247 0.016135538523598225 0.012422360248447204
0 0.4441306978620411 0.5201863354037267 0.012101653892698669 0.00818746470920384
0 0.4933440903590157 0.5166572557876906 0.07260992335619201 0.012987012987012988
0 0.5395320693828156 0.5165160926030491 0.003630496167809601 0.003105590062111801
0 0.5395320693828156 0.5207509881422925 0.003630496167809601 0.002540937323546019
0 0.5667607906413876 0.525974025974026 0.011294876966518758 0.009034443817052512
0 0.6135538523598225 0.5156691134952005 0.06776926179911255 0.014398644833427442
0 0.6702299314239613 0.5214568040654998 0.019766034691407825 0.012987012987012988
0 0.672045179507866 0.5111518915866742 0.003227107704719645 0.0036702428006775835
0 0.6906010488100041 0.5189158667419537 0.01855586930213796 0.006775832862789385
0 0.7160145219846712 0.5165160926030491 0.03065752319483663 0.013269339356295878
0 0.7583703106091165 0.5151044607566346 0.042759177087535294 0.016092603049124788
0 0.8140379185155304 0.5146809712027103 0.016135538523598225 0.014680971202710334
0 0.8469140782573619 0.5201863354037267 0.04477611940298507 0.014398644833427442
0 0.15752319483662766 0.5736871823828346 0.019766034691407825 0.010163749294184076
0 0.1972569584509883 0.5724167137210615 0.048406615570794675 0.015527950310559006
0 0.2952803549818475 0.5702992659514399 0.0790641387656313 0.014680971202710334
0 0.3662767244856797 0.5622529644268774 0.004033884630899556 0.002540937323546019
0 0.3783783783783784 0.5715697346132129 0.023396530859217425 0.006493506493506494
0 0.4388866478418717 0.5702992659514399 0.02016942315449778 0.007340485601355167
0 0.4552238805970149 0.5702992659514399 0.011698265429608713 0.007905138339920948
0 0.4935457845905607 0.5656408808582721 0.06010488100040339 0.012704686617730096
0 0.50040338846309 0.5611236589497459 0.004437273093989512 0.003105590062111801
0 0.5403388463089955 0.5736871823828346 0.020572811617587738 0.014116318464144552
0 0.5881403791851553 0.5660643704121965 0.017749092375958047 0.01355166572557877
0 0.6351351351351351 0.5663466967814794 0.07462686567164178 0.01355166572557877
0 0.7004840661557079 0.5654997176736307 0.012505042355788625 0.011857707509881422
0 0.7341670028237193 0.5707227555053642 0.05647438483259379 0.017786561264822136
0 0.7900363049616781 0.5670525127046866 0.013311819281968536 0.008752117447769622
0 0.8168616377571601 0.5666290231507622 0.04033884630899556 0.006775832862789385
0 0.8680919725695845 0.5645115753811406 0.020976200080677694 0.011575381140598532
0 0.8888664784187172 0.5676171654432524 0.014118596208148447 0.007622811970638058
0 0.8993545784590561 0.571005081874647 0.003630496167809601 0.001976284584980237
0 0.918918918918919 0.555759457933371 0.010488100040338847 0.004234895539243365
