0 0.15974183138362244 0.26976284584980237 0.02501008471157725 0.012140033879164314
0 0.1744655102864058 0.2673630717108978 0.013311819281968536 0.012987012987012988
0 0.181726502622025 0.2521174477696217 0.024606696248487294 0.019198193111236588
0 0.17244856797095603 0.2627046866177301 0.002016942315449778 0.001411631846414455
0 0.19140782573618395 0.26651609260304915 0.013311819281968536 0.015810276679841896
0 0.18697055264219442 0.2555053642010164 0.0028237192416296895 0.002258610954263128
0 0.24405002016942315 0.26044607566346695 0.04033884630899556 0.025691699604743084
0 0.2745058491327148 0.2769621682665161 0.033481242436466316 0.03500846979107849
0 0.2977006857603873 0.26016374929418407 0.004840661557079467 0.005364201016374929
0 0.30052440500201694 0.25578769057029926 0.0016135538523598225 0.001129305477131564
0 0.30697862041145624 0.26665725578769056 0.014521984671238403 0.012140033879164314
0 0.336022589753933 0.26044607566346695 0.004840661557079467 0.003105590062111801
0 0.3444937474788221 0.26129305477131565 0.015328761597418314 0.022868435911914172
0 0.3642597821702299 0.26157538114059853 0.03711173860427592 0.023433088650479956
0 0.3929003630496168 0.26468097120271034 0.01936264622831787 0.018351214003387916
0 0.390480032271077 0.25691699604743085 0.003227107704719645 0.002258610954263128
0 0.4201290843081888 0.2621400338791643 0.030254134731746672 0.020609824957651044
0 0.4645018152480839 0.2618577075098814 0.03751512706736587 0.023433088650479956
0 0.4957644211375555 0.2632693393562959 0.05405405405405406 0.018351214003387916
0 0.545582896329165 0.265527950310559 0.02944735780556676 0.016092603049124788
0 0.5621218233158531 0.2555053642010164 0.0052440500201694235 0.004517221908526256
0 0.6153691004437273 0.2636928289102202 0.06978620411456232 0.025974025974025976
0 0.6032674465510286 0.25691699604743085 0.002016942315449778 0.001129305477131564
0 0.6518757563533683 0.2769621682665161 0.03307785397337636 0.02766798418972332
0 0.690399354578459 0.2727272727272727 0.004437273093989512 0.002258610954263128
0 0.6990722065348931 0.26750423489553926 0.012101653892698669 0.01101072840203275
0 0.7137958854376765 0.2662337662337662 0.01573215006050827 0.01129305477131564
0 0.7133924969745865 0.25691699604743085 0.0028237192416296895 0.00282326369282891
0 0.7478822105687777 0.2641163184641446 0.024203307785397338 0.020609824957651044
0 0.7757160145219847 0.27625635234330886 0.033884630899556276 0.029079616036137776
0 0.8251311012505043 0.2648221343873518 0.058491327148043566 0.020892151326933936
0 0.8565954013715208 0.2673630717108978 0.00927793465106898 0.010728402032749858
0 0.8805970149253731 0.2779503105590062 0.04679306171843485 0.035290796160361376
0 0.8701089148850343 0.2571993224167137 0.0016135538523598225 0.0016939582156973462
0 0.16256555062525213 0.313382269904009 0.04517950786607503 0.0220214568040655
0 0.14703509479628882 0.31154714850367027 0.0028237192416296895 0.001411631846414455
0 0.17325534489713595 0.30237154150197626 0.004437273093989512 0.002258610954263128
0 0.17265026220250101 0.3049124788255223 0.0016135538523598225 0.001129305477131564
0 0.2263009277934651 0.31182947487295315 0.03872529245663574 0.0251270468661773
0 0.24788221056877774 0.3191699604743083 0.004437273093989512 0.001976284584980237
0 0.28721258572004843 0.314652738565782 0.07422347720855184 0.020609824957651044
0 0.3610326744655103 0.3138057594579334 0.02016942315449778 0.020045172219085264
0 0.3890681726502622 0.314652738565782 0.03670835014118596 0.01948051948051948
0 0.42174263816054863 0.31309994353472614 0.033481242436466316 0.020327498588368152
0 0.4213392496974587 0.30251270468661773 0.0028237192416296895 0.002540937323546019
0 0.4747882210568778 0.31719367588932806 0.042759177087535294 0.014398644833427442
0 0.536506655909641 0.3147939017504235 0.033884630899556276 0.01693958215697346
0 0.5562726906010488 0.3169113495200452 0.02501008471157725 0.01101072840203275
0 0.6085114965711981 0.31182947487295315 0.04154901169826543 0.02456239412761152
0 0.6250504235578862 0.3188876341050254 0.03751512706736587 0.012140033879164314
0 0.654901169826543 0.31592320722755507 0.018152480839048003 0.015245623941276116
0 0.6714400968132311 0.31804065499717676 0.014118596208148447 0.012140033879164314
0 0.6797095603065753 0.31959345002823264 0.0016135538523598225 0.001129305477131564
0 0.6986688180718031 0.3169113495200452 0.03146430012101654 0.016092603049124788
0 0.718233158531666 0.31874647092038394 0.013311819281968536 0.010163749294184076
0 0.7317466720451795 0.3197346132128741 0.02016942315449778 0.01101072840203275
0 0.7656313029447358 0.3177583286278938 0.04033884630899556 0.014963297571993224
0 0.790641387656313 0.31959345002823264 0.01290843081887858 0.011857707509881422
0 0.8136345300524405 0.31098249576510445 0.007260992335619202 0.007058159232072276
0 0.8136345300524405 0.32396950875211744 0.0016135538523598225 0.001411631846414455
0 0.8239209358612344 0.3204404291360813 0.01573215006050827 0.012422360248447204
0 0.16438079870915692 0.3697063805759458 0.052843888664784185 0.04488989271597967
0 0.1782977006857604 0.3601072840203275 0.0016135538523598225 0.0008469791078486731
0 0.20592981040742234 0.3663184641445511 0.0326744655102864 0.012140033879164314
0 0.22831787010891488 0.36645962732919257 0.023396530859217425 0.012422360248447204
0 0.24687373941105284 0.37111801242236025 0.003227107704719645 0.001976284584980237
0 0.2936668011294877 0.36476566911349523 0.03307785397337636 0.024844720496894408
0 0.3120209762000807 0.3674477696216827 0.02944735780556676 0.014398644833427442
0 0.3358208955223881 0.36053077357425184 0.004437273093989512 0.0016939582156973462
0 0.34429205324727713 0.3675889328063241 0.018959257765227916 0.01637492941840768
0 0.3937071399757967 0.36307171089779783 0.03711173860427592 0.02258610954263128
0 0.418313836224284 0.3643421795595709 0.026623638563937072 0.017786561264822136
0 0.44029850746268656 0.37125917560700167 0.0052440500201694235 0.0033879164313946925
0 0.4770068576038725 0.3599661208356861 0.04800322710770472 0.02258610954263128
0 0.5405405405405406 0.3620835686053077 0.09762000806776926 0.023433088650479956
0 0.5832997176280759 0.3654714850367024 0.004033884630899556 0.005364201016374929
0 0.6141589350544574 0.3663184641445511 0.056070996369503835 0.0189158667419537
0 0.6976603469140783 0.36151891586674195 0.07059298104074223 0.021174477696216828
0 0.7678499394917305 0.3687182382834557 0.03993545784590561 0.010728402032749858
0 0.7884227511093183 0.3780350084697911 0.033481242436466316 0.025409373235460192
0 0.7981040742234772 0.3620835686053077 0.003630496167809601 0.004234895539243365
0 0.8293666801129488 0.36335403726708076 0.03469140782573618 0.019198193111236588
0 0.864461476401775 0.3739412761151892 0.003227107704719645 0.001976284584980237
0 0.15167406212182333 0.4017504234895539 0.007260992335619202 0.010728402032749858
0 0.15469947559499797 0.40132693393562957 0.008471157724889069 0.01101072840203275
0 0.1871722468737394 0.4088085827216262 0.03630496167809601 0.03274985883681536
0 0.19604679306171843 0.41516092603049126 0.015328761597418314 0.016092603049124788
0 0.23981444130697863 0.41671372106154714 0.02864058087938685 0.01637492941840768
0 0.2753126260588947 0.4147374364765669 0.056070996369503835 0.01637492941840768
0 0.33521581282775315 0.41360813099943533 0.017749092375958047 0.019762845849802372
0 0.3400564743848326 0.4030208921513269 0.0016135538523598225 0.001411631846414455
0 0.3828156514723679 0.4148785996612084 0.03065752319483663 0.018351214003387916
0 0.4072206534893102 0.4162902315076228 0.018959257765227916 0.014398644833427442
0 0.4112545381202098 0.40654997176736307 0.004437273093989512 0.00282326369282891
0 0.4580475998386446 0.4165725578769057 0.07139975796692215 0.014963297571993224
0 0.5145219846712384 0.41741953698475437 0.031060911657926585 0.014398644833427442
0 0.5385235982250908 0.4137492941840768 0.023396530859217425 0.020609824957651044
0 0.5671641791044776 0.4140316205533597 0.03791851553045583 0.0189158667419537
0 0.6042759177087536 0.4246188594014681 0.003227107704719645 0.0016939582156973462
0 0.6179911254538121 0.4168548842461886 0.026623638563937072 0.0189158667419537
0 0.6661960467930618 0.415725578769057 0.03993545784590561 0.01948051948051948
0 0.7025010084711577 0.41770186335403725 0.01573215006050827 0.01101072840203275
0 0.719039935457846 0.4215132693393563 0.02702702702702703 0.033314511575381144
0 0.717628075837031 0.4116318464144551 0.0016135538523598225 0.006211180124223602
0 0.7860024203307785 0.4189723320158103 0.05203711173860428 0.018068887634105024
0 0.7692617991125453 0.41756070016939584 0.0024203307785397336 0.001129305477131564
0 0.1444130697862041 0.4587803500846979 0.035498184751916094 0.024844720496894408
0 0.17022993142396128 0.4634387351778656 0.026623638563937072 0.014398644833427442
0 0.18959257765227913 0.4580745341614907 0.004033884630899556 0.004799548277809147
0 0.19887051230334812 0.4618859401468097 0.020976200080677694 0.021456804065499716
0 0.21581282775312627 0.4600508187464709 0.004033884630899556 0.002540937323546019
0 0.23315853166599435 0.46386222473178995 0.03791851553045583 0.019198193111236588
0 0.2932634126663977 0.4738848108413326 0.045986284792254944 0.05110107284020327
0 0.30576845502218636 0.4712027103331451 0.003227107704719645 0.0016939582156973462
0 0.34872932634126663 0.46823828345567475 0.07785397337636143 0.015527950310559006
0 0.44029850746268656 0.47007340485601357 0.09560306575231949 0.01637492941840768
0 0.5143202904396934 0.4786843591191417 0.03227107704719645 0.03077357425183512
0 0.5336829366680113 0.4688029361942405 0.008874546187979023 0.010446075663466968
0 0.564340459862848 0.4697910784867307 0.045986284792254944 0.014116318464144552
0 0.545986284792255 0.46075663466967814 0.0052440500201694235 0.003952569169960474
0 0.6064945542557483 0.4733201581027668 0.0012101653892698668 0.0008469791078486731
0 0.6064945542557483 0.4733201581027668 0.0012101653892698668 0.0008469791078486731
0 0.6139572408229125 0.46908526256352345 0.009681323114158934 0.010446075663466968
0 0.6292860024203307 0.47007340485601357 0.028237192416296894 0.010728402032749858
0 0.6232351754739814 0.4601919819311124 0.0024203307785397336 0.003952569169960474
0 0.6793061718434853 0.4655561829474873 0.02501008471157725 0.018633540372670808
0 0.7256958450988302 0.4614624505928854 0.03469140782573618 0.023433088650479956
0 0.7299314239612748 0.46950875211744775 0.010891488503428802 0.009034443817052512
0 0.7472771278741428 0.4668266516092603 0.02379991932230738 0.012704686617730096
0 0.7406212182331585 0.46202710333145114 0.0024203307785397336 0.001976284584980237
0 0.8075837031060912 0.46160361377752684 0.05647438483259379 0.021456804065499716
0 0.8412666397741024 0.4775550536420102 0.038321903993545785 0.028514963297571992
0 0.16115369100443727 0.5118577075098815 0.06494554255748286 0.020892151326933936
0 0.19342476805163372 0.5005646527385658 0.002016942315449778 0.001129305477131564
0 0.21621621621621623 0.5213156408808582 0.0016135538523598225 0.0008469791078486731
0 0.23961274707543365 0.5139751552795031 0.04437273093989512 0.017786561264822136
0 0.30475998386446146 0.51270468661773 0.02379991932230738 0.019762845849802372
0 0.34933440903590157 0.514257481648786 0.07018959257765228 0.020045172219085264
0 0.43142396127470756 0.5207509881422925 0.07462686567164178 0.041501976284584984
0 0.4298104074223477 0.5153867871259176 0.0052440500201694235 0.004234895539243365
0 0.49616780960064544 0.5169395821569734 0.022589753933037516 0.017504234895539244
0 0.5284388866478419 0.5159514398644833 0.053247277127874144 0.021174477696216828
0 0.5851149657119806 0.5296442687747036 0.06252521177894312 0.03274985883681536
0 0.6236385639370714 0.5287972896668549 0.004033884630899556 0.0016939582156973462
0 0.6621621621621622 0.514257481648786 0.0391286809197257 0.023997741389045736
0 0.6746672045179508 0.5158102766798419 0.022993142396127472 0.017504234895539244
0 0.6948366276724486 0.5189158667419537 0.035901573215006054 0.012987012987012988
0 0.718434852763211 0.5189158667419537 0.02501008471157725 0.011857707509881422
0 0.7702702702702703 0.5183512140033879 0.04800322710770472 0.011857707509881422
0 0.827753126260589 0.5158102766798419 0.024203307785397338 0.018068887634105024
0 0.8463089955627269 0.5200451722190853 0.01371520774505849 0.010163749294184076
0 0.8884630899556273 0.5175042348955392 0.06333198870512304 0.018633540372670808
0 0.1373537716821299 0.5591473743647657 0.026220250100847116 0.023433088650479956
0 0.19281968535699878 0.5643704121964992 0.02501008471157725 0.02258610954263128
0 0.20572811617587736 0.5666290231507622 0.011294876966518758 0.011857707509881422
0 0.281968535699879 0.5677583286278939 0.08309802339653086 0.019762845849802372
0 0.3527632109721662 0.5688876341050254 0.05203711173860428 0.01637492941840768
0 0.3882613957240823 0.571005081874647 0.022993142396127472 0.01383399209486166
0 0.4199273900766438 0.5702992659514399 0.03791851553045583 0.015810276679841896
0 0.42698668818071805 0.5660643704121965 0.0012101653892698668 0.001129305477131564
0 0.42839854780153286 0.5659232072275551 0.0016135538523598225 0.0008469791078486731
0 0.44473578055667606 0.568746470920384 0.002016942315449778 0.002540937323546019
0 0.45663574021782977 0.572557876905703 0.01371520774505849 0.009034443817052512
0 0.4828559903186769 0.5742518351214003 0.03146430012101654 0.011857707509881422
0 0.5032271077047197 0.5807453416149069 0.002016942315449778 0.0016939582156973462
0 0.536103267446551 0.5575945793337098 0.010488100040338847 0.007905138339920948
0 0.5746268656716418 0.5787690570299266 0.04477611940298507 0.043478260869565216
0 0.5534489713594192 0.5765104460756635 0.0016135538523598225 0.001129305477131564
0 0.564340459862848 0.5861095426312818 0.01371520774505849 0.010163749294184076
0 0.5933844292053247 0.5697346132128741 0.0016135538523598225 0.001129305477131564
0 0.6486486486486487 0.5691699604743083 0.10891488503428802 0.018633540372670808
0 0.7198467123840259 0.586815358554489 0.04800322710770472 0.03472614342179559
0 0.7035094796288827 0.5584415584415584 0.0016135538523598225 0.001129305477131564
0 0.7198467123840259 0.5885093167701864 0.003630496167809601 0.001976284584980237
0 0.7232755143202905 0.5865330321852061 0.0024203307785397336 0.001411631846414455
0 0.7258975393303752 0.5851214003387917 0.0012101653892698668 0.0008469791078486731
0 0.7872125857200484 0.567193675889328 0.04154901169826543 0.021456804065499716
0 0.8150463896732554 0.5731225296442688 0.019766034691407825 0.014116318464144552
0 0.8110125050423558 0.5660643704121965 0.0052440500201694235 0.003952569169960474
0 0.8642597821702299 0.5626764539808018 0.050423557886244454 0.025974025974025976
0 0.8888664784187172 0.5773574251835122 0.03670835014118596 0.025409373235460192
0 0.9223477208551836 0.5643704121964992 0.004437273093989512 0.003952569169960474
0 0.9255748285599031 0.5612648221343873 0.0028237192416296895 0.001129305477131564
0 0.9171036708350141 0.5770750988142292 0.0028237192416296895 0.0016939582156973462
0 0.9281968535699879 0.5728402032749859 0.01936264622831787 0.012422360248447204
0 0.15409439290036306 0.6154714850367025 0.05244050020169423 0.024844720496894408
0 0.2018959257765228 0.6280350084697911 0.035901573215006054 0.042631281761716544
0 0.18777732956837434 0.6112365894974591 0.0028237192416296895 0.002258610954263128
0 0.18838241226300928 0.63085827216262 0.0016135538523598225 0.001976284584980237
0 0.254941508672852 0.620412196499153 0.03146430012101654 0.01383399209486166
0 0.2928600242033078 0.6182947487295314 0.03630496167809601 0.017504234895539244
0 0.2757160145219847 0.6187182382834556 0.0012101653892698668 0.001411631846414455
0 0.2765227914481646 0.6153303218520609 0.002016942315449778 0.004799548277809147
0 0.31444130697862044 0.6370694522868436 0.002016942315449778 0.001411631846414455
0 0.3215006050826946 0.6317052512704686 0.011294876966518758 0.009316770186335404
0 0.32674465510286405 0.6263410502540937 0.0016135538523598225 0.0008469791078486731
0 0.3741427995159338 0.6151891586674195 0.04719645018152481 0.023715415019762844
0 0.3783783783783784 0.6047430830039525 0.004033884630899556 0.0033879164313946925
0 0.40520371117386045 0.6243647656691135 0.006857603872529245 0.0036702428006775835
0 0.44776119402985076 0.6261998870694523 0.07018959257765228 0.04630152456239413
0 0.4346510689794272 0.606154714850367 0.0012101653892698668 0.001129305477131564
0 0.5036304961678096 0.6230942970073405 0.0326744655102864 0.011857707509881422
0 0.49052037111738606 0.616318464144551 0.003227107704719645 0.0033879164313946925
0 0.5861234368697055 0.6277526821005082 0.127470754336426 0.045454545454545456
0 0.6811214199273901 0.6195652173913043 0.051230334812424366 0.020045172219085264
0 0.6589350544574425 0.6120835686053078 0.002016942315449778 0.002258610954263128
0 0.7063331988705123 0.6082721626199887 0.0024203307785397336 0.001976284584980237
0 0.7053247277127874 0.6355166572557877 0.013311819281968536 0.012422360248447204
0 0.7371924162968939 0.6264822134387352 0.0028237192416296895 0.00282326369282891
0 0.781363453005244 0.6264822134387352 0.08309802339653086 0.03613777526821005
0 0.8596208148446954 0.6199887069452287 0.09439290036304962 0.0220214568040655
0 0.9162968939088342 0.6174477696216827 0.01008471157724889 0.014116318464144552
0 0.14199273900766438 0.6637492941840768 0.03146430012101654 0.024280067758328628
0 0.16559096409842677 0.6702428006775832 0.018959257765227916 0.014116318464144552
0 0.16296893908834206 0.6607848673066065 0.004033884630899556 0.002540937323546019
0 0.22730939895118998 0.6671372106154715 0.05929810407422348 0.021456804065499716
0 0.27390076643807987 0.6727837380011293 0.028237192416296894 0.014116318464144552
0 0.2617991125453812 0.6637492941840768 0.003227107704719645 0.0016939582156973462
0 0.32109721661960466 0.6703839638622248 0.02016942315449778 0.014963297571993224
0 0.39128680919725695 0.6765951439864484 0.07503025413473174 0.032467532467532464
0 0.4483662767244857 0.6699604743083004 0.04235578862444534 0.01693958215697346
0 0.5110931827349737 0.6732072275550537 0.04679306171843485 0.014398644833427442
0 0.5623235175473982 0.6675607001693958 0.024203307785397338 0.021174477696216828
0 0.573013311819282 0.6729249011857708 0.022993142396127472 0.010446075663466968
0 0.5925776522791448 0.6722190852625636 0.016135538523598225 0.014116318464144552
0 0.5933844292053247 0.6630434782608695 0.004840661557079467 0.003105590062111801
0 0.6432029043969343 0.6712309429700734 0.022993142396127472 0.017786561264822136
0 0.6887858007260992 0.6719367588932806 0.07220653489310205 0.020327498588368152
0 0.7613957240822913 0.6715132693393563 0.030254134731746672 0.012704686617730096
0 0.781968535699879 0.6708074534161491 0.01734570391286809 0.010163749294184076
0 0.7983057684550222 0.6614906832298136 0.003227107704719645 0.0033879164313946925
0 0.8134328358208955 0.6667137210615471 0.027833803953206938 0.020045172219085264
0 0.8693021379588544 0.6638904573687182 0.060508269463493344 0.02456239412761152
0 0.9019766034691408 0.6767363071710898 0.004033884630899556 0.004517221908526256
0 0.145623235175474 0.7117447769621683 0.048406615570794675 0.025409373235460192
0 0.17950786607503025 0.7190852625635235 0.03469140782573618 0.01355166572557877
0 0.21661960467930616 0.7197910784867306 0.04921339249697459 0.01101072840203275
0 0.2436466317063332 0.7207792207792207 0.0024203307785397336 0.0016939582156973462
0 0.2656313029447358 0.7121682665160926 0.040742234772085516 0.01948051948051948
0 0.25030254134731744 0.7092038396386222 0.003630496167809601 0.0033879164313946925
0 0.3019362646228318 0.7171089779785432 0.04800322710770472 0.015245623941276116
0 0.36587333602258976 0.715132693393563 0.03872529245663574 0.019198193111236588
0 0.3864461476401775 0.7065217391304348 0.0016135538523598225 0.0008469791078486731
0 0.4471561113352158 0.7137210615471485 0.05929810407422348 0.024844720496894408
0 0.4745865268253328 0.7292490118577075 0.051230334812424366 0.032185206098249576
0 0.527632109721662 0.7219085262563524 0.0500201694231545 0.011857707509881422
0 0.5780556676079064 0.720214568040655 0.042759177087535294 0.01637492941840768
0 0.5869302137958854 0.7289666854884246 0.0024203307785397336 0.002258610954263128
