0 0.15792658329971762 0.2199322416713721 0.038321903993545785 0.028797289666854884
0 0.18192819685356998 0.22388481084133258 0.053247277127874144 0.019198193111236588
0 0.2146026623638564 0.2248729531338227 0.02016942315449778 0.017221908526256352
0 0.25211778943122226 0.2199322416713721 0.06292860024203308 0.028232636928289104
0 0.23840258168616377 0.20638057594579334 0.004840661557079467 0.004517221908526256
0 0.3007260992335619 0.21823828345567475 0.035901573215006054 0.026538678712591756
0 0.3489310205728116 0.21527385657820441 0.04759983864461476 0.03020892151326934
0 0.3854376764824526 0.22374364765669114 0.07624041952400161 0.0189158667419537
0 0.445139169019766 0.22317899491812535 0.051230334812424366 0.04376058723884811
0 0.499798305768455 0.22092038396386224 0.024203307785397338 0.014398644833427442
0 0.5171440096813231 0.20186335403726707 0.004840661557079467 0.005081874647092038
0 0.5441710367083501 0.22317899491812535 0.03711173860427592 0.017221908526256352
0 0.5655506252521177 0.22473178994918125 0.023396530859217425 0.014116318464144552
0 0.5962081484469545 0.22261434217955958 0.050826946349334406 0.03980801806888763
0 0.6569181121419927 0.21414455110107283 0.038321903993545785 0.029644268774703556
0 0.7166196046793062 0.22134387351778656 0.08430818878580072 0.04743083003952569
0 0.7769261799112546 0.21315640880858272 0.03791851553045583 0.031055900621118012
0 0.7825736183945139 0.2199322416713721 0.02016942315449778 0.015810276679841896
0 0.8192819685356999 0.22190852625635235 0.063735377168213 0.04743083003952569
0 0.8009277934651069 0.21964991530208922 0.020572811617587738 0.014116318464144552
0 0.1843485276321097 0.27343308865047994 0.07341670028237192 0.018351214003387916
0 0.2700685760387253 0.26355166572557875 0.043162565550625254 0.03077357425183512
0 0.28479225494150867 0.2717391304347826 0.028237192416296894 0.015527950310559006
0 0.31585316659943524 0.26256352343308864 0.033884630899556276 0.028232636928289104
0 0.36607503025413474 0.2715979672501412 0.06494554255748286 0.04743083003952569
0 0.4298104074223477 0.2713156408808583 0.07139975796692215 0.01693958215697346
0 0.4717628075837031 0.283596837944664 0.0326744655102864 0.034161490683229816
0 0.5096813231141589 0.2542348955392434 0.01573215006050827 0.01383399209486166
0 0.5086728519564341 0.27004517221908525 0.023396530859217425 0.012704686617730096
0 0.5465913674868899 0.2714568040654997 0.02016942315449778 0.014963297571993224
0 0.5855183541750706 0.2618577075098814 0.07220653489310205 0.035290796160361376
0 0.6653892698668818 0.265527950310559 0.06978620411456232 0.042631281761716544
0 0.736385639370714 0.2632693393562959 0.03670835014118596 0.029644268774703556
0 0.8156514723678903 0.2670807453416149 0.08471157724889068 0.045736871823828344
0 0.14804356595401372 0.3188876341050254 0.03065752319483663 0.03303218520609825
0 0.18313836224283986 0.32269904009034445 0.053247277127874144 0.020327498588368152
0 0.21641791044776118 0.32481648785996614 0.01734570391286809 0.016657255787690572
0 0.2446551028640581 0.32580463015245625 0.056070996369503835 0.014680971202710334
0 0.23235175473981445 0.3005364201016375 0.004840661557079467 0.005928853754940711
0 0.2757160145219847 0.30759457933370976 0.019766034691407825 0.015527950310559006
0 0.35720048406615573 0.31408808582721626 0.10931827349737798 0.03472614342179559
0 0.4281968535699879 0.32368718238283456 0.02864058087938685 0.014398644833427442
0 0.47236789027833803 0.3235460191981931 0.016942315449778138 0.015810276679841896
0 0.49052037111738606 0.320016939582157 0.045986284792254944 0.04488989271597967
0 0.5300524405002017 0.3297571993224167 0.04679306171843485 0.032185206098249576
0 0.5716014521984671 0.33243929983060416 0.04759983864461476 0.035290796160361376
0 0.627672448567971 0.3197346132128741 0.06615570794675273 0.018351214003387916
0 0.6791044776119403 0.31521739130434784 0.04154901169826543 0.031338226990400904
0 0.736385639370714 0.327639751552795 0.0754336425978217 0.029644268774703556
0 0.7864058087938685 0.3188876341050254 0.031060911657926585 0.029079616036137776
0 0.7761194029850746 0.30561829474872954 0.004840661557079467 0.005364201016374929
0 0.8186768858410649 0.32382834556747603 0.038321903993545785 0.01637492941840768
0 0.8075837031060912 0.3071710897797854 0.004033884630899556 0.005081874647092038
0 0.8572004840661557 0.3306041784302654 0.004840661557079467 0.00564652738565782
0 0.16337232755143202 0.36801242236024845 0.04033884630899556 0.03472614342179559
0 0.21581282775312627 0.37351778656126483 0.02501008471157725 0.019198193111236588
0 0.2644211375554659 0.3674477696216827 0.09156918112141993 0.03303218520609825
0 0.27067365873336025 0.35502540937323546 0.005647438483259379 0.005364201016374929
0 0.3620411456232352 0.3634952004517222 0.09076240419524001 0.037549407114624504
0 0.43949173053650664 0.3709768492377188 0.0681726502622025 0.05251270468661773
0 0.49596611536910046 0.37012987012987014 0.02944735780556676 0.019762845849802372
0 0.518152480839048 0.35064935064935066 0.004437273093989512 0.007340485601355167
0 0.5665590964098427 0.3650479954827781 0.057684550221863654 0.03274985883681536
0 0.5867285195643405 0.37238848108413325 0.038321903993545785 0.018068887634105024
0 0.6214199273900767 0.36575381140598534 0.035901573215006054 0.03303218520609825
0 0.6456232351754739 0.3740824392998306 0.03670835014118596 0.015245623941276116
0 0.6964501815248084 0.3753529079616036 0.09156918112141993 0.04827780914737437
0 0.663574021782977 0.353613777526821 0.004033884630899556 0.007058159232072276
0 0.7868091972569584 0.37874082439299833 0.05687777329568374 0.034161490683229816
0 0.8336022589753933 0.364059853190288 0.040742234772085516 0.03190287972896669
0 0.872529245663574 0.3705533596837945 0.014521984671238403 0.006493506493506494
0 0.17204517950786608 0.4258893280632411 0.06010488100040339 0.047713156408808584
0 0.2539330375151271 0.4153020892151327 0.04800322710770472 0.03387916431394692
0 0.29608713190802743 0.41798418972332013 0.04033884630899556 0.03077357425183512
0 0.35074626865671643 0.4165725578769057 0.058491327148043566 0.035290796160361376
0 0.4386849536103267 0.41953698475437606 0.07624041952400161 0.042348955392433656
0 0.5118999596611536 0.42108977978543194 0.026623638563937072 0.007058159232072276
0 0.5711980637353772 0.4165725578769057 0.06696248487293263 0.026821005081874648
0 0.6127470754336426 0.41826651609260307 0.03307785397337636 0.026821005081874648
0 0.6575231948366277 0.4213721061547149 0.03791851553045583 0.017786561264822136
0 0.6782977006857603 0.42419536984754375 0.018152480839048003 0.016092603049124788
0 0.7039128680919726 0.415725578769057 0.04033884630899556 0.03190287972896669
0 0.6950383219039935 0.40344438170525126 0.005647438483259379 0.006211180124223602
0 0.7146026623638564 0.41699604743083 0.03751512706736587 0.02766798418972332
0 0.7172246873739411 0.4246188594014681 0.020976200080677694 0.014680971202710334
0 0.7446551028640581 0.42504234895539245 0.048406615570794675 0.017786561264822136
0 0.7444534086325131 0.40796160361377753 0.0052440500201694235 0.00564652738565782
0 0.7898346107301332 0.42405420666290233 0.01290843081887858 0.004517221908526256
0 0.8348124243646632 0.42080745341614906 0.0326744655102864 0.0189158667419537
0 0.8602258975393303 0.42207792207792205 0.03428801936264623 0.01693958215697346
0 0.15308592174263816 0.47459062676453984 0.030254134731746672 0.020327498588368152
0 0.18898749495764422 0.47007340485601357 0.0536506655909641 0.03557312252964427
0 0.21843485276321098 0.4902597402597403 0.01653892698668818 0.012140033879164314
0 0.24667204517950786 0.48009599096555616 0.05929810407422348 0.032467532467532464
0 0.30032271077047196 0.4666854884246189 0.051230334812424366 0.03500846979107849
0 0.3499394917305365 0.4717673630717109 0.04719645018152481 0.020892151326933936
0 0.3939088342073417 0.47571993224167136 0.043162565550625254 0.018068887634105024
0 0.42940701895925776 0.47699040090344436 0.07139975796692215 0.050536420101637496
0 0.46430012101653895 0.4839073969508752 0.00645421540943929 0.004517221908526256
0 0.5302541347317467 0.46386222473178995 0.045582896329164985 0.034443817052512704
0 0.573013311819282 0.4652738565782044 0.04961678096006454 0.032185206098249576
0 0.618192819685357 0.4644268774703557 0.0536506655909641 0.03557312252964427
0 0.6823315853166599 0.472755505364201 0.03509479628882614 0.021174477696216828
0 0.6994755949979831 0.4503105590062112 0.005647438483259379 0.006775832862789385
0 0.7267043162565551 0.467673630717109 0.051230334812424366 0.03077357425183512
0 0.8029447357805567 0.46725014116318464 0.11738604275917709 0.032185206098249576
0 0.7603872529245663 0.4568040654997177 0.004840661557079467 0.00564652738565782
0 0.17607906413876562 0.516798418972332 0.09237595804759983 0.03811405985319029
0 0.24526018555869303 0.5172219085262564 0.063735377168213 0.03613777526821005
0 0.2811617587736991 0.5057876905702993 0.004840661557079467 0.007622811970638058
0 0.3261395724082291 0.5278091473743648 0.045582896329164985 0.05110107284020327
0 0.3676885841064946 0.5258328627893846 0.06575231948366277 0.018351214003387916
0 0.40883420734167003 0.5276679841897233 0.02379991932230738 0.01637492941840768
0 0.4550221863654699 0.5275268210050819 0.06776926179911255 0.0189158667419537
0 0.5076643807987091 0.519621682665161 0.03670835014118596 0.029079616036137776
0 0.5586930213795885 0.5237154150197628 0.03630496167809601 0.018633540372670808
0 0.608914885034288 0.5189158667419537 0.08430818878580072 0.03387916431394692
0 0.6514723678902783 0.5184923771880293 0.055667607906413875 0.032467532467532464
0 0.7049213392496975 0.5273856578204404 0.0609116579265833 0.04799548277809147
0 0.7718838241226301 0.5151044607566346 0.035901573215006054 0.03020892151326934
0 0.8342073416700282 0.5224449463579899 0.08955223880597014 0.04601919819311124
0 0.1609519967728923 0.5753811405985318 0.05486083098023396 0.05194805194805195
0 0.21218233158531666 0.5763692828910221 0.04517950786607503 0.014963297571993224
0 0.25131101250504234 0.5873800112930547 0.035498184751916094 0.03359683794466403
0 0.24808390480032272 0.5756634669678148 0.02016942315449778 0.01355166572557877
0 0.32008874546187976 0.5681818181818182 0.040742234772085516 0.032467532467532464
0 0.3654699475594998 0.5831451157538114 0.04921339249697459 0.035290796160361376
0 0.4048003227107705 0.5846979107848673 0.043162565550625254 0.03557312252964427
0 0.47196450181524807 0.5743929983060417 0.03872529245663574 0.021174477696216828
0 0.5118999596611536 0.5739695087521175 0.0572811617587737 0.019762845849802372
0 0.5413473174667205 0.5838509316770186 0.004033884630899556 0.004517221908526256
0 0.600847115772489 0.5693111236589498 0.04719645018152481 0.034161490683229816
0 0.6682129891085115 0.5683229813664596 0.05445744251714401 0.032185206098249576
0 0.709156918112142 0.5683229813664596 0.05486083098023396 0.03500846979107849
0 0.6974586526825333 0.5601355166572558 0.004840661557079467 0.004517221908526256
0 0.719039935457846 0.5574534161490683 0.006857603872529245 0.004234895539243365
0 0.7739007664380799 0.5664878599661208 0.08672851956434045 0.03077357425183512
0 0.17789431222267044 0.6236589497459063 0.07341670028237192 0.023150762281197064
0 0.23114158935054457 0.6218238283455675 0.03791851553045583 0.032467532467532464
0 0.24263816054860832 0.626764539808018 0.018152480839048003 0.01693958215697346
0 0.26321097216619604 0.6269057029926595 0.03993545784590561 0.0189158667419537
0 0.26502622025010086 0.6057312252964426 0.005647438483259379 0.006493506493506494
0 0.3108108108108108 0.6326933935629587 0.040742234772085516 0.03500846979107849
0 0.345502218636547 0.6240824392998306 0.038321903993545785 0.016657255787690572
0 0.3953206938281565 0.6253529079616036 0.05889471561113352 0.018068887634105024
0 0.45118999596611536 0.6170242800677583 0.06010488100040339 0.03190287972896669
0 0.5086728519564341 0.6192828910220215 0.03711173860427592 0.029079616036137776
0 0.5435659540137152 0.6150479954827781 0.06494554255748286 0.03472614342179559
0 0.5669624848729327 0.6168831168831169 0.0391286809197257 0.03500846979107849
0 0.6325131101250504 0.6221061547148503 0.03146430012101654 0.020045172219085264
0 0.6526825332795482 0.6235177865612648 0.020976200080677694 0.016657255787690572
0 0.6833400564743848 0.6164596273291926 0.05486083098023396 0.037549407114624504
0 0.6710367083501412 0.6053077357425184 0.0052440500201694235 0.00564652738565782
0 0.7408229124647036 0.6185770750988142 0.05445744251714401 0.02710333145115754
0 0.7688584106494554 0.6273291925465838 0.004840661557079467 0.005081874647092038
0 0.15429608713190804 0.6725014116318464 0.0326744655102864 0.02766798418972332
0 0.19887051230334812 0.6684076792772445 0.06292860024203308 0.03190287972896669
0 0.27390076643807987 0.6764539808018069 0.07664380798709157 0.015810276679841896
0 0.32210568777732956 0.6866177300959909 0.020572811617587738 0.018068887634105024
0 0.3870512303348124 0.6675607001693958 0.058491327148043566 0.03585544889892716
0 0.46228317870108915 0.6678430265386787 0.048406615570794675 0.03020892151326934
0 0.4963695038321904 0.6677018633540373 0.06897942718838242 0.029361942405420668
0 0.5703912868091973 0.6739130434782609 0.05889471561113352 0.04121964991530209
0 0.6319080274304155 0.674901185770751 0.06978620411456232 0.021174477696216828
0 0.7371924162968939 0.668266516092603 0.0899556272690601 0.037267080745341616
0 0.8019362646228317 0.6764539808018069 0.041145623235175476 0.01693958215697346
0 0.8420734167002824 0.6664313946922643 0.03670835014118596 0.03077357425183512
0 0.8602258975393303 0.6661490683229814 0.043162565550625254 0.032467532467532464
0 0.8713190802743042 0.6756070016939583 0.03953206938281565 0.015245623941276116
0 0.8894715611133521 0.6811123658949746 0.005647438483259379 0.006493506493506494
