0 0.14622831787010893 0.22261434217955958 0.007664380798709157 0.00818746470920384
0 0.17305365066559097 0.22571993224167136 0.03307785397337636 0.015527950310559006
0 0.1645824929407019 0.22840203274985885 0.004840661557079467 0.00846979107848673
0 0.21319080274304156 0.22713156408808582 0.03509479628882614 0.014398644833427442
0 0.30939895118999594 0.22882552230378317 0.100040338846309 0.010446075663466968
0 0.37031060911657926 0.22529644268774704 0.01290843081887858 0.011857707509881422
0 0.4136748688987495 0.22939017504234896 0.031060911657926585 0.009316770186335404
0 0.44130697862041146 0.22967250141163184 0.014521984671238403 0.00818746470920384
0 0.4737797498991529 0.2264257481648786 0.0391286809197257 0.012987012987012988
0 0.5167406212182332 0.22967250141163184 0.03469140782573618 0.008752117447769622
0 0.5736183945139169 0.23080180688876342 0.02743041549011698 0.007622811970638058
0 0.6165792658329972 0.22557876905702992 0.06897942718838242 0.01637492941840768
0 0.6619604679306171 0.22388481084133258 0.015328761597418314 0.012987012987012988
0 0.7083501411859621 0.22910784867306608 0.02581686163775716 0.008752117447769622
0 0.7135941912061315 0.2224731789949181 0.0024203307785397336 0.002258610954263128
0 0.754538120209762 0.22543760587238848 0.06171843485276321 0.016092603049124788
0 0.16296893908834206 0.27555053642010163 0.04195240016135539 0.01355166572557877
0 0.21520774505849133 0.2768210050818746 0.06010488100040339 0.016092603049124788
0 0.3041549011698265 0.28077357425183513 0.10326744655102864 0.023433088650479956
0 0.40984267849939493 0.2758328627893845 0.03630496167809601 0.01637492941840768
0 0.4443323920935861 0.2787972896668549 0.030254134731746672 0.007622811970638058
0 0.43686970552642196 0.26750423489553926 0.005647438483259379 0.001411631846414455
0 0.472771278741428 0.28387916431394694 0.01855586930213796 0.016092603049124788
0 0.5223880597014925 0.2745623941276115 0.02501008471157725 0.014963297571993224
0 0.5310609116579266 0.27004517221908525 0.0028237192416296895 0.001976284584980237
0 0.5611133521581283 0.27837380011293056 0.04759983864461476 0.007905138339920948
0 0.5958047599838645 0.27399774138904576 0.035498184751916094 0.014398644833427442
0 0.6250504235578862 0.27555053642010163 0.01734570391286809 0.015810276679841896
0 0.6780960064542154 0.27865612648221344 0.03146430012101654 0.009599096555618294
0 0.736789027833804 0.28049124788255225 0.04154901169826543 0.008752117447769622
0 0.15348931020572812 0.3298983625070582 0.022993142396127472 0.011575381140598532
0 0.20149253731343283 0.33046301524562394 0.0681726502622025 0.022303783173348392
0 0.1946349334409036 0.3176171654432524 0.0028237192416296895 0.0016939582156973462
0 0.26421944332392094 0.326369282891022 0.042759177087535294 0.014116318464144552
0 0.2615974183138362 0.31874647092038394 0.0052440500201694235 0.0016939582156973462
0 0.2964905203711174 0.3310276679841897 0.015328761597418314 0.007058159232072276
0 0.299919322307382 0.3409090909090909 0.014118596208148447 0.01101072840203275
0 0.3563937071399758 0.3274985883681536 0.031060911657926585 0.015245623941276116
0 0.38886647841871724 0.33116883116883117 0.029043969342476807 0.00846979107848673
0 0.3852359822509076 0.32058159232072275 0.005647438483259379 0.001411631846414455
0 0.41589350544574427 0.33681535855448896 0.017749092375958047 0.018633540372670808
0 0.5050423557886244 0.3277809147374365 0.1073013311819282 0.01355166572557877
0 0.5863251311012505 0.31931112365894976 0.004437273093989512 0.0016939582156973462
0 0.6024606696248487 0.33145115753811405 0.030254134731746672 0.007340485601355167
0 0.6583299717628076 0.32834556747600224 0.0500201694231545 0.019762845849802372
0 0.664179104477612 0.31945228684359117 0.003630496167809601 0.001411631846414455
0 0.709358612343687 0.33018068887634106 0.043969342476805166 0.00818746470920384
0 0.7488906817265026 0.33018068887634106 0.024606696248487294 0.007622811970638058
0 0.7561516740621218 0.3186053077357425 0.0028237192416296895 0.003105590062111801
0 0.7858007260992336 0.3372388481084133 0.03953206938281565 0.021174477696216828
0 0.8146430012101654 0.33173348390739693 0.0028237192416296895 0.00282326369282891
0 0.8259378781766842 0.3211462450592885 0.007664380798709157 0.008752117447769622
0 0.16518757563533684 0.3740824392998306 0.057684550221863654 0.015245623941276116
0 0.14784187172246874 0.3761998870694523 0.0052440500201694235 0.01101072840203275
0 0.254538120209762 0.37634105025409376 0.04759983864461476 0.018068887634105024
0 0.32755143202904397 0.3802936194240542 0.08713190802743041 0.010728402032749858
0 0.41952400161355385 0.3791643139469226 0.08551835417507059 0.010163749294184076
0 0.5110931827349737 0.37789384528514963 0.03872529245663574 0.014398644833427442
0 0.5480032271077048 0.38015245623941274 0.022993142396127472 0.009316770186335404
0 0.5556676079064139 0.3739412761151892 0.004437273093989512 0.001976284584980237
0 0.5970149253731343 0.37732919254658387 0.05889471561113352 0.013269339356295878
0 0.6282775312626059 0.37577639751552794 0.0052440500201694235 0.015810276679841896
0 0.6712384025816862 0.37732919254658387 0.03307785397337636 0.016092603049124788
0 0.7192416296893909 0.38085827216261997 0.017749092375958047 0.009034443817052512
0 0.7624041952400161 0.3812817617165443 0.06696248487293263 0.028514963297571992
0 0.7577652279144816 0.3675889328063241 0.0028237192416296895 0.002258610954263128
0 0.8055667607906414 0.37704686617730093 0.011294876966518758 0.01101072840203275
0 0.16861637757160144 0.42828910220214567 0.05808793868495361 0.01693958215697346
0 0.2488906817265026 0.4278656126482213 0.04517950786607503 0.021739130434782608
0 0.25211778943122226 0.41741953698475437 0.003227107704719645 0.001411631846414455
0 0.29850746268656714 0.4298418972332016 0.048406615570794675 0.009881422924901186
0 0.35155304558289635 0.4309712027103331 0.04800322710770472 0.009881422924901186
0 0.3580072609923356 0.41953698475437606 0.0052440500201694235 0.002258610954263128
0 0.390681726502622 0.4376058723884811 0.01653892698668818 0.020327498588368152
0 0.4243646631706333 0.43054771315640883 0.023396530859217425 0.0033879164313946925
0 0.46651875756353367 0.42970073404856013 0.018959257765227916 0.009034443817052512
0 0.49515933844292054 0.42518351214003386 0.031060911657926585 0.01637492941840768
0 0.5300524405002017 0.4258893280632411 0.045986284792254944 0.016657255787690572
0 0.5933844292053247 0.4278656126482213 0.020976200080677694 0.016092603049124788
0 0.6131504638967326 0.43054771315640883 0.011294876966518758 0.00846979107848673
0 0.6234368697055265 0.4342179559570864 0.0028237192416296895 0.0033879164313946925
0 0.6619604679306171 0.42617165443252397 0.016942315449778138 0.011575381140598532
0 0.7129891085114965 0.42603049124788256 0.0826946349334409 0.015245623941276116
0 0.18797902379991932 0.47571993224167136 0.0935861234368697 0.018068887634105024
0 0.19483662767244858 0.46710897797854317 0.0024203307785397336 0.001411631846414455
0 0.25857200484066156 0.4779785431959345 0.03953206938281565 0.014116318464144552
0 0.32855990318676886 0.4808018068887634 0.030254134731746672 0.009034443817052512
0 0.36163775716014523 0.48122529644268774 0.03993545784590561 0.009881422924901186
0 0.4574425171440097 0.47896668548842464 0.09116579265832997 0.014398644833427442
0 0.5352964905203711 0.485742518351214 0.0500201694231545 0.020609824957651044
0 0.5377168212989109 0.4673913043478261 0.004840661557079467 0.001976284584980237
0 0.5802743041549012 0.4810841332580463 0.03428801936264623 0.006775832862789385
0 0.5929810407422348 0.4738848108413326 0.0024203307785397336 0.001411631846414455
0 0.6224283985478015 0.4816487859966121 0.04679306171843485 0.007340485601355167
0 0.6399757966922146 0.49265951439864486 0.013311819281968536 0.01355166572557877
0 0.672045179507866 0.48122529644268774 0.01936264622831787 0.002540937323546019
0 0.7141992739007664 0.4805194805194805 0.035901573215006054 0.009034443817052512
0 0.7416296893908835 0.4776962168266516 0.011698265429608713 0.014680971202710334
0 0.1799112545381202 0.5262563523433089 0.08632513110125051 0.01693958215697346
0 0.2498991528842275 0.5302089215132694 0.043162565550625254 0.00846979107848673
0 0.26663977410246065 0.5220214568040655 0.003227107704719645 0.0016939582156973462
0 0.29245663574021785 0.5300677583286278 0.03791851553045583 0.011575381140598532
0 0.3372327551432029 0.5321852060982496 0.03872529245663574 0.007340485601355167
0 0.3501411859620815 0.5433370976849238 0.015328761597418314 0.014963297571993224
0 0.38563937071399756 0.5306324110671937 0.017749092375958047 0.002540937323546019
0 0.4356595401371521 0.5261151891586674 0.04759983864461476 0.016092603049124788
0 0.5056474384832593 0.5295031055900621 0.043162565550625254 0.010446075663466968
0 0.5441710367083501 0.531055900621118 0.02016942315449778 0.009599096555618294
0 0.5494150867285196 0.5220214568040655 0.003227107704719645 0.0016939582156973462
0 0.5798709156918113 0.5307735742518351 0.0318676885841065 0.010163749294184076
0 0.609721661960468 0.5331733483907397 0.0028237192416296895 0.002540937323546019
0 0.6508672851956434 0.5265386787125917 0.03751512706736587 0.018068887634105024
0 0.7105687777329568 0.5295031055900621 0.06897942718838242 0.010446075663466968
0 0.7650262202501008 0.5307735742518351 0.030254134731746672 0.007340485601355167
0 0.7603872529245663 0.5176453980801807 0.005647438483259379 0.002540937323546019
0 0.7942718838241226 0.5378317334839074 0.02016942315449778 0.021456804065499716
0 0.8507462686567164 0.5262563523433089 0.060508269463493344 0.018633540372670808
0 0.15066559096409843 0.581451157538114 0.02218636546994756 0.00818746470920384
0 0.18576038725292457 0.5784867306606437 0.038321903993545785 0.018068887634105024
0 0.21903993545784592 0.5822981366459627 0.01855586930213796 0.00818746470920384
0 0.23719241629689392 0.5777809147374364 0.017749092375958047 0.016092603049124788
0 0.291246470350948 0.581733483907397 0.03711173860427592 0.007622811970638058
0 0.33682936668011293 0.5742518351214003 0.007260992335619202 0.007905138339920948
0 0.36042759177087536 0.5810276679841897 0.01653892698668818 0.009034443817052512
0 0.3864461476401775 0.5815923207227555 0.02743041549011698 0.009034443817052512
0 0.42597821702299316 0.5827216261998871 0.03630496167809601 0.009034443817052512
0 0.47761194029850745 0.5834274421230943 0.05405405405405406 0.009316770186335404
0 0.472771278741428 0.57128740824393 0.0024203307785397336 0.001411631846414455
0 0.49072206534893104 0.5796160361377752 0.002016942315449778 0.0016939582156973462
0 0.5601048810004033 0.5787690570299266 0.07059298104074223 0.017504234895539244
0 0.6262605889471561 0.5873800112930547 0.0463896732553449 0.023997741389045736
0 0.663574021782977 0.5739695087521175 0.005647438483259379 0.006775832862789385
0 0.7059298104074223 0.5824392998306042 0.03065752319483663 0.025409373235460192
0 0.7307382008874547 0.5796160361377752 0.013311819281968536 0.00846979107848673
0 0.800322710770472 0.5770750988142292 0.06857603872529246 0.01637492941840768
0 0.872730939895119 0.5848390739695087 0.057684550221863654 0.034161490683229816
0 0.17769261799112546 0.6319875776397516 0.07382008874546188 0.03020892151326934
0 0.22751109318273496 0.6284584980237155 0.022589753933037516 0.018633540372670808
0 0.24969745865268253 0.638481084133258 0.003227107704719645 0.005364201016374929
0 0.2962888261395724 0.6298701298701299 0.022993142396127472 0.015810276679841896
0 0.3194836627672449 0.6325522303783173 0.012101653892698669 0.008752117447769622
0 0.3307785397337636 0.6360813099943535 0.003227107704719645 0.004517221908526256
0 0.3674868898749496 0.6285996612083569 0.01936264622831787 0.013269339356295878
0 0.43303751512706734 0.6298701298701299 0.10770471964501815 0.017504234895539244
0 0.5411456232351755 0.6322699040090345 0.05203711173860428 0.012140033879164314
0 0.5794675272287213 0.6338226990400904 0.01573215006050827 0.009034443817052512
0 0.5885437676482452 0.6305759457933371 0.004033884630899556 0.015527950310559006
0 0.6419927390076644 0.6273291925465838 0.050423557886244454 0.017504234895539244
0 0.6738604275917709 0.6332580463015246 0.011698265429608713 0.006211180124223602
0 0.6861637757160145 0.6281761716544325 0.015328761597418314 0.014680971202710334
0 0.7371924162968939 0.6271880293619424 0.043162565550625254 0.015527950310559006
0 0.8293666801129488 0.6266233766233766 0.08955223880597014 0.01948051948051948
0 0.17063331988705124 0.6811123658949746 0.05405405405405406 0.03077357425183512
0 0.2127874142799516 0.6809712027103332 0.013311819281968536 0.00846979107848673
0 0.23073820088745461 0.6767363071710898 0.021782977006857603 0.01693958215697346
0 0.3190802743041549 0.678994918125353 0.08551835417507059 0.015810276679841896
0 0.3753529649052037 0.6798418972332015 0.020572811617587738 0.019198193111236588
0 0.43505445744251714 0.6811123658949746 0.0326744655102864 0.014398644833427442
0 0.4499798305768455 0.6695369847543761 0.004437273093989512 0.001411631846414455
0 0.46430012101653895 0.6802653867871259 0.029043969342476807 0.017786561264822136
0 0.536304961678096 0.6795595708639187 0.043969342476805166 0.014680971202710334
0 0.6147640177490924 0.682806324110672 0.05486083098023396 0.029644268774703556
0 0.6827349737797499 0.6816770186335404 0.03428801936264623 0.007622811970638058
0 0.6797095603065753 0.6671372106154715 0.00645421540943929 0.002258610954263128
0 0.7654296087131908 0.6821005081874647 0.09076240419524001 0.033314511575381144
0 0.8188785800726099 0.6767363071710898 0.02743041549011698 0.018633540372670808
0 0.8297700685760387 0.6725014116318464 0.003227107704719645 0.002258610954263128
0 0.854175070592981 0.6805477131564088 0.02864058087938685 0.010446075663466968
0 0.16377571601452198 0.7320722755505364 0.035498184751916094 0.01129305477131564
0 0.20653489310205728 0.7312252964426877 0.03953206938281565 0.010728402032749858
0 0.22146026623638565 0.7234613212874083 0.003227107704719645 0.001411631846414455
0 0.2563533682936668 0.7329192546583851 0.045582896329164985 0.009599096555618294
0 0.2583703106091166 0.722755505364201 0.0052440500201694235 0.0016939582156973462
0 0.29043969342476805 0.7340485601355167 0.015328761597418314 0.007905138339920948
0 0.2972972972972973 0.7426595143986449 0.017749092375958047 0.014963297571993224
0 0.3557886244453409 0.7326369282891022 0.029850746268656716 0.010728402032749858
0 0.4062121823315853 0.7350367024280068 0.05889471561113352 0.026821005081874648
0 0.45421540943929006 0.7323546019198193 0.033884630899556276 0.009034443817052512
0 0.5145219846712384 0.7288255223037832 0.019766034691407825 0.012704686617730096
0 0.5580879386849537 0.7279785431959345 0.051230334812424366 0.014963297571993224
0 0.5800726099233562 0.7206380575945793 0.003227107704719645 0.001976284584980237
0 0.627067365873336 0.7282608695652174 0.07785397337636143 0.016657255787690572
0 0.7029043969342477 0.7292490118577075 0.02218636546994756 0.018068887634105024
0 0.7375958047599839 0.730660643704122 0.0391286809197257 0.012422360248447204
0 0.7527228721258572 0.7241671372106154 0.003227107704719645 0.002258610954263128
0 0.7658329971762807 0.7309429700734048 0.007664380798709157 0.009034443817052512
0 0.7888261395724082 0.7282608695652174 0.02944735780556676 0.017221908526256352
0 0.8176684146833401 0.7326369282891022 0.026623638563937072 0.006775832862789385
0 0.8511496571198064 0.7317899491812535 0.022589753933037516 0.009599096555618294
0 0.2603872529245664 0.7821852060982496 0.2392093586123437 0.0189158667419537
0 0.2569584509883017 0.7739977413890458 0.01936264622831787 0.01383399209486166
0 0.2763210972166196 0.7803500846979108 0.003227107704719645 0.00282326369282891
