0 0.1526825332795482 0.26383399209486164 0.04719645018152481 0.026256352343308864
0 0.18939088342073418 0.2715979672501412 0.0028237192416296895 0.0016939582156973462
0 0.23699072206534894 0.2619988706945229 0.035901573215006054 0.028232636928289104
0 0.25756353368293666 0.2682100508187465 0.027833803953206938 0.015245623941276116
0 0.28600242033077855 0.26976284584980237 0.020976200080677694 0.01101072840203275
0 0.2801532876159742 0.25917560700169395 0.002016942315449778 0.0033879164313946925
0 0.3327954820492134 0.26439864483342745 0.03630496167809601 0.022868435911914172
0 0.3525615167406212 0.26312817617165446 0.017749092375958047 0.024844720496894408
0 0.38563937071399756 0.26538678712591757 0.07180314643001211 0.019762845849802372
0 0.43061718434852764 0.26468097120271034 0.024606696248487294 0.018351214003387916
0 0.4398951189995966 0.27710333145115756 0.010891488503428802 0.01101072840203275
0 0.48628479225494153 0.26453980801806887 0.051230334812424366 0.018068887634105024
0 0.47216619604679305 0.2628458498023715 0.0028237192416296895 0.001129305477131564
0 0.5530455828963292 0.26030491247882553 0.050826946349334406 0.02710333145115754
0 0.5925776522791448 0.26778656126482214 0.02743041549011698 0.011575381140598532
0 0.627067365873336 0.2618577075098814 0.038321903993545785 0.020045172219085264
0 0.6159741831383623 0.2577639751552795 0.004033884630899556 0.004517221908526256
0 0.6770875352964906 0.2583286278938453 0.04477611940298507 0.029926595143986448
0 0.7135941912061315 0.2672219085262564 0.0790641387656313 0.01383399209486166
0 0.781766841468334 0.27964426877470355 0.05244050020169423 0.03303218520609825
0 0.8017345703912868 0.28063241106719367 0.013311819281968536 0.011857707509881422
0 0.8569987898346108 0.2670807453416149 0.057684550221863654 0.01693958215697346
0 0.8914885034288019 0.2618577075098814 0.0024203307785397336 0.001976284584980237
0 0.9070189592577652 0.26595143986448333 0.0326744655102864 0.020892151326933936
0 0.1335215812827753 0.3198757763975155 0.0024203307785397336 0.001129305477131564
0 0.14058087938684954 0.3169113495200452 0.011698265429608713 0.011575381140598532
0 0.15772488906817264 0.31804065499717676 0.02016942315449778 0.010446075663466968
0 0.15248083904800322 0.3073122529644269 0.004033884630899556 0.003105590062111801
0 0.18596208148446955 0.32298136645962733 0.0016135538523598225 0.001129305477131564
0 0.20956030657523195 0.3154997176736307 0.04477611940298507 0.0189158667419537
0 0.19564340459862847 0.31197063805759456 0.003227107704719645 0.0016939582156973462
0 0.27047196450181527 0.31521739130434784 0.027833803953206938 0.021739130434782608
0 0.33642597821702297 0.31959345002823264 0.100040338846309 0.012987012987012988
0 0.4199273900766438 0.3197346132128741 0.01936264622831787 0.020045172219085264
0 0.45482049213392495 0.3201581027667984 0.05203711173860428 0.018068887634105024
0 0.526825332795482 0.32171089779785433 0.03953206938281565 0.01101072840203275
0 0.5504235578862444 0.33201581027667987 0.0318676885841065 0.031055900621118012
0 0.5504235578862444 0.33356860530773574 0.002016942315449778 0.001411631846414455
0 0.5570794675272287 0.314652738565782 0.0016135538523598225 0.002540937323546019
0 0.5584913271480436 0.3125352907961604 0.0028237192416296895 0.002258610954263128
0 0.5853166599435257 0.3167701863354037 0.035498184751916094 0.0220214568040655
0 0.6484469544171036 0.3178994918125353 0.033481242436466316 0.01637492941840768
0 0.6920129084308189 0.31719367588932806 0.045582896329164985 0.015527950310559006
0 0.7686567164179104 0.3154997176736307 0.08108108108108109 0.021174477696216828
0 0.8414683340056475 0.3138057594579334 0.021782977006857603 0.0189158667419537
0 0.8737394110528439 0.3186053077357425 0.053247277127874144 0.011575381140598532
0 0.14058087938684954 0.36702428006775834 0.021379588543767647 0.020892151326933936
0 0.1762807583703106 0.3706945228684359 0.045986284792254944 0.014680971202710334
0 0.23517547398144414 0.37027103331451156 0.01855586930213796 0.013269339356295878
0 0.2866075030254135 0.3685770750988142 0.07785397337636143 0.018351214003387916
0 0.37595804759983864 0.3794466403162055 0.07260992335619201 0.031055900621118012
0 0.42174263816054863 0.36688311688311687 0.014925373134328358 0.01948051948051948
0 0.4372730939895119 0.371682665160926 0.016942315449778138 0.012140033879164314
0 0.43162565550625254 0.3660361377752682 0.004033884630899556 0.004799548277809147
0 0.46107301331181927 0.36914172783738003 0.017749092375958047 0.017786561264822136
0 0.499798305768455 0.37140033879164314 0.042759177087535294 0.012140033879164314
0 0.5621218233158531 0.36702428006775834 0.031060911657926585 0.012422360248447204
0 0.6127470754336426 0.3650479954827781 0.04517950786607503 0.017504234895539244
0 0.6006454215409439 0.3608130999435347 0.0024203307785397336 0.001129305477131564
0 0.6710367083501412 0.3642010163749294 0.030254134731746672 0.020892151326933936
0 0.6893908834207342 0.3616600790513834 0.01855586930213796 0.019762845849802372
0 0.6871722468737395 0.35276679841897235 0.0028237192416296895 0.001976284584980237
0 0.6956434045986285 0.366600790513834 0.014118596208148447 0.012140033879164314
0 0.6958450988301734 0.3629305477131564 0.00645421540943929 0.0036702428006775835
0 0.7012908430818878 0.36914172783738003 0.0028237192416296895 0.002540937323546019
0 0.7210568777732956 0.36490683229813664 0.03509479628882614 0.01383399209486166
0 0.77349737797499 0.3660361377752682 0.06978620411456232 0.0189158667419537
0 0.8517547398144413 0.3629305477131564 0.06252521177894312 0.021174477696216828
0 0.9035901573215006 0.3644833427442123 0.03872529245663574 0.01637492941840768
0 0.9300121016538927 0.36702428006775834 0.006857603872529245 0.009034443817052512
0 0.9431222267043162 0.36801242236024845 0.015328761597418314 0.01101072840203275
0 0.9382815651472368 0.358695652173913 0.0024203307785397336 0.003105590062111801
0 0.9586526825332795 0.35827216261998873 0.004437273093989512 0.0033879164313946925
0 0.9671238402581687 0.37027103331451156 0.014925373134328358 0.011575381140598532
0 0.14905203711173862 0.41967814793901753 0.04477611940298507 0.04376058723884811
0 0.17103670835014118 0.4233483907396951 0.0024203307785397336 0.0008469791078486731
0 0.19846712384025816 0.4184076792772445 0.05405405405405406 0.01355166572557877
0 0.2309398951189996 0.42419536984754375 0.003630496167809601 0.002540937323546019
0 0.2781363453005244 0.4117730095990966 0.043969342476805166 0.025691699604743084
0 0.29709560306575233 0.41699604743083 0.02944735780556676 0.019762845849802372
0 0.35498184751916095 0.4168548842461886 0.04437273093989512 0.022868435911914172
0 0.37575635336829366 0.41967814793901753 0.014925373134328358 0.012704686617730096
0 0.37152077450584914 0.40471485036702426 0.0016135538523598225 0.0008469791078486731
0 0.38342073416700284 0.42066629023150764 0.002016942315449778 0.00282326369282891
0 0.3971359419120613 0.41826651609260307 0.024606696248487294 0.014963297571993224
0 0.4376764824526019 0.41883116883116883 0.05889471561113352 0.0189158667419537
0 0.5060508269463493 0.41516092603049126 0.043969342476805166 0.023433088650479956
0 0.5116982654296087 0.40654997176736307 0.007664380798709157 0.004517221908526256
0 0.5403388463089955 0.415725578769057 0.035901573215006054 0.021174477696216828
0 0.5855183541750706 0.4178430265386787 0.052843888664784185 0.018633540372670808
0 0.6232351754739814 0.4225014116318464 0.01371520774505849 0.009881422924901186
0 0.6196046793061718 0.41516092603049126 0.0024203307785397336 0.003105590062111801
0 0.681726502622025 0.4257481648785997 0.07503025413473174 0.03387916431394692
0 0.7382008874546188 0.4212309429700734 0.0653489310205728 0.011857707509881422
0 0.7878176684146834 0.4244776962168266 0.026623638563937072 0.01101072840203275
0 0.8334005647438483 0.42320722755505363 0.010488100040338847 0.00846979107848673
0 0.8473174667204518 0.4215132693393563 0.026220250100847116 0.009599096555618294
0 0.8416700282371924 0.41304347826086957 0.0012101653892698668 0.0016939582156973462
0 0.1591367486889875 0.46075663466967814 0.05203711173860428 0.033314511575381144
0 0.14501815248083905 0.45835686053077357 0.0012101653892698668 0.0008469791078486731
0 0.21803146430012102 0.4688029361942405 0.07785397337636143 0.020045172219085264
0 0.24324324324324326 0.5036702428006776 0.0024203307785397336 0.00282326369282891
0 0.31222267043162566 0.4665443252399774 0.06131504638967326 0.021174477696216828
0 0.37878176684146836 0.46823828345567475 0.022589753933037516 0.020609824957651044
0 0.41427995159338443 0.4717673630717109 0.055667607906413875 0.01355166572557877
0 0.3971359419120613 0.46725014116318464 0.0060508269463493344 0.00564652738565782
0 0.4838644614764018 0.4668266516092603 0.021379588543767647 0.0189158667419537
0 0.5118999596611536 0.4837662337662338 0.04195240016135539 0.03472614342179559
0 0.5034288019362646 0.4712027103331451 0.015328761597418314 0.01129305477131564
0 0.5635336829366681 0.4658385093167702 0.05889471561113352 0.020892151326933936
0 0.6099233561920129 0.46725014116318464 0.03791851553045583 0.018633540372670808
0 0.5945945945945946 0.4608977978543196 0.0024203307785397336 0.0008469791078486731
0 0.6813231141589351 0.480660643704122 0.04517950786607503 0.047713156408808584
0 0.6647841871722469 0.4712027103331451 0.0024203307785397336 0.001129305477131564
0 0.7444534086325131 0.46612083568605306 0.03509479628882614 0.021456804065499716
0 0.7829770068576039 0.46725014116318464 0.0016135538523598225 0.0016939582156973462
0 0.8035498184751916 0.46612083568605306 0.03872529245663574 0.020892151326933936
0 0.8202904396934247 0.4710615471485037 0.014118596208148447 0.009316770186335404
0 0.8588140379185155 0.4697910784867307 0.021782977006857603 0.012422360248447204
0 0.8501411859620814 0.4645680406549972 0.0012101653892698668 0.0008469791078486731
0 0.8820088745461879 0.4697910784867307 0.02944735780556676 0.011857707509881422
0 0.909439290036305 0.4709203839638622 0.02702702702702703 0.010728402032749858
0 0.9031867688584106 0.4642857142857143 0.0024203307785397336 0.004234895539243365
0 0.15933844292053248 0.5184923771880293 0.06696248487293263 0.021174477696216828
0 0.2198467123840258 0.5179277244494636 0.05405405405405406 0.021739130434782608
0 0.23941105284388867 0.5093167701863354 0.008471157724889069 0.007340485601355167
0 0.2882210568777733 0.5335968379446641 0.035901573215006054 0.043478260869565216
0 0.27874142799515933 0.5304912478825522 0.0024203307785397336 0.001129305477131564
0 0.3336022589753933 0.5220214568040655 0.055667607906413875 0.01693958215697346
0 0.36829366680112946 0.5153867871259176 0.0024203307785397336 0.002540937323546019
0 0.37918515530455826 0.5223037831733484 0.023396530859217425 0.011857707509881422
0 0.40843081887858007 0.5241389045736872 0.002016942315449778 0.001411631846414455
0 0.4173053650665591 0.5241389045736872 0.013311819281968536 0.001976284584980237
0 0.46228317870108915 0.5162337662337663 0.03469140782573618 0.017786561264822136
0 0.517345703912868 0.5175042348955392 0.018152480839048003 0.020327498588368152
0 0.5439693424768052 0.5189158667419537 0.04477611940298507 0.018068887634105024
0 0.5695845098830173 0.5262563523433089 0.003227107704719645 0.00282326369282891
0 0.5734167002823719 0.5146809712027103 0.004437273093989512 0.005081874647092038
0 0.5966115369100444 0.5187747035573123 0.0500201694231545 0.01948051948051948
0 0.6508672851956434 0.5182100508187465 0.043162565550625254 0.01948051948051948
0 0.664179104477612 0.508893280632411 0.033481242436466316 0.005928853754940711
0 0.6928196853569988 0.5191981931112366 0.06171843485276321 0.01693958215697346
0 0.7045179507866075 0.5101637492941841 0.0028237192416296895 0.001129305477131564
0 0.7434449374747882 0.5204686617730095 0.03630496167809601 0.01383399209486166
0 0.8247277127874143 0.525974025974026 0.09156918112141993 0.040654997176736304
0 0.1680112948769665 0.5667701863354038 0.06494554255748286 0.01948051948051948
0 0.15490116982654295 0.5643704121964992 0.0016135538523598225 0.001129305477131564
0 0.200080677692618 0.555759457933371 0.0016135538523598225 0.001411631846414455
0 0.25958047599838646 0.5680406549971767 0.04719645018152481 0.018068887634105024
0 0.24203307785397338 0.5654997176736307 0.004840661557079467 0.0016939582156973462
0 0.3307785397337636 0.5660643704121965 0.04195240016135539 0.023715415019762844
0 0.3563937071399758 0.5707227555053642 0.01653892698668818 0.011575381140598532
0 0.39007664380798707 0.5701581027667985 0.041145623235175476 0.013269339356295878
0 0.41064945542557485 0.5760869565217391 0.0024203307785397336 0.001976284584980237
0 0.4312222670431626 0.5724167137210615 0.03791851553045583 0.009881422924901186
0 0.417910447761194 0.5635234330886505 0.003227107704719645 0.002258610954263128
0 0.4189189189189189 0.5616883116883117 0.002016942315449778 0.001411631846414455
0 0.4606696248487293 0.5708639186900056 0.01290843081887858 0.010728402032749858
0 0.46107301331181927 0.5632411067193676 0.004033884630899556 0.004517221908526256
0 0.4790237999193223 0.5731225296442688 0.01653892698668818 0.01129305477131564
0 0.5350947962888262 0.5647939017504235 0.0391286809197257 0.026256352343308864
0 0.5699878983461073 0.5810276679841897 0.05970149253731343 0.037267080745341616
0 0.6016538926986689 0.5821569734613213 0.002016942315449778 0.0016939582156973462
0 0.6030657523194837 0.5803218520609825 0.003227107704719645 0.001411631846414455
0 0.6609519967728923 0.5657820440429137 0.0826946349334409 0.023715415019762844
0 0.7668414683340057 0.5798983625070582 0.08874546187979024 0.026538678712591756
0 0.8438886647841872 0.5708639186900056 0.05970149253731343 0.014680971202710334
0 0.8870512303348125 0.5688876341050254 0.014521984671238403 0.01693958215697346
0 0.8993545784590561 0.5664878599661208 0.0028237192416296895 0.004234895539243365
0 0.9209358612343687 0.5718520609824957 0.03791851553045583 0.012140033879164314
0 0.13977410246066962 0.623235460191982 0.035901573215006054 0.041501976284584984
0 0.12666397741024607 0.6332580463015246 0.0016135538523598225 0.002258610954263128
0 0.20229931423961275 0.6139186900056465 0.043162565550625254 0.029079616036137776
0 0.20855183541750705 0.6202710333145116 0.01855586930213796 0.012422360248447204
0 0.22226704316256554 0.6133540372670807 0.0016135538523598225 0.001976284584980237
0 0.22468737394110527 0.6106719367588933 0.003227107704719645 0.0016939582156973462
0 0.23557886244453408 0.6202710333145116 0.020976200080677694 0.015245623941276116
0 0.3037515127067366 0.6280350084697911 0.06857603872529246 0.050536420101637496
0 0.2987091569181121 0.6057312252964426 0.0052440500201694235 0.004234895539243365
0 0.372932634126664 0.6125070581592321 0.020572811617587738 0.021174477696216828
0 0.3844292053247277 0.6136363636363636 0.02501008471157725 0.026256352343308864
0 0.42718838241226303 0.6171654432523997 0.07745058491327148 0.02258610954263128
0 0.491327148043566 0.6271880293619424 0.04437273093989512 0.039243365330321855
0 0.5145219846712384 0.6360813099943535 0.012505042355788625 0.012987012987012988
0 0.5488100040338846 0.6175889328063241 0.03428801936264623 0.022303783173348392
0 0.5679709560306575 0.622953133822699 0.029043969342476807 0.010446075663466968
0 0.6014521984671238 0.6233766233766234 0.041145623235175476 0.012422360248447204
0 0.5883420734167003 0.6146245059288538 0.004437273093989512 0.0033879164313946925
0 0.6581282775312626 0.6173066064370413 0.04800322710770472 0.023997741389045736
0 0.6960467930617185 0.6221061547148503 0.03670835014118596 0.010446075663466968
0 0.6899959661153691 0.6129305477131564 0.0060508269463493344 0.004517221908526256
0 0.7347720855183542 0.6199887069452287 0.03670835014118596 0.015810276679841896
0 0.7218636546994756 0.6137775268210051 0.0012101653892698668 0.001129305477131564
0 0.7232755143202905 0.6129305477131564 0.0016135538523598225 0.0016939582156973462
0 0.7630092779346511 0.622953133822699 0.021379588543767647 0.010446075663466968
0 0.8116175877369908 0.6273291925465838 0.03791851553045583 0.03274985883681536
0 0.8735377168212989 0.6197063805759458 0.04477611940298507 0.018633540372670808
0 0.16518757563533684 0.6651609260304913 0.06978620411456232 0.024280067758328628
0 0.1345300524405002 0.6579616036137775 0.002016942315449778 0.0008469791078486731
0 0.15490116982654295 0.6638904573687182 0.005647438483259379 0.003105590062111801
0 0.20935861234368697 0.6716544325239977 0.01855586930213796 0.007905138339920948
0 0.23981444130697863 0.6674195369847544 0.040742234772085516 0.019198193111236588
0 0.3116175877369907 0.6767363071710898 0.07220653489310205 0.04630152456239413
0 0.3293666801129488 0.6561264822134387 0.0052440500201694235 0.002258610954263128
0 0.35760387252924564 0.672360248447205 0.014925373134328358 0.012704686617730096
0 0.35215812827753123 0.6627611518915867 0.0016135538523598225 0.001411631846414455
0 0.38785800726099234 0.6739130434782609 0.03993545784590561 0.010728402032749858
0 0.46107301331181927 0.6664313946922643 0.05808793868495361 0.026821005081874648
0 0.5060508269463493 0.6669960474308301 0.07785397337636143 0.01948051948051948
0 0.5578862444534086 0.668266516092603 0.02743041549011698 0.017504234895539244
0 0.5879386849536103 0.6726425748164878 0.030254134731746672 0.012140033879164314
0 0.6175877369907221 0.6804065499717674 0.011294876966518758 0.011857707509881422
0 0.6809197256958451 0.6717955957086392 0.07583703106091166 0.014398644833427442
0 0.7563533682936668 0.6679841897233202 0.01936264622831787 0.01637492941840768
0 0.817466720451795 0.6647374364765669 0.040742234772085516 0.020609824957651044
0 0.837232755143203 0.6799830604178431 0.052843888664784185 0.028514963297571992
0 0.86385639370714 0.668266516092603 0.0012101653892698668 0.001129305477131564
0 0.8646631706333199 0.6695369847543761 0.0012101653892698668 0.0008469791078486731
0 0.8987494957644211 0.6737718802936195 0.05647438483259379 0.012704686617730096
0 0.8791851553045583 0.6678430265386787 0.0028237192416296895 0.001411631846414455
0 0.15167406212182333 0.7152738565782044 0.04033884630899556 0.020609824957651044
0 0.1355385235982251 0.7257199322416714 0.0016135538523598225 0.0008469791078486731
0 0.1518757563533683 0.7103331451157539 0.002016942315449778 0.001129305477131564
0 0.2236789027833804 0.717673630717109 0.043162565550625254 0.020327498588368152
0 0.2835820895522388 0.7200734048560136 0.02016942315449778 0.013269339356295878
0 0.29810407422347723 0.717673630717109 0.007260992335619202 0.00564652738565782
0 0.3235175473981444 0.7175324675324676 0.0500201694231545 0.018351214003387916
0 0.3590157321500605 0.7203557312252964 0.009681323114158934 0.001976284584980237
0 0.4082291246470351 0.7186617730095991 0.05889471561113352 0.01948051948051948
0 0.454417103670835 0.7299548277809147 0.002016942315449778 0.003105590062111801
0 0.48204921339249696 0.7207792207792207 0.0500201694231545 0.03387916431394692
0 0.4663170633319887 0.7185206098249577 0.0016135538523598225 0.001129305477131564
0 0.5286405808793868 0.7200734048560136 0.025413473174667203 0.018351214003387916
0 0.5613150463896732 0.7195087521174478 0.03993545784590561 0.018351214003387916
0 0.5943929003630496 0.7165443252399775 0.027833803953206938 0.021456804065499716
0 0.6419927390076644 0.7238848108413326 0.02864058087938685 0.01355166572557877
0 0.6567164179104478 0.724308300395257 0.009681323114158934 0.010446075663466968
0 0.6784993949173054 0.7180971202710333 0.03065752319483663 0.021174477696216828
0 0.6663977410246067 0.715132693393563 0.003227107704719645 0.003952569169960474
0 0.6901976603469141 0.7099096555618295 0.004033884630899556 0.001976284584980237
0 0.691407825736184 0.7254376058723885 0.0016135538523598225 0.0008469791078486731
0 0.7200484066155708 0.7193675889328063 0.029043969342476807 0.0220214568040655
0 0.7394110528438886 0.7190852625635235 0.02501008471157725 0.021456804065499716
0 0.7571601452198468 0.7286843591191418 0.0016135538523598225 0.001129305477131564
0 0.7827753126260589 0.7169678147939017 0.035901573215006054 0.021174477696216828
0 0.8025413473174667 0.7171089779785432 0.014118596208148447 0.023150762281197064
0 0.8188785800726099 0.7233201581027668 0.02743041549011698 0.01355166572557877
0 0.8344090359015732 0.7257199322416714 0.0012101653892698668 0.0008469791078486731
0 0.8567970956030657 0.7254376058723885 0.04033884630899556 0.011575381140598532
0 0.9118596208148447 0.7245906267645398 0.06494554255748286 0.022868435911914172
0 0.8836224283985478 0.7168266516092603 0.004437273093989512 0.00282326369282891
0 0.9453408632513111 0.7353190287972897 0.003630496167809601 0.003105590062111801
