0 0.15590964098426785 0.2608695652173913 0.018959257765227916 0.018068887634105024
0 0.17406212182331585 0.2595990965556183 0.014118596208148447 0.017221908526256352
0 0.1855586930213796 0.2676453980801807 0.003227107704719645 0.001129305477131564
0 0.21339249697458654 0.26030491247882553 0.004840661557079467 0.014116318464144552
0 0.2208551835417507 0.26016374929418407 0.013311819281968536 0.014963297571993224
0 0.23396530859217426 0.26030491247882553 0.004840661557079467 0.014680971202710334
0 0.2444534086325131 0.2619988706945229 0.014521984671238403 0.015810276679841896
0 0.2833803953206938 0.2608695652173913 0.019766034691407825 0.01693958215697346
0 0.2991125453812021 0.2619988706945229 0.012505042355788625 0.015245623941276116
0 0.30496167809600644 0.2540937323546019 0.0016135538523598225 0.001129305477131564
0 0.3154497781363453 0.26101072840203277 0.01290843081887858 0.013269339356295878
0 0.33743444937474787 0.2611518915866742 0.02702702702702703 0.014116318464144552
0 0.36809197256958454 0.2597402597402597 0.02864058087938685 0.01637492941840768
0 0.39007664380798707 0.27188029361942406 0.012101653892698669 0.006211180124223602
0 0.43707139975796694 0.25903444381705254 0.043162565550625254 0.015527950310559006
0 0.4376764824526019 0.2511293054771316 0.0016135538523598225 0.0008469791078486731
0 0.49294070189592576 0.2577639751552795 0.015328761597418314 0.015245623941276116
0 0.5133118192819686 0.2574816487859966 0.030254134731746672 0.014116318464144552
0 0.5443727309398951 0.26016374929418407 0.03670835014118596 0.007622811970638058
0 0.5625252117789431 0.25169395821569734 0.0028237192416296895 0.002540937323546019
0 0.5699878983461073 0.2605872388481084 0.01290843081887858 0.009034443817052512
0 0.5849132714804357 0.2586109542631282 0.007260992335619202 0.012987012987012988
0 0.6189995966115369 0.2571993224167137 0.014118596208148447 0.01693958215697346
0 0.6306978620411456 0.2593167701863354 0.011698265429608713 0.010446075663466968
0 0.6522791448164582 0.26016374929418407 0.03307785397337636 0.009881422924901186
0 0.6789027833803953 0.25705815923207226 0.011294876966518758 0.016657255787690572
0 0.6930213795885438 0.2607284020327499 0.024203307785397338 0.009881422924901186
0 0.7101653892698668 0.2684923771880294 0.020572811617587738 0.02258610954263128
0 0.7260992335619201 0.2682100508187465 0.008067769261799113 0.00564652738565782
0 0.7706736587333602 0.2595990965556183 0.04800322710770472 0.01101072840203275
0 0.7952803549818476 0.2542348955392434 0.0012101653892698668 0.001411631846414455
0 0.8047599838644615 0.25889328063241107 0.011294876966518758 0.00846979107848673
0 0.8235175473981444 0.25705815923207226 0.02379991932230738 0.011575381140598532
0 0.14764017749092376 0.31648785996612083 0.004033884630899556 0.00846979107848673
0 0.15046389673255345 0.305759457933371 0.0024203307785397336 0.00282326369282891
0 0.15732150060508268 0.31733483907396953 0.01371520774505849 0.009034443817052512
0 0.19786204114562322 0.3098531902879729 0.014118596208148447 0.016657255787690572
0 0.20754336425978218 0.3085827216261999 0.00927793465106898 0.012987012987012988
0 0.21238402581686164 0.3135234330886505 0.0060508269463493344 0.008752117447769622
0 0.22408229124647036 0.31197063805759456 0.014925373134328358 0.010728402032749858
0 0.2656313029447358 0.3105590062111801 0.018959257765227916 0.017504234895539244
0 0.2843888664784187 0.31394692264257484 0.028237192416296894 0.007905138339920948
0 0.31242436466317064 0.3136645962732919 0.02218636546994756 0.006775832862789385
0 0.34852763210972165 0.31493506493506496 0.042759177087535294 0.009316770186335404
0 0.40217829770068575 0.3092885375494071 0.011294876966518758 0.017786561264822136
0 0.41327148043565953 0.31182947487295315 0.011698265429608713 0.008752117447769622
0 0.42698668818071805 0.3126764539808018 0.008471157724889069 0.010446075663466968
0 0.4409035901573215 0.30844155844155846 0.010488100040338847 0.014398644833427442
0 0.4735780556676079 0.3123941276115189 0.023396530859217425 0.008752117447769622
0 0.4923356192012908 0.31620553359683795 0.014925373134328358 0.018068887634105024
0 0.4868898749495764 0.3039243365330322 0.0016135538523598225 0.001411631846414455
0 0.5141185962081485 0.3081592320722755 0.01653892698668818 0.015527950310559006
0 0.5308592174263816 0.30660643704121965 0.012101653892698669 0.012422360248447204
0 0.5736183945139169 0.30886504799548276 0.026623638563937072 0.015245623941276116
0 0.5943929003630496 0.31211180124223603 0.011698265429608713 0.008752117447769622
0 0.609318273497378 0.3092885375494071 0.010891488503428802 0.011575381140598532
0 0.6474384832593788 0.30844155844155846 0.023396530859217425 0.016092603049124788
0 0.6704316256555063 0.31084133258046304 0.01371520774505849 0.009599096555618294
0 0.6867688584106495 0.31182947487295315 0.01008471157724889 0.008752117447769622
0 0.7188382412263009 0.3090062111801242 0.01290843081887858 0.017221908526256352
0 0.7327551432029044 0.31309994353472614 0.010891488503428802 0.009599096555618294
0 0.7470754336425979 0.313382269904009 0.010488100040338847 0.007905138339920948
0 0.7575635336829367 0.313382269904009 0.012101653892698669 0.009034443817052512
0 0.8029447357805567 0.30971202710333146 0.038321903993545785 0.018633540372670808
0 0.8303751512706736 0.3147939017504235 0.014925373134328358 0.011857707509881422
0 0.15127067365873337 0.36363636363636365 0.017749092375958047 0.010728402032749858
0 0.18293666801129488 0.35940146809712026 0.043162565550625254 0.014680971202710334
0 0.23315853166599435 0.3616600790513834 0.02501008471157725 0.009034443817052512
0 0.2519160951996773 0.3673066064370412 0.010891488503428802 0.017504234895539244
0 0.27390076643807987 0.3608130999435347 0.02581686163775716 0.014680971202710334
0 0.2882210568777733 0.3610954263128176 0.0052440500201694235 0.005081874647092038
0 0.31323114158935056 0.3591191417278374 0.031060911657926585 0.01129305477131564
0 0.33299717628075837 0.353613777526821 0.003630496167809601 0.001976284584980237
0 0.3555869302137959 0.3643421795595709 0.043969342476805166 0.012140033879164314
0 0.4156918112141993 0.36391869000564653 0.02702702702702703 0.00846979107848673
0 0.4691407825736184 0.3579898362507058 0.01936264622831787 0.018633540372670808
0 0.4856797095603066 0.3619424054206663 0.012101653892698669 0.009034443817052512
0 0.4987898346107301 0.3622247317899492 0.0060508269463493344 0.006211180124223602
0 0.5165389269866881 0.35827216261998873 0.020572811617587738 0.014680971202710334
0 0.5354981847519161 0.36038961038961037 0.01653892698668818 0.010446075663466968
0 0.5536506655909641 0.36250705815923207 0.014118596208148447 0.009034443817052512
0 0.5951996772892295 0.35629587803500845 0.01653892698668818 0.018068887634105024
0 0.6103267446551028 0.35714285714285715 0.012101653892698669 0.015245623941276116
0 0.6228317870108915 0.36053077357425184 0.010488100040338847 0.006775832862789385
0 0.6534893102057281 0.3589779785431959 0.03872529245663574 0.014398644833427442
0 0.6776926179911255 0.36180124223602483 0.007260992335619202 0.007622811970638058
0 0.682533279548205 0.3544607566346697 0.0016135538523598225 0.001411631846414455
0 0.690399354578459 0.3606719367588933 0.011698265429608713 0.00818746470920384
0 0.7101653892698668 0.3616600790513834 0.014118596208148447 0.007905138339920948
0 0.709358612343687 0.353613777526821 0.006857603872529245 0.007622811970638058
0 0.745260185558693 0.36038961038961037 0.021379588543767647 0.026256352343308864
0 0.77269060104881 0.35968379446640314 0.04961678096006454 0.012422360248447204
0 0.809197256958451 0.3610954263128176 0.01371520774505849 0.009034443817052512
0 0.8223073820088745 0.3643421795595709 0.0028237192416296895 0.001411631846414455
0 0.14945542557482855 0.40894974590626765 0.025413473174667203 0.014963297571993224
0 0.14602662363856395 0.41078486730660646 0.008067769261799113 0.014116318464144552
0 0.17144009681323114 0.4116318464144551 0.01290843081887858 0.009599096555618294
0 0.21964501815248083 0.40894974590626765 0.04154901169826543 0.014398644833427442
0 0.2529245663574022 0.41022021456804064 0.024203307785397338 0.015245623941276116
0 0.27511093182734975 0.41219649915302087 0.01371520774505849 0.009034443817052512
0 0.29144816458249295 0.41205533596837945 0.014925373134328358 0.006493506493506494
0 0.3315853166599435 0.4088085827216262 0.008874546187979023 0.012987012987012988
0 0.33985478015328763 0.40654997176736307 0.014118596208148447 0.015810276679841896
0 0.3523598225090762 0.4072557876905703 0.010891488503428802 0.011575381140598532
0 0.3646631706333199 0.411914172783738 0.009681323114158934 0.007340485601355167
0 0.39955627269060107 0.41022021456804064 0.040742234772085516 0.012422360248447204
0 0.427390076643808 0.41205533596837945 0.0052440500201694235 0.007058159232072276
0 0.4407018959257765 0.4129023150762281 0.013311819281968536 0.009881422924901186
0 0.48204921339249696 0.4129023150762281 0.009681323114158934 0.009316770186335404
0 0.5 0.4147374364765669 0.027833803953206938 0.007905138339920948
0 0.5318676885841065 0.4160079051383399 0.02702702702702703 0.017221908526256352
0 0.5266236385639371 0.40993788819875776 0.0012101653892698668 0.001129305477131564
0 0.5284388866478419 0.40739695087521177 0.0016135538523598225 0.0016939582156973462
0 0.5330778539733764 0.40400903444381703 0.007664380798709157 0.007340485601355167
0 0.5667607906413876 0.41304347826086957 0.024203307785397338 0.00846979107848673
0 0.5966115369100444 0.41219649915302087 0.02581686163775716 0.009599096555618294
0 0.6339249697458653 0.41417278373800115 0.0060508269463493344 0.006775832862789385
0 0.6425978217022993 0.4038678712591756 0.00645421540943929 0.001976284584980237
0 0.645219846712384 0.41417278373800115 0.011698265429608713 0.006211180124223602
0 0.6875756353368294 0.41078486730660646 0.014925373134328358 0.015245623941276116
0 0.7111738604275918 0.41219649915302087 0.024203307785397338 0.007340485601355167
0 0.7390076643807987 0.40894974590626765 0.02016942315449778 0.01101072840203275
0 0.7573618394513917 0.4124788255223038 0.02379991932230738 0.007340485601355167
0 0.7944735780556677 0.4064088085827216 0.012505042355788625 0.015527950310559006
0 0.8212989108511497 0.41106719367588934 0.029850746268656716 0.00846979107848673
0 0.16034691407825735 0.4590626764539808 0.0391286809197257 0.019762845849802372
0 0.18838241226300928 0.46287408243929984 0.01290843081887858 0.007058159232072276
0 0.23215006050826947 0.4611801242236025 0.010891488503428802 0.014963297571993224
0 0.245663574021783 0.4621682665160926 0.009681323114158934 0.006775832862789385
0 0.26058894715611136 0.4678147939017504 0.015328761597418314 0.01693958215697346
0 0.2779346510689794 0.4621682665160926 0.009681323114158934 0.009034443817052512
0 0.2902379991932231 0.4632975719932242 0.010891488503428802 0.007340485601355167
0 0.30919725695845096 0.4580745341614907 0.01734570391286809 0.013269339356295878
0 0.3170633319887051 0.4611801242236025 0.01290843081887858 0.009316770186335404
0 0.3372327551432029 0.4587803500846979 0.024203307785397338 0.012987012987012988
0 0.37595804759983864 0.46047430830039526 0.011294876966518758 0.01693958215697346
0 0.38967325534489716 0.4678147939017504 0.01371520774505849 0.014680971202710334
0 0.43384429205324726 0.45835686053077357 0.020572811617587738 0.015527950310559006
0 0.4550221863654699 0.4614624505928854 0.011294876966518758 0.009316770186335404
0 0.4883017345703913 0.4577922077922078 0.011698265429608713 0.014963297571993224
0 0.5012101653892699 0.4590626764539808 0.01653892698668818 0.009599096555618294
0 0.5169423154497781 0.461038961038961 0.012505042355788625 0.009599096555618294
0 0.5594997983057685 0.4611801242236025 0.024203307785397338 0.009881422924901186
0 0.5841064945542558 0.46174477696216826 0.02016942315449778 0.009316770186335404
0 0.6014521984671238 0.46287408243929984 0.011294876966518758 0.01101072840203275
0 0.635538523598225 0.46075663466967814 0.011698265429608713 0.01129305477131564
0 0.6442113755546591 0.4600508187464709 0.014521984671238403 0.007622811970638058
0 0.6530859217426381 0.4618859401468097 0.0024203307785397336 0.001129305477131564
0 0.6593384429205325 0.4577922077922078 0.01008471157724889 0.014398644833427442
0 0.6668011294876967 0.4566629023150762 0.009681323114158934 0.014398644833427442
0 0.672448567970956 0.4570863918690006 0.009681323114158934 0.01129305477131564
0 0.6847519160951997 0.45976849237718803 0.01734570391286809 0.009316770186335404
0 0.7008874546187979 0.45976849237718803 0.011698265429608713 0.009881422924901186
0 0.7148043565954014 0.45172219085262566 0.007260992335619202 0.00564652738565782
0 0.7382008874546188 0.46414455110107283 0.01936264622831787 0.014680971202710334
0 0.7624041952400161 0.46047430830039526 0.02016942315449778 0.007905138339920948
0 0.7845905607099637 0.4558159232072276 0.01371520774505849 0.011575381140598532
0 0.7928600242033078 0.4522868435911914 0.0012101653892698668 0.0016939582156973462
0 0.8009277934651069 0.45736871823828346 0.010891488503428802 0.009599096555618294
0 0.8126260588947156 0.4568040654997177 0.014118596208148447 0.01129305477131564
0 0.8388463089955627 0.4562394127611519 0.013311819281968536 0.00282326369282891
0 0.14764017749092376 0.5111518915866742 0.01936264622831787 0.017221908526256352
0 0.17043162565550626 0.5119988706945229 0.014118596208148447 0.009316770186335404
0 0.22206534893102056 0.5119988706945229 0.043162565550625254 0.014398644833427442
0 0.25756353368293666 0.5095990965556183 0.019766034691407825 0.014116318464144552
0 0.2811617587736991 0.5101637492941841 0.020976200080677694 0.011857707509881422
0 0.32755143202904397 0.5110107284020328 0.029043969342476807 0.015245623941276116
0 0.36143606292860025 0.5117165443252399 0.03791851553045583 0.012704686617730096
0 0.38866478418717226 0.5124223602484472 0.012505042355788625 0.007340485601355167
0 0.4035901573215006 0.5103049124788255 0.01008471157724889 0.012704686617730096
0 0.43586123436869706 0.5119988706945229 0.00927793465106898 0.012704686617730096
0 0.44352561516740624 0.506634669678148 0.010891488503428802 0.012704686617730096
0 0.4562323517547398 0.5141163184641445 0.020976200080677694 0.01129305477131564
0 0.47983057684550223 0.5177865612648221 0.02379991932230738 0.025409373235460192
0 0.5278338039532069 0.5151044607566346 0.02944735780556676 0.010446075663466968
0 0.5564743848325938 0.5148221343873518 0.019766034691407825 0.01101072840203275
0 0.5992335619201291 0.5101637492941841 0.024606696248487294 0.014680971202710334
0 0.6216216216216216 0.5125635234330886 0.014521984671238403 0.009881422924901186
0 0.663574021782977 0.5087521174477696 0.008067769261799113 0.012422360248447204
0 0.6678096006454215 0.508893280632411 0.013311819281968536 0.020045172219085264
0 0.682533279548205 0.5132693393562959 0.011294876966518758 0.007905138339920948
0 0.6926179911254539 0.5128458498023716 0.005647438483259379 0.005364201016374929
0 0.7012908430818878 0.5110107284020328 0.004437273093989512 0.003952569169960474
0 0.7123840258168617 0.5131281761716544 0.014521984671238403 0.005928853754940711
0 0.7232755143202905 0.5067758328627894 0.0024203307785397336 0.00282326369282891
0 0.7341670028237193 0.5122811970638057 0.022589753933037516 0.007622811970638058
0 0.7581686163775716 0.5131281761716544 0.021379588543767647 0.010446075663466968
0 0.7503025413473174 0.5057876905702993 0.0024203307785397336 0.001976284584980237
0 0.7880193626462283 0.5067758328627894 0.007664380798709157 0.015810276679841896
0 0.7950786607503025 0.5036702428006776 0.009681323114158934 0.009599096555618294
0 0.8029447357805567 0.5115753811405985 0.01573215006050827 0.010728402032749858
0 0.8124243646631706 0.5145398080180689 0.0024203307785397336 0.0008469791078486731
0 0.8200887454618798 0.5117165443252399 0.012101653892698669 0.01101072840203275
0 0.836829366680113 0.5141163184641445 0.022993142396127472 0.02710333145115754
0 0.8531665994352562 0.5175042348955392 0.003227107704719645 0.0016939582156973462
0 0.14844695441710368 0.5636645962732919 0.015328761597418314 0.018351214003387916
0 0.17244856797095603 0.564935064935065 0.02702702702702703 0.015245623941276116
0 0.22287212585720048 0.5656408808582721 0.02218636546994756 0.009316770186335404
0 0.23840258168616377 0.5690287972896668 0.008874546187979023 0.012140033879164314
0 0.24808390480032272 0.564935064935065 0.008874546187979023 0.007340485601355167
0 0.26200080677692617 0.5663466967814794 0.019766034691407825 0.009034443817052512
0 0.27853973376361435 0.567476002258611 0.007664380798709157 0.010728402032749858
0 0.2853973376361436 0.5626764539808018 0.002016942315449778 0.001129305477131564
0 0.2928600242033078 0.5654997176736307 0.015328761597418314 0.00846979107848673
0 0.30778539733763616 0.5676171654432524 0.004840661557079467 0.007058159232072276
0 0.31847519160952 0.5629587803500847 0.008471157724889069 0.01129305477131564
0 0.32956837434449376 0.5657820440429137 0.011294876966518758 0.007340485601355167
0 0.3469140782573618 0.5625352907961604 0.012101653892698669 0.012140033879164314
0 0.36345300524405 0.5633822699040091 0.011294876966518758 0.01101072840203275
0 0.37696651875756354 0.5640880858272163 0.010891488503428802 0.00846979107848673
0 0.38664784187172246 0.5647939017504235 0.010891488503428802 0.009881422924901186
0 0.4356595401371521 0.5650762281197064 0.03307785397337636 0.021739130434782608
0 0.4878983461073013 0.5605590062111802 0.01653892698668818 0.018351214003387916
0 0.4953610326744655 0.5632411067193676 0.004033884630899556 0.00564652738565782
0 0.5034288019362646 0.5629587803500847 0.008874546187979023 0.009599096555618294
0 0.536304961678096 0.5590062111801242 0.019766034691407825 0.015810276679841896
0 0.5486083098023397 0.5628176171654432 0.011294876966518758 0.006493506493506494
0 0.5627269060104881 0.5693111236589498 0.01371520774505849 0.020609824957651044
0 0.6068979427188382 0.558300395256917 0.02218636546994756 0.014398644833427442
0 0.6044776119402985 0.5520892151326934 0.0012101653892698668 0.001411631846414455
0 0.6427995159338443 0.5605590062111802 0.04800322710770472 0.01383399209486166
0 0.6740621218233158 0.562394127611519 0.010488100040338847 0.009599096555618294
0 0.6883824122630092 0.5591473743647657 0.010891488503428802 0.013269339356295878
0 0.699677289229528 0.568746470920384 0.01653892698668818 0.017786561264822136
0 0.7216619604679306 0.5721343873517787 0.011294876966518758 0.00818746470920384
0 0.7611940298507462 0.558300395256917 0.016942315449778138 0.016092603049124788
0 0.77269060104881 0.5622529644268774 0.01653892698668818 0.007058159232072276
0 0.7845905607099637 0.5527950310559007 0.003227107704719645 0.0016939582156973462
0 0.7942718838241226 0.562394127611519 0.02016942315449778 0.006775832862789385
0 0.8168616377571601 0.5604178430265386 0.012101653892698669 0.010163749294184076
0 0.14905203711173862 0.6113777526821005 0.025413473174667203 0.016092603049124788
0 0.17426381605486083 0.6147656691134952 0.020976200080677694 0.00818746470920384
0 0.18596208148446955 0.6086956521739131 0.0024203307785397336 0.002258610954263128
0 0.1918112141992739 0.6143421795595708 0.008471157724889069 0.009599096555618294
0 0.2144009681323114 0.6106719367588933 0.02864058087938685 0.015245623941276116
0 0.26744655102864057 0.6147656691134952 0.029850746268656716 0.020045172219085264
0 0.3120209762000807 0.6118012422360248 0.024606696248487294 0.015245623941276116
0 0.3334005647438483 0.6139186900056465 0.00927793465106898 0.008752117447769622
0 0.3872529245663574 0.6122247317899492 0.03791851553045583 0.015527950310559006
0 0.41972569584509883 0.6118012422360248 0.018152480839048003 0.01129305477131564
0 0.43505445744251714 0.6134952004517222 0.01008471157724889 0.006211180124223602
0 0.4489713594191206 0.6105307735742518 0.011294876966518758 0.014963297571993224
0 0.49717628075837034 0.6122247317899492 0.018959257765227916 0.012704686617730096
0 0.5207745058491328 0.6144833427442123 0.029850746268656716 0.023997741389045736
0 0.508874546187979 0.6146245059288538 0.0012101653892698668 0.001129305477131564
0 0.537111738604276 0.6095426312817617 0.0028237192416296895 0.001129305477131564
0 0.5478015328761597 0.6151891586674195 0.012101653892698669 0.009599096555618294
0 0.5609116579265833 0.6154714850367025 0.011698265429608713 0.007905138339920948
0 0.5762404195240016 0.6177300959909655 0.014925373134328358 0.007905138339920948
0 0.6232351754739814 0.604884246188594 0.024203307785397338 0.003105590062111801
0 0.6206131504638968 0.6119424054206662 0.011698265429608713 0.013269339356295878
0 0.6339249697458653 0.6142010163749294 0.011698265429608713 0.009316770186335404
0 0.6623638563937071 0.611518915866742 0.04033884630899556 0.01355166572557877
0 0.6942315449778136 0.6132128740824393 0.011294876966518758 0.007340485601355167
0 0.7137958854376765 0.6094014680971203 0.012505042355788625 0.010446075663466968
0 0.7269060104881 0.6064370412196499 0.0024203307785397336 0.0033879164313946925
0 0.7426381605486083 0.6125070581592321 0.03146430012101654 0.008752117447769622
0 0.7579669221460267 0.6202710333145116 0.010488100040338847 0.007905138339920948
0 0.790843081887858 0.6118012422360248 0.018152480839048003 0.009599096555618294
0 0.8148446954417103 0.611518915866742 0.022589753933037516 0.009599096555618294
0 0.8400564743848326 0.60742518351214 0.01573215006050827 0.012704686617730096
0 0.15127067365873337 0.6623376623376623 0.020976200080677694 0.018633540372670808
0 0.20855183541750705 0.6626199887069453 0.024203307785397338 0.015810276679841896
0 0.21117386042759176 0.6558441558441559 0.002016942315449778 0.002258610954263128
0 0.22751109318273496 0.6651609260304913 0.008874546187979023 0.009599096555618294
0 0.24243646631706334 0.6691134952004517 0.011294876966518758 0.01693958215697346
0 0.2680516337232755 0.6645962732919255 0.033481242436466316 0.009599096555618294
0 0.2920532472771279 0.6653020892151327 0.009681323114158934 0.009881422924901186
0 0.3317870108914885 0.6647374364765669 0.013311819281968536 0.00818746470920384
0 0.35074626865671643 0.6595143986448334 0.013311819281968536 0.015810276679841896
0 0.3929003630496168 0.6630434782608695 0.022589753933037516 0.016092603049124788
0 0.4138765631302945 0.6650197628458498 0.012101653892698669 0.009316770186335404
0 0.4594594594594595 0.6648785996612083 0.01936264622831787 0.00846979107848673
0 0.48204921339249696 0.6641727837380011 0.022589753933037516 0.010446075663466968
0 0.5064542154094392 0.6614906832298136 0.012505042355788625 0.014680971202710334
0 0.5219846712384025 0.6640316205533597 0.008874546187979023 0.002258610954263128
0 0.5522388059701493 0.6638904573687182 0.026623638563937072 0.009881422924901186
0 0.5798709156918113 0.661914172783738 0.02218636546994756 0.012140033879164314
0 0.6308995562726906 0.6634669678147939 0.016942315449778138 0.02258610954263128
0 0.6436062928600242 0.6661490683229814 0.025413473174667203 0.00818746470920384
0 0.6829366680112948 0.6605025409373235 0.01290843081887858 0.016657255787690572
0 0.6924162968939088 0.6627611518915867 0.013311819281968536 0.00818746470920384
0 0.7113755546591367 0.6599378881987578 0.01008471157724889 0.014398644833427442
0 0.7214602662363856 0.6597967250141163 0.014925373134328358 0.011857707509881422
0 0.7369907220653489 0.6607848673066065 0.011294876966518758 0.00818746470920384
0 0.7676482452601856 0.6647374364765669 0.016942315449778138 0.008752117447769622
0 0.781968535699879 0.6648785996612083 0.0060508269463493344 0.007340485601355167
0 0.800726099233562 0.6609260304912479 0.020976200080677694 0.01355166572557877
0 0.14582492940701897 0.7111801242236024 0.01653892698668818 0.01693958215697346
0 0.15792658329971762 0.715132693393563 0.01008471157724889 0.00846979107848673
0 0.16498588140379186 0.7197910784867306 0.004033884630899556 0.001411631846414455
0 0.21157724889068172 0.7118859401468097 0.021379588543767647 0.014398644833427442
0 0.22730939895118998 0.7158385093167702 0.011698265429608713 0.009316770186335404
0 0.24142799515933844 0.7155561829474872 0.010891488503428802 0.007622811970638058
0 0.26421944332392094 0.7156973461321288 0.02501008471157725 0.007340485601355167
0 0.2779346510689794 0.7093450028232637 0.004033884630899556 0.001976284584980237
0 0.2900363049616781 0.7107566346696782 0.010488100040338847 0.015527950310559006
0 0.2934651068979427 0.7117447769621683 0.010891488503428802 0.014680971202710334
0 0.3029447357805567 0.7137210615471485 0.012101653892698669 0.00846979107848673
0 0.32230738200887454 0.7152738565782044 0.016135538523598225 0.009881422924901186
0 0.3354175070592981 0.7180971202710333 0.0052440500201694235 0.001976284584980237
