0 0.1708350141185962 0.24181253529079616 0.02702702702702703 0.014963297571993224
0 0.23013311819281967 0.24237718802936195 0.013311819281968536 0.01948051948051948
0 0.2444534086325131 0.24632975719932243 0.01855586930213796 0.006493506493506494
0 0.272488906817265 0.24265951439864483 0.02864058087938685 0.01383399209486166
0 0.29386849536103266 0.25254093732354604 0.004437273093989512 0.009316770186335404
0 0.3471157724889068 0.24322416713721062 0.058491327148043566 0.012704686617730096
0 0.40883420734167003 0.23800112930547712 0.027833803953206938 0.01355166572557877
0 0.4312222670431626 0.2419536984754376 0.029043969342476807 0.00846979107848673
0 0.4485679709560307 0.23306041784302653 0.004840661557079467 0.003105590062111801
0 0.46893908834207343 0.2419536984754376 0.04154901169826543 0.007905138339920948
0 0.5252117789431222 0.2440711462450593 0.02501008471157725 0.007058159232072276
0 0.5480032271077048 0.2440711462450593 0.018959257765227916 0.007622811970638058
0 0.5843081887858007 0.2422360248447205 0.050423557886244454 0.010728402032749858
0 0.6409842678499394 0.23517786561264822 0.004840661557079467 0.003952569169960474
0 0.645018152480839 0.2456239412761152 0.008067769261799113 0.00564652738565782
0 0.6589350544574425 0.24124788255223037 0.01573215006050827 0.012140033879164314
0 0.7016942315449778 0.2435064935064935 0.022993142396127472 0.007622811970638058
0 0.7202501008471158 0.24181253529079616 0.010891488503428802 0.005928853754940711
0 0.7577652279144816 0.24364765669113495 0.057684550221863654 0.007905138339920948
0 0.8204921339249698 0.24237718802936195 0.016135538523598225 0.00818746470920384
0 0.8370310609116579 0.2429418407679277 0.016135538523598225 0.00818746470920384
0 0.8582089552238806 0.2422360248447205 0.02218636546994756 0.007905138339920948
0 0.16498588140379186 0.2977131564088086 0.011294876966518758 0.0189158667419537
0 0.18596208148446955 0.29785431959345005 0.03307785397337636 0.007905138339920948
0 0.263614360629286 0.2922077922077922 0.04881000403388463 0.012422360248447204
0 0.3206938281565147 0.296583850931677 0.021782977006857603 0.007058159232072276
0 0.3263412666397741 0.288961038961039 0.004840661557079467 0.002540937323546019
0 0.35215812827753123 0.29446640316205536 0.03065752319483663 0.010163749294184076
0 0.418112141992739 0.29573687182382835 0.0391286809197257 0.007058159232072276
0 0.4536103267446551 0.29347826086956524 0.031060911657926585 0.009881422924901186
0 0.5296490520371118 0.2931959345002823 0.0645421540943929 0.010446075663466968
0 0.5800726099233562 0.2992659514398645 0.026623638563937072 0.014680971202710334
0 0.6508672851956434 0.2909373235460192 0.06333198870512304 0.011575381140598532
0 0.7327551432029044 0.29037267080745344 0.012505042355788625 0.011575381140598532
0 0.7585720048406616 0.29164313946922643 0.035901573215006054 0.011857707509881422
0 0.800726099233562 0.2943252399774139 0.04759983864461476 0.006493506493506494
0 0.8632513110125051 0.292772444946358 0.03065752319483663 0.011857707509881422
0 0.8904800322710771 0.2933370976849238 0.02218636546994756 0.010728402032749858
0 0.1734570391286809 0.34627329192546585 0.026623638563937072 0.012704686617730096
0 0.23416700282371924 0.3482495765104461 0.04800322710770472 0.007622811970638058
0 0.27934651068979427 0.34726143421795597 0.04154901169826543 0.010163749294184076
0 0.3301734570391287 0.3361095426312818 0.0052440500201694235 0.004234895539243365
0 0.33400564743848327 0.3451439864483343 0.008067769261799113 0.006493506493506494
0 0.3481242436466317 0.34316770186335405 0.016135538523598225 0.012140033879164314
0 0.37797498991528844 0.33766233766233766 0.005647438483259379 0.0033879164313946925
0 0.390681726502622 0.3471202710333145 0.02702702702702703 0.005928853754940711
0 0.43949173053650664 0.3440146809712027 0.021379588543767647 0.012704686617730096
0 0.4570391286809197 0.3447204968944099 0.017749092375958047 0.015245623941276116
0 0.47781363453005243 0.34415584415584416 0.02379991932230738 0.012987012987012988
0 0.4987898346107301 0.3447204968944099 0.020572811617587738 0.009034443817052512
0 0.5145219846712384 0.3479672501411632 0.003630496167809601 0.002540937323546019
0 0.5679709560306575 0.34316770186335405 0.028237192416296894 0.015527950310559006
0 0.5951996772892295 0.3424618859401468 0.02218636546994756 0.010728402032749858
0 0.6389673255344898 0.3448616600790514 0.03307785397337636 0.007622811970638058
0 0.6889874949576442 0.3445793337097685 0.02016942315449778 0.007622811970638058
0 0.7382008874546188 0.34528514963297574 0.03953206938281565 0.011857707509881422
0 0.7934651068979427 0.34105025409373235 0.0645421540943929 0.014116318464144552
0 0.8382412263009278 0.3435911914172784 0.017749092375958047 0.007905138339920948
0 0.8721258572004841 0.3468379446640316 0.04921339249697459 0.014963297571993224
0 0.1772892295280355 0.39412761151891584 0.0318676885841065 0.018068887634105024
0 0.21661960467930616 0.398927159796725 0.029043969342476807 0.007905138339920948
0 0.263614360629286 0.396386222473179 0.05929810407422348 0.01129305477131564
0 0.2515127067365873 0.38876341050254093 0.0060508269463493344 0.004517221908526256
0 0.33965308592174265 0.39751552795031053 0.04195240016135539 0.009034443817052512
0 0.372932634126664 0.39709203839638624 0.014925373134328358 0.009316770186335404
0 0.38563937071399756 0.3890457368718238 0.00645421540943929 0.0033879164313946925
0 0.38866478418717226 0.396386222473179 0.0060508269463493344 0.006775832862789385
0 0.41851553045582895 0.39680971202710336 0.040742234772085516 0.011575381140598532
0 0.4836627672448568 0.3942687747035573 0.03469140782573618 0.011575381140598532
0 0.5102864058087939 0.3955392433653303 0.015328761597418314 0.012422360248447204
0 0.5421540943929004 0.3955392433653303 0.03791851553045583 0.009034443817052512
0 0.5770471964501815 0.3932806324110672 0.02944735780556676 0.010163749294184076
0 0.581887858007261 0.38608130999435347 0.003630496167809601 0.002540937323546019
0 0.6123436869705526 0.3920101637492942 0.03146430012101654 0.010446075663466968
0 0.6472367890278338 0.39370412196499155 0.03428801936264623 0.008752117447769622
0 0.6776926179911255 0.40118577075098816 0.004033884630899556 0.007905138339920948
0 0.718233158531666 0.39285714285714285 0.027833803953206938 0.01101072840203275
0 0.7428398547801532 0.3932806324110672 0.02218636546994756 0.007340485601355167
0 0.7642194433239209 0.3910220214568041 0.02379991932230738 0.012422360248447204
0 0.7894312222670432 0.39059853190287974 0.01371520774505849 0.010446075663466968
0 0.836829366680113 0.391304347826087 0.031060911657926585 0.011857707509881422
0 0.8674868898749496 0.3922924901185771 0.026220250100847116 0.01101072840203275
0 0.17244856797095603 0.44762845849802374 0.014118596208148447 0.017786561264822136
0 0.19019766034691407 0.44904009034443815 0.02379991932230738 0.007622811970638058
0 0.2281161758773699 0.4469226425748165 0.06010488100040339 0.010728402032749858
0 0.3083904800322711 0.44551101072840205 0.019766034691407825 0.024844720496894408
0 0.33743444937474787 0.4469226425748165 0.03751512706736587 0.007905138339920948
0 0.39975796692214605 0.4428289102202146 0.016135538523598225 0.012704686617730096
0 0.418313836224284 0.442970073404856 0.01371520774505849 0.014680971202710334
0 0.4334409035901573 0.4484754376058724 0.003630496167809601 0.002540937323546019
0 0.4536103267446551 0.44311123658949747 0.02864058087938685 0.013269339356295878
0 0.499798305768455 0.44028797289666854 0.01371520774505849 0.015527950310559006
0 0.5163372327551432 0.4460756634669678 0.015328761597418314 0.00846979107848673
0 0.5645421540943929 0.4439582156973461 0.014118596208148447 0.012704686617730096
0 0.5847115772488907 0.4449463579898362 0.012505042355788625 0.012987012987012988
0 0.5992335619201291 0.4500282326369283 0.003630496167809601 0.002258610954263128
0 0.6179911254538121 0.44438170525127046 0.014521984671238403 0.010163749294184076
0 0.6774909237595804 0.4470638057594579 0.04154901169826543 0.01101072840203275
0 0.7519160951996773 0.44226425748164877 0.060508269463493344 0.012704686617730096
0 0.7985074626865671 0.44960474308300397 0.003630496167809601 0.002540937323546019
0 0.8620411456232352 0.4408526256352343 0.07180314643001211 0.014398644833427442
0 0.18676885841064947 0.4957651044607566 0.04033884630899556 0.01637492941840768
0 0.21379588543767647 0.5023997741389046 0.004033884630899556 0.002540937323546019
0 0.2589753933037515 0.49421230942970074 0.035498184751916094 0.017221908526256352
0 0.28156514723678905 0.49858836815358554 0.008067769261799113 0.007905138339920948
0 0.2934651068979427 0.4984472049689441 0.014925373134328358 0.007058159232072276
0 0.31464300121016536 0.4984472049689441 0.022589753933037516 0.009316770186335404
0 0.3382412263009278 0.4980237154150198 0.01734570391286809 0.006211180124223602
0 0.37918515530455826 0.4977413890457369 0.016942315449778138 0.00846979107848673
0 0.40197660346914077 0.49745906267645396 0.020572811617587738 0.009034443817052512
0 0.4441306978620411 0.5021174477696216 0.05405405405405406 0.017221908526256352
0 0.5244050020169423 0.4957651044607566 0.04759983864461476 0.011857707509881422
0 0.5237999193223074 0.4881422924901186 0.004437273093989512 0.00282326369282891
0 0.6040742234772085 0.4946357989836251 0.051230334812424366 0.012987012987012988
0 0.6411859620814845 0.4971767363071711 0.018959257765227916 0.007340485601355167
0 0.6698265429608713 0.4967532467532468 0.02702702702702703 0.008752117447769622
0 0.7323517547398144 0.4968944099378882 0.040742234772085516 0.01129305477131564
0 0.7412263009277935 0.48898927159796723 0.004437273093989512 0.003952569169960474
0 0.7698668818071803 0.49647092038396384 0.0318676885841065 0.009316770186335404
0 0.7981040742234772 0.4944946357989836 0.026220250100847116 0.012704686617730096
0 0.8309802339653086 0.4978825522303783 0.029850746268656716 0.017786561264822136
0 0.8678902783380396 0.49294184076792774 0.013311819281968536 0.011857707509881422
0 0.8832190399354578 0.49632975719932243 0.01573215006050827 0.00846979107848673
0 0.18697055264219442 0.5482778091473743 0.05687777329568374 0.011857707509881422
0 0.2591770875352965 0.549407114624506 0.022993142396127472 0.006211180124223602
0 0.2833803953206938 0.549407114624506 0.012505042355788625 0.00564652738565782
0 0.2956837434449375 0.5396668548842461 0.003227107704719645 0.001411631846414455
0 0.3043565954013715 0.5496894409937888 0.020572811617587738 0.006211180124223602
0 0.31847519160952 0.5413608130999435 0.004437273093989512 0.004234895539243365
0 0.3219039935457846 0.5499717673630717 0.007260992335619202 0.003952569169960474
0 0.35175473981444133 0.5457368718238284 0.04517950786607503 0.01129305477131564
0 0.3511496571198064 0.5378317334839074 0.004437273093989512 0.0033879164313946925
0 0.3890681726502622 0.5512422360248447 0.021379588543767647 0.014398644833427442
0 0.47317466720451795 0.545313382269904 0.048406615570794675 0.015527950310559006
0 0.509479628882614 0.5492659514398645 0.003227107704719645 0.002540937323546019
0 0.5482049213392497 0.5419254658385093 0.03227107704719645 0.012704686617730096
0 0.5851149657119806 0.5461603613777527 0.043162565550625254 0.008752117447769622
0 0.6179911254538121 0.546583850931677 0.016135538523598225 0.009034443817052512
0 0.6353368293666801 0.5444664031620553 0.021782977006857603 0.011575381140598532
0 0.6601452198467124 0.5513833992094862 0.004437273093989512 0.0033879164313946925
0 0.7238805970149254 0.5424901185770751 0.056070996369503835 0.013269339356295878
0 0.81847519160952 0.5436194240542067 0.06776926179911255 0.01101072840203275
0 0.8931020572811618 0.5446075663466968 0.07583703106091166 0.010163749294184076
0 0.9445340863251311 0.5429136081309994 0.019766034691407825 0.010163749294184076
0 0.19382815651472368 0.5966967814793902 0.07462686567164178 0.01383399209486166
0 0.2581686163775716 0.5917560700169395 0.00645421540943929 0.002258610954263128
0 0.2765227914481646 0.6017786561264822 0.02864058087938685 0.005364201016374929
0 0.30254134731746674 0.6003670242800677 0.009681323114158934 0.007058159232072276
0 0.33319887051230335 0.5968379446640316 0.05486083098023396 0.012422360248447204
0 0.37494957644211374 0.5962732919254659 0.02702702702702703 0.010728402032749858
0 0.4281968535699879 0.596979107848673 0.01573215006050827 0.008752117447769622
0 0.4507866075030254 0.593167701863354 0.01734570391286809 0.01693958215697346
0 0.4899152884227511 0.593167701863354 0.012505042355788625 0.014116318464144552
0 0.5106897942718839 0.5958498023715415 0.02016942315449778 0.00818746470920384
0 0.5516337232755143 0.5937323546019199 0.05445744251714401 0.009599096555618294
0 0.5486083098023397 0.5862507058159232 0.005647438483259379 0.003105590062111801
0 0.5951996772892295 0.601072840203275 0.02379991932230738 0.018633540372670808
0 0.6292860024203307 0.5910502540937324 0.008874546187979023 0.003105590062111801
0 0.6446147640177491 0.59472049689441 0.02743041549011698 0.014963297571993224
0 0.7065348931020573 0.5952851496329757 0.05203711173860428 0.012704686617730096
0 0.763614360629286 0.5959909655561829 0.01290843081887858 0.007905138339920948
0 0.7803549818475192 0.5928853754940712 0.012505042355788625 0.015810276679841896
0 0.8309802339653086 0.5950028232636928 0.0572811617587737 0.017221908526256352
0 0.18394513916901978 0.6504799548277809 0.05970149253731343 0.014680971202710334
0 0.20250100847115773 0.6401750423489554 0.004033884630899556 0.003105590062111801
0 0.2390076643807987 0.6462450592885376 0.045582896329164985 0.01129305477131564
0 0.2716821298910851 0.6492094861660079 0.013311819281968536 0.005364201016374929
0 0.3582089552238806 0.6446922642574816 0.04517950786607503 0.013269339356295878
0 0.390480032271077 0.6511857707509882 0.004033884630899556 0.002540937323546019
0 0.4247680516337233 0.645115753811406 0.03146430012101654 0.015810276679841896
0 0.4475594997983058 0.6477978543195935 0.01573215006050827 0.00818746470920384
0 0.4703509479628883 0.6486448334274422 0.022589753933037516 0.008752117447769622
0 0.491327148043566 0.6480801806888763 0.015328761597418314 0.008752117447769622
0 0.509479628882614 0.6466685488424618 0.020976200080677694 0.010446075663466968
0 0.5524405002016942 0.6470920383963862 0.013311819281968536 0.007905138339920948
0 0.5740217829770069 0.643845285149633 0.020976200080677694 0.01101072840203275
0 0.608713190802743 0.6462450592885376 0.04195240016135539 0.009599096555618294
0 0.6321097216619604 0.6452569169960475 0.01290843081887858 0.011575381140598532
0 0.6502622025010085 0.6459627329192547 0.024203307785397338 0.010163749294184076
0 0.7055264219443323 0.6452569169960475 0.017749092375958047 0.01101072840203275
0 0.7252924566357403 0.6472332015810277 0.01936264622831787 0.007058159232072276
0 0.7589753933037515 0.646386222473179 0.040742234772085516 0.009316770186335404
0 0.8053650665590965 0.6469508752117448 0.012505042355788625 0.006493506493506494
0 0.8225090762404196 0.6476566911349521 0.01936264622831787 0.006775832862789385
0 0.8503428801936265 0.6452569169960475 0.03307785397337636 0.010446075663466968
0 0.900161355385236 0.646386222473179 0.058491327148043566 0.011575381140598532
0 0.16760790641387657 0.6997459062676454 0.019766034691407825 0.009881422924901186
0 0.19382815651472368 0.6966403162055336 0.02864058087938685 0.013269339356295878
0 0.20592981040742234 0.6914172783738001 0.0052440500201694235 0.003952569169960474
0 0.22751109318273496 0.6984754376058724 0.029850746268656716 0.00846979107848673
0 0.2781363453005244 0.6990400903444381 0.018152480839048003 0.007340485601355167
0 0.3009277934651069 0.70214568040655 0.020976200080677694 0.014680971202710334
0 0.33098023396530857 0.6996047430830039 0.038321903993545785 0.006775832862789385
0 0.3338039532069383 0.6895821569734614 0.004437273093989512 0.002540937323546019
0 0.35760387252924564 0.7012987012987013 0.010891488503428802 0.005081874647092038
0 0.3745461879790238 0.6972049689440993 0.01653892698668818 0.011575381140598532
0 0.4475594997983058 0.6987577639751553 0.0609116579265833 0.010163749294184076
0 0.5110931827349737 0.6974872953133823 0.02016942315449778 0.009881422924901186
0 0.5284388866478419 0.6979107848673066 0.011294876966518758 0.006211180124223602
0 0.545986284792255 0.698051948051948 0.018959257765227916 0.006493506493506494
0 0.5669624848729327 0.7018633540372671 0.018152480839048003 0.014116318464144552
0 0.6131504638967326 0.6979107848673066 0.022589753933037516 0.00846979107848673
0 0.6577248890681726 0.6979107848673066 0.06010488100040339 0.009599096555618294
0 0.6619604679306171 0.6887351778656127 0.004033884630899556 0.004234895539243365
0 0.699677289229528 0.7014398644833427 0.01734570391286809 0.013269339356295878
0 0.7331585316659943 0.6866177300959909 0.0060508269463493344 0.0016939582156973462
0 0.744856797095603 0.6988989271597967 0.022993142396127472 0.005928853754940711
0 0.7894312222670432 0.698051948051948 0.055667607906413875 0.01101072840203275
0 0.8329971762807584 0.6956521739130435 0.02743041549011698 0.012422360248447204
0 0.8592174263816055 0.7032749858836815 0.021782977006857603 0.015245623941276116
0 0.8812020976200081 0.7039808018068887 0.003630496167809601 0.00818746470920384
0 0.9213392496974586 0.6974872953133823 0.0500201694231545 0.009881422924901186
0 0.16438079870915692 0.7502823263692829 0.019766034691407825 0.012140033879164314
0 0.18737394110528438 0.7483060417843026 0.018959257765227916 0.012704686617730096
0 0.2265026220250101 0.7490118577075099 0.05687777329568374 0.010163749294184076
0 0.2866075030254135 0.75 0.014925373134328358 0.009316770186335404
0 0.2991125453812021 0.7488706945228685 0.006857603872529245 0.005364201016374929
0 0.32977006857603874 0.7457651044607566 0.043969342476805166 0.016657255787690572
0 0.34489713594191207 0.741106719367589 0.005647438483259379 0.0033879164313946925
0 0.3674868898749496 0.747459062676454 0.022589753933037516 0.012704686617730096
0 0.4211375554659137 0.7478825522303784 0.017749092375958047 0.012422360248447204
0 0.4390883420734167 0.7497176736307171 0.01573215006050827 0.007058159232072276
0 0.46046793061718433 0.7471767363071711 0.02218636546994756 0.01101072840203275
0 0.5157321500605083 0.7490118577075099 0.020572811617587738 0.006211180124223602
0 0.5233965308592174 0.741106719367589 0.004437273093989512 0.0033879164313946925
0 0.5550625252117789 0.7490118577075099 0.04517950786607503 0.010163749294184076
0 0.5837031060911658 0.748729531338227 0.016942315449778138 0.00564652738565782
0 0.636345300524405 0.7463297571993224 0.01573215006050827 0.010446075663466968
0 0.6591367486889875 0.7504234895539243 0.021782977006857603 0.012987012987012988
0 0.7029043969342477 0.7488706945228685 0.03509479628882614 0.011575381140598532
0 0.7533279548204921 0.7432241671372106 0.014118596208148447 0.012140033879164314
0 0.7684550221863655 0.7467532467532467 0.01290843081887858 0.00846979107848673
0 0.8140379185155304 0.7423771880293619 0.015328761597418314 0.013269339356295878
0 0.8323920935861234 0.7429418407679277 0.014925373134328358 0.010446075663466968
0 0.8507462686567164 0.7423771880293619 0.01936264622831787 0.010446075663466968
0 0.9100443727309399 0.7470355731225297 0.04921339249697459 0.012987012987012988
