0 0.1619604679306172 0.21682665160926032 0.043969342476805166 0.030491247882552232
0 0.17809600645421542 0.22388481084133258 0.019766034691407825 0.015810276679841896
0 0.20492133924969747 0.2171089779785432 0.03953206938281565 0.029361942405420668
0 0.25655506252521176 0.2149915302089215 0.04033884630899556 0.03303218520609825
0 0.31444130697862044 0.22332015810276679 0.020572811617587738 0.017504234895539244
0 0.3588140379185155 0.21682665160926032 0.08592174263816055 0.03162055335968379
0 0.36930213795885436 0.20398080180688877 0.0060508269463493344 0.005364201016374929
0 0.43586123436869706 0.21583850931677018 0.0609116579265833 0.031338226990400904
0 0.4653085921742638 0.20299265951439865 0.004437273093989512 0.00564652738565782
0 0.5022186365469947 0.2230378317334839 0.07341670028237192 0.014680971202710334
0 0.5433642597821702 0.22332015810276679 0.01855586930213796 0.015245623941276116
0 0.5742234772085518 0.2224731789949181 0.057684550221863654 0.017504234895539244
0 0.5677692617991126 0.20073404856013552 0.004437273093989512 0.00564652738565782
0 0.6432029043969343 0.20242800677583286 0.018152480839048003 0.010728402032749858
0 0.6581282775312626 0.21979107848673066 0.0391286809197257 0.017786561264822136
0 0.699878983461073 0.22035573122529645 0.021782977006857603 0.0189158667419537
0 0.7730939895119 0.22092038396386224 0.10205728116175877 0.047713156408808584
0 0.7769261799112546 0.20016939582156973 0.004840661557079467 0.005081874647092038
0 0.16498588140379186 0.2607284020327499 0.05405405405405406 0.035290796160361376
0 0.22045179507866075 0.2648221343873518 0.07785397337636143 0.03613777526821005
0 0.3073820088745462 0.2628458498023715 0.08632513110125051 0.03613777526821005
0 0.3929003630496168 0.2714568040654997 0.03711173860427592 0.01948051948051948
0 0.41064945542557485 0.24915302089215133 0.005647438483259379 0.005364201016374929
0 0.4590560709963695 0.2639751552795031 0.06131504638967326 0.039525691699604744
0 0.5139169019766034 0.2826086956521739 0.08309802339653086 0.03557312252964427
0 0.572811617587737 0.26439864483342745 0.042759177087535294 0.03359683794466403
0 0.6060911657926583 0.2522586109542631 0.01653892698668818 0.017221908526256352
0 0.6375554659136748 0.268068887634105 0.03428801936264623 0.01948051948051948
0 0.6700282371924163 0.25254093732354604 0.005647438483259379 0.004799548277809147
0 0.6595401371520775 0.27117447769621683 0.016942315449778138 0.014963297571993224
0 0.6682129891085115 0.2802089215132693 0.030254134731746672 0.03077357425183512
0 0.7083501411859621 0.2649632975719932 0.05405405405405406 0.03472614342179559
0 0.7585720048406616 0.26101072840203277 0.04881000403388463 0.03303218520609825
0 0.15792658329971762 0.3211462450592885 0.04154901169826543 0.020045172219085264
0 0.18757563533682936 0.3211462450592885 0.02743041549011698 0.0189158667419537
0 0.2265026220250101 0.31648785996612083 0.0826946349334409 0.04630152456239413
0 0.25110931827349736 0.3297571993224167 0.0052440500201694235 0.004517221908526256
0 0.32654296087131907 0.31281761716544326 0.06575231948366277 0.034443817052512704
0 0.40298507462686567 0.3136645962732919 0.04356595401371521 0.032185206098249576
0 0.42073416700282373 0.32142857142857145 0.042759177087535294 0.020045172219085264
0 0.445139169019766 0.32269904009034445 0.018959257765227916 0.01693958215697346
0 0.4552238805970149 0.32382834556747603 0.01734570391286809 0.015245623941276116
0 0.5066559096409843 0.3145115753811406 0.100040338846309 0.03500846979107849
0 0.47297297297297297 0.30533596837944665 0.004437273093989512 0.004799548277809147
0 0.6109318273497378 0.31507622811970637 0.09398951189995966 0.03387916431394692
0 0.6165792658329972 0.3016657255787691 0.0052440500201694235 0.005928853754940711
0 0.6587333602258976 0.33032185206098247 0.05405405405405406 0.03613777526821005
0 0.7025010084711577 0.322557876905703 0.03993545784590561 0.017221908526256352
0 0.7611940298507462 0.31309994353472614 0.07987091569181122 0.034443817052512704
0 0.7960871319080274 0.3222755505364201 0.03751512706736587 0.045454545454545456
0 0.16599435256151673 0.3660361377752682 0.0536506655909641 0.03811405985319029
0 0.22730939895118998 0.3753529079616036 0.07382008874546188 0.0189158667419537
0 0.19665187575635337 0.3564370412196499 0.0052440500201694235 0.005364201016374929
0 0.3150463896732553 0.3642010163749294 0.05405405405405406 0.034443817052512704
0 0.39128680919725695 0.37111801242236025 0.10326744655102864 0.046583850931677016
0 0.4552238805970149 0.36490683229813664 0.05687777329568374 0.03811405985319029
0 0.5242033077853974 0.3715415019762846 0.0326744655102864 0.017504234895539244
0 0.5423557886244453 0.37224731789949184 0.021379588543767647 0.018351214003387916
0 0.5705929810407422 0.3644833427442123 0.05526421944332392 0.03557312252964427
0 0.5679709560306575 0.35248447204968947 0.005647438483259379 0.005364201016374929
0 0.626663977410246 0.36688311688311687 0.04961678096006454 0.025691699604743084
0 0.6524808390480032 0.37704686617730093 0.004437273093989512 0.005364201016374929
0 0.6831383622428399 0.3660361377752682 0.03993545784590561 0.031338226990400904
0 0.7248890681726503 0.3739412761151892 0.05970149253731343 0.0189158667419537
0 0.7672448567970956 0.36575381140598534 0.03307785397337636 0.03020892151326934
0 0.7888261395724082 0.37365894974590624 0.0463896732553449 0.015527950310559006
0 0.8188785800726099 0.3743647656691135 0.021782977006857603 0.014680971202710334
0 0.8376361436062929 0.3812817617165443 0.01573215006050827 0.013269339356295878
0 0.15147236789027835 0.4147374364765669 0.0463896732553449 0.03557312252964427
0 0.22509076240419523 0.4165725578769057 0.04437273093989512 0.03190287972896669
0 0.25675675675675674 0.41981931112365894 0.056070996369503835 0.03274985883681536
0 0.3130294473578056 0.4268774703557312 0.06615570794675273 0.04799548277809147
0 0.3021379588543768 0.4168548842461886 0.003227107704719645 0.002540937323546019
0 0.3691004437273094 0.42320722755505363 0.042759177087535294 0.01637492941840768
0 0.3979427188382412 0.42617165443252397 0.01734570391286809 0.014398644833427442
0 0.4572408229124647 0.4189723320158103 0.03993545784590561 0.03162055335968379
0 0.4772085518354175 0.4222190852625635 0.03872529245663574 0.0189158667419537
0 0.5046389673255345 0.42292490118577075 0.02501008471157725 0.020327498588368152
0 0.5320693828156515 0.4318181818181818 0.055667607906413875 0.03698475437605872
0 0.5383219039935457 0.40330321852060985 0.0060508269463493344 0.005364201016374929
0 0.6095199677289229 0.4138904573687182 0.05163372327551432 0.03274985883681536
0 0.6308995562726906 0.42320722755505363 0.03065752319483663 0.014680971202710334
0 0.6460266236385639 0.4028797289666855 0.0052440500201694235 0.00564652738565782
0 0.6563130294473578 0.42377188029361945 0.024203307785397338 0.01693958215697346
0 0.68152480839048 0.4171372106154715 0.03509479628882614 0.029644268774703556
0 0.6784993949173054 0.40062111801242234 0.005647438483259379 0.006775832862789385
0 0.7041145623235175 0.4222190852625635 0.021379588543767647 0.014398644833427442
0 0.7135941912061315 0.43407679277244493 0.024203307785397338 0.01948051948051948
0 0.7833803953206938 0.4138904573687182 0.06212182331585317 0.03500846979107849
0 0.8436869705526422 0.4253246753246753 0.024606696248487294 0.017221908526256352
0 0.8658733360225898 0.40570299265951437 0.004437273093989512 0.006211180124223602
0 0.163574021782977 0.4675324675324675 0.06897942718838242 0.03500846979107849
0 0.23658733360225898 0.4730378317334839 0.031060911657926585 0.018351214003387916
0 0.2559499798305768 0.45172219085262566 0.0052440500201694235 0.00564652738565782
0 0.31766841468334006 0.4644268774703557 0.04800322710770472 0.03162055335968379
0 0.33763614360629285 0.4712027103331451 0.03711173860427592 0.018633540372670808
0 0.3836224283985478 0.4645680406549972 0.05244050020169423 0.032467532467532464
0 0.41306978620411455 0.48348390739695085 0.03711173860427592 0.037549407114624504
0 0.4114562323517547 0.45412196499153024 0.004840661557079467 0.005364201016374929
0 0.45139169019766034 0.4675324675324675 0.048406615570794675 0.029926595143986448
0 0.5429608713190803 0.46725014116318464 0.08874546187979024 0.03274985883681536
0 0.6073013311819282 0.47162619988706944 0.02864058087938685 0.020045172219085264
0 0.6502622025010085 0.46513269339356295 0.06615570794675273 0.032467532467532464
0 0.6772892295280355 0.4803783173348391 0.004840661557079467 0.004799548277809147
0 0.7303348124243647 0.4696499153020892 0.03509479628882614 0.029644268774703556
0 0.781565147236789 0.47360248447204967 0.05929810407422348 0.04940711462450593
0 0.808995562726906 0.45553359683794464 0.0052440500201694235 0.005928853754940711
0 0.14703509479628882 0.5224449463579899 0.019766034691407825 0.020045172219085264
0 0.1718434852763211 0.5141163184641445 0.04356595401371521 0.037267080745341616
0 0.19967728922952804 0.5252682100508187 0.03146430012101654 0.016657255787690572
0 0.20149253731343283 0.49929418407679277 0.0052440500201694235 0.004799548277809147
0 0.263614360629286 0.5186335403726708 0.052843888664784185 0.042348955392433656
0 0.3170633319887051 0.52343308865048 0.060508269463493344 0.05194805194805195
0 0.3511496571198064 0.5208921513269339 0.021379588543767647 0.015810276679841896
0 0.3773699072206535 0.5206098249576511 0.033481242436466316 0.01637492941840768
0 0.40964098426784995 0.5228684359119141 0.045582896329164985 0.018633540372670808
0 0.43807987091569184 0.5327498588368154 0.035498184751916094 0.032185206098249576
0 0.47438483259378783 0.5215979672501412 0.026623638563937072 0.01383399209486166
0 0.48124243646631704 0.5062111801242236 0.01855586930213796 0.01637492941840768
0 0.5393303751512707 0.5074816487859967 0.021782977006857603 0.016657255787690572
0 0.5734167002823719 0.5173630717108978 0.0826946349334409 0.031338226990400904
0 0.5806776926179911 0.5018351214003388 0.0052440500201694235 0.005928853754940711
0 0.6260588947156112 0.5069169960474308 0.017749092375958047 0.015527950310559006
0 0.664179104477612 0.5189158667419537 0.05929810407422348 0.033314511575381144
0 0.7061315046389673 0.5244212309429701 0.0326744655102864 0.014398644833427442
0 0.719039935457846 0.5046583850931677 0.004437273093989512 0.007622811970638058
0 0.7781363453005244 0.5149632975719932 0.04921339249697459 0.032185206098249576
0 0.8323920935861234 0.525691699604743 0.033481242436466316 0.019762845849802372
0 0.8569987898346108 0.5266798418972332 0.03509479628882614 0.018351214003387916
0 0.8914885034288019 0.5283738001129306 0.03711173860427592 0.04206662902315076
0 0.1464300121016539 0.5800395256916996 0.04356595401371521 0.03303218520609825
0 0.18616377571601453 0.5832862789384529 0.0463896732553449 0.037267080745341616
0 0.2319483662767245 0.5726990400903444 0.029850746268656716 0.016092603049124788
0 0.263412666397741 0.5731225296442688 0.03630496167809601 0.018068887634105024
0 0.29507866075030253 0.5684641445511011 0.03751512706736587 0.029644268774703556
0 0.3465106897942719 0.571005081874647 0.05244050020169423 0.041501976284584984
0 0.3937071399757967 0.5736871823828346 0.023396530859217425 0.01637492941840768
0 0.4461476401774909 0.568746470920384 0.03953206938281565 0.03020892151326934
0 0.47216619604679305 0.5694522868435912 0.03509479628882614 0.03274985883681536
0 0.48769665187575634 0.5704404291360813 0.03065752319483663 0.027385657820440428
0 0.5157321500605083 0.573828345567476 0.02944735780556676 0.017786561264822136
0 0.5344897135941912 0.5759457933370977 0.014521984671238403 0.012987012987012988
0 0.5570794675272287 0.5684641445511011 0.03469140782573618 0.029644268774703556
0 0.5510286405808794 0.5570299265951439 0.004033884630899556 0.005081874647092038
0 0.5671641791044776 0.5693111236589498 0.03630496167809601 0.027950310559006212
0 0.5711980637353772 0.5766516092603049 0.02016942315449778 0.016657255787690572
0 0.5903590157321501 0.5763692828910221 0.03428801936264623 0.0189158667419537
0 0.5968132311415894 0.5581592320722756 0.004437273093989512 0.00564652738565782
0 0.6526825332795482 0.5666290231507622 0.05244050020169423 0.03274985883681536
0 0.6873739411052844 0.5743929983060417 0.07664380798709157 0.04376058723884811
0 0.7498991528842275 0.5676171654432524 0.03791851553045583 0.027950310559006212
0 0.8126260588947156 0.5691699604743083 0.06171843485276321 0.032185206098249576
0 0.8600242033077854 0.5741106719367589 0.04033884630899556 0.0189158667419537
0 0.8834207341670028 0.577922077922078 0.016135538523598225 0.01637492941840768
0 0.9096409842678499 0.57128740824393 0.04356595401371521 0.03359683794466403
0 0.9035901573215006 0.5607001693958216 0.004840661557079467 0.00564652738565782
0 0.946147640177491 0.5846979107848673 0.004437273093989512 0.005081874647092038
0 0.1607503025413473 0.6197063805759458 0.045582896329164985 0.031055900621118012
0 0.20532472771278742 0.6218238283455675 0.050826946349334406 0.03077357425183512
0 0.2099636950383219 0.6095426312817617 0.0060508269463493344 0.00564652738565782
0 0.24707543364259782 0.6205533596837944 0.043969342476805166 0.031055900621118012
0 0.3043565954013715 0.6202710333145116 0.04719645018152481 0.03274985883681536
0 0.3229124647035095 0.6235177865612648 0.027833803953206938 0.01948051948051948
0 0.35397337636143605 0.6181535855448899 0.04719645018152481 0.03190287972896669
0 0.4114562323517547 0.6254940711462451 0.01855586930213796 0.017786561264822136
0 0.4715611133521581 0.6221061547148503 0.13311819281968534 0.04488989271597967
0 0.4735780556676079 0.6050254093732355 0.004840661557079467 0.004517221908526256
0 0.4933440903590157 0.6072840203274986 0.005647438483259379 0.00564652738565782
0 0.5627269060104881 0.6335403726708074 0.03630496167809601 0.03557312252964427
0 0.5968132311415894 0.6249294184076792 0.03670835014118596 0.016092603049124788
0 0.6383622428398548 0.616318464144551 0.04719645018152481 0.03274985883681536
0 0.6230334812424365 0.6058723884810842 0.0052440500201694235 0.00564652738565782
0 0.6754739814441307 0.6236589497459063 0.03428801936264623 0.04517221908526256
0 0.7430415490116983 0.6277526821005082 0.08955223880597014 0.03077357425183512
0 0.7765227914481646 0.6026256352343309 0.004840661557079467 0.005928853754940711
0 0.8039532069382815 0.6177300959909655 0.03711173860427592 0.026538678712591756
0 0.8342073416700282 0.6240824392998306 0.042759177087535294 0.0189158667419537
0 0.872730939895119 0.6202710333145116 0.0391286809197257 0.029361942405420668
0 0.1827349737797499 0.6665725578769057 0.0790641387656313 0.03387916431394692
0 0.26502622025010086 0.6661490683229814 0.05889471561113352 0.036420101637492944
0 0.299919322307382 0.6579616036137775 0.0052440500201694235 0.006493506493506494
0 0.3283582089552239 0.676171654432524 0.01936264622831787 0.017504234895539244
0 0.345703912868092 0.6538678712591756 0.005647438483259379 0.006775832862789385
0 0.373134328358209 0.6739130434782609 0.03307785397337636 0.020892151326933936
0 0.4082291246470351 0.6756070016939583 0.04679306171843485 0.01693958215697346
0 0.4495764421137555 0.6840767927724449 0.0391286809197257 0.03670242800677583
0 0.5240016135538523 0.6672783738001129 0.06776926179911255 0.029644268774703556
0 0.5962081484469545 0.6674195369847544 0.04759983864461476 0.03557312252964427
0 0.6752722872125857 0.6654432523997741 0.05808793868495361 0.028797289666854884
0 0.7232755143202905 0.6733483907396951 0.03469140782573618 0.015810276679841896
0 0.7422347720855184 0.6754658385093167 0.016135538523598225 0.014963297571993224
0 0.7662363856393707 0.6763128176171654 0.03751512706736587 0.018351214003387916
0 0.7692617991125453 0.6538678712591756 0.004840661557079467 0.00564652738565782
0 0.17426381605486083 0.7241671372106154 0.04437273093989512 0.02258610954263128
0 0.1990722065348931 0.7360248447204969 0.02944735780556676 0.032185206098249576
0 0.25655506252521176 0.7356013551665725 0.06615570794675273 0.03190287972896669
0 0.299717628075837 0.7319311123658949 0.005647438483259379 0.005928853754940711
