0 0.14965711980637353 0.23729531338226992 0.007260992335619202 0.007622811970638058
0 0.19503832190399353 0.2295313382269904 0.03751512706736587 0.015245623941276116
0 0.22045179507866075 0.23334274421230944 0.0028237192416296895 0.001411631846414455
0 0.2591770875352965 0.22826086956521738 0.024606696248487294 0.01383399209486166
0 0.27773295683743443 0.23178994918125354 0.014118596208148447 0.007340485601355167
0 0.3051633723275514 0.2305194805194805 0.03751512706736587 0.009316770186335404
0 0.33501411859620817 0.22939017504234896 0.026220250100847116 0.009881422924901186
0 0.381605486083098 0.22910784867306608 0.03307785397337636 0.015527950310559006
0 0.417910447761194 0.2300959909655562 0.03630496167809601 0.009034443817052512
0 0.4709560306575232 0.2248729531338227 0.004437273093989512 0.001976284584980237
0 0.4737797498991529 0.2323546019198193 0.007664380798709157 0.006775832862789385
0 0.4828559903186769 0.2274138904573687 0.01290843081887858 0.012704686617730096
0 0.5322710770471965 0.22924901185770752 0.0463896732553449 0.009034443817052512
0 0.5748285599031868 0.22981366459627328 0.03065752319483663 0.009034443817052512
0 0.5619201290843082 0.22162619988706944 0.0024203307785397336 0.0016939582156973462
0 0.6256555062525212 0.2285431959345003 0.011294876966518758 0.011575381140598532
0 0.6403791851553046 0.23066064370412195 0.014925373134328358 0.00846979107848673
0 0.6670028237192416 0.22656691134952003 0.013311819281968536 0.009316770186335404
0 0.7051230334812424 0.22811970638057594 0.06292860024203308 0.009034443817052512
0 0.7642194433239209 0.21908526256352343 0.0060508269463493344 0.002258610954263128
0 0.7749092375958048 0.22416713721061546 0.022589753933037516 0.014116318464144552
0 0.8331988705123033 0.2261434217955957 0.04961678096006454 0.011857707509881422
0 0.15389269866881808 0.283596837944664 0.014118596208148447 0.009316770186335404
0 0.16962484872932634 0.2792207792207792 0.01573215006050827 0.014680971202710334
0 0.22690601048810005 0.282326369282891 0.03751512706736587 0.007905138339920948
0 0.27934651068979427 0.279785431959345 0.06897942718838242 0.01355166572557877
0 0.32432432432432434 0.2878317334839074 0.004840661557079467 0.009881422924901186
0 0.3686970552642194 0.28049124788255225 0.045986284792254944 0.009881422924901186
0 0.38241226300927794 0.2724449463579898 0.004840661557079467 0.0033879164313946925
0 0.39431222267043164 0.2787972896668549 0.007664380798709157 0.01101072840203275
0 0.43485276321097216 0.27964426877470355 0.06776926179911255 0.009881422924901186
0 0.5189592577652279 0.28063241106719367 0.035901573215006054 0.00564652738565782
0 0.554255748285599 0.2779503105590062 0.02581686163775716 0.01101072840203275
0 0.5988301734570391 0.2790796160361378 0.022993142396127472 0.005928853754940711
0 0.6317063331988705 0.27964426877470355 0.02743041549011698 0.009881422924901186
0 0.6901976603469141 0.28091473743647655 0.045986284792254944 0.01129305477131564
0 0.7240822912464704 0.28049124788255225 0.012101653892698669 0.009316770186335404
0 0.7525211778943123 0.2789384528514963 0.03670835014118596 0.010163749294184076
0 0.8346107301331182 0.27625635234330886 0.07341670028237192 0.012704686617730096
0 0.15510286405808793 0.3306041784302654 0.013311819281968536 0.01129305477131564
0 0.17144009681323114 0.3337097684923772 0.016942315449778138 0.009034443817052512
0 0.22388059701492538 0.3306041784302654 0.015328761597418314 0.009599096555618294
0 0.26946349334409037 0.3318746470920384 0.07018959257765228 0.010446075663466968
0 0.3602258975393304 0.3321569734613213 0.033884630899556276 0.008752117447769622
0 0.42053247277127875 0.32806324110671936 0.011698265429608713 0.010728402032749858
0 0.45118999596611536 0.33018068887634106 0.043162565550625254 0.008752117447769622
0 0.45219846712384026 0.322557876905703 0.004033884630899556 0.003105590062111801
0 0.5137152077450585 0.33032185206098247 0.013311819281968536 0.009034443817052512
0 0.5373134328358209 0.33032185206098247 0.03065752319483663 0.007905138339920948
0 0.5601048810004033 0.32735742518351213 0.014118596208148447 0.011575381140598532
0 0.5947962888261396 0.3222755505364201 0.004437273093989512 0.002540937323546019
0 0.609721661960468 0.33243929983060416 0.026220250100847116 0.004234895539243365
0 0.6379588543767648 0.32891022021456806 0.020572811617587738 0.010163749294184076
0 0.6847519160951997 0.32834556747600224 0.05203711173860428 0.012987012987012988
0 0.7287212585720049 0.33582721626199885 0.021379588543767647 0.01383399209486166
0 0.7529245663574021 0.3394974590626765 0.01008471157724889 0.012140033879164314
0 0.7741024606696248 0.32185206098249575 0.009681323114158934 0.006211180124223602
0 0.8237192416296893 0.32735742518351213 0.04195240016135539 0.014398644833427442
0 0.8523598225090763 0.33243929983060416 0.003227107704719645 0.001976284584980237
0 0.15328761597418314 0.378317334839074 0.029850746268656716 0.01637492941840768
0 0.17507059298104075 0.38170525127046867 0.008874546187979023 0.007340485601355167
0 0.2008874546187979 0.3825522303783173 0.041145623235175476 0.009034443817052512
0 0.23336022589753933 0.38226990400903443 0.014118596208148447 0.00564652738565782
0 0.29043969342476805 0.38226990400903443 0.05970149253731343 0.009599096555618294
0 0.35397337636143605 0.38170525127046867 0.06171843485276321 0.00846979107848673
0 0.4164985881403792 0.3800112930547713 0.058491327148043566 0.010163749294184076
0 0.4893102057281162 0.37238848108413325 0.00645421540943929 0.003952569169960474
0 0.4927390076643808 0.38198757763975155 0.0052440500201694235 0.00846979107848673
0 0.5143202904396934 0.38099943534726144 0.021782977006857603 0.007622811970638058
0 0.5167406212182332 0.3718238283455675 0.004033884630899556 0.0033879164313946925
0 0.5441710367083501 0.38297571993224166 0.03146430012101654 0.017221908526256352
0 0.5768455022186365 0.3848108413325805 0.004033884630899556 0.00282326369282891
0 0.608914885034288 0.3857989836250706 0.010891488503428802 0.005364201016374929
0 0.6399757966922146 0.37987012987012986 0.025413473174667203 0.01101072840203275
0 0.6571198063735377 0.3793054771315641 0.008874546187979023 0.01101072840203275
0 0.6871722468737395 0.37972896668548844 0.008471157724889069 0.007340485601355167
0 0.7022993142396128 0.38114059853190285 0.020976200080677694 0.00846979107848673
0 0.7515127067365873 0.38085827216261997 0.02743041549011698 0.011857707509881422
0 0.7872125857200484 0.38071710897797856 0.038321903993545785 0.011575381140598532
0 0.8412666397741024 0.3825522303783173 0.01653892698668818 0.007340485601355167
0 0.15853166599435256 0.43365330321852064 0.029850746268656716 0.019198193111236588
0 0.18212989108511496 0.43280632411067194 0.018959257765227916 0.010728402032749858
0 0.22166196046793063 0.42476002258610956 0.0060508269463493344 0.002540937323546019
0 0.23275514320290439 0.43365330321852064 0.02743041549011698 0.005081874647092038
0 0.26300927793465106 0.43506493506493504 0.02016942315449778 0.009599096555618294
0 0.28479225494150867 0.43464144551101075 0.026623638563937072 0.007622811970638058
0 0.28943122226704315 0.42476002258610956 0.003630496167809601 0.002540937323546019
0 0.30677692617991126 0.4339356295878035 0.01653892698668818 0.007340485601355167
0 0.3279548204921339 0.43817052512704685 0.024203307785397338 0.01637492941840768
0 0.36587333602258976 0.4215132693393563 0.004033884630899556 0.0033879164313946925
0 0.39108511496571197 0.42941840767927725 0.04477611940298507 0.011857707509881422
0 0.4225494150867285 0.43195934500282324 0.013311819281968536 0.007905138339920948
0 0.49697458652682536 0.4311123658949746 0.053247277127874144 0.012987012987012988
0 0.5425574828559904 0.4323828345567476 0.011294876966518758 0.009316770186335404
0 0.5562726906010488 0.4318181818181818 0.01371520774505849 0.00818746470920384
0 0.5693828156514724 0.43153585544889894 0.012505042355788625 0.007622811970638058
0 0.5875352964905204 0.42913608130999437 0.01653892698668818 0.01129305477131564
0 0.6234368697055265 0.4330886504799548 0.014925373134328358 0.009034443817052512
0 0.6379588543767648 0.4292772444946358 0.013311819281968536 0.018351214003387916
0 0.6799112545381202 0.4308300395256917 0.02944735780556676 0.011857707509881422
0 0.7063331988705123 0.4321005081874647 0.016942315449778138 0.007058159232072276
0 0.7289229528035498 0.43492377188029363 0.01855586930213796 0.01383399209486166
0 0.7466720451795079 0.43167701863354035 0.01290843081887858 0.007905138339920948
0 0.7936668011294877 0.4301242236024845 0.038321903993545785 0.006493506493506494
0 0.827349737797499 0.42603049124788256 0.024203307785397338 0.011857707509881422
0 0.16861637757160144 0.481931112365895 0.05970149253731343 0.012422360248447204
0 0.23477208551835418 0.4858836815358554 0.016135538523598225 0.009034443817052512
0 0.2583703106091166 0.4848955392433653 0.018959257765227916 0.005928853754940711
0 0.3029447357805567 0.48433088650479955 0.06776926179911255 0.008752117447769622
0 0.3523598225090762 0.48334274421230944 0.025413473174667203 0.007340485601355167
0 0.39330375151270675 0.4823546019198193 0.0500201694231545 0.010446075663466968
0 0.4281968535699879 0.4808018068887634 0.018152480839048003 0.010728402032749858
0 0.4344493747478822 0.47557876905702995 0.004840661557079467 0.003105590062111801
0 0.44594594594594594 0.48221343873517786 0.00927793465106898 0.007340485601355167
0 0.4517950786607503 0.48221343873517786 0.0016135538523598225 0.0016939582156973462
0 0.46430012101653895 0.481931112365895 0.021782977006857603 0.007340485601355167
0 0.4792254941508673 0.48122529644268774 0.009681323114158934 0.009881422924901186
0 0.5118999596611536 0.47247317899491814 0.005647438483259379 0.002540937323546019
0 0.5248083904800322 0.48306041784302656 0.028237192416296894 0.006775832862789385
0 0.5611133521581283 0.48009599096555616 0.042759177087535294 0.010446075663466968
0 0.5891488503428802 0.48249576510446074 0.011698265429608713 0.006775832862789385
0 0.6046793061718435 0.4795313382269904 0.016942315449778138 0.01101072840203275
0 0.6258572004840661 0.48687182382834554 0.020572811617587738 0.012704686617730096
0 0.6413876563130294 0.4867306606437041 0.004033884630899556 0.002258610954263128
0 0.6607503025413474 0.47459062676453984 0.008874546187979023 0.005081874647092038
0 0.7192416296893909 0.47811970638057594 0.0653489310205728 0.012704686617730096
0 0.699677289229528 0.48023715415019763 0.003630496167809601 0.006211180124223602
0 0.7799515933844292 0.47939017504234893 0.02944735780556676 0.011857707509881422
0 0.8043565954013715 0.4817899491812535 0.01855586930213796 0.007622811970638058
0 0.8323920935861234 0.47995482778091475 0.040742234772085516 0.012422360248447204
0 0.15328761597418314 0.532608695652174 0.029850746268656716 0.0189158667419537
0 0.22246873739411052 0.5331733483907397 0.04477611940298507 0.011575381140598532
0 0.2379991932230738 0.525691699604743 0.005647438483259379 0.005081874647092038
0 0.25030254134731744 0.5327498588368154 0.00927793465106898 0.009599096555618294
0 0.29043969342476805 0.5307735742518351 0.06938281565147236 0.01355166572557877
0 0.36829366680112946 0.5313382269904009 0.028237192416296894 0.012987012987012988
0 0.3979427188382412 0.532326369282891 0.02379991932230738 0.009316770186335404
0 0.4322307382008875 0.5368435911914172 0.0391286809197257 0.013269339356295878
0 0.4901169826542961 0.5333145115753811 0.016135538523598225 0.009599096555618294
0 0.5112948769665188 0.5319028797289667 0.022993142396127472 0.009034443817052512
0 0.5326744655102864 0.5309147374364765 0.018152480839048003 0.009881422924901186
0 0.5532472771278741 0.5292207792207793 0.022993142396127472 0.011575381140598532
0 0.6204114562323517 0.5350084697910785 0.04437273093989512 0.006775832862789385
0 0.6645824929407019 0.5321852060982496 0.035901573215006054 0.010163749294184076
0 0.7121823315853166 0.5300677583286278 0.010891488503428802 0.012140033879164314
0 0.7240822912464704 0.532326369282891 0.011294876966518758 0.00818746470920384
0 0.7833803953206938 0.5320440429136082 0.05647438483259379 0.010446075663466968
0 0.8519564340459863 0.5313382269904009 0.04517950786607503 0.010728402032749858
0 0.8828156514723678 0.5303500846979108 0.014118596208148447 0.014398644833427442
0 0.918313836224284 0.5345849802371542 0.0536506655909641 0.012140033879164314
0 0.14582492940701897 0.5854037267080745 0.00927793465106898 0.017221908526256352
0 0.1607503025413473 0.5866741953698476 0.01653892698668818 0.00846979107848673
0 0.17789431222267044 0.5861095426312818 0.01371520774505849 0.007905138339920948
0 0.2055264219443324 0.585544889892716 0.0318676885841065 0.012987012987012988
0 0.25514320290439696 0.584274421230943 0.01008471157724889 0.005364201016374929
0 0.29487696651875756 0.5834274421230943 0.060508269463493344 0.01101072840203275
0 0.3525615167406212 0.5854037267080745 0.055667607906413875 0.010446075663466968
0 0.3979427188382412 0.5865330321852061 0.0060508269463493344 0.0036702428006775835
0 0.445139169019766 0.5806041784302653 0.008471157724889069 0.016092603049124788
0 0.4606696248487293 0.5804630152456239 0.01371520774505849 0.011857707509881422
0 0.5 0.5845567476002259 0.02379991932230738 0.008752117447769622
0 0.5318676885841065 0.5851214003387917 0.035901573215006054 0.008752117447769622
0 0.5976200080677693 0.5859683794466403 0.02864058087938685 0.005928853754940711
0 0.6306978620411456 0.5841332580463016 0.03428801936264623 0.00846979107848673
0 0.6373537716821299 0.5748164878599661 0.004840661557079467 0.0033879164313946925
0 0.6657926583299718 0.5811688311688312 0.02864058087938685 0.012140033879164314
0 0.7025010084711577 0.5830039525691699 0.033481242436466316 0.007340485601355167
0 0.7103670835014119 0.5758046301524562 0.004033884630899556 0.003105590062111801
0 0.7515127067365873 0.5807453416149069 0.0572811617587737 0.010728402032749858
0 0.8319887051230335 0.5815923207227555 0.05687777329568374 0.010728402032749858
0 0.8767648245260186 0.5844155844155844 0.014925373134328358 0.006211180124223602
0 0.8939088342073417 0.5892151326933935 0.01855586930213796 0.015245623941276116
0 0.16821298910851148 0.6349520045172219 0.05647438483259379 0.01129305477131564
0 0.21944332392093585 0.6352343308865048 0.023396530859217425 0.009599096555618294
0 0.2509076240419524 0.6356578204404292 0.03711173860427592 0.008752117447769622
0 0.28378378378378377 0.6393280632411067 0.0052440500201694235 0.002540937323546019
0 0.33299717628075837 0.6325522303783173 0.026220250100847116 0.014963297571993224
0 0.36829366680112946 0.6343873517786561 0.03953206938281565 0.010163749294184076
0 0.43707139975796694 0.6350931677018633 0.02944735780556676 0.005364201016374929
0 0.42718838241226303 0.6254940711462451 0.005647438483259379 0.0036702428006775835
0 0.491125453812021 0.6326933935629587 0.01008471157724889 0.007905138339920948
0 0.5131101250504235 0.6329757199322417 0.029043969342476807 0.00846979107848673
0 0.5522388059701493 0.6324110671936759 0.035498184751916094 0.010163749294184076
0 0.5617184348527632 0.6239412761151891 0.003630496167809601 0.00282326369282891
0 0.5804759983864461 0.629587803500847 0.014521984671238403 0.012987012987012988
0 0.5849132714804357 0.6249294184076792 0.004033884630899556 0.0036702428006775835
0 0.6070996369503833 0.6345285149632975 0.03307785397337636 0.007622811970638058
0 0.6345300524405002 0.6339638622247318 0.014521984671238403 0.007058159232072276
0 0.6889874949576442 0.6301524562394127 0.03146430012101654 0.015245623941276116
0 0.7408229124647036 0.6233766233766234 0.022993142396127472 0.0033879164313946925
0 0.7408229124647036 0.6300112930547713 0.0060508269463493344 0.01101072840203275
0 0.7674465510286406 0.6325522303783173 0.0318676885841065 0.007058159232072276
0 0.7960871319080274 0.6370694522868436 0.019766034691407825 0.013269339356295878
0 0.15772488906817264 0.6811123658949746 0.029850746268656716 0.0189158667419537
0 0.17970956030657523 0.6815358554488989 0.014118596208148447 0.01693958215697346
0 0.22690601048810005 0.6819593450028233 0.07301331181928197 0.012704686617730096
0 0.2880193626462283 0.6836533032185206 0.03872529245663574 0.009881422924901186
0 0.3336022589753933 0.6751835121400339 0.004840661557079467 0.005928853754940711
0 0.33400564743848327 0.6869000564652739 0.005647438483259379 0.00564652738565782
0 0.34509883017345705 0.6819593450028233 0.014118596208148447 0.013269339356295878
0 0.40116982654296085 0.6840767927724449 0.056070996369503835 0.010728402032749858
0 0.45461879790237997 0.6852060982495765 0.04679306171843485 0.00846979107848673
0 0.4883017345703913 0.6833709768492378 0.022993142396127472 0.010446075663466968
0 0.5399354578459056 0.6864765669113495 0.011698265429608713 0.005928853754940711
0 0.5387252924566357 0.6764539808018069 0.004437273093989512 0.003952569169960474
0 0.554860830980234 0.6816770186335404 0.01734570391286809 0.011575381140598532
0 0.5907624041952401 0.682523997741389 0.014925373134328358 0.008752117447769622
0 0.6075030254134732 0.6826651609260305 0.017749092375958047 0.007340485601355167
0 0.6335215812827754 0.6802653867871259 0.02944735780556676 0.014398644833427442
0 0.6593384429205325 0.6819593450028233 0.021379588543767647 0.011575381140598532
0 0.7137958854376765 0.6835121400338792 0.019766034691407825 0.006775832862789385
0 0.7390076643807987 0.6799830604178431 0.028237192416296894 0.014963297571993224
0 0.7870108914885035 0.6797007340485601 0.022589753933037516 0.014963297571993224
0 0.8152480839048003 0.6829474872953134 0.02016942315449778 0.010163749294184076
0 0.15570794675272287 0.7334839073969509 0.011294876966518758 0.009034443817052512
0 0.18253327954820492 0.7341897233201581 0.04477611940298507 0.00818746470920384
0 0.2154094392900363 0.7339073969508753 0.016135538523598225 0.007058159232072276
0 0.22730939895118998 0.7251552795031055 0.004437273093989512 0.0036702428006775835
0 0.2539330375151271 0.7317899491812535 0.0536506655909641 0.012422360248447204
0 0.31867688584106496 0.735742518351214 0.03227107704719645 0.00846979107848673
0 0.34772085518354173 0.7392715979672502 0.003227107704719645 0.002540937323546019
