0 0.14784187172246874 0.21329757199322416 0.018959257765227916 0.010446075663466968
0 0.15227914481645824 0.20708639186900057 0.01008471157724889 0.004234895539243365
0 0.1653892698668818 0.21287408243929984 0.01371520774505849 0.009599096555618294
0 0.1791044776119403 0.21357989836250707 0.010488100040338847 0.009316770186335404
0 0.1897942718838241 0.2134387351778656 0.011698265429608713 0.009599096555618294
0 0.2018959257765228 0.2137210615471485 0.014925373134328358 0.009599096555618294
0 0.24142799515933844 0.21287408243929984 0.018959257765227916 0.014116318464144552
0 0.2490923759580476 0.21470920383963862 0.010891488503428802 0.00818746470920384
0 0.2662363856393707 0.21569734613212874 0.020976200080677694 0.00846979107848673
0 0.2866075030254135 0.21569734613212874 0.020572811617587738 0.007905138339920948
0 0.3041549011698265 0.21583850931677018 0.012101653892698669 0.007058159232072276
0 0.3174667204517951 0.2161208356860531 0.014521984671238403 0.008752117447769622
0 0.33501411859620817 0.21428571428571427 0.01653892698668818 0.007905138339920948
0 0.34953610326744655 0.21428571428571427 0.010891488503428802 0.007340485601355167
0 0.3610326744655103 0.21513269339356295 0.01290843081887858 0.007905138339920948
0 0.37394110528438884 0.2140033879164314 0.010488100040338847 0.011857707509881422
0 0.38342073416700284 0.21386222473178995 0.00927793465106898 0.009316770186335404
0 0.39431222267043164 0.2134387351778656 0.014118596208148447 0.011857707509881422
0 0.4308188785800726 0.21597967250141162 0.010488100040338847 0.007340485601355167
0 0.44372730939895116 0.21485036702428006 0.011294876966518758 0.007905138339920948
0 0.45663574021782977 0.21527385657820441 0.01371520774505849 0.007622811970638058
0 0.472569584509883 0.2149915302089215 0.014925373134328358 0.00818746470920384
0 0.4858814037918516 0.2140033879164314 0.01008471157724889 0.01129305477131564
0 0.4965711980637354 0.21569734613212874 0.01371520774505849 0.007340485601355167
0 0.5040338846308996 0.21583850931677018 0.0060508269463493344 0.006493506493506494
0 0.5108914885034288 0.2090626764539808 0.002016942315449778 0.001976284584980237
0 0.5167406212182332 0.21569734613212874 0.01290843081887858 0.009034443817052512
0 0.5242033077853974 0.21682665160926032 0.0012101653892698668 0.001129305477131564
0 0.5288422751109318 0.21569734613212874 0.009681323114158934 0.009034443817052512
0 0.563735377168213 0.21329757199322416 0.022993142396127472 0.012704686617730096
0 0.5839048003227107 0.21513269339356295 0.01008471157724889 0.009034443817052512
0 0.5954013715207745 0.21583850931677018 0.01371520774505849 0.008752117447769622
0 0.6282775312626059 0.21160361377752682 0.010891488503428802 0.012140033879164314
0 0.6387656313029447 0.21428571428571427 0.010891488503428802 0.007340485601355167
0 0.6502622025010085 0.21329757199322416 0.007260992335619202 0.011575381140598532
0 0.6629689390883421 0.2140033879164314 0.01734570391286809 0.011857707509881422
0 0.7025010084711577 0.2140033879164314 0.020572811617587738 0.011857707509881422
0 0.7154094392900363 0.21513269339356295 0.012505042355788625 0.00846979107848673
0 0.7220653489310206 0.21781479390175043 0.0024203307785397336 0.001976284584980237
0 0.7680516337232756 0.2137210615471485 0.05486083098023396 0.012987012987012988
0 0.7440500201694231 0.21301524562394128 0.0012101653892698668 0.0008469791078486731
0 0.7950786607503025 0.22007340485601354 0.020976200080677694 0.017221908526256352
0 0.809600645421541 0.2149915302089215 0.009681323114158934 0.008752117447769622
0 0.8192819685356999 0.21964991530208922 0.010488100040338847 0.009599096555618294
0 0.14340459862847924 0.262987012987013 0.021379588543767647 0.017221908526256352
0 0.15046389673255345 0.26566911349520045 0.014521984671238403 0.010163749294184076
0 0.1680112948769665 0.26665725578769056 0.022993142396127472 0.00818746470920384
0 0.2018959257765228 0.26792772444946356 0.038321903993545785 0.007905138339920948
0 0.2281161758773699 0.26778656126482214 0.014925373134328358 0.008752117447769622
0 0.24768051633723276 0.2672219085262564 0.016135538523598225 0.007058159232072276
0 0.2573618394513917 0.2651044607566347 0.0024203307785397336 0.003952569169960474
0 0.2644211375554659 0.26665725578769056 0.010891488503428802 0.00818746470920384
0 0.27753126260588945 0.26778656126482214 0.01371520774505849 0.00818746470920384
0 0.290843081887858 0.2652456239412761 0.01371520774505849 0.012704686617730096
0 0.3011294876966519 0.26439864483342745 0.010891488503428802 0.01101072840203275
0 0.3118192819685357 0.26439864483342745 0.014521984671238403 0.012140033879164314
0 0.3408632513110125 0.26468097120271034 0.01855586930213796 0.014398644833427442
0 0.35215812827753123 0.26595143986448333 0.010488100040338847 0.00846979107848673
0 0.3622428398547802 0.26439864483342745 0.010488100040338847 0.012704686617730096
0 0.37051230334812424 0.2660926030491248 0.011698265429608713 0.00818746470920384
0 0.38483259378781765 0.2648221343873518 0.011294876966518758 0.009599096555618294
0 0.39128680919725695 0.2663749294184077 0.004033884630899556 0.005364201016374929
0 0.4005647438483259 0.2676453980801807 0.011294876966518758 0.007340485601355167
0 0.39854780153287617 0.26171654432524 0.0016135538523598225 0.001129305477131564
0 0.4060104881000403 0.2649632975719932 0.002016942315449778 0.001411631846414455
0 0.4193223073820089 0.2662337662337662 0.025413473174667203 0.009599096555618294
0 0.4560306575231948 0.26341050254093734 0.021379588543767647 0.015245623941276116
0 0.46329164985881405 0.26453980801806887 0.0028237192416296895 0.001129305477131564
0 0.46672045179507865 0.26256352343308864 0.003227107704719645 0.0033879164313946925
0 0.4705526421944332 0.2660926030491248 0.01008471157724889 0.00818746470920384
0 0.4802339653085922 0.2652456239412761 0.01008471157724889 0.007622811970638058
0 0.48951189995966116 0.2676453980801807 0.011698265429608713 0.009034443817052512
0 0.5058491327148044 0.2660926030491248 0.016135538523598225 0.012140033879164314
0 0.5076643807987091 0.2595990965556183 0.0012101653892698668 0.0008469791078486731
0 0.527228721258572 0.27089215132693395 0.023396530859217425 0.017786561264822136
0 0.5201694231544978 0.26693958215697344 0.008471157724889069 0.007058159232072276
0 0.5306575231948366 0.2652456239412761 0.002016942315449778 0.003105590062111801
0 0.5423557886244453 0.2696216826651609 0.0052440500201694235 0.005081874647092038
0 0.5582896329164986 0.26566911349520045 0.009681323114158934 0.01355166572557877
0 0.5740217829770069 0.2641163184641446 0.023396530859217425 0.01383399209486166
0 0.5853166599435257 0.26778656126482214 0.005647438483259379 0.006493506493506494
0 0.5958047599838645 0.2652456239412761 0.011294876966518758 0.015527950310559006
0 0.6204114562323517 0.26341050254093734 0.010488100040338847 0.012987012987012988
0 0.6302944735780557 0.26383399209486164 0.013311819281968536 0.011575381140598532
0 0.6427995159338443 0.2660926030491248 0.010891488503428802 0.00818746470920384
0 0.6520774505849133 0.27117447769621683 0.025413473174667203 0.017221908526256352
0 0.6879790237999194 0.2670807453416149 0.01734570391286809 0.007905138339920948
0 0.7004840661557079 0.2663749294184077 0.0052440500201694235 0.007622811970638058
0 0.7089552238805971 0.26679841897233203 0.01008471157724889 0.006775832862789385
0 0.7073416700282372 0.26002258610954265 0.0012101653892698668 0.001129305477131564
0 0.7208551835417507 0.2641163184641446 0.01371520774505849 0.012704686617730096
0 0.7480839048003227 0.26439864483342745 0.01008471157724889 0.011575381140598532
0 0.7569584509883017 0.26595143986448333 0.010891488503428802 0.007905138339920948
0 0.7779346510689794 0.26341050254093734 0.011698265429608713 0.01129305477131564
0 0.790439693424768 0.26538678712591757 0.010891488503428802 0.00846979107848673
0 0.8150463896732554 0.26468097120271034 0.010891488503428802 0.010446075663466968
0 0.8281565147236789 0.26538678712591757 0.010488100040338847 0.006775832862789385
0 0.836627672448568 0.2683512140033879 0.016135538523598225 0.012140033879164314
0 0.8537716821298911 0.2628458498023715 0.00927793465106898 0.011857707509881422
0 0.14078257361839452 0.31747600225861095 0.005647438483259379 0.00818746470920384
0 0.15066559096409843 0.31719367588932806 0.01653892698668818 0.007622811970638058
0 0.14663170633319886 0.31126482213438733 0.002016942315449778 0.001411631846414455
0 0.19019766034691407 0.3156408808582722 0.011698265429608713 0.012422360248447204
0 0.1990722065348931 0.3176171654432524 0.013311819281968536 0.009034443817052512
0 0.21056877773295685 0.31804065499717676 0.007260992335619202 0.007622811970638058
0 0.21803146430012102 0.31719367588932806 0.006857603872529245 0.007058159232072276
0 0.22589753933037515 0.3176171654432524 0.010488100040338847 0.007905138339920948
0 0.23860427591770875 0.3167701863354037 0.014118596208148447 0.010163749294184076
0 0.24041952400161357 0.31084133258046304 0.0016135538523598225 0.001129305477131564
0 0.2678499394917305 0.3169113495200452 0.004840661557079467 0.004799548277809147
0 0.2811617587736991 0.31634669678147936 0.015328761597418314 0.007058159232072276
0 0.27511093182734975 0.3114059853190288 0.0016135538523598225 0.001129305477131564
0 0.3204921339249697 0.31394692264257484 0.024606696248487294 0.014116318464144552
0 0.3479225494150867 0.3176171654432524 0.02944735780556676 0.009599096555618294
0 0.3652682533279548 0.3186053077357425 0.012505042355788625 0.007058159232072276
0 0.363251311012505 0.31182947487295315 0.0012101653892698668 0.0008469791078486731
0 0.37878176684146836 0.3177583286278938 0.016135538523598225 0.007058159232072276
0 0.39431222267043164 0.31832298136645965 0.0052440500201694235 0.0036702428006775835
0 0.42053247277127875 0.31394692264257484 0.018959257765227916 0.012987012987012988
0 0.4302137958854377 0.313382269904009 0.01653892698668818 0.011857707509881422
0 0.4427188382412263 0.3157820440429136 0.01008471157724889 0.007058159232072276
0 0.45482049213392495 0.3166290231507623 0.011698265429608713 0.00818746470920384
0 0.4683340056474385 0.31733483907396953 0.011294876966518758 0.009034443817052512
0 0.49939491730536506 0.3166290231507623 0.010488100040338847 0.007058159232072276
0 0.5131101250504235 0.3166290231507623 0.01936264622831787 0.01948051948051948
0 0.5334812424364663 0.3167701863354037 0.011698265429608713 0.012422360248447204
0 0.5423557886244453 0.31620553359683795 0.013311819281968536 0.011857707509881422
0 0.5552642194433239 0.31846414455110106 0.010891488503428802 0.006211180124223602
0 0.5713997579669221 0.3177583286278938 0.02218636546994756 0.006493506493506494
0 0.6012505042355789 0.3147939017504235 0.006857603872529245 0.0016939582156973462
0 0.6278741427995159 0.3154997176736307 0.02379991932230738 0.013269339356295878
0 0.6442113755546591 0.3160643704121965 0.007260992335619202 0.007058159232072276
0 0.6603469140782574 0.3166290231507623 0.021782977006857603 0.00818746470920384
0 0.6837434449374747 0.3177583286278938 0.026623638563937072 0.010446075663466968
0 0.7051230334812424 0.3222755505364201 0.008067769261799113 0.007622811970638058
0 0.7317466720451795 0.31592320722755507 0.02501008471157725 0.01355166572557877
0 0.7442517144009682 0.3147939017504235 0.0024203307785397336 0.0016939582156973462
0 0.7494957644211375 0.3186053077357425 0.011294876966518758 0.009316770186335404
0 0.7615974183138362 0.31535855448898925 0.011294876966518758 0.011857707509881422
0 0.7682533279548205 0.3177583286278938 0.008471157724889069 0.007058159232072276
0 0.7769261799112546 0.3190287972896669 0.012101653892698669 0.009034443817052512
0 0.7924566357402179 0.3156408808582722 0.00927793465106898 0.011857707509881422
0 0.7964905203711173 0.3177583286278938 0.0060508269463493344 0.007058159232072276
0 0.8098023396530859 0.31747600225861095 0.012505042355788625 0.00818746470920384
0 0.8055667607906414 0.31182947487295315 0.0016135538523598225 0.001411631846414455
0 0.8215006050826946 0.32171089779785433 0.010891488503428802 0.009881422924901186
0 0.14844695441710368 0.3643421795595709 0.01936264622831787 0.011575381140598532
0 0.16155707946752723 0.36561264822134387 0.013311819281968536 0.007905138339920948
0 0.17587736990722067 0.365330321852061 0.016135538523598225 0.007905138339920948
0 0.21682129891085114 0.36335403726708076 0.02218636546994756 0.015245623941276116
0 0.22589753933037515 0.3675889328063241 0.011294876966518758 0.00846979107848673
0 0.23719241629689392 0.36476566911349523 0.009681323114158934 0.011857707509881422
0 0.2539330375151271 0.367871259175607 0.02864058087938685 0.009034443817052512
0 0.2781363453005244 0.3673066064370412 0.019766034691407825 0.012422360248447204
0 0.30597014925373134 0.3673066064370412 0.006857603872529245 0.0016939582156973462
0 0.33057684550221866 0.36645962732919257 0.01573215006050827 0.00846979107848673
0 0.3436869705526422 0.36674195369847545 0.005647438483259379 0.007340485601355167
0 0.3501411859620815 0.3610954263128176 0.0016135538523598225 0.0016939582156973462
0 0.35619201290843083 0.36476566911349523 0.011294876966518758 0.012422360248447204
0 0.3608309802339653 0.365330321852061 0.010891488503428802 0.011857707509881422
0 0.39653085921742637 0.36589497459062675 0.02743041549011698 0.01355166572557877
0 0.4045986284792255 0.3697063805759458 0.0016135538523598225 0.001411631846414455
0 0.418112141992739 0.36688311688311687 0.01008471157724889 0.00818746470920384
0 0.42860024203307784 0.36674195369847545 0.010891488503428802 0.00846979107848673
0 0.4580475998386446 0.36900056465273856 0.010891488503428802 0.009599096555618294
0 0.47337636143606293 0.36575381140598534 0.01653892698668818 0.013269339356295878
0 0.49152884227511096 0.36829474872953133 0.021379588543767647 0.007622811970638058
0 0.5058491327148044 0.37450592885375494 0.020976200080677694 0.020045172219085264
0 0.5435659540137152 0.36617730095990964 0.01734570391286809 0.010728402032749858
0 0.5597014925373134 0.3654714850367024 0.020572811617587738 0.012140033879164314
0 0.573013311819282 0.36702428006775834 0.010891488503428802 0.009034443817052512
0 0.5859217426381605 0.3743647656691135 0.0318676885841065 0.023150762281197064
0 0.5742234772085518 0.37634105025409376 0.0012101653892698668 0.001129305477131564
0 0.6123436869705526 0.3651891586674195 0.01371520774505849 0.009316770186335404
0 0.6264622831787011 0.36801242236024845 0.012101653892698669 0.00818746470920384
0 0.6242436466317063 0.36123658949745907 0.0012101653892698668 0.001411631846414455
0 0.6401774909237595 0.36773009599096557 0.01290843081887858 0.007622811970638058
0 0.6540943929003631 0.3681535855448899 0.013311819281968536 0.010163749294184076
0 0.6833400564743848 0.36702428006775834 0.01290843081887858 0.007905138339920948
0 0.6980637353771683 0.36476566911349523 0.010891488503428802 0.01355166572557877
0 0.7216619604679306 0.36885940146809715 0.01855586930213796 0.007622811970638058
0 0.7365873336022589 0.3685770750988142 0.008067769261799113 0.00818746470920384
0 0.7613957240822913 0.36829474872953133 0.011698265429608713 0.007622811970638058
0 0.7688584106494554 0.37224731789949184 0.017749092375958047 0.013269339356295878
0 0.7833803953206938 0.3697063805759458 0.009681323114158934 0.007622811970638058
0 0.7932634126663978 0.36885940146809715 0.011698265429608713 0.007622811970638058
0 0.8013311819281969 0.3685770750988142 0.0052440500201694235 0.005364201016374929
0 0.8122226704316257 0.367871259175607 0.014925373134328358 0.007340485601355167
0 0.8075837031060912 0.3644833427442123 0.0016135538523598225 0.0016939582156973462
0 0.8259378781766842 0.37337662337662336 0.01734570391286809 0.017221908526256352
0 0.14078257361839452 0.41826651609260307 0.021782977006857603 0.009316770186335404
0 0.15933844292053248 0.4192546583850932 0.012101653892698669 0.007905138339920948
0 0.17164179104477612 0.4193958215697346 0.012505042355788625 0.00818746470920384
0 0.18697055264219442 0.41741953698475437 0.014118596208148447 0.010446075663466968
0 0.20431625655506253 0.41770186335403725 0.01734570391286809 0.007622811970638058
0 0.200080677692618 0.41120835686053075 0.0016135538523598225 0.001976284584980237
0 0.21762807583703106 0.42377188029361945 0.020572811617587738 0.017504234895539244
0 0.24788221056877774 0.4201016374929418 0.0052440500201694235 0.006775832862789385
0 0.2591770875352965 0.4201016374929418 0.01653892698668818 0.00846979107848673
0 0.25514320290439696 0.4137492941840768 0.002016942315449778 0.001411631846414455
0 0.29951593384429204 0.4171372106154715 0.026220250100847116 0.01383399209486166
0 0.31766841468334006 0.41967814793901753 0.013311819281968536 0.007058159232072276
0 0.3372327551432029 0.41883116883116883 0.02016942315449778 0.011575381140598532
0 0.35034288019362647 0.4201016374929418 0.012505042355788625 0.007905138339920948
0 0.36688180718031466 0.41953698475437606 0.01573215006050827 0.00846979107848673
0 0.40096813231141587 0.4181253529079616 0.014521984671238403 0.007905138339920948
0 0.41589350544574427 0.41883116883116883 0.016942315449778138 0.008752117447769622
0 0.4628882613957241 0.41671372106154714 0.02379991932230738 0.011857707509881422
0 0.48225090762404194 0.41869000564652736 0.022993142396127472 0.00846979107848673
0 0.509883017345704 0.4184076792772445 0.02581686163775716 0.010728402032749858
0 0.5056474384832593 0.4212309429700734 0.0028237192416296895 0.0016939582156973462
0 0.5153287615974184 0.4117730095990966 0.0012101653892698668 0.0008469791078486731
0 0.5264219443323921 0.42292490118577075 0.021782977006857603 0.015810276679841896
0 0.5411456232351755 0.41953698475437606 0.0028237192416296895 0.002258610954263128
0 0.5736183945139169 0.41727837380011296 0.01855586930213796 0.014680971202710334
0 0.5849132714804357 0.4192546583850932 0.01371520774505849 0.00846979107848673
0 0.5982250907624042 0.4191134952004517 0.009681323114158934 0.00818746470920384
0 0.6111335215812828 0.41981931112365894 0.011294876966518758 0.007340485601355167
0 0.6464300121016539 0.4162902315076228 0.01008471157724889 0.012140033879164314
0 0.6540943929003631 0.4160079051383399 0.011698265429608713 0.012140033879164314
0 0.6682129891085115 0.41826651609260307 0.010891488503428802 0.00818746470920384
0 0.7051230334812424 0.4160079051383399 0.021782977006857603 0.012140033879164314
0 0.7230738200887454 0.4191134952004517 0.019766034691407825 0.00818746470920384
0 0.7486889874949576 0.41967814793901753 0.03146430012101654 0.007058159232072276
0 0.7716821298910851 0.41981931112365894 0.015328761597418314 0.007905138339920948
0 0.15026220250100847 0.46710897797854317 0.038321903993545785 0.013269339356295878
0 0.17567567567567569 0.467673630717109 0.011698265429608713 0.010446075663466968
0 0.18797902379991932 0.4686617730095991 0.011294876966518758 0.007905138339920948
0 0.2018959257765228 0.4668266516092603 0.01008471157724889 0.014398644833427442
0 0.21601452198467125 0.46075663466967814 0.004437273093989512 0.005081874647092038
0 0.21782977006857604 0.4697910784867307 0.01371520774505849 0.010163749294184076
0 0.2601855586930214 0.46513269339356295 0.016135538523598225 0.01383399209486166
0 0.27410246066962485 0.46795595708639187 0.022993142396127472 0.008752117447769622
0 0.2918515530455829 0.46852060982495763 0.012505042355788625 0.007622811970638058
0 0.30778539733763616 0.4696499153020892 0.016135538523598225 0.007058159232072276
0 0.3154497781363453 0.4666854884246189 0.0016135538523598225 0.001129305477131564
0 0.32654296087131907 0.4673913043478261 0.011698265429608713 0.013269339356295878
0 0.32230738200887454 0.4624505928853755 0.0024203307785397336 0.0016939582156973462
0 0.35861234368697054 0.4696499153020892 0.01290843081887858 0.007622811970638058
0 0.372932634126664 0.46936758893280633 0.013311819281968536 0.016657255787690572
0 0.41407825736183945 0.46696781479390176 0.02379991932230738 0.012987012987012988
0 0.4265832997176281 0.4686617730095991 0.0052440500201694235 0.006775832862789385
0 0.43848325937878174 0.4697910784867307 0.015328761597418314 0.006775832862789385
0 0.43485276321097216 0.4637210615471485 0.0016135538523598225 0.001976284584980237
0 0.45038321903993545 0.4707792207792208 0.0052440500201694235 0.005928853754940711
0 0.45663574021782977 0.46499153020892153 0.0016135538523598225 0.001129305477131564
0 0.4628882613957241 0.4707792207792208 0.012505042355788625 0.007622811970638058
0 0.47962888261395725 0.4686617730095991 0.016135538523598225 0.010163749294184076
0 0.49294070189592576 0.46950875211744775 0.011294876966518758 0.00846979107848673
0 0.5044372730939896 0.4696499153020892 0.01008471157724889 0.008752117447769622
0 0.5425574828559904 0.46696781479390176 0.02016942315449778 0.012987012987012988
0 0.5512303348124243 0.46950875211744775 0.00927793465106898 0.007905138339920948
0 0.5621218233158531 0.4699322416713721 0.013311819281968536 0.00818746470920384
0 0.5800726099233562 0.4697910784867307 0.015328761597418314 0.006775832862789385
0 0.5887454618797903 0.4688029361942405 0.002016942315449778 0.002540937323546019
0 0.5964098426784994 0.47007340485601357 0.014118596208148447 0.009599096555618294
0 0.6304961678096006 0.46908526256352345 0.01371520774505849 0.009881422924901186
0 0.6409842678499394 0.4720496894409938 0.017749092375958047 0.01355166572557877
0 0.6377571601452199 0.46597967250141165 0.0024203307785397336 0.001976284584980237
0 0.6698265429608713 0.46696781479390176 0.00927793465106898 0.01129305477131564
0 0.6784993949173054 0.4678147939017504 0.01290843081887858 0.012422360248447204
0 0.6926179911254539 0.46950875211744775 0.010488100040338847 0.00846979107848673
0 0.7150060508269463 0.47289666854884244 0.018959257765227916 0.01637492941840768
0 0.7289229528035498 0.4686617730095991 0.009681323114158934 0.007905138339920948
0 0.7430415490116983 0.46922642574816487 0.022589753933037516 0.00846979107848673
0 0.7599838644614764 0.46908526256352345 0.011294876966518758 0.007622811970638058
0 0.7730939895119 0.4699322416713721 0.010891488503428802 0.007058159232072276
0 0.780960064542154 0.46795595708639187 0.008067769261799113 0.010446075663466968
0 0.790641387656313 0.46950875211744775 0.014521984671238403 0.007340485601355167
0 0.8061718434852764 0.46936758893280633 0.010891488503428802 0.00818746470920384
0 0.8212989108511497 0.46922642574816487 0.012101653892698669 0.00846979107848673
0 0.1389673255344897 0.519339356295878 0.011698265429608713 0.0189158667419537
0 0.1472367890278338 0.5197628458498024 0.01290843081887858 0.009034443817052512
0 0.15994352561516742 0.5186335403726708 0.012505042355788625 0.009034443817052512
0 0.19987898346107302 0.5182100508187465 0.01653892698668818 0.009316770186335404
0 0.21621621621621623 0.5183512140033879 0.01290843081887858 0.007905138339920948
0 0.22710770471964503 0.5248447204968945 0.01936264622831787 0.021456804065499716
0 0.24243646631706334 0.5194805194805194 0.01290843081887858 0.00846979107848673
0 0.25433642597821704 0.5173630717108978 0.01008471157724889 0.014398644833427442
0 0.26300927793465106 0.519339356295878 0.005647438483259379 0.007622811970638058
0 0.27410246066962485 0.5207509881422925 0.012505042355788625 0.00818746470920384
0 0.2712787414279952 0.5128458498023716 0.002016942315449778 0.001411631846414455
0 0.2936668011294877 0.5183512140033879 0.015328761597418314 0.014116318464144552
0 0.30939895118999594 0.5201863354037267 0.012101653892698669 0.007622811970638058
0 0.30597014925373134 0.5138339920948617 0.002016942315449778 0.001129305477131564
0 0.3215006050826946 0.5203274985883681 0.01371520774505849 0.007905138339920948
0 0.3348124243646632 0.5207509881422925 0.01290843081887858 0.010446075663466968
0 0.35941912061315046 0.5206098249576511 0.005647438483259379 0.007340485601355167
0 0.36849536103267444 0.5197628458498024 0.012505042355788625 0.007340485601355167
0 0.3664784187172247 0.5146809712027103 0.002016942315449778 0.0016939582156973462
0 0.39511899959661156 0.5200451722190853 0.014118596208148447 0.009034443817052512
0 0.42617991125453814 0.5194805194805194 0.027833803953206938 0.018633540372670808
0 0.4471561113352158 0.5184923771880293 0.00927793465106898 0.011575381140598532
0 0.46006454215409437 0.519621682665161 0.01653892698668818 0.007622811970638058
0 0.4707543364259782 0.5190570299265952 0.004840661557079467 0.005364201016374929
0 0.4794271883824123 0.5244212309429701 0.01653892698668818 0.01383399209486166
0 0.4780153287615974 0.5141163184641445 0.0016135538523598225 0.001129305477131564
0 0.4947559499798306 0.5182100508187465 0.012505042355788625 0.009881422924901186
0 0.5086728519564341 0.5183512140033879 0.009681323114158934 0.01129305477131564
0 0.5221863654699476 0.5200451722190853 0.012505042355788625 0.009034443817052512
0 0.5219846712384025 0.5131281761716544 0.00645421540943929 0.005364201016374929
0 0.5484066155707946 0.516798418972332 0.012505042355788625 0.01383399209486166
0 0.5657523194836628 0.5200451722190853 0.018959257765227916 0.007340485601355167
0 0.5580879386849537 0.5151044607566346 0.0012101653892698668 0.0008469791078486731
0 0.582089552238806 0.5211744776962168 0.012101653892698669 0.009034443817052512
0 0.5984267849939492 0.5252682100508187 0.006857603872529245 0.007058159232072276
0 0.6238402581686163 0.5177865612648221 0.010891488503428802 0.012422360248447204
0 0.6343283582089553 0.5176453980801807 0.014925373134328358 0.010446075663466968
0 0.6504638967325534 0.519339356295878 0.012505042355788625 0.007058159232072276
0 0.6661960467930618 0.5199040090344438 0.024606696248487294 0.008752117447769622
0 0.7065348931020573 0.5163749294184077 0.018152480839048003 0.012422360248447204
0 0.7232755143202905 0.5183512140033879 0.01855586930213796 0.006775832862789385
0 0.7440500201694231 0.5199040090344438 0.018959257765227916 0.007058159232072276
0 0.7670431625655506 0.5206098249576511 0.026220250100847116 0.007340485601355167
0 0.7894312222670432 0.5201863354037267 0.015328761597418314 0.007058159232072276
0 0.8027430415490117 0.5204686617730095 0.012101653892698669 0.007058159232072276
0 0.8138362242839855 0.5210333145115754 0.011698265429608713 0.007058159232072276
0 0.8283582089552238 0.5189158667419537 0.00927793465106898 0.010728402032749858
0 0.8378378378378378 0.519339356295878 0.010488100040338847 0.01101072840203275
0 0.8533682936668011 0.5189158667419537 0.018152480839048003 0.011857707509881422
0 0.13674868898749495 0.5690287972896668 0.009681323114158934 0.011575381140598532
0 0.14905203711173862 0.5684641445511011 0.013311819281968536 0.008752117447769622
0 0.163574021782977 0.5695934500282326 0.013311819281968536 0.007622811970638058
0 0.1700282371924163 0.5663466967814794 0.0012101653892698668 0.0016939582156973462
0 0.17668414683340056 0.5704404291360813 0.012101653892698669 0.008752117447769622
0 0.1972569584509883 0.5681818181818182 0.01936264622831787 0.011575381140598532
0 0.20935861234368697 0.5652173913043478 0.0024203307785397336 0.002258610954263128
0 0.2226704316256555 0.5694522868435912 0.023396530859217425 0.009599096555618294
0 0.2662363856393707 0.5664878599661208 0.008874546187979023 0.00818746470920384
0 0.2712787414279952 0.5628176171654432 0.002016942315449778 0.0008469791078486731
0 0.28620411456232353 0.568746470920384 0.026220250100847116 0.009881422924901186
0 0.3372327551432029 0.5700169395821569 0.014521984671238403 0.007905138339920948
0 0.35135135135135137 0.5702992659514399 0.011294876966518758 0.007905138339920948
0 0.36304961678096004 0.5693111236589498 0.010488100040338847 0.007058159232072276
0 0.3838241226300928 0.5701581027667985 0.02944735780556676 0.007058159232072276
0 0.40439693424768053 0.5765104460756635 0.020572811617587738 0.019762845849802372
0 0.42154094392900365 0.5695934500282326 0.011294876966518758 0.009316770186335404
0 0.46208148446954417 0.5697346132128741 0.03428801936264623 0.019762845849802372
0 0.5165389269866881 0.5690287972896668 0.02379991932230738 0.012704686617730096
0 0.5340863251311012 0.5724167137210615 0.008874546187979023 0.004799548277809147
0 0.5375151270673659 0.5681818181818182 0.01008471157724889 0.0036702428006775835
0 0.5465913674868899 0.5705815923207228 0.008874546187979023 0.00846979107848673
0 0.5570794675272287 0.5698757763975155 0.011294876966518758 0.00818746470920384
0 0.5701895925776522 0.5697346132128741 0.010891488503428802 0.00846979107848673
0 0.5796692214602662 0.571005081874647 0.012101653892698669 0.008752117447769622
0 0.5879386849536103 0.5707227555053642 0.010891488503428802 0.007622811970638058
0 0.5966115369100444 0.571005081874647 0.010488100040338847 0.009881422924901186
0 0.627672448567971 0.5678994918125353 0.009681323114158934 0.012704686617730096
0 0.6347317466720451 0.5695934500282326 0.011698265429608713 0.007622811970638058
0 0.6651875756353368 0.5702992659514399 0.014521984671238403 0.007905138339920948
0 0.6801129487696652 0.5691699604743083 0.016942315449778138 0.010728402032749858
0 0.6940298507462687 0.5705815923207228 0.010891488503428802 0.007905138339920948
0 0.7006857603872529 0.5697346132128741 0.005647438483259379 0.006211180124223602
0 0.7085518354175071 0.5711462450592886 0.008471157724889069 0.007905138339920948
0 0.7081484469544171 0.5650762281197064 0.002016942315449778 0.001411631846414455
0 0.7204517950786608 0.5717108977978543 0.011294876966518758 0.00846979107848673
0 0.7501008471157725 0.5686053077357425 0.019766034691407825 0.010728402032749858
0 0.7648245260185559 0.5711462450592886 0.008874546187979023 0.007340485601355167
0 0.7926583299717628 0.5686053077357425 0.020976200080677694 0.012422360248447204
0 0.808592174263816 0.564935064935065 0.0012101653892698668 0.001129305477131564
0 0.8134328358208955 0.5678994918125353 0.00927793465106898 0.012140033879164314
0 0.8206938281565147 0.5700169395821569 0.004437273093989512 0.00564652738565782
0 0.8227107704719645 0.5664878599661208 0.0012101653892698668 0.0008469791078486731
0 0.8289632916498588 0.5707227555053642 0.008874546187979023 0.007058159232072276
0 0.827349737797499 0.5632411067193676 0.0016135538523598225 0.001129305477131564
0 0.8430818878580073 0.5690287972896668 0.012101653892698669 0.01101072840203275
0 0.13654699475594997 0.6177300959909655 0.014925373134328358 0.009034443817052512
0 0.15127067365873337 0.6182947487295314 0.011294876966518758 0.007905138339920948
0 0.16397741024606696 0.6256352343308865 0.031060911657926585 0.019762845849802372
0 0.1508672851956434 0.6283173348390739 0.004033884630899556 0.0036702428006775835
0 0.190802743041549 0.6182947487295314 0.01290843081887858 0.01129305477131564
0 0.2018959257765228 0.6147656691134952 0.002016942315449778 0.001976284584980237
0 0.20794675272287214 0.6192828910220215 0.013311819281968536 0.00818746470920384
0 0.22206534893102056 0.6167419536984754 0.01653892698668818 0.01383399209486166
0 0.2390076643807987 0.6216826651609261 0.01573215006050827 0.009599096555618294
0 0.2353771682129891 0.6116600790513834 0.0028237192416296895 0.002540937323546019
0 0.25312626058894716 0.6269057029926595 0.018152480839048003 0.018351214003387916
0 0.29386849536103266 0.6182947487295314 0.018152480839048003 0.012422360248447204
0 0.2944735780556676 0.6112365894974591 0.0016135538523598225 0.0016939582156973462
0 0.3083904800322711 0.6209768492377188 0.011698265429608713 0.007058159232072276
0 0.3263412666397741 0.620412196499153 0.023396530859217425 0.007622811970638058
0 0.3465106897942719 0.6209768492377188 0.003227107704719645 0.002540937323546019
