0 0.16760790641387657 0.21668548842461885 0.06333198870512304 0.022868435911914172
0 0.2263009277934651 0.22190852625635235 0.012101653892698669 0.007905138339920948
0 0.24021782977006859 0.2261434217955957 0.018152480839048003 0.015810276679841896
0 0.2698668818071803 0.2180971202710333 0.01371520774505849 0.017221908526256352
0 0.27974989915288423 0.22289666854884246 0.018152480839048003 0.009316770186335404
0 0.3303751512706737 0.217673630717109 0.04033884630899556 0.020892151326933936
0 0.4060104881000403 0.2274138904573687 0.0681726502622025 0.022868435911914172
0 0.44574425171440096 0.221485036702428 0.009681323114158934 0.009881422924901186
0 0.4574425171440097 0.21428571428571427 0.00645421540943929 0.006775832862789385
0 0.4967728922952804 0.2204968944099379 0.0326744655102864 0.009599096555618294
0 0.49072206534893104 0.2124505928853755 0.002016942315449778 0.003105590062111801
0 0.5171440096813231 0.22628458498023715 0.02016942315449778 0.0189158667419537
0 0.5330778539733764 0.21950875211744778 0.008471157724889069 0.008752117447769622
0 0.5397337636143607 0.2217673630717109 0.005647438483259379 0.00818746470920384
0 0.5580879386849537 0.22106154714850368 0.02864058087938685 0.009599096555618294
0 0.5518354175070593 0.21315640880858272 0.003227107704719645 0.0033879164313946925
0 0.5951996772892295 0.22063805759457933 0.03993545784590561 0.012704686617730096
0 0.6212182331585316 0.22077922077922077 0.01290843081887858 0.007905138339920948
0 0.6391690197660347 0.21725014116318464 0.013311819281968536 0.016092603049124788
0 0.6837434449374747 0.2217673630717109 0.04517950786607503 0.01101072840203275
0 0.7382008874546188 0.2183794466403162 0.024203307785397338 0.016657255787690572
0 0.7708753529649052 0.22063805759457933 0.005647438483259379 0.009316770186335404
0 0.7839854780153288 0.21950875211744778 0.025413473174667203 0.01101072840203275
0 0.7801532876159741 0.2090626764539808 0.0016135538523598225 0.001976284584980237
0 0.8229124647035094 0.2264257481648786 0.0645421540943929 0.0220214568040655
0 0.8606292860024203 0.21725014116318464 0.012505042355788625 0.018351214003387916
0 0.1383622428398548 0.2704686617730096 0.021782977006857603 0.01129305477131564
0 0.1897942718838241 0.27300959909655564 0.030254134731746672 0.012987012987012988
0 0.2101653892698669 0.27851496329757197 0.02501008471157725 0.020609824957651044
0 0.23013311819281967 0.2728684359119142 0.014925373134328358 0.009316770186335404
0 0.24929407018959257 0.2727272727272727 0.022589753933037516 0.012987012987012988
0 0.3172650262202501 0.2707509881422925 0.035901573215006054 0.011857707509881422
0 0.3473174667204518 0.2694805194805195 0.01371520774505849 0.008752117447769622
0 0.35619201290843083 0.27188029361942406 0.004840661557079467 0.010163749294184076
0 0.36405808793868494 0.26355166572557875 0.0028237192416296895 0.002540937323546019
0 0.36950383219039934 0.27103331451157536 0.012101653892698669 0.010163749294184076
0 0.3973376361436063 0.26976284584980237 0.04033884630899556 0.0189158667419537
0 0.45340863251311014 0.2735742518351214 0.029850746268656716 0.02766798418972332
0 0.5135135135135135 0.26990400903444384 0.07503025413473174 0.017504234895539244
0 0.564340459862848 0.27936194240542067 0.04921339249697459 0.02456239412761152
0 0.5976200080677693 0.27738565782044045 0.003630496167809601 0.002540937323546019
0 0.6220250100847116 0.26792772444946356 0.01855586930213796 0.015810276679841896
0 0.6413876563130294 0.2682100508187465 0.022589753933037516 0.015245623941276116
0 0.6645824929407019 0.2723037831733484 0.020572811617587738 0.012704686617730096
0 0.6950383219039935 0.27315076228119706 0.014521984671238403 0.01101072840203275
0 0.7238805970149254 0.2696216826651609 0.035901573215006054 0.019762845849802372
0 0.745461879790238 0.27216261998870694 0.023396530859217425 0.010163749294184076
0 0.8168616377571601 0.27117447769621683 0.07745058491327148 0.014963297571993224
0 0.86345300524405 0.2713156408808583 0.01653892698668818 0.009599096555618294
0 0.8775716014521985 0.27300959909655564 0.01734570391286809 0.01129305477131564
0 0.14582492940701897 0.3177583286278938 0.010891488503428802 0.018351214003387916
0 0.17063331988705124 0.31959345002823264 0.033884630899556276 0.015245623941276116
0 0.22690601048810005 0.320016939582157 0.0326744655102864 0.017786561264822136
0 0.2956837434449375 0.320016939582157 0.042759177087535294 0.016092603049124788
0 0.31988705123033484 0.3246753246753247 0.004840661557079467 0.006775832862789385
0 0.327349737797499 0.3154997176736307 0.0028237192416296895 0.003105590062111801
0 0.34207341670028235 0.3210050818746471 0.02501008471157725 0.015810276679841896
0 0.381605486083098 0.32058159232072275 0.03791851553045583 0.014398644833427442
0 0.42940701895925776 0.32382834556747603 0.01653892698668818 0.009034443817052512
0 0.4475594997983058 0.3256634669678148 0.03751512706736587 0.031338226990400904
0 0.46308995562726907 0.3245341614906832 0.017749092375958047 0.009316770186335404
0 0.4883017345703913 0.32128740824393 0.02944735780556676 0.014680971202710334
0 0.5494150867285196 0.32735742518351213 0.06857603872529246 0.031338226990400904
0 0.6113352158128278 0.3201581027667984 0.02864058087938685 0.015810276679841896
0 0.6472367890278338 0.31874647092038394 0.019766034691407825 0.015245623941276116
0 0.6716417910447762 0.3231225296442688 0.03711173860427592 0.010446075663466968
0 0.699878983461073 0.3245341614906832 0.01290843081887858 0.007622811970638058
0 0.7158128277531263 0.325098814229249 0.012505042355788625 0.009316770186335404
0 0.7244856797095603 0.3245341614906832 0.00645421540943929 0.007058159232072276
0 0.7341670028237193 0.3142292490118577 0.0024203307785397336 0.0016939582156973462
0 0.7609923356192013 0.3201581027667984 0.02379991932230738 0.01129305477131564
0 0.7853973376361436 0.31832298136645965 0.021782977006857603 0.017786561264822136
0 0.8057684550221864 0.3210050818746471 0.013311819281968536 0.009034443817052512
0 0.8120209762000806 0.32368718238283456 0.016135538523598225 0.009316770186335404
0 0.8519564340459863 0.320016939582157 0.02016942315449778 0.013269339356295878
0 0.871924162968939 0.3186053077357425 0.02379991932230738 0.016092603049124788
0 0.13937071399757966 0.3709768492377188 0.01573215006050827 0.012422360248447204
0 0.16236385639370715 0.367871259175607 0.01734570391286809 0.018068887634105024
0 0.17406212182331585 0.371682665160926 0.00927793465106898 0.008752117447769622
0 0.18071803146430013 0.37323546019198195 0.004840661557079467 0.006211180124223602
0 0.18697055264219442 0.364059853190288 0.0028237192416296895 0.004234895539243365
0 0.20129084308188785 0.3687182382834557 0.022589753933037516 0.017504234895539244
0 0.22125857200484067 0.37224731789949184 0.010891488503428802 0.009881422924901186
0 0.2317466720451795 0.37140033879164314 0.01734570391286809 0.010446075663466968
0 0.26603469140782576 0.3771880293619424 0.02944735780556676 0.019762845849802372
0 0.28297700685760385 0.3632128740824393 0.0028237192416296895 0.004234895539243365
0 0.2890278338039532 0.3705533596837945 0.011698265429608713 0.009881422924901186
0 0.2942718838241226 0.3752117447769622 0.013311819281968536 0.009034443817052512
0 0.31988705123033484 0.37549407114624506 0.005647438483259379 0.010163749294184076
0 0.32674465510286405 0.3663184641445511 0.0024203307785397336 0.002540937323546019
0 0.3323920935861234 0.3753529079616036 0.01290843081887858 0.009316770186335404
0 0.34630899556272693 0.38311688311688313 0.0052440500201694235 0.00846979107848673
0 0.37394110528438884 0.37267080745341613 0.01371520774505849 0.015245623941276116
0 0.38866478418717226 0.3730942970073405 0.01008471157724889 0.008752117447769622
0 0.4062121823315853 0.3699887069452287 0.01371520774505849 0.016092603049124788
0 0.4419120613150464 0.3694240542066629 0.018959257765227916 0.013269339356295878
0 0.4505849132714804 0.3725296442687747 0.014521984671238403 0.009881422924901186
0 0.48204921339249696 0.3708356860530774 0.03872529245663574 0.016092603049124788
0 0.5175473981444131 0.37111801242236025 0.042759177087535294 0.017786561264822136
0 0.5473981444130698 0.3681535855448899 0.004033884630899556 0.00282326369282891
0 0.5532472771278741 0.3812817617165443 0.004437273093989512 0.006493506493506494
0 0.5871319080274304 0.37012987012987014 0.03993545784590561 0.020327498588368152
0 0.6292860024203307 0.37140033879164314 0.012101653892698669 0.011575381140598532
0 0.6456232351754739 0.36829474872953133 0.022993142396127472 0.017221908526256352
0 0.672448567970956 0.3728119706380576 0.03065752319483663 0.026821005081874648
0 0.6680112948769665 0.36038961038961037 0.003227107704719645 0.004799548277809147
0 0.6972569584509883 0.3725296442687747 0.011698265429608713 0.010446075663466968
0 0.7139975796692215 0.3705533596837945 0.015328761597418314 0.016657255787690572
0 0.7218636546994756 0.37450592885375494 0.014118596208148447 0.009881422924901186
0 0.7474788221056877 0.3739412761151892 0.03630496167809601 0.01101072840203275
0 0.8077853973376361 0.3718238283455675 0.043969342476805166 0.012422360248447204
0 0.8394513916901977 0.366600790513834 0.017749092375958047 0.016657255787690572
0 0.8511496571198064 0.36984754376058726 0.016135538523598225 0.009599096555618294
0 0.8580072609923356 0.3725296442687747 0.015328761597418314 0.009881422924901186
0 0.8682936668011295 0.3824110671936759 0.012505042355788625 0.011575381140598532
0 0.14199273900766438 0.4191134952004517 0.01371520774505849 0.020045172219085264
0 0.15933844292053248 0.41883116883116883 0.02016942315449778 0.018351214003387916
0 0.1718434852763211 0.43054771315640883 0.02743041549011698 0.024280067758328628
0 0.21520774505849133 0.4230660643704122 0.012505042355788625 0.009881422924901186
0 0.23215006050826947 0.4192546583850932 0.014118596208148447 0.01637492941840768
0 0.23840258168616377 0.42193675889328064 0.004840661557079467 0.007622811970638058
0 0.245663574021783 0.41219649915302087 0.003227107704719645 0.00282326369282891
0 0.2581686163775716 0.41967814793901753 0.026623638563937072 0.0189158667419537
0 0.32432432432432434 0.4205251270468662 0.07260992335619201 0.01948051948051948
0 0.3745461879790238 0.43153585544889894 0.021379588543767647 0.02456239412761152
0 0.36829366680112946 0.41459627329192544 0.0024203307785397336 0.004234895539243365
0 0.4209358612343687 0.4222190852625635 0.011698265429608713 0.00818746470920384
0 0.436264622831787 0.4212309429700734 0.010891488503428802 0.00846979107848673
0 0.45461879790237997 0.4191134952004517 0.02016942315449778 0.016092603049124788
0 0.49858814037918514 0.42080745341614906 0.04195240016135539 0.015527950310559006
0 0.5233965308592174 0.42843026538678713 0.018959257765227916 0.018351214003387916
0 0.5352964905203711 0.42377188029361945 0.004840661557079467 0.007905138339920948
0 0.5516337232755143 0.42603049124788256 0.020572811617587738 0.007905138339920948
0 0.5502218636546995 0.41883116883116883 0.015328761597418314 0.016092603049124788
0 0.5467930617184349 0.4105025409373235 0.002016942315449778 0.00282326369282891
0 0.5871319080274304 0.4205251270468662 0.014925373134328358 0.016092603049124788
0 0.6048810004033884 0.4222190852625635 0.02379991932230738 0.017786561264822136
0 0.645018152480839 0.43040654997176736 0.01936264622831787 0.01948051948051948
0 0.6861637757160145 0.4243365330321852 0.0572811617587737 0.012422360248447204
0 0.727107704719645 0.42476002258610956 0.020572811617587738 0.01101072840203275
0 0.7775312626058895 0.42264257481648787 0.027833803953206938 0.024844720496894408
0 0.8027430415490117 0.4213721061547149 0.01371520774505849 0.012704686617730096
0 0.8069786204114562 0.42814793901750425 0.010891488503428802 0.008752117447769622
0 0.8229124647035094 0.4225014116318464 0.014521984671238403 0.01383399209486166
0 0.837232755143203 0.4227837380011293 0.014118596208148447 0.009881422924901186
0 0.8537716821298911 0.42419536984754375 0.01573215006050827 0.007058159232072276
0 0.15469947559499797 0.475296442687747 0.043162565550625254 0.029079616036137776
0 0.1918112141992739 0.4751552795031056 0.019766034691407825 0.009599096555618294
0 0.18354175070592982 0.4673913043478261 0.0024203307785397336 0.004799548277809147
0 0.2607906413876563 0.47063805759457933 0.056070996369503835 0.01637492941840768
0 0.3206938281565147 0.4730378317334839 0.01936264622831787 0.012704686617730096
0 0.3434852763210972 0.4723320158102767 0.01653892698668818 0.014116318464144552
0 0.37938684953610324 0.47473178994918125 0.02864058087938685 0.011575381140598532
0 0.40217829770068575 0.47571993224167136 0.03146430012101654 0.009599096555618294
0 0.4288019362646228 0.4761434217955957 0.015328761597418314 0.009316770186335404
0 0.44473578055667606 0.4754376058723885 0.013311819281968536 0.00846979107848673
0 0.47337636143606293 0.47289666854884244 0.040742234772085516 0.015810276679841896
0 0.5316659943525616 0.47571993224167136 0.04437273093989512 0.01129305477131564
0 0.5562726906010488 0.47656691134952006 0.01371520774505849 0.01129305477131564
0 0.5709963695038321 0.4813664596273292 0.0028237192416296895 0.002258610954263128
0 0.5964098426784994 0.47444946357989837 0.02218636546994756 0.016092603049124788
0 0.6292860024203307 0.4731789949181254 0.03711173860427592 0.012987012987012988
0 0.6748688987494957 0.47063805759457933 0.02501008471157725 0.01637492941840768
0 0.699677289229528 0.4723320158102767 0.021379588543767647 0.007905138339920948
0 0.7347720855183542 0.46936758893280633 0.026220250100847116 0.01383399209486166
0 0.7601855586930214 0.47035573122529645 0.020572811617587738 0.01693958215697346
0 0.7918515530455829 0.4683794466403162 0.01371520774505849 0.015810276679841896
0 0.8098023396530859 0.46852060982495763 0.02218636546994756 0.016657255787690572
0 0.1553045582896329 0.5203274985883681 0.029850746268656716 0.020892151326933936
0 0.18293666801129488 0.5248447204968945 0.013311819281968536 0.010728402032749858
0 0.18939088342073418 0.5279503105590062 0.01653892698668818 0.010728402032749858
0 0.20532472771278742 0.5262563523433089 0.01290843081887858 0.010163749294184076
0 0.23961274707543365 0.5271033314511575 0.06696248487293263 0.011857707509881422
0 0.2835820895522388 0.5221626199887069 0.01855586930213796 0.018351214003387916
0 0.3402581686163776 0.5230095990965556 0.06252521177894312 0.016092603049124788
0 0.4173053650665591 0.5225861095426313 0.02702702702702703 0.009034443817052512
0 0.44050020169423154 0.5189158667419537 0.017749092375958047 0.018633540372670808
0 0.45683743444937475 0.5249858836815359 0.013311819281968536 0.012140033879164314
0 0.509883017345704 0.5208921513269339 0.03630496167809601 0.01693958215697346
0 0.563331988705123 0.5197628458498024 0.035901573215006054 0.01693958215697346
0 0.581686163775716 0.5231507622811971 0.004840661557079467 0.00846979107848673
0 0.6070996369503833 0.5191981931112366 0.03630496167809601 0.015810276679841896
0 0.5921742638160549 0.5118577075098815 0.0024203307785397336 0.00282326369282891
0 0.6286809197256958 0.5239977413890458 0.012505042355788625 0.010728402032749858
0 0.6861637757160145 0.5213156408808582 0.06696248487293263 0.017221908526256352
0 0.7331585316659943 0.5230095990965556 0.024606696248487294 0.012140033879164314
0 0.7559499798305769 0.5199040090344438 0.022589753933037516 0.016657255787690572
0 0.7884227511093183 0.5210333145115754 0.04961678096006454 0.016092603049124788
0 0.836224283985478 0.5225861095426313 0.01936264622831787 0.009034443817052512
0 0.8386446147640177 0.5101637492941841 0.0024203307785397336 0.0016939582156973462
0 0.15409439290036306 0.5698757763975155 0.024203307785397338 0.0189158667419537
0 0.17265026220250101 0.5722755505364201 0.011294876966518758 0.010163749294184076
0 0.18394513916901978 0.57128740824393 0.012101653892698669 0.010446075663466968
0 0.19423154497781364 0.5721343873517787 0.01008471157724889 0.012140033879164314
0 0.2055264219443324 0.5734048560135516 0.014925373134328358 0.010163749294184076
0 0.24041952400161357 0.5656408808582721 0.010488100040338847 0.012704686617730096
0 0.23961274707543365 0.5766516092603049 0.003227107704719645 0.002540937323546019
