0 0.14421137555465913 0.21527385657820441 0.020572811617587738 0.017221908526256352
0 0.16256555062525213 0.21569734613212874 0.02016942315449778 0.014680971202710334
0 0.18233158531665994 0.21640316205533597 0.016135538523598225 0.017221908526256352
0 0.20512303348124244 0.2171089779785432 0.022993142396127472 0.019198193111236588
0 0.2573618394513917 0.21682665160926032 0.017749092375958047 0.01693958215697346
0 0.2799515933844292 0.2165443252399774 0.010488100040338847 0.015810276679841896
0 0.3019362646228318 0.21513269339356295 0.01734570391286809 0.01693958215697346
0 0.32755143202904397 0.21626199887069453 0.021782977006857603 0.019198193111236588
0 0.3426784993949173 0.217673630717109 0.00927793465106898 0.015245623941276116
0 0.3588140379185155 0.21781479390175043 0.018152480839048003 0.014963297571993224
0 0.3646631706333199 0.2090626764539808 0.01290843081887858 0.002540937323546019
0 0.40540540540540543 0.2199322416713721 0.021782977006857603 0.010728402032749858
0 0.4227511093182735 0.2199322416713721 0.008067769261799113 0.010163749294184076
0 0.4292053247277128 0.22092038396386224 0.005647438483259379 0.009881422924901186
0 0.4376764824526019 0.21230942970073405 0.004033884630899556 0.002258610954263128
0 0.4483662767244857 0.21739130434782608 0.02218636546994756 0.017504234895539244
0 0.46752722872125857 0.22035573122529645 0.012101653892698669 0.010446075663466968
0 0.48426784993949173 0.22374364765669114 0.0028237192416296895 0.001976284584980237
0 0.48769665187575634 0.21894409937888198 0.0024203307785397336 0.001976284584980237
0 0.527027027027027 0.21640316205533597 0.02379991932230738 0.017786561264822136
0 0.5429608713190803 0.22162619988706944 0.008874546187979023 0.009599096555618294
0 0.5484066155707946 0.2274138904573687 0.0028237192416296895 0.001976284584980237
0 0.5839048003227107 0.2155561829474873 0.02218636546994756 0.017221908526256352
0 0.6218233158531666 0.2186617730095991 0.06010488100040339 0.010446075663466968
0 0.6748688987494957 0.21640316205533597 0.03791851553045583 0.017221908526256352
0 0.6615570794675272 0.2077922077922078 0.003227107704719645 0.002258610954263128
0 0.7014925373134329 0.22106154714850368 0.01371520774505849 0.00846979107848673
0 0.7311415893505446 0.2248729531338227 0.022993142396127472 0.018351214003387916
0 0.7503025413473174 0.22035573122529645 0.014521984671238403 0.008752117447769622
0 0.7662363856393707 0.21922642574816487 0.014118596208148447 0.00818746470920384
0 0.7730939895119 0.220214568040655 0.01573215006050827 0.007905138339920948
0 0.8108108108108109 0.2165443252399774 0.024203307785397338 0.01637492941840768
0 0.8334005647438483 0.2236024844720497 0.020976200080677694 0.014116318464144552
0 0.13695038321903993 0.27851496329757197 0.01573215006050827 0.021174477696216828
0 0.14945542557482855 0.27442123094297005 0.00927793465106898 0.009599096555618294
0 0.15611133521581283 0.27498588368153587 0.00645421540943929 0.007340485601355167
0 0.16760790641387657 0.275974025974026 0.013311819281968536 0.00818746470920384
0 0.16518757563533684 0.26665725578769056 0.0028237192416296895 0.002540937323546019
0 0.18293666801129488 0.2756916996047431 0.010891488503428802 0.009316770186335404
0 0.19160951996772893 0.27555053642010163 0.004033884630899556 0.006211180124223602
0 0.19887051230334812 0.2658102766798419 0.003227107704719645 0.001976284584980237
0 0.21601452198467125 0.27639751552795033 0.02379991932230738 0.031055900621118012
0 0.2579669221460266 0.27032749858836813 0.014925373134328358 0.016657255787690572
0 0.2648245260185559 0.27498588368153587 0.014925373134328358 0.00846979107848673
0 0.30233965308592176 0.27004517221908525 0.010891488503428802 0.014398644833427442
0 0.3208955223880597 0.2691981931112366 0.02379991932230738 0.014398644833427442
0 0.3799919322307382 0.2673630717108978 0.041145623235175476 0.019762845849802372
0 0.4056070996369504 0.26750423489553926 0.01008471157724889 0.0189158667419537
0 0.45240016135538524 0.27089215132693395 0.02702702702702703 0.008752117447769622
0 0.46591367486889873 0.2715979672501412 0.01290843081887858 0.009599096555618294
0 0.4784187172246874 0.27117447769621683 0.010488100040338847 0.009881422924901186
0 0.5274304154901169 0.26792772444946356 0.021379588543767647 0.014116318464144552
0 0.5409439290036305 0.27060982495765107 0.012101653892698669 0.008752117447769622
0 0.5536506655909641 0.27004517221908525 0.008471157724889069 0.009316770186335404
0 0.5683743444937475 0.2682100508187465 0.012101653892698669 0.017504234895539244
0 0.5826946349334409 0.2672219085262564 0.019766034691407825 0.015527950310559006
0 0.5992335619201291 0.2707509881422925 0.006857603872529245 0.012422360248447204
0 0.6111335215812828 0.27315076228119706 0.023396530859217425 0.009881422924901186
0 0.6524808390480032 0.2683512140033879 0.01734570391286809 0.016092603049124788
0 0.6706333198870512 0.26905702992659514 0.025413473174667203 0.014680971202710334
0 0.690399354578459 0.27188029361942406 0.012505042355788625 0.006775832862789385
0 0.7041145623235175 0.26778656126482214 0.014118596208148447 0.014398644833427442
0 0.7168212989108511 0.2715979672501412 0.01371520774505849 0.010163749294184076
0 0.7269060104881 0.27188029361942406 0.00645421540943929 0.00846979107848673
0 0.7390076643807987 0.27343308865047994 0.015328761597418314 0.007622811970638058
0 0.7331585316659943 0.2649632975719932 0.002016942315449778 0.001976284584980237
0 0.7749092375958048 0.2707509881422925 0.01290843081887858 0.007340485601355167
0 0.7882210568777733 0.2701863354037267 0.01290843081887858 0.011857707509881422
0 0.826946349334409 0.2670807453416149 0.023396530859217425 0.015245623941276116
0 0.8465106897942719 0.2714568040654997 0.01573215006050827 0.009881422924901186
0 0.8463089955627269 0.26242236024844723 0.0024203307785397336 0.0036702428006775835
0 0.13432835820895522 0.32368718238283456 0.008874546187979023 0.010446075663466968
0 0.14158935054457442 0.3255223037831734 0.016942315449778138 0.009599096555618294
0 0.16155707946752723 0.32058159232072275 0.02218636546994756 0.016657255787690572
0 0.1772892295280355 0.32298136645962733 0.006857603872529245 0.00846979107848673
0 0.1865671641791045 0.3235460191981931 0.020572811617587738 0.009599096555618294
0 0.23416700282371924 0.3232636928289102 0.019766034691407825 0.023715415019762844
0 0.24808390480032272 0.3235460191981931 0.011294876966518758 0.007905138339920948
0 0.2688584106494554 0.3242518351214003 0.03751512706736587 0.009316770186335404
0 0.3194836627672449 0.3201581027667984 0.02501008471157725 0.014680971202710334
0 0.3412666397741025 0.32382834556747603 0.02581686163775716 0.010163749294184076
0 0.3618394513916902 0.3201581027667984 0.011294876966518758 0.015810276679841896
0 0.3961274707543364 0.3201581027667984 0.0572811617587737 0.017504234895539244
0 0.4554255748285599 0.3294748729531338 0.02581686163775716 0.02258610954263128
0 0.4774102460669625 0.3234048560135517 0.02702702702702703 0.012140033879164314
0 0.50040338846309 0.3188876341050254 0.020572811617587738 0.018351214003387916
0 0.5189592577652279 0.3221343873517787 0.010891488503428802 0.009599096555618294
0 0.5294473578055667 0.322557876905703 0.014118596208148447 0.009316770186335404
0 0.5546591367486889 0.32707509881422925 0.033884630899556276 0.03077357425183512
0 0.5738200887454619 0.32608695652173914 0.003630496167809601 0.002258610954263128
0 0.6040742234772085 0.31620553359683795 0.01653892698668818 0.017504234895539244
0 0.6175877369907221 0.32086391869000563 0.012101653892698669 0.009316770186335404
0 0.6504638967325534 0.322557876905703 0.014118596208148447 0.009881422924901186
0 0.6663977410246067 0.32156973461321287 0.009681323114158934 0.006775832862789385
0 0.6968535699878984 0.32241671372106157 0.05445744251714401 0.009034443817052512
0 0.7329568374344494 0.3210050818746471 0.012101653892698669 0.007340485601355167
0 0.7565550625252118 0.3201581027667984 0.03509479628882614 0.009599096555618294
0 0.7783380395320694 0.31719367588932806 0.00927793465106898 0.016092603049124788
0 0.809197256958451 0.3177583286278938 0.020976200080677694 0.014963297571993224
0 0.8259378781766842 0.3207227555053642 0.00927793465106898 0.010163749294184076
0 0.8334005647438483 0.3255223037831734 0.003227107704719645 0.00282326369282891
0 0.14138765631302944 0.37337662337662336 0.011698265429608713 0.020609824957651044
0 0.15207745058491326 0.37732919254658387 0.01371520774505849 0.010446075663466968
0 0.16296893908834206 0.37662337662337664 0.004840661557079467 0.009034443817052512
0 0.17164179104477612 0.3769057029926595 0.01008471157724889 0.01129305477131564
0 0.16942315449778136 0.3687182382834557 0.0024203307785397336 0.0033879164313946925
0 0.22287212585720048 0.3695652173913043 0.02379991932230738 0.018068887634105024
0 0.23840258168616377 0.3747882552230378 0.012101653892698669 0.011575381140598532
0 0.25131101250504234 0.3746470920383964 0.012101653892698669 0.010163749294184076
0 0.2755143202904397 0.37027103331451156 0.03307785397337636 0.017786561264822136
0 0.299919322307382 0.37450592885375494 0.014118596208148447 0.00818746470920384
0 0.3128277531262606 0.37012987012987014 0.010891488503428802 0.01693958215697346
0 0.32331585316659944 0.38085827216261997 0.006857603872529245 0.010728402032749858
0 0.3719241629689391 0.3705533596837945 0.04437273093989512 0.016657255787690572
0 0.40681726502622023 0.37351778656126483 0.018152480839048003 0.009034443817052512
0 0.4322307382008875 0.3705533596837945 0.02702702702702703 0.014963297571993224
0 0.42496974586526826 0.3650479954827781 0.0028237192416296895 0.00282326369282891
0 0.46228317870108915 0.3708356860530774 0.02581686163775716 0.017221908526256352
0 0.481444130697862 0.3730942970073405 0.01008471157724889 0.009316770186335404
0 0.49596611536910046 0.37337662337662336 0.01734570391286809 0.009881422924901186
0 0.5153287615974184 0.3697063805759458 0.01573215006050827 0.013269339356295878
0 0.5237999193223074 0.3739412761151892 0.013311819281968536 0.009316770186335404
0 0.5381202097620008 0.3728119706380576 0.010488100040338847 0.009316770186335404
0 0.5482049213392497 0.38071710897797856 0.023396530859217425 0.021174477696216828
0 0.5665590964098427 0.38071710897797856 0.007664380798709157 0.010446075663466968
0 0.6050826946349335 0.37337662337662336 0.04679306171843485 0.014963297571993224
0 0.6657926583299718 0.3719649915302089 0.025413473174667203 0.016092603049124788
0 0.6827349737797499 0.3738001129305477 0.011698265429608713 0.009599096555618294
0 0.6926179911254539 0.37704686617730093 0.004033884630899556 0.002540937323546019
0 0.7204517950786608 0.36900056465273856 0.016942315449778138 0.019198193111236588
0 0.7361839451391691 0.37295313382269907 0.010488100040338847 0.007905138339920948
0 0.7480839048003227 0.3730942970073405 0.013311819281968536 0.008752117447769622
0 0.7761194029850746 0.37224731789949184 0.041145623235175476 0.009316770186335404
0 0.8170633319887052 0.366600790513834 0.018959257765227916 0.01383399209486166
0 0.8400564743848326 0.3687182382834557 0.0391286809197257 0.01637492941840768
0 0.8592174263816055 0.37888198757763975 0.03307785397337636 0.019762845849802372
0 0.8759580475998386 0.3791643139469226 0.007664380798709157 0.007340485601355167
0 0.1863654699475595 0.42504234895539245 0.09762000806776926 0.018351214003387916
0 0.2525211778943122 0.42730095990965555 0.021782977006857603 0.009881422924901186
0 0.28055667607906415 0.4230660643704122 0.04235578862444534 0.016092603049124788
0 0.3098023396530859 0.41981931112365894 0.011294876966518758 0.01355166572557877
0 0.3208955223880597 0.42080745341614906 0.010891488503428802 0.017786561264822136
0 0.3563937071399758 0.41967814793901753 0.008471157724889069 0.017786561264822136
0 0.36688180718031466 0.4192546583850932 0.018152480839048003 0.015810276679841896
0 0.3989511899959661 0.41967814793901753 0.04195240016135539 0.018351214003387916
0 0.427390076643808 0.42518351214003386 0.010891488503428802 0.006775832862789385
0 0.42940701895925776 0.41770186335403725 0.0028237192416296895 0.002540937323546019
0 0.44130697862041146 0.4257481648785997 0.009681323114158934 0.010163749294184076
0 0.4550221863654699 0.42518351214003386 0.01371520774505849 0.010163749294184076
0 0.4899152884227511 0.4205251270468662 0.019766034691407825 0.017786561264822136
0 0.5086728519564341 0.4253246753246753 0.01290843081887858 0.009881422924901186
0 0.5225897539330375 0.4246188594014681 0.018152480839048003 0.009599096555618294
0 0.5425574828559904 0.41953698475437606 0.016942315449778138 0.017504234895539244
0 0.5496167809600645 0.4253246753246753 0.012505042355788625 0.009316770186335404
0 0.5687777329568374 0.43068887634105024 0.022589753933037516 0.022303783173348392
0 0.6028640580879386 0.42715979672501414 0.022993142396127472 0.02710333145115754
0 0.618192819685357 0.4243365330321852 0.014118596208148447 0.006211180124223602
0 0.6304961678096006 0.42419536984754375 0.009681323114158934 0.009316770186335404
0 0.6750705929810408 0.423630717108978 0.025413473174667203 0.009881422924901186
0 0.72730939895119 0.41981931112365894 0.02581686163775716 0.01693958215697346
0 0.7468737394110528 0.4227837380011293 0.01008471157724889 0.006493506493506494
0 0.7593787817668415 0.4234895539243365 0.01008471157724889 0.00846979107848673
0 0.7781363453005244 0.41770186335403725 0.004840661557079467 0.005928853754940711
0 0.7882210568777733 0.422360248447205 0.01290843081887858 0.009599096555618294
0 0.8162565550625253 0.41770186335403725 0.013311819281968536 0.01383399209486166
0 0.8321903993545785 0.41883116883116883 0.029043969342476807 0.012704686617730096
0 0.8535699878983461 0.41967814793901753 0.01936264622831787 0.012140033879164314
0 0.15207745058491326 0.47501411631846413 0.03146430012101654 0.014963297571993224
0 0.20512303348124244 0.472755505364201 0.021379588543767647 0.016092603049124788
0 0.22327551432029044 0.47459062676453984 0.013311819281968536 0.007905138339920948
0 0.23436869705526422 0.47247317899491814 0.008874546187979023 0.014963297571993224
0 0.2519160951996773 0.4762845849802372 0.035901573215006054 0.00846979107848673
0 0.2811617587736991 0.47459062676453984 0.010488100040338847 0.007905138339920948
0 0.2791448164582493 0.46612083568605306 0.0024203307785397336 0.00282326369282891
0 0.2898346107301331 0.47684923771880294 0.01008471157724889 0.009034443817052512
0 0.3065752319483663 0.4733201581027668 0.01371520774505849 0.014398644833427442
0 0.32513110125050426 0.4784020327498588 0.026623638563937072 0.026256352343308864
0 0.36829366680112946 0.4730378317334839 0.029850746268656716 0.015527950310559006
0 0.39310205728116177 0.47586109542631283 0.012505042355788625 0.00818746470920384
0 0.4058087938684954 0.47557876905702995 0.02016942315449778 0.010446075663466968
0 0.427390076643808 0.4792490118577075 0.003630496167809601 0.002540937323546019
0 0.46651875756353367 0.4719085262563523 0.02702702702702703 0.0189158667419537
0 0.4923356192012908 0.47473178994918125 0.018959257765227916 0.01101072840203275
0 0.509479628882614 0.4717673630717109 0.01855586930213796 0.015810276679841896
0 0.5256151674062122 0.4719085262563523 0.03469140782573618 0.015527950310559006
0 0.5498184751916095 0.4754376058723885 0.04517950786607503 0.010163749294184076
0 0.5788624445340863 0.4741671372106155 0.011294876966518758 0.009316770186335404
0 0.5968132311415894 0.4720496894409938 0.012505042355788625 0.01355166572557877
0 0.6234368697055265 0.47473178994918125 0.006857603872529245 0.010446075663466968
0 0.6335215812827754 0.4741671372106155 0.014925373134328358 0.010446075663466968
0 0.6308995562726906 0.46809712027103334 0.0024203307785397336 0.00282326369282891
0 0.6676079064138766 0.47473178994918125 0.03065752319483663 0.010446075663466968
0 0.718233158531666 0.47557876905702995 0.08188785800726099 0.021739130434782608
0 0.7952803549818476 0.4697910784867307 0.02379991932230738 0.014680971202710334
0 0.8168616377571601 0.4717673630717109 0.01371520774505849 0.007340485601355167
0 0.8404598628479225 0.4762845849802372 0.033481242436466316 0.02710333145115754
0 0.14905203711173862 0.5227272727272727 0.025413473174667203 0.018351214003387916
0 0.2146026623638564 0.52343308865048 0.0645421540943929 0.018633540372670808
0 0.2880193626462283 0.5232919254658385 0.01371520774505849 0.01383399209486166
0 0.3096006454215409 0.5245623941276115 0.022993142396127472 0.015245623941276116
0 0.35599031867688585 0.5235742518351214 0.043162565550625254 0.016092603049124788
0 0.38221056877773296 0.5262563523433089 0.008471157724889069 0.009599096555618294
0 0.42154094392900365 0.525691699604743 0.01290843081887858 0.00846979107848673
0 0.43707139975796694 0.5317617165443252 0.0326744655102864 0.0189158667419537
0 0.46107301331181927 0.5255505364201016 0.01290843081887858 0.009881422924901186
0 0.5038321903993546 0.527244494635799 0.023396530859217425 0.0251270468661773
0 0.5157321500605083 0.5261151891586674 0.012505042355788625 0.007058159232072276
0 0.5306575231948366 0.5245623941276115 0.011698265429608713 0.009034443817052512
0 0.572609923356192 0.5278091473743648 0.0463896732553449 0.009881422924901186
0 0.6101250504235579 0.5230095990965556 0.02218636546994756 0.015527950310559006
0 0.6313029447357805 0.5268210050818747 0.02501008471157725 0.024844720496894408
0 0.6308995562726906 0.516798418972332 0.0024203307785397336 0.001976284584980237
0 0.6446147640177491 0.5249858836815359 0.004840661557079467 0.006493506493506494
0 0.6750705929810408 0.5215979672501412 0.045582896329164985 0.014398644833427442
0 0.6639774102460669 0.5124223602484472 0.0024203307785397336 0.002258610954263128
0 0.7057281161758774 0.5221626199887069 0.011698265429608713 0.01101072840203275
0 0.7065348931020573 0.5152456239412762 0.003630496167809601 0.00282326369282891
0 0.7172246873739411 0.5248447204968945 0.010488100040338847 0.010163749294184076
0 0.7287212585720049 0.5247035573122529 0.013311819281968536 0.008752117447769622
0 0.781363453005244 0.5200451722190853 0.020976200080677694 0.017504234895539244
0 0.8164582492940702 0.5194805194805194 0.014521984671238403 0.01637492941840768
0 0.836627672448568 0.5206098249576511 0.02501008471157725 0.017504234895539244
0 0.14521984671238403 0.5770750988142292 0.02016942315449778 0.014116318464144552
0 0.16841468334005646 0.577922077922078 0.020572811617587738 0.010163749294184076
0 0.21803146430012102 0.575098814229249 0.02218636546994756 0.01693958215697346
0 0.2507059298104074 0.5759457933370977 0.040742234772085516 0.017504234895539244
0 0.2690601048810004 0.5783455674760023 0.004033884630899556 0.006493506493506494
0 0.2779346510689794 0.5688876341050254 0.0024203307785397336 0.00282326369282891
0 0.29064138765631303 0.5739695087521175 0.021379588543767647 0.014116318464144552
0 0.3085921742638161 0.5718520609824957 0.010488100040338847 0.01383399209486166
0 0.3128277531262606 0.5759457933370977 0.0052440500201694235 0.007905138339920948
0 0.32311415893505446 0.5762281197063805 0.01290843081887858 0.007340485601355167
0 0.3227107704719645 0.5667701863354038 0.003227107704719645 0.003105590062111801
0 0.33521581282775315 0.5763692828910221 0.008874546187979023 0.009881422924901186
0 0.36506655909640984 0.5821569734613213 0.01371520774505849 0.014680971202710334
0 0.3785800726099234 0.5777809147374364 0.011698265429608713 0.008752117447769622
0 0.3882613957240823 0.5787690570299266 0.014118596208148447 0.007340485601355167
0 0.40500201694231547 0.5774985883681536 0.014521984671238403 0.009881422924901186
0 0.4146833400564744 0.5782044042913608 0.004033884630899556 0.007905138339920948
0 0.4247680516337233 0.5787690570299266 0.01290843081887858 0.007340485601355167
0 0.42496974586526826 0.571005081874647 0.0028237192416296895 0.0036702428006775835
0 0.4505849132714804 0.5749576510446076 0.03469140782573618 0.016657255787690572
0 0.5026220250100847 0.5739695087521175 0.029043969342476807 0.018068887634105024
0 0.5302541347317467 0.577922077922078 0.024606696248487294 0.00846979107848673
0 0.5822912464703509 0.5736871823828346 0.04477611940298507 0.01693958215697346
0 0.627470754336426 0.5741106719367589 0.010891488503428802 0.00818746470920384
0 0.6395724082291246 0.5745341614906833 0.013311819281968536 0.009599096555618294
0 0.654901169826543 0.57128740824393 0.026220250100847116 0.016657255787690572
0 0.6738604275917709 0.5752399774138904 0.011698265429608713 0.008752117447769622
0 0.7059298104074223 0.5752399774138904 0.020976200080677694 0.011575381140598532
0 0.7059298104074223 0.5669113495200452 0.0024203307785397336 0.00282326369282891
0 0.7565550625252118 0.5752399774138904 0.05445744251714401 0.01101072840203275
0 0.7888261395724082 0.5662055335968379 0.0028237192416296895 0.004234895539243365
0 0.7960871319080274 0.5745341614906833 0.011698265429608713 0.007905138339920948
0 0.8150463896732554 0.5695934500282326 0.01653892698668818 0.014963297571993224
0 0.8263412666397741 0.5755223037831734 0.019766034691407825 0.009881422924901186
0 0.8388463089955627 0.5688876341050254 0.003630496167809601 0.00282326369282891
0 0.8576038725292456 0.5724167137210615 0.03872529245663574 0.016657255787690572
0 0.1327148043565954 0.6305759457933371 0.004840661557079467 0.009316770186335404
0 0.14300121016538928 0.6294466403162056 0.010891488503428802 0.007058159232072276
0 0.1399757966922146 0.6205533596837944 0.0024203307785397336 0.003952569169960474
0 0.19302137958854376 0.6252117447769622 0.027833803953206938 0.017786561264822136
0 0.20754336425978218 0.6283173348390739 0.013311819281968536 0.008752117447769622
0 0.22509076240419523 0.627046866177301 0.011294876966518758 0.009034443817052512
0 0.25312626058894716 0.6240824392998306 0.03670835014118596 0.016657255787690572
0 0.27853973376361435 0.6269057029926595 0.00927793465106898 0.009316770186335404
0 0.28842275110931825 0.6280350084697911 0.011294876966518758 0.009881422924901186
0 0.3348124243646632 0.6236589497459063 0.014521984671238403 0.01637492941840768
0 0.3612343686970553 0.623235460191982 0.03509479628882614 0.016092603049124788
0 0.4005647438483259 0.623235460191982 0.029043969342476807 0.016092603049124788
0 0.417910447761194 0.6277526821005082 0.01290843081887858 0.012704686617730096
0 0.42839854780153286 0.6264822134387352 0.005647438483259379 0.007340485601355167
0 0.4505849132714804 0.6312817617165444 0.03307785397337636 0.014116318464144552
0 0.436466317063332 0.6214003387916431 0.004033884630899556 0.00564652738565782
