0 0.1399757966922146 0.2149915302089215 0.008067769261799113 0.017221908526256352
0 0.15147236789027835 0.21357989836250707 0.011698265429608713 0.016092603049124788
0 0.16115369100443727 0.21753246753246752 0.014925373134328358 0.01101072840203275
0 0.19927390076643808 0.21513269339356295 0.016942315449778138 0.018068887634105024
0 0.20371117386042759 0.21964991530208922 0.01936264622831787 0.009599096555618294
0 0.23013311819281967 0.22063805759457933 0.027833803953206938 0.012140033879164314
0 0.2490923759580476 0.22190852625635235 0.01734570391286809 0.011857707509881422
0 0.29951593384429204 0.21640316205533597 0.04800322710770472 0.020609824957651044
0 0.32432432432432434 0.22092038396386224 0.017749092375958047 0.009316770186335404
0 0.36163775716014523 0.21823828345567475 0.027833803953206938 0.01129305477131564
0 0.382008874546188 0.21640316205533597 0.014521984671238403 0.01948051948051948
0 0.40782573618394513 0.2140033879164314 0.012101653892698669 0.017504234895539244
0 0.42396127470754336 0.21527385657820441 0.022589753933037516 0.017786561264822136
0 0.4673255344897136 0.2140033879164314 0.014118596208148447 0.017504234895539244
0 0.4735780556676079 0.217673630717109 0.008067769261799113 0.009599096555618294
0 0.4957644211375555 0.22007340485601354 0.033884630899556276 0.009881422924901186
0 0.4878983461073013 0.20976849237718803 0.003630496167809601 0.002258610954263128
0 0.536506655909641 0.21583850931677018 0.020976200080677694 0.016657255787690572
0 0.5465913674868899 0.22035573122529645 0.004033884630899556 0.007622811970638058
0 0.5578862444534086 0.21894409937888198 0.01936264622831787 0.009881422924901186
0 0.5534489713594192 0.21047430830039526 0.0024203307785397336 0.001976284584980237
0 0.5752319483662768 0.21950875211744778 0.01371520774505849 0.009881422924901186
0 0.5740217829770069 0.20934500282326368 0.004033884630899556 0.002540937323546019
0 0.59116579265833 0.21470920383963862 0.020572811617587738 0.0189158667419537
0 0.609721661960468 0.2186617730095991 0.00927793465106898 0.009316770186335404
0 0.6494554255748286 0.21880293619424054 0.03307785397337636 0.010728402032749858
0 0.6958450988301734 0.21894409937888198 0.03227107704719645 0.01101072840203275
0 0.7200484066155708 0.21908526256352343 0.016942315449778138 0.010163749294184076
0 0.7390076643807987 0.21753246753246752 0.01371520774505849 0.010446075663466968
0 0.7571601452198468 0.2140033879164314 0.016942315449778138 0.015810276679841896
0 0.7777329568374345 0.22826086956521738 0.028237192416296894 0.028514963297571992
0 0.7706736587333602 0.20736871823828346 0.0028237192416296895 0.003105590062111801
0 0.136345300524405 0.2769621682665161 0.016942315449778138 0.020327498588368152
0 0.1555062525211779 0.2717391304347826 0.022993142396127472 0.009881422924901186
0 0.19483662767244858 0.26778656126482214 0.05486083098023396 0.017786561264822136
0 0.23336022589753933 0.27442123094297005 0.002016942315449778 0.0016939582156973462
0 0.2682533279548205 0.2686335403726708 0.022589753933037516 0.020609824957651044
0 0.28620411456232353 0.2715979672501412 0.010891488503428802 0.01129305477131564
0 0.34590560709963697 0.2683512140033879 0.06897942718838242 0.021174477696216828
0 0.38765631302944736 0.2792207792207792 0.035498184751916094 0.025974025974025976
0 0.4461476401774909 0.2676453980801807 0.03065752319483663 0.019762845849802372
0 0.4663170633319887 0.2735742518351214 0.014521984671238403 0.01129305477131564
0 0.5171440096813231 0.27089215132693395 0.04679306171843485 0.01101072840203275
0 0.5556676079064139 0.27060982495765107 0.045582896329164985 0.012704686617730096
0 0.5804759983864461 0.2684923771880294 0.007260992335619202 0.018633540372670808
0 0.6222267043162566 0.27300959909655564 0.02702702702702703 0.030491247882552232
0 0.6468334005647438 0.2684923771880294 0.010891488503428802 0.017504234895539244
0 0.6665994352561517 0.2684923771880294 0.02379991932230738 0.018633540372670808
0 0.7027027027027027 0.26990400903444384 0.008067769261799113 0.010163749294184076
0 0.7097620008067769 0.2707509881422925 0.0052440500201694235 0.007905138339920948
0 0.718636546994756 0.2696216826651609 0.014118596208148447 0.012987012987012988
0 0.7377974989915288 0.2676453980801807 0.021782977006857603 0.01637492941840768
0 0.7763210972166196 0.2728684359119142 0.025413473174667203 0.028514963297571992
0 0.8057684550221864 0.27103331451157536 0.022993142396127472 0.010728402032749858
0 0.14239612747075434 0.32058159232072275 0.015328761597418314 0.01383399209486166
0 0.15691811214199275 0.31733483907396953 0.015328761597418314 0.01637492941840768
0 0.16236385639370715 0.3211462450592885 0.01008471157724889 0.009881422924901186
0 0.17265026220250101 0.32156973461321287 0.015328761597418314 0.00846979107848673
0 0.19483662767244858 0.3296160361377753 0.024203307785397338 0.025691699604743084
0 0.24041952400161357 0.32284020327498586 0.012101653892698669 0.01101072840203275
0 0.2716821298910851 0.3204404291360813 0.06494554255748286 0.01693958215697346
0 0.3110125050423558 0.3231225296442688 0.01371520774505849 0.00818746470920384
0 0.3065752319483663 0.31620553359683795 0.0024203307785397336 0.002258610954263128
0 0.3245260185558693 0.32241671372106157 0.012505042355788625 0.009599096555618294
0 0.3711173860427592 0.32594579333709767 0.017749092375958047 0.025691699604743084
0 0.38866478418717226 0.32171089779785433 0.014118596208148447 0.010446075663466968
0 0.40984267849939493 0.32298136645962733 0.03791851553045583 0.010728402032749858
0 0.463493344090359 0.3166290231507623 0.01855586930213796 0.015527950310559006
0 0.47539330375151273 0.31931112365894976 0.0052440500201694235 0.006211180124223602
0 0.481444130697862 0.3123941276115189 0.002016942315449778 0.003105590062111801
0 0.4881000403388463 0.3210050818746471 0.010488100040338847 0.009599096555618294
0 0.5385235982250908 0.326369282891022 0.042759177087535294 0.030491247882552232
0 0.5945945945945946 0.32156973461321287 0.026623638563937072 0.015245623941276116
0 0.6040742234772085 0.32495765104460755 0.012505042355788625 0.010163749294184076
0 0.6230334812424365 0.32086391869000563 0.018152480839048003 0.014963297571993224
0 0.6403791851553046 0.32284020327498586 0.010891488503428802 0.009881422924901186
0 0.6518757563533683 0.3234048560135517 0.01371520774505849 0.01101072840203275
0 0.6744655102864058 0.32933370976849236 0.029043969342476807 0.022303783173348392
0 0.6684146833400565 0.3188876341050254 0.015328761597418314 0.01383399209486166
0 0.7192416296893909 0.32086391869000563 0.023396530859217425 0.015527950310559006
0 0.763210972166196 0.32185206098249575 0.03146430012101654 0.009034443817052512
0 0.781766841468334 0.3277809147374365 0.03227107704719645 0.0220214568040655
0 0.1355385235982251 0.3715415019762846 0.01855586930213796 0.01355166572557877
0 0.14945542557482855 0.37210615471485037 0.014118596208148447 0.00846979107848673
0 0.16337232755143202 0.3793054771315641 0.028237192416296894 0.021739130434782608
0 0.18757563533682936 0.37422360248447206 0.029043969342476807 0.013269339356295878
0 0.21056877773295685 0.37012987012987014 0.014521984671238403 0.018068887634105024
0 0.22609923356192013 0.3730942970073405 0.01008471157724889 0.007622811970638058
0 0.22428398547801534 0.3643421795595709 0.0024203307785397336 0.0036702428006775835
0 0.2382008874546188 0.37323546019198195 0.012505042355788625 0.010728402032749858
0 0.30052440500201694 0.37012987012987014 0.048406615570794675 0.017504234895539244
0 0.3555869302137959 0.3687182382834557 0.031060911657926585 0.017504234895539244
0 0.37918515530455826 0.3730942970073405 0.016135538523598225 0.011575381140598532
0 0.4211375554659137 0.3730942970073405 0.020976200080677694 0.01101072840203275
0 0.44876966518757566 0.38170525127046867 0.02864058087938685 0.023150762281197064
0 0.48850342880193626 0.37027103331451156 0.02501008471157725 0.014963297571993224
0 0.5413473174667205 0.3730942970073405 0.021782977006857603 0.028514963297571992
0 0.5568777732956838 0.37210615471485037 0.014925373134328358 0.011857707509881422
0 0.5772488906817265 0.36801242236024845 0.04679306171843485 0.020045172219085264
0 0.6399757966922146 0.37238848108413325 0.024606696248487294 0.01129305477131564
0 0.6583299717628076 0.37351778656126483 0.012101653892698669 0.009599096555618294
0 0.6859620814844696 0.37323546019198195 0.03670835014118596 0.010728402032749858
0 0.7137958854376765 0.37267080745341613 0.01573215006050827 0.009599096555618294
0 0.7250907624041952 0.37295313382269907 0.0052440500201694235 0.00846979107848673
0 0.7484872932634127 0.37210615471485037 0.03428801936264623 0.010163749294184076
0 0.7353771682129892 0.3620835686053077 0.0024203307785397336 0.003105590062111801
0 0.8033481242436467 0.3674477696216827 0.02379991932230738 0.017786561264822136
0 0.8493344090359016 0.366600790513834 0.02944735780556676 0.0189158667419537
0 0.14199273900766438 0.42165443252399776 0.023396530859217425 0.020609824957651044
0 0.16579265832997175 0.4254658385093168 0.020976200080677694 0.02766798418972332
0 0.17708753529649052 0.42419536984754375 0.009681323114158934 0.00818746470920384
0 0.1837434449374748 0.4254658385093168 0.0060508269463493344 0.009034443817052512
0 0.21077047196450183 0.42603049124788256 0.04154901169826543 0.01129305477131564
0 0.19443323920935862 0.415725578769057 0.0024203307785397336 0.002540937323546019
0 0.2845905607099637 0.42179559570863917 0.052843888664784185 0.019198193111236588
0 0.31988705123033484 0.42504234895539245 0.015328761597418314 0.008752117447769622
0 0.31585316659943524 0.4147374364765669 0.003227107704719645 0.002258610954263128
0 0.33521581282775315 0.4256070016939582 0.010488100040338847 0.010446075663466968
0 0.35699878983461075 0.4222190852625635 0.028237192416296894 0.018351214003387916
0 0.37878176684146836 0.4246188594014681 0.012101653892698669 0.009034443817052512
0 0.37918515530455826 0.41798418972332013 0.0024203307785397336 0.002540937323546019
0 0.3935054457442517 0.42108977978543194 0.01653892698668818 0.01383399209486166
0 0.39774102460669625 0.42871259175607 0.0024203307785397336 0.001976284584980237
0 0.4396934247680516 0.4212309429700734 0.024203307785397338 0.017504234895539244
0 0.4562323517547398 0.4254658385093168 0.011294876966518758 0.009034443817052512
0 0.46329164985881405 0.42970073404856013 0.0028237192416296895 0.002258610954263128
0 0.4774102460669625 0.4201016374929418 0.018959257765227916 0.017504234895539244
0 0.4963695038321904 0.4244776962168266 0.027833803953206938 0.010446075663466968
0 0.5298507462686567 0.42080745341614906 0.03428801936264623 0.016092603049124788
0 0.5588947156111336 0.4192546583850932 0.021379588543767647 0.01693958215697346
0 0.5960064542154094 0.41981931112365894 0.014925373134328358 0.018068887634105024
0 0.6117386042759178 0.4257481648785997 0.01573215006050827 0.009034443817052512
0 0.626663977410246 0.4254658385093168 0.012505042355788625 0.011857707509881422
0 0.6708350141185963 0.4253246753246753 0.03791851553045583 0.010446075663466968
0 0.7051230334812424 0.4256070016939582 0.04033884630899556 0.027950310559006212
0 0.7525211778943123 0.4234895539243365 0.014118596208148447 0.010728402032749858
0 0.7704719645018152 0.42292490118577075 0.01290843081887858 0.009034443817052512
0 0.7795482049213392 0.42264257481648787 0.003630496167809601 0.007905138339920948
0 0.7958854376764825 0.42179559570863917 0.012101653892698669 0.00846979107848673
0 0.7920532472771279 0.41332580463015245 0.0028237192416296895 0.003952569169960474
0 0.817466720451795 0.4184076792772445 0.02944735780556676 0.01637492941840768
0 0.8509479628882614 0.42264257481648787 0.026220250100847116 0.010163749294184076
0 0.14118596208148446 0.47995482778091475 0.023396530859217425 0.030491247882552232
0 0.1754739814441307 0.4767080745341615 0.0500201694231545 0.011575381140598532
0 0.24263816054860832 0.4709203839638622 0.021379588543767647 0.01637492941840768
0 0.2628075837031061 0.4707792207792208 0.031060911657926585 0.018351214003387916
0 0.2866075030254135 0.4707792207792208 0.012505042355788625 0.014963297571993224
0 0.29790237999193225 0.475296442687747 0.014118596208148447 0.01101072840203275
0 0.33198870512303347 0.4741671372106155 0.021782977006857603 0.009316770186335404
0 0.3434852763210972 0.47473178994918125 0.0052440500201694235 0.00818746470920384
0 0.35074626865671643 0.4640033879164314 0.003630496167809601 0.001976284584980237
0 0.3592174263816055 0.4710615471485037 0.014118596208148447 0.017221908526256352
0 0.372932634126664 0.4719085262563523 0.013311819281968536 0.016092603049124788
0 0.41206131504638965 0.4712027103331451 0.018152480839048003 0.015245623941276116
0 0.4209358612343687 0.474025974025974 0.0052440500201694235 0.00846979107848673
0 0.42617991125453814 0.466403162055336 0.002016942315449778 0.002258610954263128
0 0.4320290439693425 0.4731789949181254 0.011294876966518758 0.009034443817052512
0 0.46793061718434853 0.46950875211744775 0.01290843081887858 0.014680971202710334
0 0.47438483259378783 0.46075663466967814 0.017749092375958047 0.00282326369282891
0 0.48608309802339655 0.46922642574816487 0.024203307785397338 0.015810276679841896
0 0.5052440500201695 0.47459062676453984 0.007664380798709157 0.010163749294184076
0 0.5594997983057685 0.4764257481648786 0.063735377168213 0.03190287972896669
0 0.5976200080677693 0.47261434217955955 0.027833803953206938 0.014116318464144552
0 0.6260588947156112 0.4826369282891022 0.007260992335619202 0.008752117447769622
0 0.6472367890278338 0.472755505364201 0.02218636546994756 0.015527950310559006
0 0.6599435256151674 0.4751552795031056 0.011294876966518758 0.009034443817052512
0 0.6704316256555063 0.47473178994918125 0.007260992335619202 0.006493506493506494
0 0.6944332392093586 0.4709203839638622 0.02864058087938685 0.015810276679841896
0 0.7141992739007664 0.4733201581027668 0.01008471157724889 0.008752117447769622
0 0.7238805970149254 0.4743083003952569 0.020572811617587738 0.009599096555618294
0 0.7704719645018152 0.46922642574816487 0.04195240016135539 0.019762845849802372
0 0.8114158935054457 0.47148503670242803 0.0391286809197257 0.017504234895539244
0 0.8346107301331182 0.4743083003952569 0.00645421540943929 0.009034443817052512
0 0.8469140782573619 0.47557876905702995 0.012505042355788625 0.009316770186335404
0 0.8442920532472771 0.4666854884246189 0.0024203307785397336 0.002258610954263128
0 0.8606292860024203 0.4754376058723885 0.011698265429608713 0.011857707509881422
0 0.13311819281968534 0.5187747035573123 0.01855586930213796 0.0189158667419537
0 0.15994352561516742 0.5199040090344438 0.027833803953206938 0.020609824957651044
0 0.14885034288019364 0.5122811970638057 0.004033884630899556 0.003105590062111801
0 0.1791044776119403 0.5247035573122529 0.011294876966518758 0.009316770186335404
0 0.19604679306171843 0.5230095990965556 0.026623638563937072 0.015527950310559006
0 0.2779346510689794 0.521880293619424 0.07260992335619201 0.01948051948051948
0 0.32109721661960466 0.525691699604743 0.012101653892698669 0.01129305477131564
0 0.3358208955223881 0.536420101637493 0.010891488503428802 0.010728402032749858
0 0.381605486083098 0.5247035573122529 0.05486083098023396 0.021739130434782608
0 0.45118999596611536 0.5200451722190853 0.022993142396127472 0.01693958215697346
0 0.46651875756353367 0.5237154150197628 0.01008471157724889 0.010163749294184076
0 0.4735780556676079 0.5276679841897233 0.004840661557079467 0.00282326369282891
0 0.5050423557886244 0.5189158667419537 0.020976200080677694 0.01637492941840768
0 0.518354175070593 0.5239977413890458 0.01290843081887858 0.010728402032749858
0 0.5320693828156515 0.5239977413890458 0.012101653892698669 0.00846979107848673
0 0.5663574021782977 0.5210333145115754 0.05244050020169423 0.016092603049124788
0 0.6109318273497378 0.531055900621118 0.008471157724889069 0.01129305477131564
0 0.6308995562726906 0.5201863354037267 0.016942315449778138 0.01948051948051948
0 0.645421540943929 0.5221626199887069 0.015328761597418314 0.016657255787690572
0 0.6672045179507866 0.5223037831733484 0.029043969342476807 0.014680971202710334
0 0.7115772488906817 0.5213156408808582 0.014521984671238403 0.016092603049124788
0 0.7365873336022589 0.5244212309429701 0.02581686163775716 0.015527950310559006
0 0.7755143202904397 0.5223037831733484 0.014925373134328358 0.01637492941840768
0 0.7910447761194029 0.5244212309429701 0.011294876966518758 0.007622811970638058
0 0.8104074223477209 0.5194805194805194 0.020976200080677694 0.015245623941276116
0 0.8283582089552238 0.5208921513269339 0.018152480839048003 0.015810276679841896
0 0.1526825332795482 0.5767927724449463 0.02702702702702703 0.02710333145115754
0 0.22468737394110527 0.5743929983060417 0.09842678499394918 0.017786561264822136
0 0.2880193626462283 0.5734048560135516 0.041145623235175476 0.015810276679841896
0 0.31565147236789026 0.577922077922078 0.01573215006050827 0.01129305477131564
0 0.37918515530455826 0.5746753246753247 0.05808793868495361 0.016657255787690572
0 0.4465510286405809 0.5726990400903444 0.01855586930213796 0.017786561264822136
0 0.463896732553449 0.5760869565217391 0.024203307785397338 0.026821005081874648
0 0.4747882210568778 0.5756634669678148 0.011294876966518758 0.007905138339920948
0 0.48043565954013717 0.577639751552795 0.005647438483259379 0.007340485601355167
0 0.5076643807987091 0.5767927724449463 0.040742234772085516 0.009034443817052512
0 0.49152884227511096 0.567193675889328 0.002016942315449778 0.00282326369282891
0 0.537111738604276 0.5765104460756635 0.011698265429608713 0.010728402032749858
0 0.5742234772085518 0.5745341614906833 0.022993142396127472 0.009034443817052512
0 0.5899556272690601 0.5762281197063805 0.0060508269463493344 0.007340485601355167
0 0.5972166196046793 0.5667701863354038 0.0028237192416296895 0.002540937323546019
0 0.6125453812020977 0.57128740824393 0.033481242436466316 0.018351214003387916
0 0.6510689794271883 0.5731225296442688 0.009681323114158934 0.00846979107848673
0 0.6581282775312626 0.5749576510446076 0.018152480839048003 0.009316770186335404
0 0.6665994352561517 0.5838509316770186 0.021379588543767647 0.0220214568040655
0 0.6795078660750302 0.5697346132128741 0.004437273093989512 0.0016939582156973462
0 0.7039128680919726 0.573828345567476 0.050826946349334406 0.017786561264822136
0 0.7676482452601856 0.5728402032749859 0.041145623235175476 0.01693958215697346
0 0.15711980637353773 0.6245059288537549 0.03751512706736587 0.018633540372670808
0 0.1855586930213796 0.6271880293619424 0.016942315449778138 0.011575381140598532
0 0.2035094796288826 0.6228119706380576 0.01653892698668818 0.017504234895539244
0 0.22690601048810005 0.6219649915302089 0.019766034691407825 0.019762845849802372
0 0.22488906817265025 0.6116600790513834 0.0028237192416296895 0.001411631846414455
0 0.23557886244453408 0.6266233766233766 0.015328761597418314 0.009881422924901186
0 0.25756353368293666 0.6214003387916431 0.019766034691407825 0.019762845849802372
0 0.2767244856797096 0.6243647656691135 0.01855586930213796 0.007622811970638058
0 0.2753126260588947 0.6146245059288538 0.002016942315449778 0.002258610954263128
0 0.2902379991932231 0.6256352343308865 0.01008471157724889 0.01355166572557877
0 0.3380395320693828 0.6261998870694523 0.01290843081887858 0.00846979107848673
0 0.35135135135135137 0.6273291925465838 0.01371520774505849 0.012422360248447204
0 0.37918515530455826 0.6238001129305477 0.04195240016135539 0.018351214003387916
0 0.4386849536103267 0.6266233766233766 0.01008471157724889 0.011575381140598532
0 0.44392900363049614 0.6170242800677583 0.0028237192416296895 0.002540937323546019
0 0.4552238805970149 0.6233766233766234 0.01734570391286809 0.018633540372670808
0 0.47962888261395725 0.626764539808018 0.004033884630899556 0.006775832862789385
0 0.4891085114965712 0.6263410502540937 0.014925373134328358 0.012140033879164314
0 0.48870512303348124 0.6158949745906268 0.002016942315449778 0.001976284584980237
0 0.5407422347720855 0.6281761716544325 0.05445744251714401 0.01355166572557877
0 0.5145219846712384 0.6240824392998306 0.0012101653892698668 0.0008469791078486731
0 0.5796692214602662 0.623235460191982 0.021782977006857603 0.016657255787690572
0 0.6044776119402985 0.6269057029926595 0.026220250100847116 0.026821005081874648
0 0.5974183138362242 0.6187182382834556 0.004840661557079467 0.007058159232072276
0 0.6377571601452199 0.6230942970073405 0.041145623235175476 0.015245623941276116
0 0.6244453408632513 0.6160361377752682 0.0024203307785397336 0.003952569169960474
