0 0.11315046389673256 0.20059288537549408 0.0052440500201694235 0.01101072840203275
0 0.12162162162162163 0.20059288537549408 0.008471157724889069 0.01101072840203275
0 0.13493344090359016 0.2161208356860531 0.00927793465106898 0.020045172219085264
0 0.14764017749092376 0.2165443252399774 0.016135538523598225 0.020327498588368152
0 0.17789431222267044 0.22275550536420102 0.016135538523598225 0.012987012987012988
0 0.18031464300121017 0.21485036702428006 0.004033884630899556 0.00282326369282891
0 0.21924162968939087 0.21682665160926032 0.02218636546994756 0.018633540372670808
0 0.23658733360225898 0.22120271033314512 0.011698265429608713 0.007622811970638058
0 0.24707543364259782 0.22332015810276679 0.01573215006050827 0.007905138339920948
0 0.29306171843485274 0.21527385657820441 0.027833803953206938 0.020609824957651044
0 0.3608309802339653 0.21964991530208922 0.07704719645018153 0.015245623941276116
0 0.43061718434852764 0.22162619988706944 0.014118596208148447 0.010163749294184076
0 0.4705526421944332 0.2261434217955957 0.02702702702702703 0.019198193111236588
0 0.4870915691811214 0.2224731789949181 0.0060508269463493344 0.009034443817052512
0 0.499798305768455 0.22120271033314512 0.01290843081887858 0.007622811970638058
0 0.4967728922952804 0.2121682665160926 0.0028237192416296895 0.004234895539243365
0 0.518757563533683 0.217673630717109 0.01855586930213796 0.015245623941276116
0 0.5480032271077048 0.22190852625635235 0.02864058087938685 0.02766798418972332
0 0.5891488503428802 0.22727272727272727 0.025413473174667203 0.019762845849802372
0 0.6165792658329972 0.22106154714850368 0.018959257765227916 0.009034443817052512
0 0.6367486889874949 0.2220496894409938 0.011698265429608713 0.008752117447769622
0 0.6333198870512303 0.21386222473178995 0.0024203307785397336 0.003105590062111801
0 0.6776926179911255 0.2155561829474873 0.01855586930213796 0.018351214003387916
0 0.691004437273094 0.22134387351778656 0.005647438483259379 0.009599096555618294
0 0.7059298104074223 0.2305194805194805 0.02501008471157725 0.023997741389045736
0 0.6986688180718031 0.21103896103896103 0.0024203307785397336 0.0036702428006775835
0 0.7749092375958048 0.21964991530208922 0.06776926179911255 0.01637492941840768
0 0.8198870512303348 0.21456804065499718 0.01653892698668818 0.019762845849802372
0 0.1427995159338443 0.2728684359119142 0.02743041549011698 0.03020892151326934
0 0.1555062525211779 0.2737154150197628 0.013311819281968536 0.012140033879164314
0 0.17749092375958048 0.2745623941276115 0.03711173860427592 0.009316770186335404
0 0.2317466720451795 0.2691981931112366 0.025413473174667203 0.015527950310559006
0 0.2498991528842275 0.27216261998870694 0.019766034691407825 0.010728402032749858
0 0.26966518757563535 0.26778656126482214 0.00927793465106898 0.016657255787690572
0 0.28398547801532875 0.268068887634105 0.01936264622831787 0.014398644833427442
0 0.3009277934651069 0.27117447769621683 0.01290843081887858 0.008752117447769622
0 0.3190802743041549 0.2735742518351214 0.03953206938281565 0.010163749294184076
0 0.36607503025413474 0.2686335403726708 0.019766034691407825 0.017221908526256352
0 0.3939088342073417 0.2676453980801807 0.02944735780556676 0.01693958215697346
0 0.4342476805163372 0.2689158667419537 0.043162565550625254 0.017221908526256352
0 0.46107301331181927 0.27216261998870694 0.005647438483259379 0.007905138339920948
0 0.4759983864461476 0.2732919254658385 0.016135538523598225 0.007905138339920948
0 0.4693424768051634 0.2641163184641446 0.002016942315449778 0.001976284584980237
0 0.5161355385235982 0.2720214568040655 0.022993142396127472 0.01101072840203275
0 0.5411456232351755 0.26693958215697344 0.024606696248487294 0.018351214003387916
0 0.5590964098426785 0.27188029361942406 0.010488100040338847 0.012987012987012988
0 0.599838644614764 0.268068887634105 0.023396530859217425 0.017786561264822136
0 0.6222267043162566 0.2727272727272727 0.01008471157724889 0.010163749294184076
0 0.6206131504638968 0.2632693393562959 0.002016942315449778 0.0036702428006775835
0 0.672650262202501 0.2735742518351214 0.07301331181928197 0.03162055335968379
0 0.7216619604679306 0.2714568040654997 0.022589753933037516 0.010446075663466968
0 0.7371924162968939 0.2720214568040655 0.01734570391286809 0.01101072840203275
0 0.7533279548204921 0.2723037831733484 0.013311819281968536 0.009316770186335404
0 0.7646228317870108 0.2725861095426313 0.010891488503428802 0.008752117447769622
0 0.8047599838644615 0.26750423489553926 0.02581686163775716 0.018351214003387916
0 0.8285599031867689 0.26990400903444384 0.01936264622831787 0.009599096555618294
0 0.8406615570794675 0.2717391304347826 0.015328761597418314 0.009316770186335404
0 0.13594191206131503 0.32142857142857145 0.00645421540943929 0.009881422924901186
0 0.16256555062525213 0.31832298136645965 0.04437273093989512 0.0189158667419537
0 0.14481645824929407 0.3098531902879729 0.003227107704719645 0.002540937323546019
0 0.2045179507866075 0.326369282891022 0.05808793868495361 0.026538678712591756
0 0.25514320290439696 0.31846414455110106 0.0052440500201694235 0.00564652738565782
0 0.26220250100847114 0.3177583286278938 0.008874546187979023 0.008752117447769622
0 0.2615974183138362 0.3090062111801242 0.002016942315449778 0.001976284584980237
0 0.2972972972972973 0.32284020327498586 0.028237192416296894 0.011575381140598532
0 0.32331585316659944 0.3207227555053642 0.022993142396127472 0.018068887634105024
0 0.3666801129487697 0.32269904009034445 0.016135538523598225 0.01129305477131564
0 0.3761597418313836 0.3234048560135517 0.0052440500201694235 0.007622811970638058
0 0.4060104881000403 0.31945228684359117 0.04800322710770472 0.017221908526256352
0 0.4443323920935861 0.3231225296442688 0.02218636546994756 0.01101072840203275
0 0.46772892295280355 0.3290513833992095 0.0028237192416296895 0.001976284584980237
0 0.48305768455022186 0.30886504799548276 0.004437273093989512 0.009034443817052512
0 0.491125453812021 0.3094297007340486 0.0052440500201694235 0.009034443817052512
0 0.5217829770068576 0.31874647092038394 0.018152480839048003 0.019198193111236588
0 0.5377168212989109 0.3211462450592885 0.011294876966518758 0.008752117447769622
0 0.5562726906010488 0.3170525127046866 0.017749092375958047 0.018068887634105024
0 0.5857200484066156 0.3166290231507623 0.01936264622831787 0.014963297571993224
0 0.5966115369100444 0.3204404291360813 0.003227107704719645 0.007340485601355167
0 0.600443727309399 0.3125352907961604 0.002016942315449778 0.002258610954263128
0 0.6050826946349335 0.3197346132128741 0.007260992335619202 0.00818746470920384
0 0.6347317466720451 0.3157820440429136 0.014925373134328358 0.01383399209486166
0 0.6466317063331989 0.3207227555053642 0.012101653892698669 0.007340485601355167
0 0.6569181121419927 0.3297571993224167 0.024606696248487294 0.023715415019762844
0 0.6974586526825333 0.32820440429136083 0.029850746268656716 0.021739130434782608
0 0.7178297700685761 0.32284020327498586 0.006857603872529245 0.009316770186335404
0 0.7232755143202905 0.3136645962732919 0.0024203307785397336 0.0033879164313946925
0 0.7571601452198468 0.31648785996612083 0.06212182331585317 0.018068887634105024
0 0.827551432029044 0.32171089779785433 0.027833803953206938 0.009881422924901186
0 0.8501411859620814 0.3188876341050254 0.010891488503428802 0.014963297571993224
0 0.14219443323920936 0.3697063805759458 0.012505042355788625 0.016092603049124788
0 0.17022993142396128 0.3687182382834557 0.04033884630899556 0.014680971202710334
0 0.21339249697458654 0.3749294184076793 0.016135538523598225 0.010728402032749858
0 0.25574828559903184 0.37267080745341613 0.02501008471157725 0.028232636928289104
0 0.2799515933844292 0.37351778656126483 0.020976200080677694 0.010728402032749858
0 0.33319887051230335 0.3756352343308865 0.053247277127874144 0.012140033879164314
0 0.36789027833803956 0.37337662337662336 0.01371520774505849 0.009316770186335404
0 0.3828156514723679 0.3673066064370412 0.015328761597418314 0.017504234895539244
0 0.3947156111335216 0.3675889328063241 0.014118596208148447 0.018068887634105024
0 0.4072206534893102 0.37210615471485037 0.014925373134328358 0.010728402032749858
0 0.454417103670835 0.37704686617730093 0.043969342476805166 0.021174477696216828
0 0.5157321500605083 0.36688311688311687 0.027833803953206938 0.017221908526256352
0 0.5359015732150061 0.37125917560700167 0.014925373134328358 0.012987012987012988
0 0.5433642597821702 0.3750705815923207 0.003227107704719645 0.0036702428006775835
0 0.5693828156514724 0.3687182382834557 0.01734570391286809 0.014680971202710334
0 0.5835014118596208 0.371682665160926 0.01653892698668818 0.009316770186335404
0 0.600443727309399 0.3709768492377188 0.011698265429608713 0.00846979107848673
0 0.6317063331988705 0.3699887069452287 0.04679306171843485 0.015527950310559006
0 0.6823315853166599 0.37140033879164314 0.018959257765227916 0.011575381140598532
0 0.7008874546187979 0.37238848108413325 0.021379588543767647 0.009034443817052512
0 0.7206534893102057 0.3718238283455675 0.012505042355788625 0.00846979107848673
0 0.718434852763211 0.36391869000564653 0.0024203307785397336 0.00282326369282891
0 0.7321500605082695 0.3694240542066629 0.008874546187979023 0.012140033879164314
0 0.764017749092376 0.36561264822134387 0.012101653892698669 0.014680971202710334
0 0.7765227914481646 0.366600790513834 0.01371520774505849 0.014398644833427442
0 0.7989108511496571 0.3674477696216827 0.02864058087938685 0.01383399209486166
0 0.845300524405002 0.36928289102202144 0.03751512706736587 0.020327498588368152
0 0.14320290439693426 0.42292490118577075 0.005647438483259379 0.010728402032749858
0 0.15308592174263816 0.4253246753246753 0.025413473174667203 0.03190287972896669
0 0.14844695441710368 0.4134669678147939 0.0024203307785397336 0.0036702428006775835
0 0.2055264219443324 0.41699604743083 0.01734570391286809 0.015810276679841896
0 0.22468737394110527 0.41699604743083 0.020976200080677694 0.015810276679841896
0 0.23779749899152886 0.4191134952004517 0.0060508269463493344 0.012704686617730096
0 0.25110931827349736 0.4201016374929418 0.014925373134328358 0.014116318464144552
0 0.28600242033077855 0.4181253529079616 0.020976200080677694 0.018633540372670808
0 0.30778539733763616 0.4189723320158103 0.02016942315449778 0.015810276679841896
0 0.3051633723275514 0.41431394692264256 0.0028237192416296895 0.0036702428006775835
0 0.3588140379185155 0.41770186335403725 0.03993545784590561 0.016657255787690572
0 0.40419524001613555 0.4268774703557312 0.029043969342476807 0.019762845849802372
0 0.42597821702299316 0.41869000564652736 0.014521984671238403 0.020327498588368152
0 0.4499798305768455 0.42518351214003386 0.006857603872529245 0.01129305477131564
0 0.4564340459862848 0.41516092603049126 0.0028237192416296895 0.0036702428006775835
0 0.46994755949979833 0.42193675889328064 0.023396530859217425 0.018351214003387916
0 0.5131101250504235 0.4243365330321852 0.02501008471157725 0.011857707509881422
0 0.5379185155304558 0.4321005081874647 0.030254134731746672 0.02456239412761152
0 0.5830980233965308 0.4243365330321852 0.022993142396127472 0.009599096555618294
0 0.6189995966115369 0.4205251270468662 0.04719645018152481 0.016657255787690572
0 0.6708350141185963 0.4233483907396951 0.02016942315449778 0.009316770186335404
0 0.6841468334005647 0.42518351214003386 0.010488100040338847 0.009034443817052512
0 0.699273900766438 0.42419536984754375 0.011698265429608713 0.009881422924901186
0 0.7236789027833804 0.4203839638622247 0.033884630899556276 0.018068887634105024
0 0.7793465106897943 0.42320722755505363 0.048406615570794675 0.026538678712591756
0 0.8118192819685357 0.42730095990965555 0.027833803953206938 0.017786561264822136
0 0.8360225897539331 0.42320722755505363 0.014925373134328358 0.01129305477131564
0 0.1510689794271884 0.47134387351778656 0.018959257765227916 0.009881422924901186
0 0.16417910447761194 0.47162619988706944 0.012101653892698669 0.009316770186335404
0 0.1791044776119403 0.47134387351778656 0.01371520774505849 0.010446075663466968
0 0.20673658733360226 0.4678147939017504 0.03670835014118596 0.018633540372670808
0 0.2581686163775716 0.4738848108413326 0.03065752319483663 0.009881422924901186
0 0.2962888261395724 0.47219085262563526 0.040742234772085516 0.018351214003387916
0 0.35962081484469544 0.4707792207792208 0.03509479628882614 0.017221908526256352
0 0.41306978620411455 0.4720496894409938 0.028237192416296894 0.01693958215697346
0 0.4409035901573215 0.47600225861095424 0.026623638563937072 0.00846979107848673
0 0.4780153287615974 0.47134387351778656 0.02501008471157725 0.017786561264822136
0 0.5016135538523598 0.475296442687747 0.02864058087938685 0.009881422924901186
0 0.5425574828559904 0.47473178994918125 0.004840661557079467 0.009881422924901186
0 0.5465913674868899 0.4611801242236025 0.003227107704719645 0.001976284584980237
0 0.5524405002016942 0.4743083003952569 0.010891488503428802 0.010163749294184076
0 0.5869302137958854 0.4709203839638622 0.022589753933037516 0.018633540372670808
0 0.6151674062121824 0.4823546019198193 0.03065752319483663 0.022868435911914172
0 0.6070996369503833 0.4743083003952569 0.011294876966518758 0.009599096555618294
0 0.6456232351754739 0.4762845849802372 0.021379588543767647 0.009599096555618294
0 0.6827349737797499 0.45920383963862227 0.0052440500201694235 0.007058159232072276
0 0.6865671641791045 0.4599096555618295 0.008067769261799113 0.00846979107848673
0 0.7170229931423961 0.474025974025974 0.057684550221863654 0.010728402032749858
0 0.7757160145219847 0.4709203839638622 0.021782977006857603 0.019198193111236588
0 0.7950786607503025 0.4640033879164314 0.0024203307785397336 0.003105590062111801
0 0.8035498184751916 0.47134387351778656 0.01855586930213796 0.017786561264822136
0 0.8527632109721662 0.475296442687747 0.02501008471157725 0.00818746470920384
0 0.15994352561516742 0.5214568040654998 0.035901573215006054 0.020892151326933936
0 0.20270270270270271 0.5191981931112366 0.038321903993545785 0.015245623941276116
0 0.19120613150463897 0.5110107284020328 0.003227107704719645 0.0016939582156973462
0 0.23618394513916902 0.5097402597402597 0.008471157724889069 0.009316770186335404
0 0.2400161355385236 0.5201863354037267 0.012101653892698669 0.009316770186335404
0 0.2781363453005244 0.5249858836815359 0.01653892698668818 0.01948051948051948
0 0.2888261395724082 0.5214568040654998 0.00645421540943929 0.00846979107848673
0 0.29790237999193225 0.5223037831733484 0.00927793465106898 0.00846979107848673
0 0.2954820492133925 0.5149632975719932 0.002016942315449778 0.004517221908526256
0 0.3164582492940702 0.5223037831733484 0.018152480839048003 0.009034443817052512
0 0.33219039935457845 0.5232919254658385 0.01008471157724889 0.009881422924901186
0 0.33118192819685355 0.5149632975719932 0.0024203307785397336 0.0033879164313946925
0 0.3523598225090762 0.5100225861095427 0.0028237192416296895 0.00818746470920384
0 0.3565954013715208 0.5105872388481084 0.004840661557079467 0.006493506493506494
0 0.3527632109721662 0.5314793901750423 0.0028237192416296895 0.001411631846414455
