0 0.16296893908834206 0.25917560700169395 0.05405405405405406 0.023715415019762844
0 0.1417910447761194 0.2571993224167137 0.002016942315449778 0.0016939582156973462
0 0.15288422751109318 0.2727272727272727 0.0016135538523598225 0.0016939582156973462
0 0.15570794675272287 0.2686335403726708 0.0016135538523598225 0.0008469791078486731
0 0.19866881807180314 0.26679841897233203 0.01734570391286809 0.014116318464144552
0 0.2252924566357402 0.26778656126482214 0.035901573215006054 0.01101072840203275
0 0.2890278338039532 0.2621400338791643 0.0318676885841065 0.029079616036137776
0 0.3215006050826946 0.26383399209486164 0.03630496167809601 0.017786561264822136
0 0.3898749495764421 0.26538678712591757 0.09237595804759983 0.01355166572557877
0 0.4485679709560307 0.26665725578769056 0.026623638563937072 0.01101072840203275
0 0.4757966922146027 0.2553642010163749 0.0052440500201694235 0.00818746470920384
0 0.4784187172246874 0.26693958215697344 0.01290843081887858 0.012704686617730096
0 0.5752319483662768 0.26468097120271034 0.11859620814844696 0.03472614342179559
0 0.6807180314643001 0.26256352343308864 0.045582896329164985 0.024280067758328628
0 0.7035094796288827 0.2542348955392434 0.003227107704719645 0.0036702428006775835
0 0.7216619604679306 0.26792772444946356 0.035498184751916094 0.01355166572557877
0 0.7402178297700686 0.25790513833992096 0.005647438483259379 0.004799548277809147
0 0.7494957644211375 0.2673630717108978 0.017749092375958047 0.012987012987012988
0 0.7765227914481646 0.26383399209486164 0.035498184751916094 0.021739130434782608
0 0.844695441710367 0.26750423489553926 0.05163372327551432 0.03698475437605872
0 0.15490116982654295 0.3135234330886505 0.03872529245663574 0.027950310559006212
0 0.21843485276321098 0.3166290231507623 0.08430818878580072 0.03190287972896669
0 0.2781363453005244 0.3170525127046866 0.024606696248487294 0.012987012987012988
0 0.30395320693828154 0.31408808582721626 0.02218636546994756 0.022868435911914172
0 0.3204921339249697 0.30448898927159795 0.004437273093989512 0.003105590062111801
0 0.3382412263009278 0.31592320722755507 0.035901573215006054 0.018633540372670808
0 0.36708350141185964 0.3315923207227555 0.01290843081887858 0.016092603049124788
0 0.4146833400564744 0.3102766798418972 0.02743041549011698 0.02258610954263128
0 0.43505445744251714 0.31211180124223603 0.019766034691407825 0.015527950310559006
0 0.44473578055667606 0.31874647092038394 0.0028237192416296895 0.002258610954263128
0 0.5209762000806777 0.31098249576510445 0.09640984267849939 0.027950310559006212
0 0.5447761194029851 0.3002540937323546 0.006857603872529245 0.003105590062111801
0 0.600443727309399 0.31493506493506496 0.051230334812424366 0.014963297571993224
0 0.5879386849536103 0.30223037831733485 0.0052440500201694235 0.002540937323546019
0 0.6801129487696652 0.31182947487295315 0.03953206938281565 0.025691699604743084
0 0.7020976200080677 0.31592320722755507 0.022993142396127472 0.021456804065499716
0 0.7353771682129892 0.3142292490118577 0.03227107704719645 0.025409373235460192
0 0.7567567567567568 0.3166290231507623 0.020976200080677694 0.01383399209486166
0 0.7942718838241226 0.3177583286278938 0.04517950786607503 0.017221908526256352
0 0.8323920935861234 0.3197346132128741 0.022993142396127472 0.014398644833427442
0 0.8420734167002824 0.33258046301524563 0.02379991932230738 0.019198193111236588
0 0.9039935457845906 0.3138057594579334 0.050826946349334406 0.021174477696216828
0 0.9413069786204115 0.31648785996612083 0.018152480839048003 0.01355166572557877
0 0.1464300121016539 0.36236589497459065 0.03630496167809601 0.02456239412761152
0 0.1936264622831787 0.36674195369847545 0.07099636950383219 0.017504234895539244
0 0.19685356998789835 0.35191981931112365 0.004033884630899556 0.003105590062111801
0 0.23658733360225898 0.3673066064370412 0.012505042355788625 0.015810276679841896
0 0.291044776119403 0.36264822134387353 0.03509479628882614 0.02456239412761152
0 0.3563937071399758 0.36363636363636365 0.05445744251714401 0.0220214568040655
0 0.43686970552642196 0.36476566911349523 0.05970149253731343 0.02710333145115754
0 0.46994755949979833 0.35530773574251834 0.003227107704719645 0.003105590062111801
0 0.4834610730133118 0.3673066064370412 0.022993142396127472 0.012422360248447204
0 0.5425574828559904 0.36589497459062675 0.03630496167809601 0.019762845849802372
0 0.5830980233965308 0.3728119706380576 0.06010488100040339 0.023997741389045736
0 0.6250504235578862 0.36900056465273856 0.019766034691407825 0.014680971202710334
0 0.663574021782977 0.3673066064370412 0.04679306171843485 0.01637492941840768
0 0.7031060911657927 0.3634952004517222 0.02581686163775716 0.020609824957651044
0 0.7162162162162162 0.3708356860530774 0.024606696248487294 0.014398644833427442
0 0.7438483259378782 0.3660361377752682 0.02581686163775716 0.01948051948051948
0 0.7638160548608309 0.35601355166572557 0.0028237192416296895 0.00282326369282891
0 0.77349737797499 0.36702428006775834 0.020572811617587738 0.01355166572557877
0 0.7902379991932231 0.36702428006775834 0.017749092375958047 0.014116318464144552
0 0.8537716821298911 0.36575381140598534 0.04881000403388463 0.016657255787690572
0 0.16054860830980233 0.41022021456804064 0.04437273093989512 0.029926595143986448
0 0.19443323920935862 0.41360813099943533 0.016942315449778138 0.01637492941840768
0 0.20855183541750705 0.4150197628458498 0.01936264622831787 0.01693958215697346
0 0.22831787010891488 0.4288537549407115 0.015328761597418314 0.019762845849802372
0 0.28317870108914883 0.4258893280632411 0.024203307785397338 0.0409373235460192
0 0.30576845502218636 0.4140316205533597 0.020976200080677694 0.018351214003387916
0 0.31665994352561516 0.415725578769057 0.02016942315449778 0.018351214003387916
0 0.3580072609923356 0.41233766233766234 0.06252521177894312 0.0251270468661773
0 0.4080274304154901 0.436617730095991 0.04961678096006454 0.05505364201016375
0 0.4790237999193223 0.4178430265386787 0.024606696248487294 0.018068887634105024
0 0.5074626865671642 0.415725578769057 0.03227107704719645 0.0251270468661773
0 0.5494150867285196 0.4192546583850932 0.06857603872529246 0.020892151326933936
0 0.5929810407422348 0.4189723320158103 0.026623638563937072 0.019762845849802372
0 0.63654699475595 0.41643139469226426 0.0500201694231545 0.030491247882552232
0 0.6994755949979831 0.4193958215697346 0.029850746268656716 0.021739130434782608
0 0.7218636546994756 0.4147374364765669 0.019766034691407825 0.029361942405420668
0 0.7305365066559096 0.4155844155844156 0.01936264622831787 0.024280067758328628
0 0.7628075837031061 0.41643139469226426 0.024203307785397338 0.019762845849802372
0 0.7821702299314239 0.4199604743083004 0.04759983864461476 0.04997176736307171
0 0.8420734167002824 0.41770186335403725 0.06575231948366277 0.021174477696216828
0 0.8120209762000806 0.40372670807453415 0.0024203307785397336 0.004517221908526256
0 0.13594191206131503 0.4632975719932242 0.022589753933037516 0.018633540372670808
0 0.15994352561516742 0.4637210615471485 0.026220250100847116 0.0471485036702428
0 0.23678902783380396 0.46386222473178995 0.06857603872529246 0.028232636928289104
0 0.2688584106494554 0.4414172783738001 0.002016942315449778 0.004799548277809147
0 0.2690601048810004 0.44466403162055335 0.0016135538523598225 0.001129305477131564
0 0.327349737797499 0.4754376058723885 0.043162565550625254 0.029361942405420668
0 0.37051230334812424 0.46823828345567475 0.04477611940298507 0.018351214003387916
0 0.41044776119402987 0.4658385093167702 0.014118596208148447 0.00282326369282891
0 0.42698668818071805 0.46936758893280633 0.02864058087938685 0.016092603049124788
0 0.47438483259378783 0.4673913043478261 0.0653489310205728 0.020609824957651044
0 0.5330778539733764 0.4678147939017504 0.043162565550625254 0.01355166572557877
0 0.6014521984671238 0.46710897797854317 0.0782573618394514 0.018351214003387916
0 0.6399757966922146 0.4538396386222473 0.0060508269463493344 0.005928853754940711
0 0.6478418717224688 0.4673913043478261 0.020976200080677694 0.014963297571993224
0 0.6700282371924163 0.46160361377752684 0.022589753933037516 0.023150762281197064
0 0.7373941105284388 0.46696781479390176 0.06131504638967326 0.03613777526821005
0 0.7803549818475192 0.46809712027103334 0.035901573215006054 0.015810276679841896
0 0.8106091165792658 0.46725014116318464 0.01653892698668818 0.019198193111236588
0 0.1446147640177491 0.5197628458498024 0.03751512706736587 0.018633540372670808
0 0.17204517950786608 0.5221626199887069 0.018152480839048003 0.014398644833427442
0 0.20149253731343283 0.5210333145115754 0.02702702702702703 0.013269339356295878
0 0.22952803549818476 0.5293619424054207 0.041145623235175476 0.02710333145115754
0 0.30052440500201694 0.5347261434217956 0.09842678499394918 0.04517221908526256
0 0.29265832997176283 0.5057876905702993 0.0052440500201694235 0.003105590062111801
0 0.4164985881403792 0.5131281761716544 0.08027430415490117 0.022868435911914172
0 0.4933440903590157 0.5252682100508187 0.04356595401371521 0.026821005081874648
0 0.5742234772085518 0.5190570299265952 0.10770471964501815 0.01948051948051948
0 0.5974183138362242 0.4984472049689441 0.005647438483259379 0.001976284584980237
0 0.6506655909640984 0.5187747035573123 0.03630496167809601 0.016092603049124788
0 0.7071399757966922 0.5177865612648221 0.03711173860427592 0.019198193111236588
0 0.7343686970552642 0.5187747035573123 0.040742234772085516 0.042631281761716544
0 0.7876159741831383 0.5187747035573123 0.045582896329164985 0.039243365330321855
0 0.8479225494150867 0.5213156408808582 0.08229124647035095 0.016657255787690572
0 0.8338039532069382 0.5005646527385658 0.003227107704719645 0.00282326369282891
0 0.9021782977006858 0.5343026538678712 0.02218636546994756 0.0409373235460192
0 0.1553045582896329 0.5619706380575946 0.06292860024203308 0.03811405985319029
0 0.22307382008874546 0.5673348390739695 0.053247277127874144 0.022868435911914172
0 0.29709560306575233 0.5728402032749859 0.08188785800726099 0.023715415019762844
0 0.3961274707543364 0.568746470920384 0.053247277127874144 0.017786561264822136
0 0.4417103670835014 0.5626764539808018 0.03469140782573618 0.025974025974025976
0 0.517345703912868 0.5688876341050254 0.07382008874546188 0.018633540372670808
0 0.5705929810407422 0.5782044042913608 0.040742234772085516 0.028797289666854884
0 0.6040742234772085 0.5664878599661208 0.022993142396127472 0.020609824957651044
0 0.6302944735780557 0.5707227555053642 0.026220250100847116 0.015527950310559006
0 0.6639774102460669 0.5693111236589498 0.04033884630899556 0.015527950310559006
0 0.6829366680112948 0.554488989271598 0.0024203307785397336 0.00282326369282891
0 0.7299314239612748 0.5704404291360813 0.08672851956434045 0.027950310559006212
0 0.8152480839048003 0.5654997176736307 0.048406615570794675 0.023715415019762844
0 0.8551835417507059 0.5705815923207228 0.03227107704719645 0.014116318464144552
0 0.8866478418717225 0.5653585544889893 0.02743041549011698 0.023433088650479956
0 0.14582492940701897 0.6095426312817617 0.0891488503428802 0.026538678712591756
0 0.16841468334005646 0.594438170525127 0.003630496167809601 0.001976284584980237
0 0.21641791044776118 0.6146245059288538 0.04154901169826543 0.018633540372670808
0 0.300121016538927 0.6053077357425184 0.08390480032271078 0.04009034443817053
0 0.36688180718031466 0.6257763975155279 0.04477611940298507 0.0251270468661773
0 0.40318676885841065 0.6146245059288538 0.02864058087938685 0.024280067758328628
0 0.4755949979830577 0.6202710333145116 0.10246066962484873 0.012987012987012988
0 0.6187979023799919 0.6212591756070017 0.1799112545381202 0.018351214003387916
0 0.7043162565550625 0.6331168831168831 0.04033884630899556 0.03867871259175607
0 0.7309398951189996 0.6362224731789949 0.023396530859217425 0.0189158667419537
0 0.8011294876966518 0.6223884810841332 0.06857603872529246 0.03359683794466403
0 0.8495361032674466 0.6209768492377188 0.029043969342476807 0.014398644833427442
0 0.9074223477208552 0.6137775268210051 0.08027430415490117 0.023150762281197064
0 0.13876563130294473 0.6648785996612083 0.06131504638967326 0.040654997176736304
0 0.15409439290036306 0.6842179559570863 0.003227107704719645 0.002540937323546019
0 0.2281161758773699 0.6638904573687182 0.06897942718838242 0.026821005081874648
0 0.31343283582089554 0.6730660643704122 0.03872529245663574 0.02258610954263128
0 0.34973779749899153 0.6678430265386787 0.03469140782573618 0.0189158667419537
0 0.3926986688180718 0.6678430265386787 0.010891488503428802 0.001976284584980237
0 0.463493344090359 0.6691134952004517 0.09842678499394918 0.019762845849802372
0 0.5433642597821702 0.6713721061547149 0.04679306171843485 0.011857707509881422
0 0.6260588947156112 0.6695369847543761 0.09762000806776926 0.020045172219085264
0 0.6591367486889875 0.6561264822134387 0.004033884630899556 0.0033879164313946925
0 0.6916095199677289 0.6633258046301524 0.033481242436466316 0.028514963297571992
0 0.7753126260588947 0.6699604743083004 0.07260992335619201 0.021456804065499716
0 0.8200887454618798 0.6708074534161491 0.01855586930213796 0.014680971202710334
0 0.8773699072206534 0.668266516092603 0.05486083098023396 0.032185206098249576
0 0.9191206131504639 0.6715132693393563 0.026220250100847116 0.017786561264822136
0 0.1553045582896329 0.7100508187464709 0.06776926179911255 0.04799548277809147
0 0.20774505849132716 0.7120271033314511 0.03227107704719645 0.03162055335968379
0 0.23336022589753933 0.7178147939017504 0.02218636546994756 0.018351214003387916
0 0.26099233561920127 0.7212027103331451 0.028237192416296894 0.018351214003387916
0 0.28943122226704315 0.7141445511010729 0.018152480839048003 0.027950310559006212
0 0.36264622831787013 0.7125917560700169 0.050826946349334406 0.029926595143986448
0 0.40943929003630497 0.7299548277809147 0.09842678499394918 0.04488989271597967
0 0.4790237999193223 0.7327780914737436 0.01573215006050827 0.01948051948051948
0 0.5284388866478419 0.718944099378882 0.033884630899556276 0.016657255787690572
0 0.553852359822509 0.7164031620553359 0.017749092375958047 0.023997741389045736
0 0.5615167406212183 0.7183794466403162 0.02016942315449778 0.0189158667419537
0 0.5812827753126261 0.7216261998870694 0.02016942315449778 0.012987012987012988
0 0.6335215812827754 0.7141445511010729 0.03751512706736587 0.023997741389045736
0 0.7010891488503429 0.7168266516092603 0.06615570794675273 0.024844720496894408
0 0.772085518354175 0.7175324675324676 0.033884630899556276 0.018351214003387916
0 0.7977006857603872 0.717673630717109 0.056070996369503835 0.04178430265386787
0 0.8576038725292456 0.7216261998870694 0.06938281565147236 0.023715415019762844
0 0.8376361436062929 0.7048277809147374 0.002016942315449778 0.003105590062111801
0 0.1300927793465107 0.77343308865048 0.08108108108108109 0.03077357425183512
0 0.38785800726099234 0.788961038961039 0.4981847519160952 0.0008469791078486731
0 0.1526825332795482 0.7539525691699605 0.004437273093989512 0.002540937323546019
0 0.2569584509883017 0.7658102766798419 0.06938281565147236 0.0251270468661773
0 0.3914885034288019 0.7690570299265952 0.1335215812827753 0.017504234895539244
0 0.5576845502218637 0.758893280632411 0.11577248890681727 0.024844720496894408
0 0.626663977410246 0.7651044607566346 0.013311819281968536 0.018633540372670808
0 0.6565147236789027 0.7728684359119141 0.003630496167809601 0.004234895539243365
