0 0.16438079870915692 0.21315640880858272 0.04235578862444534 0.017504234895539244
0 0.2226704316256555 0.21640316205533597 0.029043969342476807 0.03020892151326934
0 0.2509076240419524 0.2155561829474873 0.028237192416296894 0.01101072840203275
0 0.3130294473578056 0.21527385657820441 0.053247277127874144 0.017221908526256352
0 0.3753529649052037 0.21146245059288538 0.024606696248487294 0.01693958215697346
0 0.4102460669624849 0.21386222473178995 0.04356595401371521 0.010446075663466968
0 0.43929003630496166 0.21259175607001693 0.012101653892698669 0.010163749294184076
0 0.45683743444937475 0.20990965556182947 0.02864058087938685 0.014398644833427442
0 0.4737797498991529 0.20327498588368154 0.0028237192416296895 0.002258610954263128
0 0.4800322710770472 0.21132128740824394 0.010488100040338847 0.010446075663466968
0 0.48971359419120614 0.2106154714850367 0.012101653892698669 0.009034443817052512
0 0.5235982250907624 0.2140033879164314 0.02016942315449778 0.010728402032749858
0 0.5439693424768052 0.20976849237718803 0.02218636546994756 0.015810276679841896
0 0.5594997983057685 0.2127329192546584 0.01290843081887858 0.009316770186335404
0 0.5784590560709963 0.21908526256352343 0.026623638563937072 0.024844720496894408
0 0.599838644614764 0.20990965556182947 0.016942315449778138 0.016657255787690572
0 0.6200080677692618 0.20990965556182947 0.023396530859217425 0.015527950310559006
0 0.6417910447761194 0.2096273291925466 0.02501008471157725 0.016657255787690572
0 0.6571198063735377 0.21597967250141162 0.003227107704719645 0.002258610954263128
0 0.6986688180718031 0.21033314511575382 0.04679306171843485 0.018068887634105024
0 0.727107704719645 0.20934500282326368 0.010891488503428802 0.014398644833427442
0 0.7553448971359419 0.21160361377752682 0.024606696248487294 0.015527950310559006
0 0.7674465510286406 0.2127329192546584 0.012505042355788625 0.008752117447769622
0 0.7783380395320694 0.21626199887069453 0.018959257765227916 0.015810276679841896
0 0.7974989915288423 0.2090626764539808 0.01936264622831787 0.015527950310559006
0 0.8323920935861234 0.21075663466967814 0.052843888664784185 0.014963297571993224
0 0.864058087938685 0.20722755505364202 0.008067769261799113 0.0033879164313946925
0 0.15207745058491326 0.2676453980801807 0.01855586930213796 0.012422360248447204
0 0.21883824122630094 0.2684923771880294 0.07785397337636143 0.029361942405420668
0 0.2591770875352965 0.25508187464709203 0.0028237192416296895 0.002540937323546019
0 0.26421944332392094 0.26566911349520045 0.01290843081887858 0.009599096555618294
0 0.31222267043162566 0.26905702992659514 0.05405405405405406 0.025409373235460192
0 0.3656716417910448 0.2689158667419537 0.02218636546994756 0.011575381140598532
0 0.3830173457039129 0.26355166572557875 0.014118596208148447 0.016092603049124788
0 0.3983461073013312 0.26538678712591757 0.011698265429608713 0.010163749294184076
0 0.4201290843081888 0.26453980801806887 0.027833803953206938 0.011857707509881422
0 0.44050020169423154 0.2621400338791643 0.01936264622831787 0.016657255787690572
0 0.4826542960871319 0.2605872388481084 0.03670835014118596 0.021456804065499716
0 0.5133118192819686 0.2597402597402597 0.027833803953206938 0.017504234895539244
0 0.5582896329164986 0.2628458498023715 0.03630496167809601 0.026538678712591756
0 0.5812827753126261 0.25818746470920384 0.008067769261799113 0.002540937323546019
0 0.6169826542960871 0.26101072840203277 0.05203711173860428 0.020045172219085264
0 0.6754739814441307 0.26355166572557875 0.02218636546994756 0.0251270468661773
0 0.6938281565147236 0.26595143986448333 0.011294876966518758 0.007905138339920948
0 0.6926179911254539 0.2508469791078487 0.003227107704719645 0.002540937323546019
0 0.7045179507866075 0.2670807453416149 0.010891488503428802 0.009599096555618294
0 0.7160145219846712 0.2628458498023715 0.011294876966518758 0.015810276679841896
0 0.7501008471157725 0.26341050254093734 0.02864058087938685 0.018633540372670808
0 0.7674465510286406 0.25663466967814796 0.0028237192416296895 0.002258610954263128
0 0.7870108914885035 0.2649632975719932 0.03630496167809601 0.010446075663466968
0 0.8354175070592981 0.2672219085262564 0.024203307785397338 0.010446075663466968
0 0.8543767648245261 0.2662337662337662 0.021782977006857603 0.010728402032749858
0 0.8521581282775312 0.2577639751552795 0.0028237192416296895 0.002258610954263128
0 0.8799919322307382 0.26693958215697344 0.02864058087938685 0.011575381140598532
0 0.1565147236789028 0.31437041219649914 0.053247277127874144 0.021174477696216828
0 0.21944332392093585 0.31535855448898925 0.02016942315449778 0.019198193111236588
0 0.21863654699475596 0.31945228684359117 0.0024203307785397336 0.001411631846414455
0 0.2559499798305768 0.3147939017504235 0.05445744251714401 0.018068887634105024
0 0.3063735377168213 0.3178994918125353 0.051230334812424366 0.011857707509881422
0 0.28680919725695847 0.305759457933371 0.003227107704719645 0.002258610954263128
0 0.3206938281565147 0.308300395256917 0.003227107704719645 0.002258610954263128
0 0.34288019362646227 0.3145115753811406 0.022589753933037516 0.015810276679841896
0 0.3565954013715208 0.31733483907396953 0.01855586930213796 0.009034443817052512
0 0.37494957644211374 0.3138057594579334 0.01734570391286809 0.016657255787690572
0 0.40116982654296085 0.3156408808582722 0.0326744655102864 0.010163749294184076
0 0.38967325534489716 0.30660643704121965 0.003227107704719645 0.00282326369282891
0 0.4893102057281162 0.3169113495200452 0.08229124647035095 0.011575381140598532
0 0.5629286002420331 0.3132411067193676 0.03428801936264623 0.0189158667419537
0 0.618596208148447 0.32269904009034445 0.022993142396127472 0.025409373235460192
0 0.6373537716821299 0.3167701863354037 0.012101653892698669 0.010728402032749858
0 0.6651875756353368 0.3156408808582722 0.042759177087535294 0.012987012987012988
0 0.7256958450988302 0.3190287972896669 0.04921339249697459 0.015810276679841896
0 0.7258975393303752 0.30688876341050253 0.0052440500201694235 0.002258610954263128
0 0.7805566760790641 0.31437041219649914 0.024203307785397338 0.017786561264822136
0 0.7985074626865671 0.3147939017504235 0.014925373134328358 0.017504234895539244
0 0.8124243646631706 0.31620553359683795 0.021782977006857603 0.015245623941276116
0 0.8317870108914885 0.31521739130434784 0.01290843081887858 0.014398644833427442
0 0.8614360629286002 0.3178994918125353 0.02379991932230738 0.020327498588368152
0 0.8868495361032674 0.31620553359683795 0.030254134731746672 0.018633540372670808
0 0.14340459862847924 0.36716544325239975 0.0326744655102864 0.022868435911914172
0 0.15792658329971762 0.35742518351214003 0.003630496167809601 0.002258610954263128
0 0.17930617184348527 0.3650479954827781 0.03509479628882614 0.018633540372670808
0 0.2200484066155708 0.366600790513834 0.04800322710770472 0.017786561264822136
0 0.19987898346107302 0.3620835686053077 0.004437273093989512 0.001411631846414455
0 0.30334812424364666 0.36885940146809715 0.05889471561113352 0.016092603049124788
0 0.3924969745865268 0.36476566911349523 0.07260992335619201 0.018068887634105024
0 0.4400968132311416 0.36377752682100506 0.021782977006857603 0.017786561264822136
0 0.4770068576038725 0.3654714850367024 0.01734570391286809 0.01948051948051948
0 0.4965711980637354 0.3634952004517222 0.016135538523598225 0.016092603049124788
0 0.5129084308188786 0.3644833427442123 0.01653892698668818 0.018633540372670808
0 0.5613150463896732 0.3715415019762846 0.0463896732553449 0.02258610954263128
0 0.6298910851149657 0.36688311688311687 0.04719645018152481 0.012140033879164314
0 0.6194029850746269 0.364059853190288 0.0012101653892698668 0.0008469791078486731
0 0.6605486083098023 0.36391869000564653 0.010891488503428802 0.018068887634105024
0 0.7164179104477612 0.367871259175607 0.06131504638967326 0.015810276679841896
0 0.7821702299314239 0.36885940146809715 0.03307785397337636 0.010446075663466968
0 0.7862041145623235 0.35615471485036704 0.005647438483259379 0.002540937323546019
0 0.8404598628479225 0.36716544325239975 0.035901573215006054 0.02456239412761152
0 0.8680919725695845 0.36702428006775834 0.012101653892698669 0.010728402032749858
0 0.8884630899556273 0.36561264822134387 0.02944735780556676 0.009599096555618294
0 0.9098426784993949 0.36462450592885376 0.013311819281968536 0.010446075663466968
0 0.1446147640177491 0.41756070016939584 0.02702702702702703 0.025409373235460192
0 0.18515530455828963 0.4213721061547149 0.008067769261799113 0.007622811970638058
0 0.21258572004840662 0.41854884246188595 0.016135538523598225 0.014963297571993224
0 0.23336022589753933 0.41643139469226426 0.030254134731746672 0.01637492941840768
0 0.2878176684146833 0.4222190852625635 0.038321903993545785 0.035290796160361376
0 0.3106091165792658 0.4075381140598532 0.003227107704719645 0.002540937323546019
0 0.31807180314643 0.4140316205533597 0.01734570391286809 0.017786561264822136
0 0.3416700282371924 0.40866741953698477 0.008067769261799113 0.005928853754940711
0 0.3618394513916902 0.4222190852625635 0.02016942315449778 0.013269339356295878
0 0.382008874546188 0.415725578769057 0.021782977006857603 0.025691699604743084
0 0.37494957644211374 0.40654997176736307 0.003630496167809601 0.00282326369282891
0 0.41851553045582895 0.41883116883116883 0.018959257765227916 0.008752117447769622
0 0.48325937878176684 0.4153020892151327 0.05405405405405406 0.02710333145115754
0 0.5199677289229528 0.41826651609260307 0.026623638563937072 0.009881422924901186
0 0.5457845905607099 0.4162902315076228 0.033884630899556276 0.016092603049124788
0 0.6077047196450182 0.41360813099943533 0.045582896329164985 0.020327498588368152
0 0.6399757966922146 0.41854884246188595 0.013311819281968536 0.008752117447769622
0 0.6536910044372731 0.41332580463015245 0.012505042355788625 0.014680971202710334
0 0.6680112948769665 0.4178430265386787 0.010488100040338847 0.00846979107848673
0 0.6665994352561517 0.40669113495200454 0.0028237192416296895 0.002540937323546019
0 0.6849536103267446 0.41699604743083 0.016942315449778138 0.010728402032749858
0 0.7319483662767244 0.41304347826086957 0.0326744655102864 0.0220214568040655
0 0.7571601452198468 0.41854884246188595 0.017749092375958047 0.009316770186335404
0 0.7779346510689794 0.4124788255223038 0.025413473174667203 0.020892151326933936
0 0.8237192416296893 0.4150197628458498 0.05486083098023396 0.019762845849802372
0 0.8602258975393303 0.4168548842461886 0.01734570391286809 0.01101072840203275
0 0.1508672851956434 0.4686617730095991 0.050826946349334406 0.028232636928289104
0 0.1837434449374748 0.46513269339356295 0.00927793465106898 0.017221908526256352
0 0.19705526421944333 0.46357989836250707 0.02218636546994756 0.019198193111236588
0 0.2581686163775716 0.4665443252399774 0.053247277127874144 0.021174477696216828
0 0.2934651068979427 0.4658385093167702 0.013311819281968536 0.018633540372670808
0 0.3414683340056474 0.4712027103331451 0.045582896329164985 0.011857707509881422
0 0.3753529649052037 0.46612083568605306 0.020572811617587738 0.01637492941840768
0 0.40298507462686567 0.46795595708639187 0.02743041549011698 0.011575381140598532
0 0.4290036304961678 0.46852060982495763 0.018152480839048003 0.01101072840203275
0 0.4507866075030254 0.47656691134952006 0.006857603872529245 0.00846979107848673
0 0.4836627672448568 0.468944099378882 0.016135538523598225 0.01637492941840768
0 0.4987898346107301 0.4686617730095991 0.012505042355788625 0.01637492941840768
0 0.5546591367486889 0.4738848108413326 0.048406615570794675 0.023433088650479956
0 0.6133521581282775 0.468944099378882 0.02702702702702703 0.012422360248447204
0 0.6448164582492941 0.4665443252399774 0.03428801936264623 0.017221908526256352
0 0.6940298507462687 0.46795595708639187 0.03670835014118596 0.029644268774703556
0 0.7188382412263009 0.4696499153020892 0.011294876966518758 0.009316770186335404
0 0.7561516740621218 0.4668266516092603 0.027833803953206938 0.021739130434782608
0 0.7860024203307785 0.4655561829474873 0.030254134731746672 0.020327498588368152
0 0.14602662363856395 0.5153867871259176 0.03146430012101654 0.020609824957651044
0 0.18233158531665994 0.5176453980801807 0.03953206938281565 0.01383399209486166
0 0.21218233158531666 0.519339356295878 0.029043969342476807 0.011575381140598532
0 0.23396530859217426 0.5191981931112366 0.01290843081887858 0.011857707509881422
0 0.24505849132714805 0.5201863354037267 0.01573215006050827 0.011575381140598532
0 0.2617991125453812 0.5162337662337663 0.012101653892698669 0.016657255787690572
0 0.26966518757563535 0.5080463015245624 0.0028237192416296895 0.001976284584980237
0 0.28963291649858813 0.5191981931112366 0.03227107704719645 0.01355166572557877
0 0.34973779749899153 0.5200451722190853 0.041145623235175476 0.011857707509881422
0 0.3828156514723679 0.5163749294184077 0.021782977006857603 0.019198193111236588
0 0.42597821702299316 0.5176453980801807 0.020976200080677694 0.017221908526256352
0 0.4443323920935861 0.5169395821569734 0.014925373134328358 0.018068887634105024
0 0.4957644211375555 0.5247035573122529 0.04759983864461476 0.023997741389045736
0 0.5647438483259378 0.5190570299265952 0.05244050020169423 0.011575381140598532
0 0.5992335619201291 0.5153867871259176 0.013311819281968536 0.018351214003387916
0 0.6496571198063735 0.5179277244494636 0.027833803953206938 0.03190287972896669
0 0.6427995159338443 0.5199040090344438 0.0012101653892698668 0.0008469791078486731
0 0.6694231544977813 0.5199040090344438 0.010891488503428802 0.008752117447769622
0 0.7016942315449778 0.5170807453416149 0.013311819281968536 0.0189158667419537
0 0.7214602662363856 0.5165160926030491 0.027833803953206938 0.020609824957651044
0 0.772085518354175 0.5201863354037267 0.021782977006857603 0.013269339356295878
0 0.7855990318676885 0.5244212309429701 0.004437273093989512 0.002540937323546019
0 0.8061718434852764 0.5199040090344438 0.019766034691407825 0.016092603049124788
0 0.8194836627672448 0.5261151891586674 0.004437273093989512 0.002540937323546019
0 0.8444937474788221 0.519339356295878 0.018959257765227916 0.014963297571993224
0 0.8563937071399758 0.5296442687747036 0.004033884630899556 0.002258610954263128
0 0.8664784187172246 0.5189158667419537 0.01936264622831787 0.03274985883681536
0 0.8812020976200081 0.5273856578204404 0.004437273093989512 0.00282326369282891
