0 0.16498588140379186 0.26595143986448333 0.009681323114158934 0.01355166572557877
0 0.17063331988705124 0.2546583850931677 0.01855586930213796 0.002258610954263128
0 0.16982654296087132 0.2576228119706381 0.0024203307785397336 0.001976284584980237
0 0.20391286809197257 0.2701863354037267 0.06575231948366277 0.028797289666854884
0 0.24162968939088342 0.2714568040654997 0.00645421540943929 0.01101072840203275
0 0.2864058087938685 0.26595143986448333 0.03953206938281565 0.02258610954263128
0 0.37333602258975396 0.27032749858836813 0.09398951189995966 0.016657255787690572
0 0.4342476805163372 0.26453980801806887 0.03670835014118596 0.01637492941840768
0 0.4590560709963695 0.27300959909655564 0.008874546187979023 0.012422360248447204
0 0.5038321903993546 0.26453980801806887 0.04517950786607503 0.017504234895539244
0 0.5586930213795885 0.2651044607566347 0.01290843081887858 0.014116318464144552
0 0.5655506252521177 0.25663466967814796 0.01855586930213796 0.0033879164313946925
0 0.582089552238806 0.2662337662337662 0.041145623235175476 0.010163749294184076
0 0.6153691004437273 0.27188029361942406 0.04477611940298507 0.020892151326933936
0 0.6040742234772085 0.2556465273856578 0.003630496167809601 0.004234895539243365
0 0.7029043969342477 0.2652456239412761 0.07220653489310205 0.016092603049124788
0 0.7103670835014119 0.25705815923207226 0.003227107704719645 0.003105590062111801
0 0.7307382008874547 0.2595990965556183 0.002016942315449778 0.001976284584980237
0 0.7488906817265026 0.2639751552795031 0.021379588543767647 0.01693958215697346
0 0.7668414683340057 0.2670807453416149 0.014521984671238403 0.009034443817052512
0 0.8055667607906414 0.2663749294184077 0.03065752319483663 0.022303783173348392
0 0.8430818878580073 0.2648221343873518 0.020976200080677694 0.01693958215697346
0 0.8511496571198064 0.26778656126482214 0.017749092375958047 0.009881422924901186
0 0.8745461879790238 0.2648221343873518 0.026623638563937072 0.01637492941840768
0 0.8904800322710771 0.2684923771880294 0.020572811617587738 0.009034443817052512
0 0.908632513110125 0.26566911349520045 0.006857603872529245 0.0016939582156973462
0 0.17305365066559097 0.3198757763975155 0.04437273093989512 0.01355166572557877
0 0.1974586526825333 0.32029926595143987 0.01573215006050827 0.010446075663466968
0 0.21298910851149658 0.32086391869000563 0.01855586930213796 0.009881422924901186
0 0.20976200080677693 0.3081592320722755 0.0024203307785397336 0.002540937323546019
0 0.29306171843485274 0.3188876341050254 0.07704719645018153 0.012704686617730096
0 0.3162565550625252 0.308300395256917 0.0016135538523598225 0.001129305477131564
0 0.345703912868092 0.31535855448898925 0.02743041549011698 0.018068887634105024
0 0.39653085921742637 0.31832298136645965 0.029850746268656716 0.01101072840203275
0 0.39229528035498185 0.30787690570299264 0.002016942315449778 0.003105590062111801
0 0.46228317870108915 0.31592320722755507 0.05244050020169423 0.019198193111236588
0 0.4903186768858411 0.32481648785996614 0.03670835014118596 0.020609824957651044
0 0.5288422751109318 0.31620553359683795 0.045986284792254944 0.01637492941840768
0 0.5869302137958854 0.31846414455110106 0.03227107704719645 0.01129305477131564
0 0.6343283582089553 0.31535855448898925 0.0463896732553449 0.018068887634105024
0 0.7063331988705123 0.32058159232072275 0.07422347720855184 0.026821005081874648
0 0.7680516337232756 0.31648785996612083 0.03146430012101654 0.020327498588368152
0 0.8144413069786204 0.31648785996612083 0.04195240016135539 0.01637492941840768
0 0.864058087938685 0.31804065499717676 0.03307785397337636 0.021174477696216828
0 0.8805970149253731 0.32368718238283456 0.024203307785397338 0.021739130434782608
0 0.9021782977006858 0.31874647092038394 0.020572811617587738 0.011857707509881422
0 0.9342476805163372 0.31535855448898925 0.04921339249697459 0.018068887634105024
0 0.1482452601855587 0.36589497459062675 0.014118596208148447 0.01637492941840768
0 0.15248083904800322 0.3557312252964427 0.01936264622831787 0.004517221908526256
0 0.17809600645421542 0.3697063805759458 0.04881000403388463 0.011575381140598532
0 0.2154094392900363 0.3756352343308865 0.04517950786607503 0.021174477696216828
0 0.2063331988705123 0.35968379446640314 0.002016942315449778 0.003952569169960474
0 0.2956837434449375 0.36773009599096557 0.0782573618394514 0.017786561264822136
0 0.300121016538927 0.3591191417278374 0.0024203307785397336 0.0033879164313946925
0 0.3245260185558693 0.36151891586674195 0.004437273093989512 0.004799548277809147
0 0.3446954417103671 0.3674477696216827 0.024606696248487294 0.020045172219085264
0 0.3642597821702299 0.3708356860530774 0.016135538523598225 0.010446075663466968
0 0.37333602258975396 0.37577639751552794 0.003630496167809601 0.00282326369282891
0 0.41750705929810406 0.3673066064370412 0.01936264622831787 0.015245623941276116
0 0.42718838241226303 0.3708356860530774 0.021782977006857603 0.010446075663466968
0 0.46893908834207343 0.3674477696216827 0.027833803953206938 0.023997741389045736
0 0.4935457845905607 0.36589497459062675 0.05203711173860428 0.020327498588368152
0 0.5393303751512707 0.3709768492377188 0.02016942315449778 0.011857707509881422
0 0.572811617587737 0.3673066064370412 0.05889471561113352 0.019762845849802372
0 0.6228317870108915 0.3725296442687747 0.04195240016135539 0.023997741389045736
0 0.6617587736990722 0.3771880293619424 0.052843888664784185 0.02258610954263128
0 0.7025010084711577 0.3673066064370412 0.025413473174667203 0.015245623941276116
0 0.7230738200887454 0.3705533596837945 0.03993545784590561 0.009316770186335404
0 0.7922549415086728 0.367871259175607 0.08390480032271078 0.01693958215697346
0 0.808995562726906 0.36151891586674195 0.003630496167809601 0.003105590062111801
0 0.8463089955627269 0.3743647656691135 0.03227107704719645 0.03387916431394692
0 0.835820895522388 0.3608130999435347 0.004840661557079467 0.00282326369282891
0 0.8961274707543364 0.3673066064370412 0.043162565550625254 0.020327498588368152
0 0.16680112948769665 0.4168548842461886 0.050423557886244454 0.021739130434782608
0 0.24021782977006859 0.42603049124788256 0.06010488100040339 0.018068887634105024
0 0.29931423961274706 0.42504234895539245 0.024203307785397338 0.014963297571993224
0 0.38664784187172246 0.4243365330321852 0.1536910044372731 0.030491247882552232
0 0.3664784187172247 0.4103613777526821 0.0028237192416296895 0.001976284584980237
0 0.5328761597418313 0.41798418972332013 0.09116579265832997 0.020609824957651044
0 0.509277934651069 0.40739695087521177 0.0052440500201694235 0.00564652738565782
0 0.6194029850746269 0.4215132693393563 0.08430818878580072 0.023715415019762844
0 0.6026623638563937 0.40810276679841895 0.004033884630899556 0.0036702428006775835
0 0.6292860024203307 0.4105025409373235 0.004033884630899556 0.003952569169960474
0 0.6956434045986285 0.4222190852625635 0.0391286809197257 0.011575381140598532
0 0.6994755949979831 0.4083850931677019 0.004033884630899556 0.002540937323546019
0 0.7573618394513917 0.41756070016939584 0.04477611940298507 0.020327498588368152
0 0.8206938281565147 0.4233483907396951 0.05687777329568374 0.016092603049124788
0 0.8543767648245261 0.4178430265386787 0.022589753933037516 0.021456804065499716
0 0.8898749495764421 0.424901185770751 0.05889471561113352 0.0220214568040655
0 0.1555062525211779 0.4699322416713721 0.03509479628882614 0.01383399209486166
0 0.1952400161355385 0.47162619988706944 0.023396530859217425 0.012704686617730096
0 0.21137555465913674 0.4719085262563523 0.01855586930213796 0.01101072840203275
0 0.2662363856393707 0.46950875211744775 0.05970149253731343 0.018633540372670808
0 0.3509479628882614 0.46696781479390176 0.07583703106091166 0.017504234895539244
0 0.3993545784590561 0.47473178994918125 0.045986284792254944 0.027950310559006212
0 0.4560306575231948 0.47134387351778656 0.021379588543767647 0.011575381140598532
0 0.4681323114158935 0.472755505364201 0.018959257765227916 0.010446075663466968
0 0.518757563533683 0.468944099378882 0.0500201694231545 0.025409373235460192
0 0.5475998386446148 0.472755505364201 0.006857603872529245 0.007058159232072276
0 0.5895522388059702 0.4712027103331451 0.031060911657926585 0.01693958215697346
0 0.6220250100847116 0.47148503670242803 0.03711173860427592 0.012422360248447204
0 0.6442113755546591 0.46823828345567475 0.024203307785397338 0.020045172219085264
0 0.6742638160548609 0.4683794466403162 0.031060911657926585 0.024844720496894408
0 0.7025010084711577 0.4710615471485037 0.03428801936264623 0.012140033879164314
0 0.772085518354175 0.47289666854884244 0.08955223880597014 0.029361942405420668
0 0.7601855586930214 0.4570863918690006 0.007664380798709157 0.003952569169960474
0 0.7829770068576039 0.4621682665160926 0.004033884630899556 0.0033879164313946925
0 0.8686970552642195 0.4678147939017504 0.08188785800726099 0.019762845849802372
0 0.8856393707139976 0.4599096555618295 0.002016942315449778 0.0016939582156973462
0 0.15772488906817264 0.5225861095426313 0.033884630899556276 0.012422360248447204
0 0.16155707946752723 0.5094579333709769 0.0028237192416296895 0.0036702428006775835
0 0.21319080274304156 0.5199040090344438 0.04961678096006454 0.01948051948051948
0 0.3118192819685357 0.5207509881422925 0.0935861234368697 0.0189158667419537
0 0.3206938281565147 0.5128458498023716 0.003227107704719645 0.001976284584980237
0 0.4253731343283582 0.5194805194805194 0.09963695038321904 0.019762845849802372
0 0.43606292860024204 0.508893280632411 0.004033884630899556 0.003105590062111801
0 0.47660346914078255 0.5261151891586674 0.0060508269463493344 0.007622811970638058
0 0.5344897135941912 0.5186335403726708 0.07664380798709157 0.0220214568040655
0 0.6288826139572409 0.5179277244494636 0.06938281565147236 0.022303783173348392
0 0.6772892295280355 0.5227272727272727 0.03630496167809601 0.010446075663466968
0 0.7156111335215812 0.5283738001129306 0.05244050020169423 0.023433088650479956
0 0.7892295280354982 0.5169395821569734 0.06252521177894312 0.020327498588368152
0 0.8606292860024203 0.5182100508187465 0.051230334812424366 0.018351214003387916
0 0.16377571601452198 0.5704404291360813 0.04679306171843485 0.022303783173348392
0 0.2291246470350948 0.5749576510446076 0.02581686163775716 0.012704686617730096
0 0.2569584509883017 0.5745341614906833 0.041145623235175476 0.01129305477131564
0 0.318273497377975 0.5718520609824957 0.033884630899556276 0.010446075663466968
0 0.381605486083098 0.5787690570299266 0.04517950786607503 0.023715415019762844
0 0.445542557482856 0.5735460191981931 0.0326744655102864 0.009881422924901186
0 0.46329164985881405 0.5615471485036703 0.0028237192416296895 0.00282326369282891
0 0.4903186768858411 0.5693111236589498 0.05203711173860428 0.017786561264822136
0 0.5635336829366681 0.5683229813664596 0.05163372327551432 0.019762845849802372
0 0.5982250907624042 0.57128740824393 0.033884630899556276 0.011575381140598532
0 0.6068979427188382 0.5588650479954828 0.002016942315449778 0.002540937323546019
0 0.6167809600645422 0.5767927724449463 0.008874546187979023 0.00846979107848673
0 0.6589350544574425 0.5683229813664596 0.024606696248487294 0.020892151326933936
0 0.6795078660750302 0.5741106719367589 0.03509479628882614 0.01101072840203275
0 0.7031060911657927 0.5731225296442688 0.015328761597418314 0.009599096555618294
0 0.7333602258975394 0.5701581027667985 0.04921339249697459 0.016657255787690572
0 0.7192416296893909 0.5615471485036703 0.004033884630899556 0.003952569169960474
0 0.7628075837031061 0.5681818181818182 0.021782977006857603 0.021174477696216828
0 0.8017345703912868 0.5719932241671372 0.014925373134328358 0.014116318464144552
0 0.8098023396530859 0.5609824957651045 0.019766034691407825 0.004517221908526256
0 0.827753126260589 0.5704404291360813 0.03953206938281565 0.0189158667419537
0 0.8315853166599435 0.5614059853190287 0.0052440500201694235 0.003105590062111801
0 0.8493344090359016 0.5731225296442688 0.019766034691407825 0.01129305477131564
0 0.16236385639370715 0.6228119706380576 0.0391286809197257 0.012422360248447204
0 0.17244856797095603 0.6095426312817617 0.0052440500201694235 0.005081874647092038
0 0.22892295280354982 0.6187182382834556 0.03751512706736587 0.020045172219085264
0 0.2781363453005244 0.6238001129305477 0.056070996369503835 0.01101072840203275
0 0.3598225090762404 0.6230942970073405 0.048406615570794675 0.030491247882552232
0 0.4144816458249294 0.6214003387916431 0.02218636546994756 0.012422360248447204
0 0.44352561516740624 0.622953133822699 0.0536506655909641 0.01101072840203275
0 0.5252117789431222 0.6184359119141728 0.063735377168213 0.0189158667419537
0 0.5274304154901169 0.6118012422360248 0.0028237192416296895 0.002258610954263128
0 0.599435256151674 0.6180124223602484 0.03065752319483663 0.019198193111236588
0 0.6704316256555063 0.6187182382834556 0.06292860024203308 0.021739130434782608
0 0.7323517547398144 0.6226708074534162 0.024606696248487294 0.025691699604743084
0 0.7799515933844292 0.6249294184076792 0.09156918112141993 0.012704686617730096
0 0.8410649455425575 0.6202710333145116 0.02743041549011698 0.01693958215697346
0 0.8793868495361032 0.6226708074534162 0.022589753933037516 0.012704686617730096
0 0.22751109318273496 0.6726425748164878 0.14602662363856395 0.027385657820440428
0 0.3410649455425575 0.6739130434782609 0.030254134731746672 0.02766798418972332
0 0.418313836224284 0.668548842461886 0.07180314643001211 0.019198193111236588
0 0.48325937878176684 0.6674195369847544 0.06696248487293263 0.024280067758328628
0 0.4925373134328358 0.6597967250141163 0.0024203307785397336 0.00282326369282891
0 0.5879386849536103 0.6706662902315076 0.09560306575231949 0.022303783173348392
0 0.6434045986284792 0.6794184076792772 0.004033884630899556 0.004799548277809147
