0 0.1555062525211779 0.21470920383963862 0.01653892698668818 0.016092603049124788
0 0.17224687373941105 0.2180971202710333 0.01290843081887858 0.00818746470920384
0 0.1881807180314643 0.21823828345567475 0.01734570391286809 0.005081874647092038
0 0.20330778539733763 0.21470920383963862 0.012101653892698669 0.013269339356295878
0 0.2265026220250101 0.21795595708639187 0.033481242436466316 0.007905138339920948
0 0.27329568374344493 0.21823828345567475 0.011698265429608713 0.007340485601355167
0 0.2874142799515934 0.2165443252399774 0.014118596208148447 0.0220214568040655
0 0.3382412263009278 0.2165443252399774 0.04154901169826543 0.017504234895539244
0 0.3882613957240823 0.2155561829474873 0.02702702702702703 0.014398644833427442
0 0.40681726502622023 0.21470920383963862 0.010891488503428802 0.012140033879164314
0 0.41327148043565953 0.21230942970073405 0.006857603872529245 0.004517221908526256
0 0.4173053650665591 0.2183794466403162 0.0060508269463493344 0.005928853754940711
0 0.42517144009681324 0.21852060982495766 0.010488100040338847 0.00564652738565782
0 0.43848325937878174 0.2183794466403162 0.011294876966518758 0.006493506493506494
0 0.44796288826139574 0.2140033879164314 0.012505042355788625 0.015245623941276116
0 0.4903186768858411 0.21569734613212874 0.02218636546994756 0.009599096555618294
0 0.5118999596611536 0.21781479390175043 0.014521984671238403 0.006493506493506494
0 0.5584913271480436 0.21428571428571427 0.04719645018152481 0.01693958215697346
0 0.5750302541347317 0.21089779785431959 0.006857603872529245 0.006211180124223602
0 0.5893505445744252 0.2186617730095991 0.014521984671238403 0.005928853754940711
0 0.6070996369503833 0.22402597402597402 0.029043969342476807 0.0189158667419537
0 0.635941912061315 0.2121682665160926 0.011698265429608713 0.015527950310559006
0 0.6613553852359823 0.21414455110107283 0.035901573215006054 0.016657255787690572
0 0.6716417910447762 0.20892151326933936 0.007260992335619202 0.007340485601355167
0 0.6877773295683743 0.21922642574816487 0.009681323114158934 0.004799548277809147
0 0.7210568777732956 0.2183794466403162 0.011698265429608713 0.009316770186335404
0 0.7357805566760791 0.2251552795031056 0.01290843081887858 0.0189158667419537
0 0.7555465913674869 0.21922642574816487 0.026623638563937072 0.007058159232072276
0 0.7759177087535296 0.21908526256352343 0.014118596208148447 0.007905138339920948
0 0.7870108914885035 0.21569734613212874 0.015328761597418314 0.015245623941276116
0 0.7977006857603872 0.21880293619424054 0.012505042355788625 0.006775832862789385
0 0.8118192819685357 0.21979107848673066 0.014925373134328358 0.008752117447769622
0 0.8436869705526422 0.21852060982495766 0.013311819281968536 0.007340485601355167
0 0.8606292860024203 0.21979107848673066 0.014118596208148447 0.00818746470920384
0 0.15248083904800322 0.26877470355731226 0.016942315449778138 0.01129305477131564
0 0.19322307382008874 0.27004517221908525 0.02743041549011698 0.007622811970638058
0 0.21621621621621623 0.2689158667419537 0.02016942315449778 0.008752117447769622
0 0.26401774909237596 0.26538678712591757 0.014118596208148447 0.01693958215697346
0 0.2755143202904397 0.26792772444946356 0.011294876966518758 0.00846979107848673
0 0.2918515530455829 0.2686335403726708 0.013311819281968536 0.006493506493506494
0 0.32331585316659944 0.26750423489553926 0.04477611940298507 0.009316770186335404
0 0.36244453408632515 0.26355166572557875 0.030254134731746672 0.014963297571993224
0 0.3864461476401775 0.26665725578769056 0.011294876966518758 0.008752117447769622
0 0.4007664380798709 0.26750423489553926 0.01653892698668818 0.007058159232072276
0 0.4540137152077451 0.2649632975719932 0.040742234772085516 0.014963297571993224
0 0.48608309802339655 0.26439864483342745 0.023396530859217425 0.015527950310559006
0 0.5080677692617991 0.26453980801806887 0.021379588543767647 0.015245623941276116
0 0.5601048810004033 0.2672219085262564 0.02702702702702703 0.009881422924901186
0 0.5798709156918113 0.26468097120271034 0.013311819281968536 0.017221908526256352
0 0.5996369503832191 0.264257481648786 0.025413473174667203 0.01637492941840768
0 0.6571198063735377 0.2670807453416149 0.035498184751916094 0.018068887634105024
0 0.6787010891488503 0.2683512140033879 0.008471157724889069 0.007058159232072276
0 0.7170229931423961 0.2641163184641446 0.01653892698668818 0.014963297571993224
0 0.7329568374344494 0.26877470355731226 0.014521984671238403 0.007340485601355167
0 0.7480839048003227 0.2686335403726708 0.014118596208148447 0.007622811970638058
0 0.7595804759983864 0.2683512140033879 0.011294876966518758 0.007058159232072276
0 0.7712787414279951 0.268068887634105 0.008067769261799113 0.004799548277809147
0 0.7866075030254135 0.264257481648786 0.021782977006857603 0.01637492941840768
0 0.8192819685356999 0.2641163184641446 0.014521984671238403 0.014963297571993224
0 0.8479225494150867 0.27315076228119706 0.03711173860427592 0.016657255787690572
0 0.8777732956837434 0.2648221343873518 0.03469140782573618 0.01637492941840768
0 0.1674062121823316 0.31437041219649914 0.04033884630899556 0.014398644833427442
0 0.1837434449374748 0.3116883116883117 0.006857603872529245 0.006775832862789385
0 0.1972569584509883 0.31846414455110106 0.010488100040338847 0.006775832862789385
0 0.2101653892698669 0.3138057594579334 0.020976200080677694 0.014963297571993224
0 0.2581686163775716 0.3190287972896669 0.011294876966518758 0.009599096555618294
0 0.2799515933844292 0.3157820440429136 0.026623638563937072 0.017221908526256352
0 0.2987091569181121 0.31408808582721626 0.00927793465106898 0.015527950310559006
0 0.3065752319483663 0.31648785996612083 0.008067769261799113 0.014680971202710334
0 0.31968535699878986 0.3197346132128741 0.013311819281968536 0.005928853754940711
0 0.34207341670028235 0.3191699604743083 0.02743041549011698 0.009316770186335404
0 0.3807987091569181 0.3132411067193676 0.005647438483259379 0.006493506493506494
0 0.38342073416700284 0.32156973461321287 0.003630496167809601 0.007340485601355167
0 0.3991528842275111 0.3210050818746471 0.01573215006050827 0.003952569169960474
0 0.4427188382412263 0.3176171654432524 0.014118596208148447 0.009034443817052512
0 0.45663574021782977 0.31931112365894976 0.012101653892698669 0.006775832862789385
0 0.48406615570794675 0.31945228684359117 0.035498184751916094 0.008752117447769622
0 0.537111738604276 0.31408808582721626 0.018959257765227916 0.015527950310559006
0 0.5528438886647842 0.3177583286278938 0.00927793465106898 0.007622811970638058
0 0.5766438079870916 0.3145115753811406 0.03428801936264623 0.015245623941276116
0 0.5881403791851553 0.3102766798418972 0.007260992335619202 0.007340485601355167
0 0.599838644614764 0.31394692264257484 0.008874546187979023 0.014680971202710334
0 0.6357402178297701 0.31747600225861095 0.02501008471157725 0.017221908526256352
0 0.6589350544574425 0.3201581027667984 0.022993142396127472 0.00564652738565782
0 0.6617587736990722 0.3176171654432524 0.0052440500201694235 0.004517221908526256
0 0.7027027027027027 0.3191699604743083 0.026623638563937072 0.009316770186335404
0 0.7238805970149254 0.3188876341050254 0.012505042355788625 0.00818746470920384
0 0.7392093586123437 0.3201581027667984 0.013311819281968536 0.007905138339920948
0 0.7593787817668415 0.320016939582157 0.02379991932230738 0.007058159232072276
0 0.7807583703106091 0.3265104460756635 0.01008471157724889 0.0189158667419537
0 0.7930617184348527 0.3169113495200452 0.005647438483259379 0.015527950310559006
0 0.799919322307382 0.31154714850367027 0.003227107704719645 0.006493506493506494
0 0.8021379588543768 0.32156973461321287 0.0052440500201694235 0.007340485601355167
0 0.8140379185155304 0.3207227555053642 0.008874546187979023 0.00846979107848673
0 0.827753126260589 0.31521739130434784 0.014521984671238403 0.014963297571993224
0 0.8436869705526422 0.3201581027667984 0.018959257765227916 0.007340485601355167
0 0.8572004840661557 0.31959345002823264 0.010488100040338847 0.006775832862789385
0 0.873336022589754 0.31648785996612083 0.02016942315449778 0.01637492941840768
0 0.8926986688180718 0.3198757763975155 0.01371520774505849 0.00846979107848673
0 0.15671641791044777 0.3694240542066629 0.011698265429608713 0.00818746470920384
0 0.17244856797095603 0.3673066064370412 0.01573215006050827 0.024844720496894408
0 0.20774505849132716 0.3651891586674195 0.01290843081887858 0.017786561264822136
0 0.22287212585720048 0.3644833427442123 0.014925373134328358 0.015810276679841896
0 0.23557886244453408 0.36984754376058726 0.004840661557079467 0.003952569169960474
0 0.23961274707543365 0.3675889328063241 0.004033884630899556 0.00282326369282891
0 0.2690601048810004 0.37450592885375494 0.011294876966518758 0.018351214003387916
0 0.29064138765631303 0.370412196499153 0.024606696248487294 0.006775832862789385
0 0.3096006454215409 0.36476566911349523 0.012505042355788625 0.019762845849802372
0 0.32432432432432434 0.3753529079616036 0.01371520774505849 0.017221908526256352
0 0.3741427995159338 0.36702428006775834 0.012505042355788625 0.01129305477131564
0 0.3828156514723679 0.36462450592885376 0.008067769261799113 0.015527950310559006
0 0.3961274707543364 0.36900056465273856 0.016135538523598225 0.00564652738565782
0 0.4247680516337233 0.36900056465273856 0.03065752319483663 0.00846979107848673
0 0.4554255748285599 0.36038961038961037 0.01371520774505849 0.009316770186335404
0 0.4572408229124647 0.36928289102202144 0.003630496167809601 0.00846979107848673
0 0.46853569987898347 0.36561264822134387 0.011698265429608713 0.020327498588368152
0 0.5108914885034288 0.3697063805759458 0.031060911657926585 0.010446075663466968
0 0.5463896732553449 0.370412196499153 0.038321903993545785 0.007340485601355167
0 0.5576845502218637 0.36801242236024845 0.003630496167809601 0.001411631846414455
0 0.5951996772892295 0.36674195369847545 0.02379991932230738 0.017504234895539244
0 0.6419927390076644 0.3699887069452287 0.011698265429608713 0.008752117447769622
0 0.6676079064138766 0.3694240542066629 0.03469140782573618 0.02456239412761152
0 0.682129891085115 0.36307171089779783 0.004840661557079467 0.00564652738565782
0 0.6948366276724486 0.37012987012987014 0.014925373134328358 0.006775832862789385
0 0.7117789431222267 0.3705533596837945 0.02218636546994756 0.004799548277809147
0 0.7511093182734974 0.36885940146809715 0.014521984671238403 0.017221908526256352
0 0.763210972166196 0.366600790513834 0.009681323114158934 0.010446075663466968
0 0.7759177087535296 0.37027103331451156 0.012505042355788625 0.007058159232072276
0 0.7972972972972973 0.37111801242236025 0.024606696248487294 0.009316770186335404
0 0.8356192012908431 0.3706945228684359 0.018152480839048003 0.009034443817052512
0 0.8614360629286002 0.36490683229813664 0.031060911657926585 0.01948051948051948
0 0.15510286405808793 0.4178430265386787 0.01734570391286809 0.009034443817052512
0 0.1837434449374748 0.41360813099943533 0.00927793465106898 0.010728402032749858
0 0.20229931423961275 0.41544325239977414 0.02379991932230738 0.016092603049124788
0 0.22226704316256554 0.41854884246188595 0.012101653892698669 0.026256352343308864
0 0.2656313029447358 0.42758328627893843 0.013311819281968536 0.020609824957651044
0 0.27269060104881 0.4212309429700734 0.004033884630899556 0.002258610954263128
0 0.2833803953206938 0.42066629023150764 0.012505042355788625 0.009599096555618294
0 0.30032271077047196 0.4203839638622247 0.02379991932230738 0.006211180124223602
0 0.32109721661960466 0.4202428006775833 0.016942315449778138 0.009881422924901186
0 0.3602258975393304 0.4205251270468662 0.01855586930213796 0.009881422924901186
0 0.3797902379991932 0.4256070016939582 0.022993142396127472 0.017786561264822136
0 0.39209358612343687 0.41826651609260307 0.01855586930213796 0.00818746470920384
0 0.41044776119402987 0.4246188594014681 0.002016942315449778 0.002258610954263128
0 0.4564340459862848 0.41417278373800115 0.014118596208148447 0.021456804065499716
0 0.4705526421944332 0.42080745341614906 0.010891488503428802 0.007622811970638058
0 0.4844695441710367 0.41967814793901753 0.008874546187979023 0.009881422924901186
0 0.5002016942315449 0.4193958215697346 0.02581686163775716 0.00818746470920384
0 0.49173053650665594 0.4205251270468662 0.0016135538523598225 0.001411631846414455
0 0.5312626058894716 0.4158667419536985 0.022589753933037516 0.018633540372670808
0 0.5518354175070593 0.41883116883116883 0.01855586930213796 0.008752117447769622
0 0.5566760790641387 0.41854884246188595 0.0016135538523598225 0.001411631846414455
0 0.5653489310205728 0.4160079051383399 0.008471157724889069 0.016657255787690572
0 0.5877369907220653 0.4193958215697346 0.03872529245663574 0.010446075663466968
0 0.6706333198870512 0.4209486166007905 0.07382008874546188 0.019198193111236588
0 0.6516740621218233 0.4117730095990966 0.002016942315449778 0.001976284584980237
0 0.7337636143606293 0.4165725578769057 0.005647438483259379 0.017221908526256352
0 0.7492940701895926 0.4199604743083004 0.010891488503428802 0.011575381140598532
0 0.7829770068576039 0.4162902315076228 0.004840661557079467 0.017221908526256352
0 0.7922549415086728 0.41205533596837945 0.005647438483259379 0.008752117447769622
0 0.7928600242033078 0.4212309429700734 0.004437273093989512 0.006775832862789385
0 0.8061718434852764 0.41699604743083 0.019766034691407825 0.019198193111236588
0 0.8196853569987899 0.41770186335403725 0.004840661557079467 0.017786561264822136
0 0.8380395320693829 0.4205251270468662 0.019766034691407825 0.007622811970638058
0 0.14703509479628882 0.45920383963862227 0.003630496167809601 0.004234895539243365
0 0.1500605082694635 0.46936758893280633 0.003227107704719645 0.009316770186335404
0 0.16034691407825735 0.46569734613212876 0.0052440500201694235 0.015527950310559006
0 0.16760790641387657 0.4658385093167702 0.006857603872529245 0.018633540372670808
0 0.18616377571601453 0.46936758893280633 0.025413473174667203 0.008752117447769622
0 0.2029043969342477 0.4655561829474873 0.005647438483259379 0.015810276679841896
0 0.2127874142799516 0.46950875211744775 0.013311819281968536 0.006775832862789385
0 0.22892295280354982 0.4699322416713721 0.01734570391286809 0.006493506493506494
0 0.26401774909237596 0.4654150197628458 0.01008471157724889 0.016657255787690572
0 0.28176684146833403 0.4720496894409938 0.014925373134328358 0.006211180124223602
0 0.3154497781363453 0.46725014116318464 0.03065752319483663 0.01693958215697346
0 0.33965308592174265 0.468944099378882 0.02016942315449778 0.007905138339920948
0 0.3983461073013312 0.46499153020892153 0.02702702702702703 0.020327498588368152
0 0.4292053247277128 0.4699322416713721 0.02501008471157725 0.010446075663466968
0 0.45461879790237997 0.4697910784867307 0.022589753933037516 0.009599096555618294
0 0.4794271883824123 0.4696499153020892 0.013311819281968536 0.009316770186335404
0 0.5020169423154498 0.46569734613212876 0.03428801936264623 0.021739130434782608
0 0.5193626462283178 0.46075663466967814 0.007664380798709157 0.00846979107848673
0 0.5225897539330375 0.470214568040655 0.004437273093989512 0.00818746470920384
0 0.5354981847519161 0.46936758893280633 0.010891488503428802 0.009881422924901186
0 0.5528438886647842 0.468944099378882 0.022993142396127472 0.00846979107848673
0 0.5941912061315047 0.4645680406549972 0.010488100040338847 0.01948051948051948
0 0.6119402985074627 0.4710615471485037 0.024203307785397338 0.007622811970638058
0 0.6347317466720451 0.4647092038396386 0.013311819281968536 0.019762845849802372
0 0.6496571198063735 0.4785431959345003 0.020572811617587738 0.021456804065499716
0 0.6881807180314643 0.46908526256352345 0.01290843081887858 0.017221908526256352
0 0.7137958854376765 0.46725014116318464 0.03993545784590561 0.018068887634105024
0 0.7829770068576039 0.46823828345567475 0.0500201694231545 0.018351214003387916
0 0.7968939088342073 0.4611801242236025 0.012505042355788625 0.010446075663466968
0 0.8186768858410649 0.4709203839638622 0.018959257765227916 0.007905138339920948
0 0.17587736990722067 0.5138339920948617 0.063735377168213 0.020892151326933936
0 0.25433642597821704 0.5156691134952005 0.030254134731746672 0.018351214003387916
0 0.2989108511496571 0.5172219085262564 0.02743041549011698 0.014116318464144552
0 0.3358208955223881 0.5203274985883681 0.035901573215006054 0.009599096555618294
0 0.40500201694231547 0.5165160926030491 0.0500201694231545 0.015527950310559006
0 0.463493344090359 0.5206098249576511 0.03307785397337636 0.030491247882552232
0 0.4828559903186769 0.5179277244494636 0.00645421540943929 0.014963297571993224
0 0.5062525211778943 0.5169395821569734 0.03630496167809601 0.015245623941276116
0 0.5522388059701493 0.5152456239412762 0.010488100040338847 0.01637492941840768
0 0.5683743444937475 0.5211744776962168 0.015328761597418314 0.006775832862789385
0 0.6262605889471561 0.5191981931112366 0.043162565550625254 0.018633540372670808
0 0.6891891891891891 0.5213156408808582 0.035901573215006054 0.027950310559006212
0 0.7214602662363856 0.5237154150197628 0.030254134731746672 0.007340485601355167
0 0.7696651875756353 0.5225861095426313 0.012101653892698669 0.007340485601355167
0 0.7862041145623235 0.5225861095426313 0.014521984671238403 0.031055900621118012
0 0.16377571601452198 0.5647939017504235 0.02501008471157725 0.017221908526256352
0 0.18676885841064947 0.5697346132128741 0.017749092375958047 0.007905138339920948
0 0.20169423154497781 0.5700169395821569 0.008874546187979023 0.006775832862789385
0 0.21782977006857604 0.5798983625070582 0.020976200080677694 0.025409373235460192
0 0.2716821298910851 0.5707227555053642 0.01573215006050827 0.008752117447769622
0 0.2876159741831384 0.5722755505364201 0.01290843081887858 0.006775832862789385
0 0.30052440500201694 0.5715697346132129 0.011294876966518758 0.006493506493506494
0 0.32129891085114964 0.5707227555053642 0.021379588543767647 0.006493506493506494
0 0.3380395320693828 0.5769339356295878 0.010488100040338847 0.01948051948051948
0 0.35034288019362647 0.5659232072275551 0.008471157724889069 0.017221908526256352
0 0.36385639370713996 0.5714285714285714 0.015328761597418314 0.00846979107848673
0 0.3810004033884631 0.5796160361377752 0.01573215006050827 0.020327498588368152
0 0.40964098426784995 0.5711462450592886 0.026220250100847116 0.007340485601355167
0 0.4277934651068979 0.5708639186900056 0.01008471157724889 0.007340485601355167
0 0.43828156514723676 0.5707227555053642 0.01008471157724889 0.004799548277809147
0 0.4517950786607503 0.5662055335968379 0.01371520774505849 0.020045172219085264
0 0.5058491327148044 0.5719932241671372 0.016942315449778138 0.010163749294184076
0 0.5302541347317467 0.5670525127046866 0.031060911657926585 0.020045172219085264
0 0.5873336022589754 0.5745341614906833 0.03307785397337636 0.012422360248447204
0 0.6371520774505849 0.5729813664596274 0.01734570391286809 0.00818746470920384
0 0.653892698668818 0.5734048560135516 0.014521984671238403 0.007905138339920948
0 0.6823315853166599 0.572557876905703 0.033481242436466316 0.009034443817052512
0 0.7162162162162162 0.5669113495200452 0.031060911657926585 0.020327498588368152
0 0.7327551432029044 0.5599943534726144 0.002016942315449778 0.005928853754940711
0 0.7351754739814441 0.5719932241671372 0.0060508269463493344 0.007905138339920948
0 0.7482855990318676 0.5705815923207228 0.017749092375958047 0.007905138339920948
0 0.7862041145623235 0.5711462450592886 0.014521984671238403 0.009599096555618294
0 0.8017345703912868 0.5724167137210615 0.021379588543767647 0.009881422924901186
0 0.8263412666397741 0.5745341614906833 0.025413473174667203 0.00846979107848673
0 0.854175070592981 0.5719932241671372 0.02218636546994756 0.007340485601355167
0 0.871924162968939 0.5830039525691699 0.01734570391286809 0.023150762281197064
0 0.8874546187979023 0.5822981366459627 0.004033884630899556 0.003105590062111801
