0 0.1482452601855587 0.21795595708639187 0.02702702702702703 0.01355166572557877
0 0.17809600645421542 0.21880293619424054 0.030254134731746672 0.01129305477131564
0 0.20250100847115773 0.2248729531338227 0.004033884630899556 0.00818746470920384
0 0.24929407018959257 0.21964991530208922 0.03146430012101654 0.012422360248447204
0 0.28862444534086323 0.21781479390175043 0.012505042355788625 0.007622811970638058
0 0.31464300121016536 0.21781479390175043 0.041145623235175476 0.009316770186335404
0 0.3662767244856797 0.22035573122529645 0.01371520774505849 0.005928853754940711
0 0.4070189592577652 0.21950875211744778 0.06212182331585317 0.007058159232072276
0 0.4899152884227511 0.21739130434782608 0.06252521177894312 0.01129305477131564
0 0.4673255344897136 0.2111801242236025 0.0052440500201694235 0.002258610954263128
0 0.5330778539733764 0.22586109542631283 0.007664380798709157 0.006211180124223602
0 0.5895522388059702 0.2180971202710333 0.04961678096006454 0.01101072840203275
0 0.6325131101250504 0.21908526256352343 0.023396530859217425 0.009034443817052512
0 0.6676079064138766 0.21103896103896103 0.007260992335619202 0.001976284584980237
0 0.6782977006857603 0.22063805759457933 0.019766034691407825 0.005364201016374929
0 0.7379991932230738 0.21852060982495766 0.026220250100847116 0.007905138339920948
0 0.7630092779346511 0.21908526256352343 0.022993142396127472 0.006775832862789385
0 0.781968535699879 0.21936758893280633 0.010891488503428802 0.00564652738565782
0 0.8059701492537313 0.21894409937888198 0.03146430012101654 0.005364201016374929
0 0.8475191609519968 0.21626199887069453 0.010488100040338847 0.009034443817052512
0 0.86345300524405 0.21894409937888198 0.014118596208148447 0.009316770186335404
0 0.15711980637353773 0.26990400903444384 0.01653892698668818 0.010728402032749858
0 0.1744655102864058 0.27060982495765107 0.01653892698668818 0.006493506493506494
0 0.20149253731343283 0.2691981931112366 0.038321903993545785 0.008752117447769622
0 0.19685356998789835 0.2632693393562959 0.007260992335619202 0.003105590062111801
0 0.2281161758773699 0.27032749858836813 0.011698265429608713 0.007058159232072276
0 0.2517144009681323 0.26976284584980237 0.021782977006857603 0.00818746470920384
0 0.30597014925373134 0.2683512140033879 0.03751512706736587 0.010446075663466968
0 0.3436869705526422 0.2682100508187465 0.03630496167809601 0.009599096555618294
0 0.39108511496571197 0.2686335403726708 0.010891488503428802 0.009316770186335404
0 0.4171036708350141 0.269339356295878 0.03711173860427592 0.009599096555618294
0 0.4681323114158935 0.2605872388481084 0.02702702702702703 0.002258610954263128
0 0.48043565954013717 0.2684923771880294 0.029850746268656716 0.009599096555618294
0 0.5207745058491328 0.26877470355731226 0.0500201694231545 0.007905138339920948
0 0.5558693021379588 0.26976284584980237 0.020976200080677694 0.006493506493506494
0 0.5687777329568374 0.2673630717108978 0.008874546187979023 0.00846979107848673
0 0.6206131504638968 0.26778656126482214 0.01734570391286809 0.01101072840203275
0 0.6403791851553046 0.27004517221908525 0.01573215006050827 0.007622811970638058
0 0.6573215006050827 0.26877470355731226 0.012505042355788625 0.00846979107848673
0 0.6857603872529245 0.26905702992659514 0.03791851553045583 0.009599096555618294
0 0.7420330778539733 0.26595143986448333 0.07220653489310205 0.011857707509881422
0 0.7944735780556677 0.2598814229249012 0.003630496167809601 0.001976284584980237
0 0.8045582896329165 0.2696216826651609 0.022993142396127472 0.006211180124223602
0 0.846107301331182 0.2689158667419537 0.01573215006050827 0.005364201016374929
0 0.871924162968939 0.2660926030491248 0.02864058087938685 0.012140033879164314
0 0.15570794675272287 0.322557876905703 0.016942315449778138 0.009316770186335404
0 0.18152480839048002 0.32171089779785433 0.03469140782573618 0.007622811970638058
0 0.21500605082694635 0.32029926595143987 0.014521984671238403 0.008752117447769622
0 0.22428398547801534 0.3101355166572558 0.0024203307785397336 0.001976284584980237
0 0.2263009277934651 0.3211462450592885 0.00645421540943929 0.004799548277809147
0 0.25776522791448164 0.3221343873517787 0.05244050020169423 0.00846979107848673
0 0.2974989915288423 0.3197346132128741 0.021379588543767647 0.008752117447769622
0 0.31847519160952 0.32735742518351213 0.006857603872529245 0.008752117447769622
0 0.3664784187172247 0.3221343873517787 0.03751512706736587 0.007340485601355167
0 0.40883420734167003 0.3181818181818182 0.014925373134328358 0.009599096555618294
0 0.4356595401371521 0.3204404291360813 0.03711173860427592 0.00846979107848673
0 0.48628479225494153 0.31804065499717676 0.021379588543767647 0.012704686617730096
0 0.5231948366276724 0.32086391869000563 0.048406615570794675 0.005928853754940711
0 0.5447761194029851 0.31211180124223603 0.004437273093989512 0.0036702428006775835
0 0.5601048810004033 0.32086391869000563 0.006857603872529245 0.004234895539243365
0 0.6010488100040339 0.32058159232072275 0.012101653892698669 0.00818746470920384
0 0.6129487696651875 0.3156408808582722 0.010891488503428802 0.01693958215697346
0 0.6782977006857603 0.3166290231507623 0.0609116579265833 0.011575381140598532
0 0.7412263009277935 0.30999435347261434 0.004437273093989512 0.004517221908526256
0 0.7549415086728519 0.3207227555053642 0.030254134731746672 0.005081874647092038
0 0.7853973376361436 0.31733483907396953 0.01290843081887858 0.015810276679841896
0 0.8093989511899959 0.31945228684359117 0.02702702702702703 0.006493506493506494
0 0.8334005647438483 0.31846414455110106 0.02016942315449778 0.004517221908526256
0 0.8656716417910447 0.31733483907396953 0.035498184751916094 0.009034443817052512
0 0.8761597418313837 0.3129587803500847 0.003227107704719645 0.003105590062111801
0 0.9029850746268657 0.3211462450592885 0.030254134731746672 0.00818746470920384
0 0.14481645824929407 0.3675889328063241 0.008874546187979023 0.00282326369282891
0 0.15167406212182333 0.3759175607001694 0.011294876966518758 0.004234895539243365
0 0.16317063331988704 0.37012987012987014 0.01734570391286809 0.01129305477131564
0 0.20209762000806777 0.37012987012987014 0.020976200080677694 0.009034443817052512
0 0.23053650665590963 0.3706945228684359 0.0318676885841065 0.006211180124223602
0 0.2745058491327148 0.3725296442687747 0.01653892698668818 0.007058159232072276
0 0.29790237999193225 0.3709768492377188 0.01734570391286809 0.007905138339920948
0 0.33642597821702297 0.36900056465273856 0.01290843081887858 0.018633540372670808
0 0.363654699475595 0.3708356860530774 0.04154901169826543 0.009316770186335404
0 0.3963291649858814 0.3761998870694523 0.007664380798709157 0.00818746470920384
0 0.436264622831787 0.36914172783738003 0.014118596208148447 0.01101072840203275
0 0.45320693828156516 0.36885940146809715 0.019766034691407825 0.007058159232072276
0 0.4800322710770472 0.367871259175607 0.029850746268656716 0.009599096555618294
0 0.5352964905203711 0.3706945228684359 0.028237192416296894 0.006775832862789385
0 0.5713997579669221 0.3699887069452287 0.038321903993545785 0.00818746470920384
0 0.6327148043565954 0.37027103331451156 0.018959257765227916 0.007058159232072276
0 0.68152480839048 0.37267080745341613 0.014118596208148447 0.010163749294184076
0 0.6956434045986285 0.3699887069452287 0.008471157724889069 0.005364201016374929
0 0.7115772488906817 0.36984754376058726 0.015328761597418314 0.007905138339920948
0 0.7208551835417507 0.36123658949745907 0.00645421540943929 0.003105590062111801
0 0.7293263412666398 0.37111801242236025 0.016942315449778138 0.012704686617730096
0 0.7553448971359419 0.36773009599096557 0.02379991932230738 0.012140033879164314
0 0.8134328358208955 0.370412196499153 0.020572811617587738 0.00846979107848673
0 0.8444937474788221 0.3705533596837945 0.035901573215006054 0.007058159232072276
0 0.8648648648648649 0.36801242236024845 0.008067769261799113 0.010446075663466968
0 0.8848325937878176 0.3681535855448899 0.02379991932230738 0.009599096555618294
0 0.1700282371924163 0.4243365330321852 0.043969342476805166 0.007905138339920948
0 0.23517547398144414 0.42814793901750425 0.01855586930213796 0.012140033879164314
0 0.24687373941105284 0.411914172783738 0.004033884630899556 0.003952569169960474
0 0.27289229528035497 0.4201016374929418 0.056070996369503835 0.014116318464144552
0 0.29709560306575233 0.4126199887069452 0.004437273093989512 0.003105590062111801
0 0.3408632513110125 0.4205251270468662 0.07422347720855184 0.017221908526256352
0 0.32513110125050426 0.4148785996612084 0.00645421540943929 0.002540937323546019
0 0.4247680516337233 0.4212309429700734 0.022589753933037516 0.017504234895539244
0 0.45966115369100446 0.42207792207792205 0.0463896732553449 0.007905138339920948
0 0.5074626865671642 0.42165443252399776 0.020976200080677694 0.006493506493506494
0 0.5443727309398951 0.4213721061547149 0.01008471157724889 0.005364201016374929
0 0.572206534893102 0.4205251270468662 0.040742234772085516 0.009881422924901186
0 0.573013311819282 0.4134669678147939 0.004437273093989512 0.003105590062111801
0 0.6145623235175474 0.4191134952004517 0.03428801936264623 0.010446075663466968
0 0.6244453408632513 0.4117730095990966 0.004033884630899556 0.0036702428006775835
0 0.6514723678902783 0.4178430265386787 0.029043969342476807 0.01637492941840768
0 0.663372327551432 0.41445511010728403 0.0052440500201694235 0.005081874647092038
0 0.68152480839048 0.4213721061547149 0.019766034691407825 0.007622811970638058
0 0.7216619604679306 0.42264257481648787 0.012101653892698669 0.009599096555618294
0 0.7440500201694231 0.4205251270468662 0.027833803953206938 0.006493506493506494
0 0.7501008471157725 0.4126199887069452 0.0052440500201694235 0.0036702428006775835
0 0.7749092375958048 0.41741953698475437 0.026623638563937072 0.01101072840203275
0 0.8142396127470755 0.4199604743083004 0.01653892698668818 0.005928853754940711
0 0.8338039532069382 0.41727837380011296 0.01371520774505849 0.015245623941276116
0 0.8596208148446954 0.4213721061547149 0.011294876966518758 0.007622811970638058
0 0.8701089148850343 0.410643704121965 0.007260992335619202 0.003105590062111801
0 0.8836224283985478 0.42165443252399776 0.0326744655102864 0.009316770186335404
0 0.9126663977410246 0.4225014116318464 0.025413473174667203 0.009316770186335404
0 0.9300121016538927 0.42631281761716544 0.00927793465106898 0.006211180124223602
0 0.9344493747478823 0.42066629023150764 0.0028237192416296895 0.002258610954263128
0 0.17022993142396128 0.4754376058723885 0.028237192416296894 0.007340485601355167
0 0.20028237192416296 0.47261434217955955 0.025413473174667203 0.009034443817052512
0 0.2519160951996773 0.47501411631846413 0.014925373134328358 0.004799548277809147
0 0.27753126260588945 0.4704968944099379 0.03146430012101654 0.01383399209486166
0 0.3446954417103671 0.4720496894409938 0.043162565550625254 0.007905138339920948
0 0.37918515530455826 0.4720496894409938 0.01936264622831787 0.009034443817052512
0 0.40681726502622023 0.4738848108413326 0.0318676885841065 0.016657255787690572
0 0.44917305365066557 0.4723320158102767 0.013311819281968536 0.007905138339920948
0 0.4836627672448568 0.47148503670242803 0.045986284792254944 0.007340485601355167
0 0.5137152077450585 0.4673913043478261 0.014925373134328358 0.010446075663466968
0 0.5197660346914078 0.4611801242236025 0.0028237192416296895 0.002540937323546019
0 0.5478015328761597 0.46795595708639187 0.03307785397337636 0.012140033879164314
0 0.5792658329971763 0.47007340485601357 0.03469140782573618 0.011857707509881422
0 0.645219846712384 0.4717673630717109 0.014925373134328358 0.005081874647092038
0 0.6740621218233158 0.47656691134952006 0.011294876966518758 0.006211180124223602
0 0.7079467527228721 0.4731789949181254 0.011294876966518758 0.010163749294184076
0 0.7333602258975394 0.47063805759457933 0.03791851553045583 0.007340485601355167
0 0.7601855586930214 0.4665443252399774 0.012505042355788625 0.010446075663466968
0 0.7652279144816458 0.46160361377752684 0.003227107704719645 0.003952569169960474
0 0.790439693424768 0.47035573122529645 0.03509479628882614 0.01129305477131564
0 0.8196853569987899 0.4599096555618295 0.010488100040338847 0.004517221908526256
0 0.1591367486889875 0.5258328627893846 0.011698265429608713 0.006493506493506494
0 0.19382815651472368 0.5231507622811971 0.05203711173860428 0.010728402032749858
0 0.2210568777732957 0.5220214568040655 0.008874546187979023 0.007905138339920948
0 0.23275514320290439 0.5215979672501412 0.023396530859217425 0.00818746470920384
0 0.23114158935054457 0.5141163184641445 0.004033884630899556 0.003952569169960474
0 0.26663977410246065 0.5220214568040655 0.03872529245663574 0.009599096555618294
0 0.29951593384429204 0.528514963297572 0.006857603872529245 0.006775832862789385
0 0.3588140379185155 0.5228684359119141 0.03670835014118596 0.007905138339920948
0 0.3892698668818072 0.5254093732354602 0.014521984671238403 0.00846979107848673
0 0.418112141992739 0.5217391304347826 0.035901573215006054 0.009034443817052512
0 0.41085114965711983 0.5134105025409373 0.0052440500201694235 0.003105590062111801
0 0.44675272287212586 0.5220214568040655 0.01653892698668818 0.006211180124223602
0 0.47398144413069787 0.519339356295878 0.03227107704719645 0.008752117447769622
0 0.47317466720451795 0.5132693393562959 0.005647438483259379 0.00282326369282891
0 0.5044372730939896 0.5228684359119141 0.014925373134328358 0.01129305477131564
0 0.5377168212989109 0.5189158667419537 0.008874546187979023 0.010728402032749858
0 0.5558693021379588 0.5217391304347826 0.014521984671238403 0.006211180124223602
0 0.5847115772488907 0.5211744776962168 0.01008471157724889 0.006775832862789385
0 0.6183945139169019 0.5213156408808582 0.05405405405405406 0.008752117447769622
0 0.6849536103267446 0.5217391304347826 0.016942315449778138 0.007340485601355167
0 0.7012908430818878 0.5214568040654998 0.014925373134328358 0.007905138339920948
0 0.7377974989915288 0.5176453980801807 0.05244050020169423 0.010446075663466968
0 0.8342073416700282 0.516798418972332 0.0653489310205728 0.013269339356295878
0 0.86304961678096 0.5115753811405985 0.003630496167809601 0.00282326369282891
0 0.8783783783783784 0.5207509881422925 0.012505042355788625 0.006493506493506494
0 0.9029850746268657 0.5200451722190853 0.026220250100847116 0.00564652738565782
0 0.17022993142396128 0.5715697346132129 0.04356595401371521 0.016657255787690572
0 0.21056877773295685 0.5731225296442688 0.03065752319483663 0.006775832862789385
0 0.23578055667607906 0.5691699604743083 0.018959257765227916 0.010728402032749858
0 0.2591770875352965 0.5804630152456239 0.00927793465106898 0.007340485601355167
0 0.3083904800322711 0.575098814229249 0.027833803953206938 0.006775832862789385
0 0.3618394513916902 0.5697346132128741 0.035498184751916094 0.014680971202710334
0 0.3854376764824526 0.5639469226425748 0.003630496167809601 0.002540937323546019
0 0.400161355385236 0.5717108977978543 0.029850746268656716 0.007905138339920948
0 0.4507866075030254 0.5707227555053642 0.027833803953206938 0.012140033879164314
0 0.47519160951996775 0.572557876905703 0.016942315449778138 0.007905138339920948
0 0.4955627269060105 0.5691699604743083 0.02379991932230738 0.011857707509881422
0 0.5413473174667205 0.5731225296442688 0.011294876966518758 0.00564652738565782
0 0.5550625252117789 0.5734048560135516 0.016135538523598225 0.006211180124223602
0 0.5770471964501815 0.5756634669678148 0.021379588543767647 0.012987012987012988
0 0.6206131504638968 0.5711462450592886 0.07220653489310205 0.01693958215697346
0 0.6859620814844696 0.5694522868435912 0.011698265429608713 0.011857707509881422
0 0.6990722065348931 0.5715697346132129 0.01290843081887858 0.007058159232072276
0 0.718434852763211 0.5695934500282326 0.01855586930213796 0.00818746470920384
0 0.7513110125050424 0.5735460191981931 0.043162565550625254 0.012704686617730096
0 0.8166599435256152 0.5704404291360813 0.03509479628882614 0.004799548277809147
0 0.809197256958451 0.5590062111801242 0.003227107704719645 0.002258610954263128
0 0.16438079870915692 0.6257763975155279 0.020572811617587738 0.007058159232072276
0 0.2055264219443324 0.622953133822699 0.02864058087938685 0.008752117447769622
0 0.21238402581686164 0.6146245059288538 0.0052440500201694235 0.004517221908526256
0 0.23315853166599435 0.6266233766233766 0.01371520774505849 0.010446075663466968
0 0.25110931827349736 0.622953133822699 0.018959257765227916 0.008752117447769622
0 0.2765227914481646 0.6264822134387352 0.031060911657926585 0.01637492941840768
0 0.31807180314643 0.6243647656691135 0.01653892698668818 0.008752117447769622
0 0.33743444937474787 0.6233766233766234 0.022993142396127472 0.007340485601355167
0 0.3446954417103671 0.6137775268210051 0.004437273093989512 0.00282326369282891
0 0.3618394513916902 0.6202710333145116 0.01936264622831787 0.01355166572557877
0 0.363654699475595 0.6143421795595708 0.003630496167809601 0.003952569169960474
0 0.38039532069382814 0.623235460191982 0.010488100040338847 0.007622811970638058
0 0.3983461073013312 0.6235177865612648 0.01734570391286809 0.007058159232072276
0 0.41306978620411455 0.620694522868436 0.008067769261799113 0.009881422924901186
0 0.45219846712384026 0.6230942970073405 0.021782977006857603 0.006775832862789385
0 0.4762000806776926 0.6184359119141728 0.018152480839048003 0.012140033879164314
0 0.4836627672448568 0.6142010163749294 0.004033884630899556 0.0036702428006775835
0 0.49314239612747074 0.6222473178994918 0.013311819281968536 0.007340485601355167
0 0.5171440096813231 0.620694522868436 0.029850746268656716 0.01101072840203275
0 0.5397337636143607 0.6273291925465838 0.004033884630899556 0.00282326369282891
