0 0.15752319483662766 0.27060982495765107 0.021379588543767647 0.023997741389045736
0 0.17789431222267044 0.27188029361942406 0.01290843081887858 0.01129305477131564
0 0.22226704316256554 0.269339356295878 0.016135538523598225 0.020327498588368152
0 0.2319483662767245 0.27315076228119706 0.004033884630899556 0.01101072840203275
0 0.23719241629689392 0.2627046866177301 0.004840661557079467 0.001976284584980237
0 0.24647035094796288 0.27060982495765107 0.010488100040338847 0.012140033879164314
0 0.26200080677692617 0.27060982495765107 0.013311819281968536 0.012704686617730096
0 0.272488906817265 0.2717391304347826 0.004437273093989512 0.011575381140598532
0 0.28317870108914883 0.2724449463579898 0.00645421540943929 0.011857707509881422
0 0.29790237999193225 0.27343308865047994 0.01573215006050827 0.012704686617730096
0 0.31867688584106496 0.2831733483907397 0.005647438483259379 0.010728402032749858
0 0.36143606292860025 0.27428006775832864 0.04356595401371521 0.028514963297571992
0 0.390681726502622 0.27343308865047994 0.019766034691407825 0.012140033879164314
0 0.4126663977410246 0.2725861095426313 0.014521984671238403 0.009316770186335404
0 0.4584509883017346 0.2766798418972332 0.014925373134328358 0.033314511575381144
0 0.47962888261395725 0.27710333145115756 0.026623638563937072 0.031338226990400904
0 0.5034288019362646 0.27216261998870694 0.003227107704719645 0.006775832862789385
0 0.5046389673255345 0.2652456239412761 0.003227107704719645 0.004234895539243365
0 0.5159338442920532 0.27526821005081875 0.014521984671238403 0.007340485601355167
0 0.5104881000403388 0.2694805194805195 0.002016942315449778 0.002540937323546019
0 0.5306575231948366 0.28274985883681536 0.012505042355788625 0.021739130434782608
0 0.5857200484066156 0.27399774138904576 0.026623638563937072 0.029644268774703556
0 0.6012505042355789 0.2728684359119142 0.011698265429608713 0.022868435911914172
0 0.6434045986284792 0.269339356295878 0.01936264622831787 0.01693958215697346
0 0.700080677692618 0.26750423489553926 0.025413473174667203 0.020045172219085264
0 0.7287212585720049 0.27300959909655564 0.027833803953206938 0.010728402032749858
0 0.7521177894312223 0.2713156408808583 0.014925373134328358 0.009599096555618294
0 0.7684550221863655 0.2725861095426313 0.014521984671238403 0.009316770186335404
0 0.7835820895522388 0.2728684359119142 0.014118596208148447 0.009881422924901186
0 0.7970956030657523 0.28077357425183513 0.007260992335619202 0.012704686617730096
0 0.14945542557482855 0.3169113495200452 0.020572811617587738 0.01948051948051948
0 0.16680112948769665 0.32029926595143987 0.01008471157724889 0.008752117447769622
0 0.17809600645421542 0.32622811970638055 0.003630496167809601 0.0036702428006775835
0 0.21702299314239612 0.31945228684359117 0.01855586930213796 0.016657255787690572
0 0.23295683743444937 0.3191699604743083 0.00927793465106898 0.016657255787690572
0 0.245663574021783 0.3234048560135517 0.005647438483259379 0.007058159232072276
0 0.2593787817668415 0.32495765104460755 0.01371520774505849 0.009034443817052512
0 0.2747075433642598 0.32495765104460755 0.010488100040338847 0.007905138339920948
0 0.28842275110931825 0.31945228684359117 0.011294876966518758 0.014398644833427442
0 0.3130294473578056 0.3198757763975155 0.026623638563937072 0.015810276679841896
0 0.33662767244856795 0.32580463015245625 0.010891488503428802 0.009599096555618294
0 0.35074626865671643 0.3246753246753247 0.011698265429608713 0.010728402032749858
0 0.40742234772085517 0.3235460191981931 0.04195240016135539 0.010163749294184076
0 0.4267849939491731 0.3178994918125353 0.003227107704719645 0.0033879164313946925
0 0.4419120613150464 0.32142857142857145 0.020572811617587738 0.01383399209486166
0 0.4802339653085922 0.3181818181818182 0.013311819281968536 0.014680971202710334
0 0.4965711980637354 0.32284020327498586 0.011294876966518758 0.009316770186335404
0 0.5389269866881807 0.3198757763975155 0.016942315449778138 0.015245623941276116
0 0.5572811617587737 0.3246753246753247 0.0060508269463493344 0.006211180124223602
0 0.5738200887454619 0.3298983625070582 0.02702702702702703 0.016657255787690572
0 0.6010488100040339 0.3232636928289102 0.024203307785397338 0.014680971202710334
0 0.6460266236385639 0.3211462450592885 0.024606696248487294 0.014398644833427442
0 0.6575231948366277 0.3190287972896669 0.003227107704719645 0.0033879164313946925
0 0.6643807987091569 0.3241106719367589 0.008874546187979023 0.006775832862789385
0 0.7035094796288827 0.3234048560135517 0.028237192416296894 0.010446075663466968
0 0.7246873739411053 0.32396950875211744 0.011698265429608713 0.00818746470920384
0 0.7396127470754337 0.32029926595143987 0.01573215006050827 0.017221908526256352
0 0.7555465913674869 0.3232636928289102 0.012101653892698669 0.009034443817052512
0 0.7702702702702703 0.3231225296442688 0.014118596208148447 0.009881422924901186
0 0.7924566357402179 0.32185206098249575 0.020572811617587738 0.01129305477131564
0 0.13755546591367487 0.3695652173913043 0.008874546187979023 0.015245623941276116
0 0.14300121016538928 0.37140033879164314 0.0012101653892698668 0.0008469791078486731
0 0.15732150060508268 0.3699887069452287 0.02581686163775716 0.014398644833427442
0 0.1754739814441307 0.3705533596837945 0.01371520774505849 0.014398644833427442
0 0.18858410649455426 0.3740824392998306 0.012505042355788625 0.009034443817052512
0 0.22045179507866075 0.37337662337662336 0.014925373134328358 0.01101072840203275
0 0.23215006050826947 0.37450592885375494 0.003630496167809601 0.005364201016374929
0 0.23477208551835418 0.36801242236024845 0.0024203307785397336 0.004799548277809147
0 0.25030254134731744 0.3708356860530774 0.021379588543767647 0.014398644833427442
0 0.2936668011294877 0.36885940146809715 0.016942315449778138 0.014963297571993224
0 0.30919725695845096 0.37337662337662336 0.018959257765227916 0.008752117447769622
0 0.32573618394513915 0.3743647656691135 0.014118596208148447 0.009034443817052512
0 0.3358208955223881 0.3760587238848108 0.0052440500201694235 0.007340485601355167
0 0.33884630899556273 0.36829474872953133 0.0024203307785397336 0.003105590062111801
0 0.35599031867688585 0.37351778656126483 0.02702702702702703 0.012422360248447204
0 0.3840258168616378 0.37577639751552794 0.01936264622831787 0.007340485601355167
0 0.39774102460669625 0.37323546019198195 0.011294876966518758 0.009034443817052512
0 0.4308188785800726 0.3728119706380576 0.020976200080677694 0.015527950310559006
0 0.4417103670835014 0.3759175607001694 0.010488100040338847 0.008752117447769622
0 0.4570391286809197 0.3752117447769622 0.01371520774505849 0.009034443817052512
0 0.48225090762404194 0.3750705815923207 0.024606696248487294 0.009316770186335404
0 0.5064542154094392 0.37323546019198195 0.018959257765227916 0.01129305477131564
0 0.5260185558693021 0.379587803500847 0.01855586930213796 0.014398644833427442
0 0.5675675675675675 0.3746470920383964 0.016942315449778138 0.010728402032749858
0 0.5808793868495361 0.37450592885375494 0.008874546187979023 0.009316770186335404
0 0.5990318676885841 0.37224731789949184 0.02501008471157725 0.012704686617730096
0 0.6179911254538121 0.3728119706380576 0.016135538523598225 0.01101072840203275
0 0.6534893102057281 0.37224731789949184 0.01936264622831787 0.016092603049124788
0 0.6807180314643001 0.37224731789949184 0.011698265429608713 0.014963297571993224
0 0.699878983461073 0.3739412761151892 0.01936264622831787 0.011575381140598532
0 0.7109721661960468 0.36829474872953133 0.0052440500201694235 0.005928853754940711
0 0.718434852763211 0.3756352343308865 0.02016942315449778 0.023433088650479956
0 0.7615974183138362 0.36645962732919257 0.005647438483259379 0.00846979107848673
0 0.7888261395724082 0.3709768492377188 0.021379588543767647 0.014680971202710334
0 0.14259782170229932 0.42476002258610956 0.014118596208148447 0.01101072840203275
0 0.15711980637353773 0.424901185770751 0.01573215006050827 0.01129305477131564
0 0.16659943525615167 0.42108977978543194 0.005647438483259379 0.014398644833427442
0 0.17769261799112546 0.4256070016939582 0.013311819281968536 0.00818746470920384
0 0.20411456232351755 0.42377188029361945 0.033884630899556276 0.01355166572557877
0 0.22287212585720048 0.42066629023150764 0.002016942315449778 0.00282326369282891
0 0.22892295280354982 0.42631281761716544 0.012505042355788625 0.009034443817052512
0 0.24162968939088342 0.42320722755505363 0.011294876966518758 0.015810276679841896
0 0.27611940298507465 0.4267363071710898 0.014118596208148447 0.009316770186335404
0 0.29265832997176283 0.42603049124788256 0.011698265429608713 0.00846979107848673
0 0.3263412666397741 0.42631281761716544 0.012101653892698669 0.007905138339920948
0 0.33884630899556273 0.42476002258610956 0.012101653892698669 0.008752117447769622
0 0.35841064945542556 0.423630717108978 0.018152480839048003 0.012140033879164314
0 0.3755546591367487 0.424901185770751 0.01290843081887858 0.00846979107848673
0 0.3937071399757967 0.42518351214003386 0.014521984671238403 0.006775832862789385
0 0.4035901573215006 0.41869000564652736 0.002016942315449778 0.002258610954263128
0 0.41085114965711983 0.42518351214003386 0.010891488503428802 0.00846979107848673
0 0.42396127470754336 0.4329474872953134 0.009681323114158934 0.018351214003387916
0 0.4653085921742638 0.43125352907961606 0.0318676885841065 0.016657255787690572
0 0.4856797095603066 0.427442123094297 0.015328761597418314 0.007340485601355167
0 0.5024203307785398 0.4278656126482213 0.013311819281968536 0.00818746470920384
0 0.5161355385235982 0.4280067758328628 0.011698265429608713 0.007340485601355167
0 0.5641387656313029 0.4244776962168266 0.02864058087938685 0.015527950310559006
0 0.5873336022589754 0.4227837380011293 0.010488100040338847 0.014398644833427442
0 0.5988301734570391 0.4256070016939582 0.012505042355788625 0.00818746470920384
0 0.6127470754336426 0.4244776962168266 0.010488100040338847 0.007622811970638058
0 0.6252521177894312 0.42504234895539245 0.012101653892698669 0.00818746470920384
0 0.6405808793868495 0.4254658385093168 0.016942315449778138 0.01355166572557877
0 0.6881807180314643 0.4258893280632411 0.01290843081887858 0.009316770186335404
0 0.7033077853973376 0.42617165443252397 0.013311819281968536 0.007058159232072276
0 0.718031464300121 0.42292490118577075 0.014521984671238403 0.01129305477131564
0 0.7258975393303752 0.42080745341614906 0.002016942315449778 0.002540937323546019
0 0.7309398951189996 0.42617165443252397 0.005647438483259379 0.005928853754940711
0 0.7438483259378782 0.4254658385093168 0.012101653892698669 0.007905138339920948
0 0.7557482855990318 0.42715979672501414 0.00927793465106898 0.006775832862789385
0 0.772488906817265 0.427442123094297 0.003227107704719645 0.0016939582156973462
0 0.7886244453408633 0.4162902315076228 0.004033884630899556 0.004799548277809147
0 0.7940701895925777 0.4171372106154715 0.0028237192416296895 0.004799548277809147
0 0.15026220250100847 0.47261434217955955 0.019766034691407825 0.020327498588368152
0 0.16397741024606696 0.47699040090344436 0.013311819281968536 0.009881422924901186
0 0.18576038725292457 0.4782608695652174 0.02864058087938685 0.019762845849802372
0 0.20310609116579265 0.4813664596273292 0.012505042355788625 0.01637492941840768
0 0.21500605082694635 0.47939017504234893 0.004840661557079467 0.006211180124223602
0 0.21883824122630094 0.47247317899491814 0.002016942315449778 0.003105590062111801
0 0.22488906817265025 0.4786843591191417 0.0060508269463493344 0.007622811970638058
0 0.23517547398144414 0.48461321287408243 0.008874546187979023 0.012704686617730096
0 0.2799515933844292 0.4764257481648786 0.020976200080677694 0.013269339356295878
0 0.327349737797499 0.4786843591191417 0.01653892698668818 0.00818746470920384
0 0.38140379185155304 0.4751552795031056 0.02218636546994756 0.024280067758328628
0 0.3981444130697862 0.4743083003952569 0.005647438483259379 0.006211180124223602
0 0.40984267849939493 0.47557876905702995 0.011294876966518758 0.009881422924901186
0 0.44493747478822104 0.47459062676453984 0.048406615570794675 0.01355166572557877
0 0.48951189995966116 0.47656691134952006 0.011698265429608713 0.007340485601355167
0 0.5054457442517144 0.4816487859966121 0.026623638563937072 0.015245623941276116
0 0.5250100847115773 0.47656691134952006 0.010891488503428802 0.007340485601355167
0 0.5413473174667205 0.47346132128740825 0.022589753933037516 0.01355166572557877
0 0.5885437676482452 0.47600225861095424 0.01855586930213796 0.02766798418972332
0 0.6046793061718435 0.4764257481648786 0.009681323114158934 0.009881422924901186
0 0.6218233158531666 0.4751552795031056 0.019766034691407825 0.00846979107848673
0 0.664179104477612 0.47346132128740825 0.035901573215006054 0.014680971202710334
0 0.6885841064945543 0.4767080745341615 0.01290843081887858 0.007622811970638058
0 0.7047196450181524 0.47289666854884244 0.012101653892698669 0.014680971202710334
0 0.7172246873739411 0.4754376058723885 0.008067769261799113 0.007340485601355167
0 0.7220653489310206 0.4696499153020892 0.0016135538523598225 0.002540937323546019
0 0.7289229528035498 0.475296442687747 0.011294876966518758 0.005928853754940711
0 0.7464703509479629 0.4767080745341615 0.012505042355788625 0.009316770186335404
0 0.7878176684146834 0.4696499153020892 0.03065752319483663 0.014963297571993224
0 0.808995562726906 0.475296442687747 0.01573215006050827 0.009881422924901186
0 0.81847519160952 0.47374364765669114 0.008067769261799113 0.01129305477131564
0 0.8342073416700282 0.4733201581027668 0.024203307785397338 0.011575381140598532
0 0.8602258975393303 0.47571993224167136 0.026220250100847116 0.010728402032749858
0 0.14421137555465913 0.5237154150197628 0.024606696248487294 0.017504234895539244
0 0.16155707946752723 0.5228684359119141 0.024606696248487294 0.018068887634105024
0 0.18334005647438484 0.5261151891586674 0.012505042355788625 0.009316770186335404
0 0.19826542960871318 0.5263975155279503 0.011698265429608713 0.00818746470920384
0 0.20976200080677693 0.5265386787125917 0.008067769261799113 0.006211180124223602
0 0.22327551432029044 0.5255505364201016 0.012505042355788625 0.020609824957651044
0 0.25231948366276724 0.5355731225296443 0.0052440500201694235 0.01129305477131564
0 0.28721258572004843 0.5252682100508187 0.03065752319483663 0.015527950310559006
0 0.3338039532069383 0.5254093732354602 0.02218636546994756 0.017504234895539244
0 0.34409035901573215 0.5292207792207793 0.008067769261799113 0.01101072840203275
0 0.35599031867688585 0.5279503105590062 0.008471157724889069 0.009599096555618294
0 0.36829366680112946 0.5271033314511575 0.004033884630899556 0.006775832862789385
0 0.3717224687373941 0.5211744776962168 0.003630496167809601 0.0033879164313946925
0 0.3781766841468334 0.5265386787125917 0.010891488503428802 0.007340485601355167
0 0.3914885034288019 0.5232919254658385 0.00927793465106898 0.013269339356295878
0 0.43848325937878174 0.5242800677583286 0.01936264622831787 0.015245623941276116
0 0.44876966518757566 0.5286561264822134 0.0060508269463493344 0.004799548277809147
0 0.45784590560709965 0.5265386787125917 0.011294876966518758 0.006775832862789385
0 0.48083904800322713 0.5266798418972332 0.03307785397337636 0.008752117447769622
0 0.49838644614764016 0.5213156408808582 0.002016942315449778 0.004234895539243365
0 0.5048406615570795 0.5263975155279503 0.010891488503428802 0.006493506493506494
0 0.5189592577652279 0.5258328627893846 0.01573215006050827 0.007058159232072276
0 0.563331988705123 0.5223037831733484 0.013311819281968536 0.01637492941840768
0 0.5758370310609117 0.5231507622811971 0.011698265429608713 0.014680971202710334
0 0.5919725695845098 0.5266798418972332 0.014925373134328358 0.007622811970638058
0 0.608309802339653 0.5263975155279503 0.009681323114158934 0.00818746470920384
0 0.6250504235578862 0.5244212309429701 0.010891488503428802 0.012140033879164314
0 0.6381605486083098 0.5261151891586674 0.010488100040338847 0.007058159232072276
0 0.654296087131908 0.5249858836815359 0.020976200080677694 0.009881422924901186
0 0.7012908430818878 0.5235742518351214 0.030254134731746672 0.014963297571993224
0 0.7236789027833804 0.5251270468661773 0.01290843081887858 0.009034443817052512
0 0.7468737394110528 0.5220214568040655 0.025413473174667203 0.015810276679841896
0 0.7579669221460267 0.5208921513269339 0.004840661557079467 0.003952569169960474
0 0.7680516337232756 0.5275268210050819 0.01290843081887858 0.008752117447769622
0 0.8015328761597418 0.5244212309429701 0.01290843081887858 0.021174477696216828
0 0.8223073820088745 0.5269621682665161 0.03428801936264623 0.008752117447769622
0 0.8093989511899959 0.5242800677583286 0.003630496167809601 0.0033879164313946925
0 0.1536910044372731 0.5722755505364201 0.03469140782573618 0.019198193111236588
0 0.2063331988705123 0.575098814229249 0.011698265429608713 0.015245623941276116
0 0.22226704316256554 0.5806041784302653 0.009681323114158934 0.006493506493506494
0 0.2317466720451795 0.5797571993224168 0.008471157724889069 0.007058159232072276
0 0.24223477208551836 0.5837097684923772 0.01734570391286809 0.013269339356295878
0 0.25413473174667206 0.5803218520609825 0.005647438483259379 0.005928853754940711
0 0.25857200484066156 0.5728402032749859 0.0016135538523598225 0.003952569169960474
0 0.2690601048810004 0.5762281197063805 0.007260992335619202 0.01355166572557877
0 0.28842275110931825 0.5760869565217391 0.03146430012101654 0.013269339356295878
0 0.3061718434852763 0.572557876905703 0.0016135538523598225 0.00564652738565782
0 0.3237192416296894 0.5787690570299266 0.019766034691407825 0.02258610954263128
0 0.37676482452601856 0.5773574251835122 0.014521984671238403 0.00846979107848673
0 0.40419524001613555 0.5758046301524562 0.03307785397337636 0.012704686617730096
0 0.4628882613957241 0.5766516092603049 0.04154901169826543 0.014963297571993224
0 0.49072206534893104 0.5790513833992095 0.01573215006050827 0.010728402032749858
0 0.5026220250100847 0.5794748729531338 0.01290843081887858 0.009881422924901186
0 0.5223880597014925 0.5782044042913608 0.021782977006857603 0.00846979107848673
0 0.54497781363453 0.5804630152456239 0.016135538523598225 0.007340485601355167
0 0.590560709963695 0.5762281197063805 0.021782977006857603 0.012987012987012988
0 0.6294876966518758 0.5748164878599661 0.014118596208148447 0.014680971202710334
0 0.6448164582492941 0.5780632411067194 0.012505042355788625 0.007622811970638058
0 0.6645824929407019 0.5763692828910221 0.019766034691407825 0.01101072840203275
0 0.7029043969342477 0.5783455674760023 0.018959257765227916 0.007622811970638058
0 0.7200484066155708 0.5789102202145681 0.01371520774505849 0.00818746470920384
0 0.735982250907624 0.5784867306606437 0.013311819281968536 0.009034443817052512
0 0.7472771278741428 0.5784867306606437 0.0052440500201694235 0.00846979107848673
0 0.7533279548204921 0.571005081874647 0.002016942315449778 0.002540937323546019
0 0.7718838241226301 0.5797571993224168 0.030254134731746672 0.009316770186335404
0 0.7987091569181122 0.5780632411067194 0.020976200080677694 0.010446075663466968
0 0.817870108914885 0.5856860530773574 0.003630496167809601 0.002540937323546019
0 0.14320290439693426 0.6197063805759458 0.00645421540943929 0.009034443817052512
0 0.15570794675272287 0.6197063805759458 0.0016135538523598225 0.0016939582156973462
0 0.16337232755143202 0.6256352343308865 0.012101653892698669 0.01355166572557877
0 0.1827349737797499 0.6242236024844721 0.023396530859217425 0.01637492941840768
0 0.22690601048810005 0.6247882552230378 0.020572811617587738 0.015245623941276116
0 0.23598225090762404 0.6273291925465838 0.007260992335619202 0.00846979107848673
0 0.24526018555869303 0.6280350084697911 0.008874546187979023 0.009881422924901186
0 0.2563533682936668 0.6278938452851497 0.0052440500201694235 0.010163749294184076
0 0.2583703106091166 0.620412196499153 0.0012101653892698668 0.001411631846414455
0 0.2682533279548205 0.6283173348390739 0.01371520774505849 0.009316770186335404
0 0.27974989915288423 0.6249294184076792 0.008471157724889069 0.01383399209486166
0 0.31867688584106496 0.6246470920383964 0.017749092375958047 0.017221908526256352
0 0.3402581686163776 0.6269057029926595 0.02379991932230738 0.010446075663466968
0 0.35397337636143605 0.620694522868436 0.0028237192416296895 0.002540937323546019
0 0.36244453408632515 0.6276115189158668 0.00927793465106898 0.010163749294184076
0 0.37676482452601856 0.6273291925465838 0.01290843081887858 0.010163749294184076
0 0.41427995159338443 0.6249294184076792 0.012101653892698669 0.014963297571993224
0 0.4277934651068979 0.6281761716544325 0.012505042355788625 0.009034443817052512
0 0.44150867285195644 0.6290231507622812 0.01008471157724889 0.006211180124223602
0 0.4844695441710367 0.6246470920383964 0.03065752319483663 0.014963297571993224
0 0.5018152480839048 0.6271880293619424 0.014521984671238403 0.008752117447769622
0 0.5199677289229528 0.6283173348390739 0.016942315449778138 0.00818746470920384
0 0.5465913674868899 0.6325522303783173 0.02743041549011698 0.015527950310559006
0 0.6022589753933038 0.6236589497459063 0.03711173860427592 0.014680971202710334
0 0.6038725292456636 0.6156126482213439 0.0016135538523598225 0.0008469791078486731
0 0.6194029850746269 0.6198475437605873 0.002016942315449778 0.002540937323546019
0 0.6329164985881404 0.6280350084697911 0.021782977006857603 0.00818746470920384
0 0.6494554255748286 0.6273291925465838 0.011294876966518758 0.009034443817052512
0 0.6827349737797499 0.6274703557312253 0.01653892698668818 0.00818746470920384
0 0.6994755949979831 0.627046866177301 0.010488100040338847 0.00846979107848673
0 0.7198467123840259 0.6259175607001694 0.021379588543767647 0.012422360248447204
0 0.7557482855990318 0.6264822134387352 0.007664380798709157 0.01129305477131564
0 0.7638160548608309 0.6290231507622812 0.014925373134328358 0.009034443817052512
0 0.14622831787010893 0.6795595708639187 0.014118596208148447 0.011857707509881422
0 0.15893505445744252 0.6754658385093167 0.014521984671238403 0.015527950310559006
0 0.17305365066559097 0.6782891022021457 0.004840661557079467 0.008752117447769622
0 0.17587736990722067 0.6706662902315076 0.0024203307785397336 0.0036702428006775835
0 0.18596208148446955 0.6794184076792772 0.012101653892698669 0.010446075663466968
0 0.1980637353771682 0.6801242236024845 0.005647438483259379 0.007340485601355167
0 0.20270270270270271 0.6710897797854319 0.0028237192416296895 0.002258610954263128
0 0.21238402581686164 0.6804065499717674 0.013311819281968536 0.009034443817052512
0 0.22468737394110527 0.6863354037267081 0.008067769261799113 0.014116318464144552
0 0.2700685760387253 0.6751835121400339 0.021379588543767647 0.014963297571993224
0 0.33743444937474787 0.6795595708639187 0.04881000403388463 0.020327498588368152
0 0.3721258572004841 0.6829474872953134 0.012505042355788625 0.018633540372670808
0 0.3872529245663574 0.6791360813099944 0.011294876966518758 0.007622811970638058
0 0.40116982654296085 0.6802653867871259 0.013311819281968536 0.007058159232072276
0 0.41508672851956435 0.6804065499717674 0.004840661557079467 0.005081874647092038
0 0.43041549011698266 0.6780067758328628 0.01936264622831787 0.012140033879164314
0 0.46672045179507865 0.677442123094297 0.015328761597418314 0.008752117447769622
0 0.4824526018555869 0.6777244494635799 0.01290843081887858 0.008752117447769622
0 0.5266236385639371 0.6775832862789385 0.011698265429608713 0.009034443817052512
0 0.5403388463089955 0.6765951439864484 0.013311819281968536 0.009316770186335404
0 0.5645421540943929 0.6754658385093167 0.020572811617587738 0.012140033879164314
0 0.5822912464703509 0.677442123094297 0.014118596208148447 0.007622811970638058
0 0.5958047599838645 0.6771597967250141 0.007260992335619202 0.007058159232072276
0 0.6050826946349335 0.6768774703557312 0.005647438483259379 0.007622811970638058
0 0.609721661960468 0.6701016374929418 0.0012101653892698668 0.002540937323546019
0 0.6163775716014522 0.6770186335403726 0.011294876966518758 0.006775832862789385
0 0.626663977410246 0.6832298136645962 0.012505042355788625 0.01355166572557877
0 0.6657926583299718 0.6809712027103332 0.025413473174667203 0.01637492941840768
0 0.6855586930213796 0.67871259175607 0.01573215006050827 0.009599096555618294
0 0.7041145623235175 0.6788537549407114 0.012505042355788625 0.00818746470920384
0 0.7196450181524808 0.67871259175607 0.014521984671238403 0.009599096555618294
0 0.7690601048810004 0.6794184076792772 0.045582896329164985 0.021174477696216828
0 0.1565147236789028 0.7267080745341615 0.028237192416296894 0.014680971202710334
0 0.2035094796288826 0.7336250705815923 0.030254134731746672 0.017221908526256352
0 0.2244856797095603 0.7308018068887634 0.010891488503428802 0.008752117447769622
0 0.25030254134731744 0.7322134387351779 0.035901573215006054 0.0189158667419537
0 0.2745058491327148 0.7312252964426877 0.012505042355788625 0.007340485601355167
0 0.2974989915288423 0.7351778656126482 0.003630496167809601 0.009034443817052512
0 0.32674465510286405 0.7252964426877471 0.017749092375958047 0.015810276679841896
0 0.3761597418313836 0.7312252964426877 0.02218636546994756 0.009034443817052512
0 0.40096813231141587 0.7323546019198193 0.028237192416296894 0.01129305477131564
0 0.42295280354981846 0.7334839073969509 0.0052440500201694235 0.006211180124223602
0 0.4342476805163372 0.7322134387351779 0.011698265429608713 0.007622811970638058
0 0.47781363453005243 0.7298136645962733 0.01573215006050827 0.00846979107848673
0 0.4933440903590157 0.7289666854884246 0.011294876966518758 0.007340485601355167
0 0.536506655909641 0.7272727272727273 0.02501008471157725 0.009599096555618294
0 0.5554659136748689 0.7272727272727273 0.007260992335619202 0.007340485601355167
0 0.5693828156514724 0.7228966685488425 0.01653892698668818 0.011575381140598532
0 0.5798709156918113 0.7334839073969509 0.014925373134328358 0.020327498588368152
0 0.6302944735780557 0.7254376058723885 0.03993545784590561 0.014963297571993224
0 0.6528842275110932 0.7292490118577075 0.014118596208148447 0.009599096555618294
0 0.6734570391286809 0.7262845849802372 0.010891488503428802 0.01383399209486166
0 0.6823315853166599 0.7234613212874083 0.003630496167809601 0.0036702428006775835
0 0.6930213795885438 0.7292490118577075 0.021782977006857603 0.009599096555618294
0 0.7422347720855184 0.730660643704122 0.028237192416296894 0.023715415019762844
0 0.7926583299717628 0.72656691134952 0.03872529245663574 0.014398644833427442
