0 0.1853569987898346 0.22007340485601354 0.06413876563130294 0.014963297571993224
0 0.2628075837031061 0.22063805759457933 0.050423557886244454 0.008752117447769622
0 0.3031464300121017 0.22035573122529645 0.026220250100847116 0.015527950310559006
0 0.33299717628075837 0.22106154714850368 0.0326744655102864 0.010728402032749858
0 0.3949173053650666 0.2245906267645398 0.01371520774505849 0.007058159232072276
0 0.40943929003630497 0.22063805759457933 0.010488100040338847 0.014398644833427442
0 0.45865268253327957 0.22063805759457933 0.05647438483259379 0.013269339356295878
0 0.5393303751512707 0.22190852625635235 0.04437273093989512 0.01129305477131564
0 0.5889471561113352 0.2220496894409938 0.05808793868495361 0.010446075663466968
0 0.6561113352158128 0.2236024844720497 0.012505042355788625 0.006775832862789385
0 0.6700282371924163 0.2204968944099379 0.014521984671238403 0.01355166572557877
0 0.7020976200080677 0.21979107848673066 0.020572811617587738 0.00818746470920384
0 0.7333602258975394 0.22219085262563523 0.04517950786607503 0.015810276679841896
0 0.1389673255344897 0.2689158667419537 0.02218636546994756 0.014963297571993224
0 0.15974183138362244 0.27413890457368717 0.005647438483259379 0.006775832862789385
0 0.1718434852763211 0.2732919254658385 0.01290843081887858 0.00846979107848673
0 0.21944332392093585 0.2761151891586674 0.07583703106091166 0.012422360248447204
0 0.26845502218636547 0.27343308865047994 0.01008471157724889 0.006493506493506494
0 0.2878176684146833 0.2735742518351214 0.022993142396127472 0.009599096555618294
0 0.345502218636547 0.27639751552795033 0.01653892698668818 0.010728402032749858
0 0.37031060911657926 0.27413890457368717 0.03227107704719645 0.007340485601355167
0 0.409035901573215 0.2738565782044043 0.028237192416296894 0.01637492941840768
0 0.4386849536103267 0.2800677583286279 0.003630496167809601 0.007905138339920948
0 0.4661153691004437 0.26990400903444384 0.03670835014118596 0.01693958215697346
0 0.4945542557482856 0.27555053642010163 0.012101653892698669 0.00846979107848673
0 0.509883017345704 0.27865612648221344 0.003227107704719645 0.002258610954263128
0 0.5496167809600645 0.2670807453416149 0.013311819281968536 0.015245623941276116
0 0.5808793868495361 0.27188029361942406 0.045986284792254944 0.020892151326933936
0 0.6137555465913674 0.27060982495765107 0.014925373134328358 0.012140033879164314
0 0.6432029043969343 0.2727272727272727 0.033481242436466316 0.01355166572557877
0 0.672448567970956 0.2803500846979108 0.004840661557079467 0.006211180124223602
0 0.7192416296893909 0.26453980801806887 0.005647438483259379 0.002258610954263128
0 0.7315449778136345 0.2748447204968944 0.026220250100847116 0.004234895539243365
0 0.7702702702702703 0.2663749294184077 0.030254134731746672 0.014963297571993224
0 0.8011294876966518 0.2715979672501412 0.02581686163775716 0.007340485601355167
0 0.8253327954820492 0.26877470355731226 0.015328761597418314 0.010728402032749858
0 0.1510689794271884 0.3222755505364201 0.014118596208148447 0.012704686617730096
0 0.17204517950786608 0.32298136645962733 0.019766034691407825 0.009034443817052512
0 0.17386042759177087 0.3160643704121965 0.007260992335619202 0.002540937323546019
0 0.19241629689390882 0.32382834556747603 0.012101653892698669 0.00564652738565782
0 0.21379588543767647 0.32171089779785433 0.03065752319483663 0.009316770186335404
0 0.2408229124647035 0.3231225296442688 0.016942315449778138 0.00818746470920384
0 0.2646228317870109 0.32185206098249575 0.03953206938281565 0.010728402032749858
0 0.3261395724082291 0.32142857142857145 0.022993142396127472 0.013269339356295878
0 0.354780153287616 0.3241106719367589 0.03751512706736587 0.007340485601355167
0 0.390883420734167 0.320016939582157 0.033884630899556276 0.011575381140598532
0 0.4173053650665591 0.3284867306606437 0.004437273093989512 0.006493506493506494
0 0.4848729326341267 0.322557876905703 0.05405405405405406 0.006493506493506494
0 0.5322710770471965 0.3231225296442688 0.040742234772085516 0.006493506493506494
0 0.5782573618394514 0.32396950875211744 0.03670835014118596 0.007622811970638058
0 0.6119402985074627 0.322557876905703 0.023396530859217425 0.008752117447769622
0 0.672246873739411 0.3245341614906832 0.03428801936264623 0.004799548277809147
0 0.663372327551432 0.31394692264257484 0.0052440500201694235 0.002258610954263128
0 0.7170229931423961 0.3246753246753247 0.03751512706736587 0.007905138339920948
0 0.7535296490520371 0.32269904009034445 0.03630496167809601 0.00846979107848673
0 0.7638160548608309 0.31521739130434784 0.0060508269463493344 0.004799548277809147
0 0.7977006857603872 0.32086391869000563 0.04477611940298507 0.01101072840203275
0 0.8360225897539331 0.3253811405985319 0.0318676885841065 0.016092603049124788
0 0.17325534489713595 0.37224731789949184 0.06978620411456232 0.016092603049124788
0 0.21863654699475596 0.37351778656126483 0.020976200080677694 0.007340485601355167
0 0.24647035094796288 0.3739412761151892 0.03065752319483663 0.007058159232072276
0 0.2823719241629689 0.37323546019198195 0.035498184751916094 0.007905138339920948
0 0.33319887051230335 0.3749294184076793 0.015328761597418314 0.010163749294184076
0 0.35215812827753123 0.3790231507622812 0.020976200080677694 0.009881422924901186
0 0.40943929003630497 0.3725296442687747 0.06212182331585317 0.010446075663466968
0 0.491327148043566 0.3709768492377188 0.05405405405405406 0.012987012987012988
0 0.5112948769665188 0.36490683229813664 0.0028237192416296895 0.001976284584980237
0 0.536304961678096 0.37224731789949184 0.030254134731746672 0.011575381140598532
0 0.5647438483259378 0.3740824392998306 0.028237192416296894 0.010163749294184076
0 0.6050826946349335 0.37662337662337664 0.014521984671238403 0.010728402032749858
0 0.6258572004840661 0.37422360248447206 0.02379991932230738 0.005928853754940711
0 0.6530859217426381 0.37267080745341613 0.02743041549011698 0.015810276679841896
0 0.709156918112142 0.3761998870694523 0.011294876966518758 0.007058159232072276
0 0.7325534489713594 0.37676453980801805 0.033884630899556276 0.005364201016374929
0 0.7755143202904397 0.37323546019198195 0.051230334812424366 0.009599096555618294
0 0.7710770471964502 0.36773009599096557 0.004437273093989512 0.0036702428006775835
0 0.827753126260589 0.371682665160926 0.050826946349334406 0.013269339356295878
0 0.8610326744655102 0.38325804630152455 0.008471157724889069 0.008752117447769622
0 0.1498588140379185 0.42476002258610956 0.022993142396127472 0.014963297571993224
0 0.17204517950786608 0.4267363071710898 0.021379588543767647 0.007622811970638058
0 0.1936264622831787 0.42857142857142855 0.003227107704719645 0.0016939582156973462
0 0.2109721661960468 0.4192546583850932 0.026623638563937072 0.014680971202710334
0 0.24405002016942315 0.4233483907396951 0.03065752319483663 0.010446075663466968
0 0.2682533279548205 0.4253246753246753 0.020976200080677694 0.00818746470920384
0 0.32008874546187976 0.42518351214003386 0.07785397337636143 0.006211180124223602
0 0.37333602258975396 0.4295595708639187 0.0052440500201694235 0.007622811970638058
0 0.4342476805163372 0.42264257481648787 0.056070996369503835 0.015810276679841896
0 0.527027027027027 0.42207792207792205 0.06171843485276321 0.012987012987012988
0 0.5806776926179911 0.4191134952004517 0.02702702702702703 0.014398644833427442
0 0.6006454215409439 0.42391304347826086 0.007260992335619202 0.005928853754940711
0 0.6135538523598225 0.42391304347826086 0.012101653892698669 0.007622811970638058
0 0.6625655506252521 0.42730095990965555 0.07866075030254134 0.013269339356295878
0 0.6970552642194433 0.41756070016939584 0.003227107704719645 0.0033879164313946925
0 0.7246873739411053 0.4244776962168266 0.03751512706736587 0.00818746470920384
0 0.7918515530455829 0.4243365330321852 0.03307785397337636 0.011857707509881422
0 0.8200887454618798 0.4268774703557312 0.017749092375958047 0.010163749294184076
0 0.8390480032271077 0.4258893280632411 0.01855586930213796 0.007058159232072276
0 0.845703912868092 0.41756070016939584 0.003630496167809601 0.004517221908526256
0 0.8580072609923356 0.4253246753246753 0.012101653892698669 0.007058159232072276
0 0.872327551432029 0.4256070016939582 0.014925373134328358 0.009316770186335404
0 0.8890681726502622 0.42391304347826086 0.023396530859217425 0.009881422924901186
0 0.14743848325937878 0.4712027103331451 0.025413473174667203 0.018633540372670808
0 0.18233158531665994 0.47289666854884244 0.016942315449778138 0.01355166572557877
0 0.19947559499798306 0.4738848108413326 0.01653892698668818 0.007622811970638058
0 0.2265026220250101 0.4717673630717109 0.03993545784590561 0.010728402032749858
0 0.318273497377975 0.4731789949181254 0.08632513110125051 0.010728402032749858
0 0.32654296087131907 0.4655561829474873 0.003630496167809601 0.00282326369282891
0 0.39854780153287617 0.47571993224167136 0.015328761597418314 0.006775832862789385
0 0.43283582089552236 0.47346132128740825 0.055667607906413875 0.010728402032749858
0 0.4346510689794272 0.4644268774703557 0.008471157724889069 0.003952569169960474
0 0.46692214602662363 0.47261434217955955 0.013311819281968536 0.015245623941276116
0 0.5191609519967729 0.47007340485601357 0.01855586930213796 0.014680971202710334
0 0.5235982250907624 0.4668266516092603 0.003227107704719645 0.003105590062111801
0 0.5619201290843082 0.47501411631846413 0.05486083098023396 0.01101072840203275
0 0.5980233965308592 0.47882552230378317 0.0028237192416296895 0.0016939582156973462
0 0.636345300524405 0.4707792207792208 0.0318676885841065 0.01383399209486166
0 0.6613553852359823 0.47473178994918125 0.01734570391286809 0.006493506493506494
0 0.6742638160548609 0.4808018068887634 0.003630496167809601 0.0016939582156973462
0 0.7075433642597821 0.47289666854884244 0.016942315449778138 0.01129305477131564
0 0.7303348124243647 0.4754376058723885 0.021379588543767647 0.011857707509881422
0 0.7571601452198468 0.47571993224167136 0.022589753933037516 0.009034443817052512
0 0.7771278741427995 0.47501411631846413 0.010891488503428802 0.007622811970638058
0 0.7968939088342073 0.4738848108413326 0.01653892698668818 0.008752117447769622
0 0.8160548608309802 0.4731789949181254 0.01371520774505849 0.009599096555618294
0 0.8396530859217426 0.4717673630717109 0.02702702702702703 0.01355166572557877
0 0.8890681726502622 0.47444946357989837 0.03307785397337636 0.006493506493506494
0 0.918515530455829 0.4720496894409938 0.021782977006857603 0.010728402032749858
0 0.1672045179507866 0.5241389045736872 0.057684550221863654 0.009881422924901186
0 0.2680516337232755 0.5241389045736872 0.10770471964501815 0.011575381140598532
0 0.35518354175070593 0.525691699604743 0.012505042355788625 0.007905138339920948
0 0.3763614360629286 0.5210333145115754 0.015328761597418314 0.014963297571993224
0 0.45663574021782977 0.521880293619424 0.05647438483259379 0.014398644833427442
0 0.5215812827753126 0.5213156408808582 0.016135538523598225 0.012704686617730096
0 0.5409439290036305 0.5279503105590062 0.014521984671238403 0.011857707509881422
0 0.5584913271480436 0.5266798418972332 0.01573215006050827 0.011575381140598532
0 0.5867285195643405 0.5248447204968945 0.0391286809197257 0.007340485601355167
0 0.6016538926986689 0.5162337662337663 0.003630496167809601 0.004234895539243365
0 0.618192819685357 0.5232919254658385 0.024606696248487294 0.012704686617730096
0 0.6244453408632513 0.5186335403726708 0.004840661557079467 0.005081874647092038
0 0.6518757563533683 0.5263975155279503 0.04033884630899556 0.008752117447769622
0 0.6932230738200887 0.5345849802371542 0.006857603872529245 0.008752117447769622
0 0.7313432835820896 0.5232919254658385 0.016942315449778138 0.013269339356295878
0 0.7575635336829367 0.5248447204968945 0.026623638563937072 0.009599096555618294
0 0.7490923759580476 0.5162337662337663 0.003227107704719645 0.002540937323546019
0 0.8202904396934247 0.5248447204968945 0.043162565550625254 0.010728402032749858
0 0.145421540943929 0.5729813664596274 0.01653892698668818 0.012704686617730096
0 0.15732150060508268 0.5686053077357425 0.004033884630899556 0.002258610954263128
0 0.15994352561516742 0.5769339356295878 0.006857603872529245 0.005928853754940711
0 0.18676885841064947 0.5758046301524562 0.03953206938281565 0.012704686617730096
0 0.181726502622025 0.5708639186900056 0.003630496167809601 0.0016939582156973462
0 0.21480435659540137 0.5772162619988707 0.01008471157724889 0.00818746470920384
0 0.2690601048810004 0.5732636928289102 0.017749092375958047 0.012704686617730096
0 0.28499394917305365 0.5769339356295878 0.008471157724889069 0.005928853754940711
0 0.30334812424364666 0.5753811405985318 0.01855586930213796 0.006211180124223602
0 0.3245260185558693 0.5755223037831734 0.019766034691407825 0.006493506493506494
0 0.3424768051633723 0.5729813664596274 0.010488100040338847 0.01383399209486166
0 0.3598225090762404 0.5717108977978543 0.012101653892698669 0.014116318464144552
0 0.37696651875756354 0.5807453416149069 0.003630496167809601 0.006211180124223602
0 0.43686970552642196 0.5749576510446076 0.016942315449778138 0.009316770186335404
0 0.4580475998386446 0.5758046301524562 0.014925373134328358 0.006493506493506494
0 0.47438483259378783 0.5756634669678148 0.012101653892698669 0.00846979107848673
0 0.49838644614764016 0.5752399774138904 0.030254134731746672 0.010446075663466968
0 0.545986284792255 0.5724167137210615 0.018959257765227916 0.01383399209486166
0 0.5772488906817265 0.5755223037831734 0.03953206938281565 0.011575381140598532
0 0.6068979427188382 0.577922077922078 0.022993142396127472 0.006775832862789385
0 0.6780960064542154 0.5760869565217391 0.03711173860427592 0.00818746470920384
0 0.7117789431222267 0.5721343873517787 0.040742234772085516 0.011575381140598532
0 0.7436466317063332 0.575098814229249 0.01653892698668818 0.010163749294184076
0 0.7656313029447358 0.5736871823828346 0.021782977006857603 0.010163749294184076
0 0.8164582492940702 0.5782044042913608 0.02501008471157725 0.003952569169960474
0 0.8402581686163776 0.577922077922078 0.01371520774505849 0.00846979107848673
0 0.8533682936668011 0.5804630152456239 0.011698265429608713 0.012422360248447204
0 0.8670835014118596 0.5796160361377752 0.01008471157724889 0.01129305477131564
0 0.8975393303751513 0.5759457933370977 0.04759983864461476 0.009599096555618294
0 0.936062928600242 0.5745341614906833 0.019766034691407825 0.009599096555618294
0 0.9606696248487293 0.5800395256916996 0.003630496167809601 0.004799548277809147
0 0.17648245260185558 0.6239412761151891 0.07220653489310205 0.015810276679841896
0 0.24223477208551836 0.626764539808018 0.01008471157724889 0.006775832862789385
0 0.2898346107301331 0.6230942970073405 0.08108108108108109 0.012422360248447204
0 0.33783783783783783 0.6261998870694523 0.010891488503428802 0.005081874647092038
0 0.39229528035498185 0.6264822134387352 0.01734570391286809 0.007905138339920948
0 0.41528842275110933 0.6269057029926595 0.021379588543767647 0.00818746470920384
0 0.4431222267043163 0.6252117447769622 0.026220250100847116 0.009316770186335404
0 0.4963695038321904 0.6222473178994918 0.01008471157724889 0.017504234895539244
0 0.5264219443323921 0.6246470920383964 0.04033884630899556 0.007058159232072276
0 0.5871319080274304 0.6230942970073405 0.011698265429608713 0.012422360248447204
0 0.6042759177087536 0.6238001129305477 0.010488100040338847 0.010446075663466968
0 0.6559096409842678 0.6257763975155279 0.026623638563937072 0.007622811970638058
0 0.6966518757563533 0.6238001129305477 0.04195240016135539 0.009316770186335404
0 0.7642194433239209 0.6246470920383964 0.025413473174667203 0.007058159232072276
0 0.8118192819685357 0.6242236024844721 0.014925373134328358 0.01355166572557877
0 0.8374344493747479 0.6246470920383964 0.016135538523598225 0.010446075663466968
0 0.15288422751109318 0.6764539808018069 0.01936264622831787 0.015245623941276116
0 0.18596208148446955 0.6758893280632411 0.042759177087535294 0.009599096555618294
0 0.1972569584509883 0.6696781479390175 0.00645421540943929 0.003952569169960474
0 0.22226704316256554 0.6757481648785997 0.028237192416296894 0.006493506493506494
0 0.25574828559903184 0.6747600225861096 0.03065752319483663 0.009034443817052512
0 0.27732956837434447 0.677442123094297 0.0060508269463493344 0.006493506493506494
0 0.27732956837434447 0.6691134952004517 0.004437273093989512 0.00282326369282891
0 0.30233965308592176 0.674901185770751 0.0318676885841065 0.01101072840203275
0 0.37152077450584914 0.6782891022021457 0.029850746268656716 0.005928853754940711
0 0.4045986284792255 0.6751835121400339 0.026623638563937072 0.009316770186335404
0 0.4584509883017346 0.6740542066629023 0.00927793465106898 0.009316770186335404
0 0.47418313836224285 0.676171654432524 0.01734570391286809 0.00846979107848673
0 0.5445744251714401 0.6746188594014682 0.05889471561113352 0.013269339356295878
0 0.5697862041145624 0.668266516092603 0.0060508269463493344 0.003952569169960474
0 0.59116579265833 0.6757481648785997 0.022993142396127472 0.01101072840203275
0 0.6212182331585316 0.6764539808018069 0.02743041549011698 0.009599096555618294
0 0.6795078660750302 0.6804065499717674 0.01573215006050827 0.009034443817052512
0 0.7012908430818878 0.6788537549407114 0.02379991932230738 0.005928853754940711
0 0.7309398951189996 0.6798418972332015 0.03630496167809601 0.01693958215697346
0 0.790641387656313 0.6778656126482213 0.010488100040338847 0.006211180124223602
0 0.8186768858410649 0.6785714285714286 0.0318676885841065 0.005364201016374929
0 0.8555869302137958 0.6751835121400339 0.029850746268656716 0.008752117447769622
0 0.86385639370714 0.6677018633540373 0.0028237192416296895 0.00282326369282891
0 0.8884630899556273 0.6760304912478825 0.014925373134328358 0.002540937323546019
0 0.18071803146430013 0.7257199322416714 0.07583703106091166 0.009316770186335404
0 0.2799515933844292 0.7267080745341615 0.05647438483259379 0.007905138339920948
0 0.35034288019362647 0.7272727272727273 0.031060911657926585 0.003952569169960474
0 0.3763614360629286 0.7262845849802372 0.012101653892698669 0.007058159232072276
0 0.3935054457442517 0.7285431959345002 0.014925373134328358 0.011575381140598532
0 0.40883420734167003 0.728119706380576 0.012505042355788625 0.010163749294184076
0 0.4396934247680516 0.7257199322416714 0.04517950786607503 0.008752117447769622
0 0.47498991528842277 0.724025974025974 0.024606696248487294 0.010446075663466968
0 0.5014118596208148 0.7298136645962733 0.004033884630899556 0.00282326369282891
