0 0.14501815248083905 0.2649632975719932 0.01653892698668818 0.012704686617730096
0 0.1680112948769665 0.264257481648786 0.02702702702702703 0.010163749294184076
0 0.2156111335215813 0.2682100508187465 0.01734570391286809 0.011857707509881422
0 0.2291246470350948 0.27060982495765107 0.009681323114158934 0.004799548277809147
0 0.2505042355788624 0.2696216826651609 0.029850746268656716 0.010728402032749858
0 0.3009277934651069 0.26778656126482214 0.016942315449778138 0.012140033879164314
0 0.3519564340459863 0.269339356295878 0.030254134731746672 0.012987012987012988
0 0.4191206131504639 0.2684923771880294 0.020976200080677694 0.010728402032749858
0 0.42718838241226303 0.2648221343873518 0.003227107704719645 0.002258610954263128
0 0.43142396127470756 0.2724449463579898 0.008471157724889069 0.01129305477131564
0 0.46752722872125857 0.268068887634105 0.01371520774505849 0.012704686617730096
0 0.49314239612747074 0.268068887634105 0.038321903993545785 0.01101072840203275
0 0.5395320693828156 0.2713156408808583 0.01008471157724889 0.006775832862789385
0 0.5635336829366681 0.26877470355731226 0.03227107704719645 0.009599096555618294
0 0.6077047196450182 0.27315076228119706 0.010891488503428802 0.005928853754940711
0 0.6668011294876967 0.2723037831733484 0.06938281565147236 0.007058159232072276
0 0.7113755546591367 0.2725861095426313 0.01734570391286809 0.004799548277809147
0 0.7414279951593384 0.27004517221908525 0.03872529245663574 0.01101072840203275
0 0.7753126260588947 0.27343308865047994 0.022589753933037516 0.005364201016374929
0 0.8158531665994353 0.27060982495765107 0.018152480839048003 0.012704686617730096
0 0.8212989108511497 0.26256352343308864 0.0016135538523598225 0.001129305477131564
0 0.14743848325937878 0.31634669678147936 0.021379588543767647 0.009316770186335404
0 0.16760790641387657 0.3188876341050254 0.02218636546994756 0.006493506493506494
0 0.18394513916901978 0.31719367588932806 0.008874546187979023 0.01101072840203275
0 0.2353771682129891 0.3188876341050254 0.03751512706736587 0.01101072840203275
0 0.2700685760387253 0.32142857142857145 0.031060911657926585 0.004799548277809147
0 0.29407018959257764 0.3219932241671372 0.01371520774505849 0.003105590062111801
0 0.30677692617991126 0.3256634669678148 0.01008471157724889 0.008752117447769622
0 0.3608309802339653 0.3211462450592885 0.043969342476805166 0.007058159232072276
0 0.41589350544574427 0.3255223037831734 0.01936264622831787 0.012422360248447204
0 0.43929003630496166 0.3210050818746471 0.026623638563937072 0.009599096555618294
0 0.4509883017345704 0.3191699604743083 0.0016135538523598225 0.001976284584980237
0 0.4564340459862848 0.32284020327498586 0.0060508269463493344 0.006493506493506494
0 0.4705526421944332 0.320016939582157 0.018152480839048003 0.00818746470920384
0 0.4889068172650262 0.32029926595143987 0.015328761597418314 0.00818746470920384
0 0.5227914481645825 0.31747600225861095 0.0024203307785397336 0.002540937323546019
0 0.5237999193223074 0.3246753246753247 0.004437273093989512 0.006775832862789385
0 0.5342880193626462 0.3242518351214003 0.01573215006050827 0.005364201016374929
0 0.5853166599435257 0.3210050818746471 0.03953206938281565 0.010163749294184076
0 0.6095199677289229 0.3232636928289102 0.004033884630899556 0.00564652738565782
0 0.6222267043162566 0.3245341614906832 0.01734570391286809 0.005364201016374929
0 0.6395724082291246 0.3243929983060418 0.014118596208148447 0.003952569169960474
0 0.6881807180314643 0.3256634669678148 0.02743041549011698 0.012704686617730096
0 0.727511093182735 0.32142857142857145 0.04961678096006454 0.008752117447769622
0 0.7613957240822913 0.32707509881422925 0.011698265429608713 0.008752117447769622
0 0.7747075433642597 0.32608695652173914 0.0028237192416296895 0.0016939582156973462
0 0.8093989511899959 0.322557876905703 0.01573215006050827 0.01101072840203275
0 0.8301734570391287 0.3211462450592885 0.021782977006857603 0.012704686617730096
0 0.8471157724889068 0.3277809147374365 0.009681323114158934 0.009599096555618294
0 0.1446147640177491 0.36716544325239975 0.014925373134328358 0.013269339356295878
0 0.15510286405808793 0.36688311688311687 0.0060508269463493344 0.009881422924901186
0 0.16034691407825735 0.36674195369847545 0.0060508269463493344 0.012422360248447204
0 0.17406212182331585 0.3681535855448899 0.0028237192416296895 0.002258610954263128
0 0.17406212182331585 0.37337662337662336 0.0028237192416296895 0.001411631846414455
0 0.23215006050826947 0.3715415019762846 0.04719645018152481 0.011857707509881422
0 0.2853973376361436 0.37125917560700167 0.014925373134328358 0.010728402032749858
0 0.2946752722872126 0.3756352343308865 0.003630496167809601 0.002540937323546019
0 0.3051633723275514 0.37140033879164314 0.012505042355788625 0.012704686617730096
0 0.3174667204517951 0.37549407114624506 0.0024203307785397336 0.001129305477131564
0 0.33319887051230335 0.3743647656691135 0.007260992335619202 0.001129305477131564
0 0.3656716417910448 0.3725296442687747 0.01653892698668818 0.012140033879164314
0 0.3918918918918919 0.37422360248447206 0.0028237192416296895 0.007058159232072276
0 0.3916901976603469 0.36801242236024845 0.0016135538523598225 0.001411631846414455
0 0.3993545784590561 0.3730942970073405 0.00645421540943929 0.006493506493506494
0 0.43707139975796694 0.3746470920383964 0.018152480839048003 0.018068887634105024
0 0.4489713594191206 0.3725296442687747 0.004840661557079467 0.009881422924901186
0 0.46248487293263413 0.37422360248447206 0.01653892698668818 0.005364201016374929
0 0.50040338846309 0.37224731789949184 0.01653892698668818 0.012140033879164314
0 0.5427591770875353 0.37365894974590624 0.01734570391286809 0.007622811970638058
0 0.5599031867688584 0.3769057029926595 0.011294876966518758 0.009599096555618294
0 0.6077047196450182 0.3718238283455675 0.033481242436466316 0.012422360248447204
0 0.6526825332795482 0.37648221343873517 0.012101653892698669 0.004799548277809147
0 0.6668011294876967 0.37365894974590624 0.015328761597418314 0.008752117447769622
0 0.6916095199677289 0.3759175607001694 0.027833803953206938 0.007058159232072276
0 0.718031464300121 0.37662337662337664 0.016942315449778138 0.00564652738565782
0 0.7539330375151271 0.37704686617730093 0.007260992335619202 0.005928853754940711
0 0.7565550625252118 0.3760587238848108 0.003630496167809601 0.0033879164313946925
0 0.7634126663977411 0.3769057029926595 0.008471157724889069 0.01355166572557877
0 0.7936668011294877 0.3761998870694523 0.010891488503428802 0.005364201016374929
0 0.8342073416700282 0.3791643139469226 0.024203307785397338 0.011857707509881422
0 0.8563937071399758 0.3749294184076793 0.016942315449778138 0.004517221908526256
0 0.15127067365873337 0.41756070016939584 0.03469140782573618 0.014680971202710334
0 0.17466720451795079 0.4184076792772445 0.011294876966518758 0.010728402032749858
0 0.1863654699475595 0.4254658385093168 0.008874546187979023 0.011857707509881422
0 0.22751109318273496 0.4243365330321852 0.020976200080677694 0.00564652738565782
0 0.2317466720451795 0.4201016374929418 0.0052440500201694235 0.004517221908526256
0 0.25030254134731744 0.41953698475437606 0.025413473174667203 0.011857707509881422
0 0.23860427591770875 0.4168548842461886 0.0012101653892698668 0.001411631846414455
0 0.2952803549818475 0.4193958215697346 0.009681323114158934 0.01101072840203275
0 0.3100040338846309 0.4227837380011293 0.031060911657926585 0.005928853754940711
0 0.3424768051633723 0.422360248447205 0.03146430012101654 0.004517221908526256
0 0.36405808793868494 0.4225014116318464 0.00927793465106898 0.0036702428006775835
0 0.37353771682129894 0.42264257481648787 0.004840661557079467 0.0016939582156973462
0 0.3773699072206535 0.4254658385093168 0.00927793465106898 0.009034443817052512
0 0.4219443323920936 0.4225014116318464 0.02743041549011698 0.007058159232072276
0 0.4483662767244857 0.42391304347826086 0.021379588543767647 0.006493506493506494
0 0.4937474788221057 0.423630717108978 0.026623638563937072 0.005364201016374929
0 0.5413473174667205 0.4246188594014681 0.024203307785397338 0.005081874647092038
0 0.5592981040742234 0.42193675889328064 0.003630496167809601 0.009316770186335404
0 0.600242033077854 0.4243365330321852 0.02581686163775716 0.010728402032749858
0 0.6196046793061718 0.4265951439864483 0.010488100040338847 0.0033879164313946925
0 0.6381605486083098 0.4292772444946358 0.029850746268656716 0.01101072840203275
0 0.664179104477612 0.4277244494635799 0.0028237192416296895 0.002258610954263128
0 0.7085518354175071 0.422360248447205 0.024606696248487294 0.010163749294184076
0 0.7008874546187979 0.4165725578769057 0.0012101653892698668 0.0008469791078486731
0 0.7291246470350948 0.4254658385093168 0.01734570391286809 0.006211180124223602
0 0.745865268253328 0.4222190852625635 0.00645421540943929 0.01101072840203275
0 0.7736990722065349 0.42292490118577075 0.009681323114158934 0.010163749294184076
0 0.7882210568777733 0.4253246753246753 0.026623638563937072 0.006493506493506494
0 0.8190802743041549 0.4258893280632411 0.02944735780556676 0.004234895539243365
0 0.8485276321097217 0.42913608130999437 0.02864058087938685 0.011857707509881422
0 0.872529245663574 0.4321005081874647 0.004840661557079467 0.007058159232072276
0 0.145421540943929 0.4723320158102767 0.019766034691407825 0.006211180124223602
0 0.15207745058491326 0.46710897797854317 0.004033884630899556 0.002540937323546019
0 0.15429608713190804 0.46908526256352345 0.0012101653892698668 0.0008469791078486731
0 0.17164179104477612 0.4696499153020892 0.025413473174667203 0.012704686617730096
0 0.21581282775312627 0.46569734613212876 0.004033884630899556 0.001976284584980237
0 0.21661960467930616 0.47473178994918125 0.004840661557079467 0.006493506493506494
0 0.22690601048810005 0.47007340485601357 0.014925373134328358 0.01355166572557877
0 0.281968535699879 0.4731789949181254 0.028237192416296894 0.005081874647092038
0 0.291246470350948 0.4673913043478261 0.004840661557079467 0.001976284584980237
0 0.30597014925373134 0.4707792207792208 0.018152480839048003 0.010446075663466968
0 0.3116175877369907 0.46499153020892153 0.0028237192416296895 0.0016939582156973462
0 0.3259378781766841 0.4697910784867307 0.016135538523598225 0.011857707509881422
0 0.3410649455425575 0.4719085262563523 0.014118596208148447 0.003105590062111801
0 0.3473174667204518 0.46725014116318464 0.0024203307785397336 0.001129305477131564
0 0.3509479628882614 0.47247317899491814 0.00645421540943929 0.005928853754940711
0 0.36587333602258976 0.47035573122529645 0.015328761597418314 0.012422360248447204
0 0.4060104881000403 0.4730378317334839 0.013311819281968536 0.005928853754940711
0 0.4279951593384429 0.4707792207792208 0.029043969342476807 0.01101072840203275
0 0.4770068576038725 0.4730378317334839 0.010891488503428802 0.005928853754940711
0 0.4893102057281162 0.472755505364201 0.008874546187979023 0.005928853754940711
0 0.5064542154094392 0.4723320158102767 0.024606696248487294 0.004517221908526256
0 0.5322710770471965 0.47571993224167136 0.020572811617587738 0.009034443817052512
0 0.5473981444130698 0.474025974025974 0.00645421540943929 0.0016939582156973462
0 0.5752319483662768 0.4751552795031056 0.026623638563937072 0.006211180124223602
0 0.6042759177087536 0.47063805759457933 0.026623638563937072 0.009599096555618294
0 0.6210165389269867 0.47261434217955955 0.00927793465106898 0.006211180124223602
0 0.6317063331988705 0.4817899491812535 0.007260992335619202 0.00818746470920384
0 0.6621621621621622 0.47501411631846413 0.0028237192416296895 0.008752117447769622
0 0.663170633319887 0.4683794466403162 0.0024203307785397336 0.0033879164313946925
0 0.6708350141185963 0.474025974025974 0.007260992335619202 0.006775832862789385
0 0.7148043565954014 0.47162619988706944 0.035498184751916094 0.012140033879164314
0 0.7371924162968939 0.4730378317334839 0.002016942315449778 0.001411631846414455
0 0.7555465913674869 0.4743083003952569 0.03711173860427592 0.004517221908526256
0 0.7617991125453812 0.4704968944099379 0.0028237192416296895 0.002540937323546019
0 0.7759177087535296 0.4761434217955957 0.010891488503428802 0.01101072840203275
0 0.8102057281161759 0.4754376058723885 0.010891488503428802 0.004517221908526256
0 0.145421540943929 0.5194805194805194 0.02864058087938685 0.012422360248447204
0 0.1845502218636547 0.5201863354037267 0.04881000403388463 0.011575381140598532
0 0.24667204517950786 0.5244212309429701 0.011698265429608713 0.007058159232072276
0 0.26099233561920127 0.5248447204968945 0.008067769261799113 0.01637492941840768
0 0.3011294876966519 0.5248447204968945 0.0318676885841065 0.007340485601355167
0 0.3608309802339653 0.5220214568040655 0.025413473174667203 0.010728402032749858
0 0.38019362646228316 0.5245623941276115 0.010891488503428802 0.00282326369282891
0 0.39592577652279143 0.527244494635799 0.031060911657926585 0.012704686617730096
0 0.43162565550625254 0.5230095990965556 0.004840661557079467 0.005928853754940711
0 0.4318273497377975 0.5160926030491247 0.0028237192416296895 0.002258610954263128
0 0.4427188382412263 0.5237154150197628 0.012505042355788625 0.00564652738565782
0 0.4844695441710367 0.5217391304347826 0.02016942315449778 0.010163749294184076
0 0.5046389673255345 0.5248447204968945 0.016135538523598225 0.004517221908526256
0 0.5296490520371118 0.5275268210050819 0.021782977006857603 0.011575381140598532
0 0.5532472771278741 0.5275268210050819 0.0052440500201694235 0.001976284584980237
0 0.590964098426785 0.5232919254658385 0.022589753933037516 0.011575381140598532
0 0.5897539330375151 0.5197628458498024 0.0016135538523598225 0.001129305477131564
0 0.6143606292860024 0.525974025974026 0.02501008471157725 0.007340485601355167
0 0.6625655506252521 0.5265386787125917 0.03993545784590561 0.00564652738565782
0 0.6920129084308189 0.5331733483907397 0.0052440500201694235 0.007058159232072276
0 0.7384025816861638 0.5252682100508187 0.04800322710770472 0.009316770186335404
0 0.7341670028237193 0.5239977413890458 0.003227107704719645 0.002258610954263128
0 0.7698668818071803 0.5249858836815359 0.014118596208148447 0.008752117447769622
0 0.8075837031060912 0.5244212309429701 0.008874546187979023 0.012704686617730096
0 0.8217022993142397 0.5307735742518351 0.011294876966518758 0.010163749294184076
0 0.1500605082694635 0.571005081874647 0.03307785397337636 0.012140033879164314
0 0.2035094796288826 0.5732636928289102 0.014925373134328358 0.009881422924901186
0 0.21924162968939087 0.5731225296442688 0.01573215006050827 0.010728402032749858
0 0.22972972972972974 0.5760869565217391 0.002016942315449778 0.001411631846414455
0 0.23477208551835418 0.581451157538114 0.004033884630899556 0.004234895539243365
0 0.2692617991125454 0.57128740824393 0.010891488503428802 0.010446075663466968
0 0.281968535699879 0.5741106719367589 0.016942315449778138 0.004799548277809147
0 0.2864058087938685 0.5698757763975155 0.005647438483259379 0.001976284584980237
0 0.31040742234772084 0.5719932241671372 0.033481242436466316 0.010728402032749858
0 0.31968535699878986 0.5690287972896668 0.0028237192416296895 0.0008469791078486731
0 0.3354175070592981 0.5732636928289102 0.013311819281968536 0.004234895539243365
0 0.3807987091569181 0.5753811405985318 0.029043969342476807 0.005081874647092038
0 0.4045986284792255 0.5726990400903444 0.016135538523598225 0.009881422924901186
0 0.463896732553449 0.5717108977978543 0.04437273093989512 0.011857707509881422
0 0.4967728922952804 0.5746753246753247 0.01573215006050827 0.004799548277809147
0 0.5141185962081485 0.581733483907397 0.0052440500201694235 0.005364201016374929
0 0.5354981847519161 0.567193675889328 0.0028237192416296895 0.00282326369282891
0 0.5369100443727309 0.575098814229249 0.003227107704719645 0.00564652738565782
0 0.5439693424768052 0.5714285714285714 0.0060508269463493344 0.01129305477131564
0 0.5802743041549012 0.572557876905703 0.0326744655102864 0.011857707509881422
0 0.600242033077854 0.5770750988142292 0.004840661557079467 0.00564652738565782
0 0.6436062928600242 0.5769339356295878 0.0326744655102864 0.00818746470920384
0 0.672448567970956 0.5774985883681536 0.01855586930213796 0.004799548277809147
0 0.718233158531666 0.572557876905703 0.020572811617587738 0.012987012987012988
0 0.7466720451795079 0.5762281197063805 0.03307785397337636 0.006775832862789385
0 0.8132311415893505 0.5769339356295878 0.06212182331585317 0.017786561264822136
0 0.14582492940701897 0.6223884810841332 0.014118596208148447 0.017786561264822136
0 0.16115369100443727 0.6222473178994918 0.01008471157724889 0.004517221908526256
0 0.18051633723275515 0.6219649915302089 0.02379991932230738 0.00564652738565782
0 0.21924162968939087 0.6247882552230378 0.0060508269463493344 0.00564652738565782
0 0.2317466720451795 0.6254940711462451 0.018959257765227916 0.005364201016374929
0 0.2490923759580476 0.623235460191982 0.013311819281968536 0.008752117447769622
0 0.291044776119403 0.6247882552230378 0.020572811617587738 0.005081874647092038
0 0.3150463896732553 0.6250705815923208 0.02581686163775716 0.004517221908526256
0 0.3327954820492134 0.6249294184076792 0.008067769261799113 0.005928853754940711
0 0.372730939895119 0.6216826651609261 0.014521984671238403 0.011857707509881422
0 0.4223477208551835 0.6245059288537549 0.028237192416296894 0.01129305477131564
0 0.41528842275110933 0.6174477696216827 0.0012101653892698668 0.001129305477131564
0 0.4483662767244857 0.6235177865612648 0.02218636546994756 0.009881422924901186
0 0.481847519160952 0.6261998870694523 0.01008471157724889 0.005081874647092038
0 0.49415086728519564 0.6242236024844721 0.01371520774505849 0.015245623941276116
0 0.5225897539330375 0.6276115189158668 0.012505042355788625 0.00564652738565782
0 0.5830980233965308 0.6243647656691135 0.05445744251714401 0.011575381140598532
0 0.6377571601452199 0.6271880293619424 0.022589753933037516 0.006493506493506494
0 0.6561113352158128 0.6266233766233766 0.00927793465106898 0.004234895539243365
0 0.6655909640984268 0.6294466403162056 0.0024203307785397336 0.001976284584980237
