0 0.15711980637353773 0.21626199887069453 0.01653892698668818 0.014116318464144552
0 0.1789027833803953 0.21456804065499718 0.02379991932230738 0.010728402032749858
0 0.22327551432029044 0.2149915302089215 0.02218636546994756 0.011575381140598532
0 0.23235175473981445 0.21315640880858272 0.0016135538523598225 0.0016939582156973462
0 0.24041952400161357 0.22120271033314512 0.008874546187979023 0.012704686617730096
0 0.28297700685760385 0.21146245059288538 0.004437273093989512 0.004517221908526256
0 0.29386849536103266 0.21781479390175043 0.008471157724889069 0.005928853754940711
0 0.3081887858007261 0.22092038396386224 0.01855586930213796 0.009881422924901186
0 0.3293666801129488 0.21894409937888198 0.01734570391286809 0.006493506493506494
0 0.3519564340459863 0.21950875211744778 0.01734570391286809 0.006493506493506494
0 0.36950383219039934 0.21230942970073405 0.0024203307785397336 0.003952569169960474
0 0.372932634126664 0.21188594014680973 0.002016942315449778 0.002540937323546019
0 0.436466317063332 0.22035573122529645 0.05405405405405406 0.007622811970638058
0 0.4661153691004437 0.2224731789949181 0.0052440500201694235 0.00564652738565782
0 0.517749092375958 0.21795595708639187 0.03670835014118596 0.012987012987012988
0 0.5397337636143607 0.21739130434782608 0.007260992335619202 0.009034443817052512
0 0.5754336425978217 0.2134387351778656 0.0028237192416296895 0.0016939582156973462
0 0.5770471964501815 0.220214568040655 0.0028237192416296895 0.006775832862789385
0 0.5851149657119806 0.2171089779785432 0.006857603872529245 0.010163749294184076
0 0.609318273497378 0.21936758893280633 0.0028237192416296895 0.009599096555618294
0 0.6165792658329972 0.2217673630717109 0.008471157724889069 0.007058159232072276
0 0.6540943929003631 0.2245906267645398 0.01734570391286809 0.012140033879164314
0 0.6686163775716014 0.22374364765669114 0.0060508269463493344 0.005928853754940711
0 0.6676079064138766 0.21894409937888198 0.003227107704719645 0.003105590062111801
0 0.6764824526018556 0.22275550536420102 0.008067769261799113 0.004517221908526256
0 0.6847519160951997 0.2264257481648786 0.00927793465106898 0.01129305477131564
0 0.7206534893102057 0.21936758893280633 0.014925373134328358 0.01129305477131564
0 0.7581686163775716 0.22063805759457933 0.021379588543767647 0.008752117447769622
0 0.8069786204114562 0.22275550536420102 0.02944735780556676 0.00564652738565782
0 0.8334005647438483 0.2230378317334839 0.016942315449778138 0.004517221908526256
0 0.1591367486889875 0.26792772444946356 0.022993142396127472 0.010728402032749858
0 0.16700282371924163 0.26439864483342745 0.004840661557079467 0.002540937323546019
0 0.1811214199273901 0.27032749858836813 0.017749092375958047 0.014963297571993224
0 0.18858410649455426 0.2652456239412761 0.002016942315449778 0.001411631846414455
0 0.20048406615570794 0.27343308865047994 0.01855586930213796 0.004234895539243365
0 0.21258572004840662 0.2691981931112366 0.004033884630899556 0.009316770186335404
0 0.2198467123840258 0.2686335403726708 0.00645421540943929 0.010446075663466968
0 0.2561516740621218 0.2682100508187465 0.015328761597418314 0.011857707509881422
0 0.2987091569181121 0.27089215132693395 0.04154901169826543 0.005928853754940711
0 0.32573618394513915 0.27300959909655564 0.026220250100847116 0.009034443817052512
0 0.3674868898749496 0.27188029361942406 0.012101653892698669 0.004517221908526256
0 0.39955627269060107 0.2686335403726708 0.018959257765227916 0.01101072840203275
0 0.4154901169826543 0.2725861095426313 0.011294876966518758 0.007058159232072276
0 0.42718838241226303 0.27216261998870694 0.014521984671238403 0.004517221908526256
0 0.4649052037111739 0.27343308865047994 0.021379588543767647 0.007622811970638058
0 0.5010084711577248 0.27315076228119706 0.009681323114158934 0.007058159232072276
0 0.5147236789027834 0.2724449463579898 0.008874546187979023 0.00564652738565782
0 0.5330778539733764 0.27032749858836813 0.027833803953206938 0.009881422924901186
0 0.5550625252117789 0.2715979672501412 0.015328761597418314 0.004517221908526256
0 0.5679709560306575 0.2715979672501412 0.005647438483259379 0.014680971202710334
0 0.5758370310609117 0.2696216826651609 0.007664380798709157 0.009599096555618294
0 0.5879386849536103 0.2735742518351214 0.002016942315449778 0.002258610954263128
0 0.6379588543767648 0.26905702992659514 0.04235578862444534 0.012987012987012988
0 0.6813231141589351 0.269339356295878 0.010488100040338847 0.01129305477131564
0 0.7039128680919726 0.26990400903444384 0.02743041549011698 0.010163749294184076
0 0.7232755143202905 0.2725861095426313 0.012101653892698669 0.004799548277809147
0 0.7622025010084712 0.2723037831733484 0.02218636546994756 0.007622811970638058
0 0.7704719645018152 0.2676453980801807 0.0024203307785397336 0.001129305477131564
0 0.7801532876159741 0.2694805194805195 0.00645421540943929 0.010446075663466968
0 0.7843888664784188 0.26905702992659514 0.0052440500201694235 0.009599096555618294
0 0.8188785800726099 0.2691981931112366 0.02016942315449778 0.01101072840203275
0 0.8212989108511497 0.2627046866177301 0.0016135538523598225 0.0008469791078486731
0 0.15066559096409843 0.3178994918125353 0.006857603872529245 0.007905138339920948
0 0.15590964098426785 0.3157820440429136 0.002016942315449778 0.0008469791078486731
0 0.1672045179507866 0.31620553359683795 0.024606696248487294 0.01355166572557877
0 0.17587736990722067 0.31309994353472614 0.003227107704719645 0.002258610954263128
0 0.1871722468737394 0.3197346132128741 0.011294876966518758 0.005928853754940711
0 0.20572811617587736 0.31719367588932806 0.02501008471157725 0.011575381140598532
0 0.24667204517950786 0.31493506493506496 0.0028237192416296895 0.001976284584980237
0 0.24788221056877774 0.32171089779785433 0.0028237192416296895 0.005928853754940711
0 0.25877369907220654 0.3219932241671372 0.012505042355788625 0.005928853754940711
0 0.3075837031060912 0.3222755505364201 0.03428801936264623 0.005928853754940711
0 0.3279548204921339 0.3201581027667984 0.004840661557079467 0.009034443817052512
0 0.33844292053247277 0.3188876341050254 0.016135538523598225 0.01101072840203275
0 0.34227511093182733 0.3154997176736307 0.002016942315449778 0.003105590062111801
0 0.354578459056071 0.3255223037831734 0.016135538523598225 0.01129305477131564
0 0.400363049616781 0.3232636928289102 0.02702702702702703 0.007905138339920948
0 0.41064945542557485 0.31719367588932806 0.0016135538523598225 0.001976284584980237
0 0.4169019766034691 0.3222755505364201 0.0052440500201694235 0.005928853754940711
0 0.4281968535699879 0.3207227555053642 0.010891488503428802 0.009599096555618294
0 0.43061718434852764 0.3181818181818182 0.0012101653892698668 0.0016939582156973462
0 0.4411052843888665 0.3234048560135517 0.010891488503428802 0.003105590062111801
0 0.4489713594191206 0.32594579333709767 0.008874546187979023 0.009316770186335404
0 0.4745865268253328 0.3231225296442688 0.007664380798709157 0.006493506493506494
0 0.4846712384025817 0.32298136645962733 0.008471157724889069 0.005081874647092038
0 0.49838644614764016 0.3222755505364201 0.018959257765227916 0.005364201016374929
0 0.5155304558289633 0.32029926595143987 0.014521984671238403 0.009881422924901186
0 0.5328761597418313 0.32185206098249575 0.01855586930213796 0.004517221908526256
0 0.5478015328761597 0.3221343873517787 0.009681323114158934 0.01355166572557877
0 0.5570794675272287 0.32086391869000563 0.009681323114158934 0.009316770186335404
0 0.5778539733763615 0.32594579333709767 0.003630496167809601 0.001976284584980237
0 0.6018555869302138 0.32185206098249575 0.016135538523598225 0.01355166572557877
0 0.6218233158531666 0.3198757763975155 0.020572811617587738 0.010163749294184076
0 0.6304961678096006 0.3198757763975155 0.0024203307785397336 0.001129305477131564
0 0.6399757966922146 0.32241671372106157 0.004437273093989512 0.006211180124223602
0 0.6647841871722469 0.3235460191981931 0.004033884630899556 0.007340485601355167
0 0.6653892698668818 0.3177583286278938 0.0028237192416296895 0.004234895539243365
0 0.672246873739411 0.32298136645962733 0.003630496167809601 0.006211180124223602
0 0.700282371924163 0.3242518351214003 0.01290843081887858 0.005928853754940711
0 0.7148043565954014 0.322557876905703 0.010488100040338847 0.004234895539243365
0 0.7345703912868092 0.3204404291360813 0.02581686163775716 0.009599096555618294
0 0.7607906413876563 0.3198757763975155 0.016135538523598225 0.009599096555618294
0 0.7660346914078258 0.31648785996612083 0.0024203307785397336 0.002258610954263128
0 0.7894312222670432 0.3201581027667984 0.033884630899556276 0.007905138339920948
0 0.8255344897135942 0.3231225296442688 0.003630496167809601 0.004799548277809147
0 0.8265429608713191 0.3154997176736307 0.0016135538523598225 0.001411631846414455
0 0.8360225897539331 0.3232636928289102 0.011698265429608713 0.003952569169960474
0 0.1609519967728923 0.366600790513834 0.029043969342476807 0.013269339356295878
0 0.2154094392900363 0.36984754376058726 0.035498184751916094 0.010728402032749858
0 0.24586526825332797 0.3694240542066629 0.026220250100847116 0.009881422924901186
0 0.26220250100847114 0.37012987012987014 0.003227107704719645 0.010163749294184076
0 0.2962888261395724 0.36900056465273856 0.01008471157724889 0.010163749294184076
0 0.30798709156918114 0.3715415019762846 0.01008471157724889 0.003952569169960474
0 0.32129891085114964 0.3719649915302089 0.011698265429608713 0.004234895539243365
0 0.33319887051230335 0.3694240542066629 0.012101653892698669 0.007622811970638058
0 0.3426784993949173 0.36575381140598534 0.0028237192416296895 0.003105590062111801
0 0.34751916095199675 0.3705533596837945 0.0060508269463493344 0.005364201016374929
0 0.39229528035498185 0.37337662337662336 0.02864058087938685 0.008752117447769622
0 0.41629689390883423 0.36885940146809715 0.015328761597418314 0.009881422924901186
0 0.4279951593384429 0.37111801242236025 0.005647438483259379 0.0036702428006775835
0 0.4334409035901573 0.37422360248447206 0.006857603872529245 0.00818746470920384
0 0.4653085921742638 0.3719649915302089 0.014118596208148447 0.005928853754940711
0 0.4919322307382009 0.36984754376058726 0.03509479628882614 0.010728402032749858
0 0.5167406212182332 0.37422360248447206 0.0024203307785397336 0.001976284584980237
0 0.5244050020169423 0.37351778656126483 0.0016135538523598225 0.001129305477131564
0 0.5284388866478419 0.3739412761151892 0.0024203307785397336 0.001976284584980237
0 0.5625252117789431 0.37351778656126483 0.004437273093989512 0.002258610954263128
0 0.5693828156514724 0.37365894974590624 0.003630496167809601 0.002540937323546019
0 0.5770471964501815 0.37295313382269907 0.0028237192416296895 0.0016939582156973462
0 0.5945945945945946 0.3739412761151892 0.01290843081887858 0.0036702428006775835
0 0.6147640177490924 0.3699887069452287 0.021782977006857603 0.009881422924901186
0 0.6226300927793466 0.36914172783738003 0.002016942315449778 0.002540937323546019
0 0.6405808793868495 0.371682665160926 0.022589753933037516 0.009881422924901186
0 0.6772892295280355 0.3746470920383964 0.008067769261799113 0.007905138339920948
0 0.6936264622831787 0.37140033879164314 0.020572811617587738 0.013269339356295878
0 0.7067365873336022 0.3749294184076793 0.004033884630899556 0.0033879164313946925
0 0.7129891085114965 0.3752117447769622 0.00927793465106898 0.0033879164313946925
0 0.7216619604679306 0.37577639751552794 0.00645421540943929 0.006211180124223602
0 0.7688584106494554 0.3706945228684359 0.03630496167809601 0.012422360248447204
0 0.7910447761194029 0.37140033879164314 0.00645421540943929 0.012140033879164314
0 0.8289632916498588 0.3759175607001694 0.029043969342476807 0.005364201016374929
0 0.8557886244453409 0.3759175607001694 0.014925373134328358 0.005364201016374929
0 0.1708350141185962 0.4165725578769057 0.045582896329164985 0.012704686617730096
0 0.22710770471964503 0.4192546583850932 0.004840661557079467 0.01129305477131564
0 0.2373941105284389 0.41883116883116883 0.006857603872529245 0.01101072840203275
0 0.2482855990318677 0.41883116883116883 0.007664380798709157 0.01101072840203275
0 0.2535296490520371 0.42617165443252397 0.002016942315449778 0.0036702428006775835
0 0.27934651068979427 0.4192546583850932 0.03509479628882614 0.009034443817052512
0 0.3017345703912868 0.42504234895539245 0.003227107704719645 0.007058159232072276
0 0.3313836224283985 0.4199604743083004 0.0326744655102864 0.009881422924901186
0 0.3773699072206535 0.42391304347826086 0.007664380798709157 0.004799548277809147
0 0.38785800726099234 0.42292490118577075 0.008471157724889069 0.014116318464144552
0 0.4243646631706333 0.4215132693393563 0.03146430012101654 0.010728402032749858
0 0.46873739411052845 0.4209486166007905 0.01290843081887858 0.01129305477131564
0 0.481645824929407 0.42391304347826086 0.010488100040338847 0.004799548277809147
0 0.49616780960064544 0.4243365330321852 0.014521984671238403 0.003952569169960474
0 0.5102864058087939 0.4209486166007905 0.015328761597418314 0.010163749294184076
0 0.5221863654699476 0.4168548842461886 0.002016942315449778 0.004234895539243365
0 0.5572811617587737 0.4257481648785997 0.03428801936264623 0.006775832862789385
0 0.5782573618394514 0.4253246753246753 0.0052440500201694235 0.004799548277809147
0 0.5883420734167003 0.4258893280632411 0.014118596208148447 0.004234895539243365
0 0.599838644614764 0.4298418972332016 0.008874546187979023 0.010446075663466968
0 0.6339249697458653 0.42391304347826086 0.0028237192416296895 0.005364201016374929
0 0.6345300524405002 0.4189723320158103 0.0024203307785397336 0.002258610954263128
0 0.6381605486083098 0.42377188029361945 0.005647438483259379 0.005081874647092038
0 0.6758773699072207 0.4234895539243365 0.022993142396127472 0.006775832862789385
0 0.6950383219039935 0.424901185770751 0.01290843081887858 0.003952569169960474
0 0.7412263009277935 0.4243365330321852 0.02944735780556676 0.014116318464144552
0 0.7712787414279951 0.4254658385093168 0.02501008471157725 0.006775832862789385
0 0.8029447357805567 0.4243365330321852 0.002016942315449778 0.00564652738565782
0 0.8035498184751916 0.41883116883116883 0.0016135538523598225 0.001976284584980237
0 0.8134328358208955 0.42518351214003386 0.01008471157724889 0.00282326369282891
0 0.8535699878983461 0.4233483907396951 0.026623638563937072 0.012140033879164314
0 0.16216216216216217 0.466403162055336 0.02581686163775716 0.019198193111236588
0 0.1863654699475595 0.4707792207792208 0.021782977006857603 0.004799548277809147
0 0.2172246873739411 0.47261434217955955 0.007664380798709157 0.005081874647092038
0 0.22872125857200484 0.4704968944099379 0.008874546187979023 0.012140033879164314
0 0.2678499394917305 0.474025974025974 0.008067769261799113 0.006775832862789385
0 0.27974989915288423 0.4771315640880858 0.01653892698668818 0.010163749294184076
0 0.29689390883420735 0.4743083003952569 0.01371520774505849 0.0033879164313946925
0 0.3029447357805567 0.4696499153020892 0.003227107704719645 0.003105590062111801
0 0.31040742234772084 0.4738848108413326 0.010891488503428802 0.0036702428006775835
0 0.3192819685356999 0.47134387351778656 0.003630496167809601 0.00818746470920384
0 0.3642597821702299 0.47360248447204967 0.03791851553045583 0.012704686617730096
0 0.3894715611133522 0.47444946357989837 0.00927793465106898 0.003105590062111801
0 0.39128680919725695 0.47035573122529645 0.0024203307785397336 0.0016939582156973462
0 0.4045986284792255 0.47289666854884244 0.01290843081887858 0.011857707509881422
0 0.44050020169423154 0.4754376058723885 0.01936264622831787 0.00564652738565782
0 0.4475594997983058 0.47035573122529645 0.002016942315449778 0.004517221908526256
0 0.46147640177490923 0.4696499153020892 0.020976200080677694 0.010446075663466968
0 0.5062525211778943 0.4719085262563523 0.03065752319483663 0.012704686617730096
0 0.5482049213392497 0.4748729531338227 0.009681323114158934 0.010163749294184076
0 0.5655506252521177 0.47571993224167136 0.023396530859217425 0.004517221908526256
0 0.5839048003227107 0.47289666854884244 0.010891488503428802 0.010163749294184076
0 0.6107301331181928 0.47684923771880294 0.008874546187979023 0.0033879164313946925
0 0.6198063735377168 0.4764257481648786 0.008471157724889069 0.014963297571993224
0 0.6534893102057281 0.47473178994918125 0.020976200080677694 0.012704686617730096
0 0.6690197660346914 0.480660643704122 0.006857603872529245 0.010446075663466968
0 0.6805163372327552 0.47600225861095424 0.012101653892698669 0.007340485601355167
0 0.7018959257765228 0.474025974025974 0.021782977006857603 0.009599096555618294
0 0.7204517950786608 0.47811970638057594 0.0024203307785397336 0.001976284584980237
