0 0.16216216216216217 0.22120271033314512 0.02743041549011698 0.023433088650479956
0 0.18354175070592982 0.22684923771880294 0.01855586930213796 0.013269339356295878
0 0.21843485276321098 0.21964991530208922 0.03509479628882614 0.025409373235460192
0 0.28075837031060913 0.2264257481648786 0.022589753933037516 0.015810276679841896
0 0.2987091569181121 0.22868435911914173 0.003630496167809601 0.00846979107848673
0 0.3021379588543768 0.21428571428571427 0.004033884630899556 0.005081874647092038
0 0.3174667204517951 0.22416713721061546 0.016135538523598225 0.011857707509881422
0 0.3370310609116579 0.22882552230378317 0.020572811617587738 0.015527950310559006
0 0.3610326744655103 0.22924901185770752 0.01936264622831787 0.012422360248447204
0 0.3836224283985478 0.22289666854884246 0.007260992335619202 0.023997741389045736
0 0.4037918515530456 0.22755505364201017 0.023396530859217425 0.01355166572557877
0 0.43283582089552236 0.22346132128740825 0.02501008471157725 0.021739130434782608
0 0.44917305365066557 0.21456804065499718 0.0028237192416296895 0.006211180124223602
0 0.4594594594594595 0.22699040090344438 0.01936264622831787 0.012987012987012988
0 0.4864864864864865 0.22811970638057594 0.01936264622831787 0.009034443817052512
0 0.5401371520774506 0.22783738001129306 0.022589753933037516 0.015245623941276116
0 0.563937071399758 0.22967250141163184 0.01936264622831787 0.014398644833427442
0 0.5889471561113352 0.22939017504234896 0.021782977006857603 0.012704686617730096
0 0.6250504235578862 0.22755505364201017 0.027833803953206938 0.01637492941840768
0 0.6621621621621622 0.2236024844720497 0.03428801936264623 0.026538678712591756
0 0.7144009681323115 0.22501411631846416 0.016135538523598225 0.03613777526821005
0 0.7289229528035498 0.22826086956521738 0.020976200080677694 0.013269339356295878
0 0.7553448971359419 0.2279785431959345 0.01573215006050827 0.010446075663466968
0 0.7928600242033078 0.22430830039525693 0.018152480839048003 0.021174477696216828
0 0.8317870108914885 0.22529644268774704 0.045986284792254944 0.0220214568040655
0 0.1617587736990722 0.27442123094297005 0.022589753933037516 0.017504234895539244
0 0.181726502622025 0.2766798418972332 0.003630496167809601 0.009034443817052512
0 0.18515530455828963 0.26256352343308864 0.005647438483259379 0.003952569169960474
0 0.2035094796288826 0.2751270468661773 0.02218636546994756 0.012704686617730096
0 0.2254941508672852 0.26976284584980237 0.015328761597418314 0.017786561264822136
0 0.25010084711577246 0.2713156408808583 0.016942315449778138 0.021456804065499716
0 0.3021379588543768 0.277244494635799 0.023396530859217425 0.014680971202710334
0 0.3279548204921339 0.27851496329757197 0.01855586930213796 0.012704686617730096
0 0.354578459056071 0.27710333145115756 0.023396530859217425 0.014398644833427442
0 0.3781766841468334 0.27752682100508186 0.02379991932230738 0.01355166572557877
0 0.4062121823315853 0.27837380011293056 0.020976200080677694 0.01355166572557877
0 0.4300121016538927 0.27865612648221344 0.01936264622831787 0.012422360248447204
0 0.4570391286809197 0.2792207792207792 0.020976200080677694 0.012987012987012988
0 0.47498991528842277 0.2824675324675325 0.003630496167809601 0.00818746470920384
0 0.4800322710770472 0.2628458498023715 0.004033884630899556 0.0033879164313946925
0 0.4989915288422751 0.27837380011293056 0.017749092375958047 0.01355166572557877
0 0.5225897539330375 0.2803500846979108 0.02864058087938685 0.011857707509881422
0 0.5907624041952401 0.27710333145115756 0.033481242436466316 0.015527950310559006
0 0.627269060104881 0.2792207792207792 0.026623638563937072 0.012987012987012988
0 0.6565147236789027 0.27851496329757197 0.02218636546994756 0.012140033879164314
0 0.6857603872529245 0.27428006775832864 0.02501008471157725 0.021174477696216828
0 0.7222670431625655 0.27752682100508186 0.011698265429608713 0.002258610954263128
0 0.7617991125453812 0.27639751552795033 0.019766034691407825 0.020327498588368152
0 0.7862041145623235 0.2769621682665161 0.01936264622831787 0.019762845849802372
0 0.8061718434852764 0.28190287972896666 0.004437273093989512 0.010446075663466968
0 0.8124243646631706 0.2704686617730096 0.0024203307785397336 0.00846979107848673
0 0.8229124647035094 0.28147939017504237 0.014521984671238403 0.010728402032749858
0 0.1526825332795482 0.3234048560135517 0.021379588543767647 0.022303783173348392
0 0.1661960467930617 0.32806324110671936 0.003227107704719645 0.01129305477131564
0 0.16942315449778136 0.313382269904009 0.005647438483259379 0.004517221908526256
0 0.1865671641791045 0.32707509881422925 0.025413473174667203 0.012704686617730096
0 0.21520774505849133 0.325098814229249 0.019766034691407825 0.012704686617730096
0 0.26946349334409037 0.32919254658385094 0.03872529245663574 0.03500846979107849
0 0.3227107704719645 0.32481648785996614 0.024203307785397338 0.012704686617730096
0 0.34772085518354173 0.32834556747600224 0.02016942315449778 0.01129305477131564
0 0.3755546591367487 0.3290513833992095 0.026623638563937072 0.013269339356295878
0 0.4173053650665591 0.32580463015245625 0.01653892698668818 0.020327498588368152
0 0.4396934247680516 0.3253811405985319 0.016942315449778138 0.020609824957651044
0 0.46248487293263413 0.3307453416149068 0.020572811617587738 0.012704686617730096
0 0.4878983461073013 0.32933370976849236 0.01734570391286809 0.011575381140598532
0 0.5340863251311012 0.3241106719367589 0.020976200080677694 0.017504234895539244
0 0.5562726906010488 0.325098814229249 0.026623638563937072 0.016092603049124788
0 0.5711980637353772 0.3351214003387916 0.004840661557079467 0.006775832862789385
0 0.5921742638160549 0.3266516092603049 0.01936264622831787 0.01693958215697346
0 0.6119402985074627 0.3290513833992095 0.01855586930213796 0.015527950310559006
0 0.6345300524405002 0.32806324110671936 0.02016942315449778 0.014116318464144552
0 0.6528842275110932 0.3365330321852061 0.006857603872529245 0.006775832862789385
0 0.6603469140782574 0.33582721626199885 0.004033884630899556 0.004234895539243365
0 0.673053650665591 0.32891022021456806 0.02218636546994756 0.01693958215697346
0 0.6782977006857603 0.33032185206098247 0.0012101653892698668 0.0016939582156973462
0 0.6950383219039935 0.32933370976849236 0.02016942315449778 0.015527950310559006
0 0.7192416296893909 0.3290513833992095 0.02016942315449778 0.014963297571993224
0 0.7170229931423961 0.3337097684923772 0.003630496167809601 0.0016939582156973462
0 0.7557482855990318 0.3269339356295878 0.01734570391286809 0.024280067758328628
0 0.7900363049616781 0.32580463015245625 0.00927793465106898 0.019762845849802372
0 0.8005244050020169 0.3307453416149068 0.020572811617587738 0.012140033879164314
0 0.8202904396934247 0.3310276679841897 0.019766034691407825 0.01101072840203275
0 0.845098830173457 0.3277809147374365 0.017749092375958047 0.020327498588368152
0 0.16498588140379186 0.3761998870694523 0.03146430012101654 0.015527950310559006
0 0.1936264622831787 0.3800112930547713 0.021782977006857603 0.012987012987012988
0 0.21964501815248083 0.37859966120835686 0.025413473174667203 0.01355166572557877
0 0.2472771278741428 0.3739412761151892 0.021782977006857603 0.021739130434782608
0 0.26946349334409037 0.3815640880858272 0.0024203307785397336 0.001411631846414455
0 0.299919322307382 0.37351778656126483 0.024606696248487294 0.023150762281197064
0 0.30052440500201694 0.3674477696216827 0.0016135538523598225 0.002540937323546019
0 0.3247277127874143 0.3791643139469226 0.014521984671238403 0.011857707509881422
0 0.34872932634126663 0.37549407114624506 0.025413473174667203 0.020327498588368152
0 0.39431222267043164 0.37676453980801805 0.014925373134328358 0.022303783173348392
0 0.4191206131504639 0.3759175607001694 0.016942315449778138 0.020609824957651044
0 0.4427188382412263 0.382128740824393 0.022993142396127472 0.012140033879164314
0 0.4598628479225494 0.37704686617730093 0.01371520774505849 0.016657255787690572
0 0.49757966922146024 0.3759175607001694 0.018959257765227916 0.021174477696216828
0 0.5169423154497781 0.3791643139469226 0.011698265429608713 0.01355166572557877
0 0.5342880193626462 0.38085827216261997 0.020572811617587738 0.011857707509881422
0 0.554860830980234 0.382128740824393 0.01653892698668818 0.01101072840203275
0 0.5736183945139169 0.38721061547148505 0.01936264622831787 0.027385657820440428
0 0.5984267849939492 0.3753529079616036 0.013311819281968536 0.021739130434782608
0 0.6141589350544574 0.3760587238848108 0.014925373134328358 0.019762845849802372
0 0.655304558289633 0.3746470920383964 0.012505042355788625 0.020892151326933936
0 0.6841468334005647 0.37704686617730093 0.03469140782573618 0.018351214003387916
0 0.7355788624445341 0.3794466403162055 0.018152480839048003 0.03500846979107849
0 0.7492940701895926 0.382128740824393 0.0052440500201694235 0.009316770186335404
0 0.7565550625252118 0.3675889328063241 0.003630496167809601 0.003952569169960474
0 0.7666397741024606 0.38975155279503104 0.018152480839048003 0.029644268774703556
0 0.7878176684146834 0.38382269904009036 0.016942315449778138 0.009881422924901186
0 0.8237192416296893 0.3814229249011858 0.03953206938281565 0.01355166572557877
0 0.15066559096409843 0.423630717108978 0.01573215006050827 0.023997741389045736
0 0.17164179104477612 0.42941840767927725 0.020572811617587738 0.014680971202710334
0 0.21621621621621623 0.4288537549407115 0.022589753933037516 0.01355166572557877
0 0.27591770875352967 0.4289949181253529 0.029850746268656716 0.01383399209486166
0 0.30677692617991126 0.43040654997176736 0.022993142396127472 0.014963297571993224
0 0.3291649858814038 0.4302653867871259 0.021782977006857603 0.01355166572557877
0 0.35316659943525613 0.4302653867871259 0.013311819281968536 0.014116318464144552
0 0.3755546591367487 0.427442123094297 0.029043969342476807 0.0220214568040655
0 0.3874546187979024 0.4258893280632411 0.0012101653892698668 0.0008469791078486731
0 0.42698668818071805 0.4280067758328628 0.022993142396127472 0.018068887634105024
0 0.44392900363049614 0.4383116883116883 0.0052440500201694235 0.007058159232072276
0 0.47236789027833803 0.42970073404856013 0.01936264622831787 0.020327498588368152
0 0.4947559499798306 0.42843026538678713 0.018152480839048003 0.016092603049124788
0 0.5231948366276724 0.4311123658949746 0.026623638563937072 0.01693958215697346
0 0.5379185155304558 0.436617730095991 0.0052440500201694235 0.007622811970638058
0 0.5812827753126261 0.4298418972332016 0.06131504638967326 0.016092603049124788
0 0.627470754336426 0.4364765669113495 0.0060508269463493344 0.007340485601355167
0 0.6702299314239613 0.43153585544889894 0.06494554255748286 0.016092603049124788
0 0.7113755546591367 0.4405702992659514 0.002016942315449778 0.001976284584980237
0 0.7432432432432432 0.4278656126482213 0.04800322710770472 0.021174477696216828
0 0.7771278741427995 0.4339356295878035 0.004437273093989512 0.009034443817052512
0 0.7803549818475192 0.41967814793901753 0.0028237192416296895 0.005928853754940711
0 0.7952803549818476 0.43365330321852064 0.014925373134328358 0.011857707509881422
0 0.8311819281968535 0.43266516092603047 0.02218636546994756 0.013269339356295878
0 0.8503428801936265 0.43365330321852064 0.01936264622831787 0.01355166572557877
0 0.8703106091165793 0.43379446640316205 0.01653892698668818 0.013269339356295878
0 0.15046389673255345 0.4776962168266516 0.02501008471157725 0.018068887634105024
0 0.17022993142396128 0.47896668548842464 0.02016942315449778 0.015527950310559006
0 0.1920129084308189 0.4779785431959345 0.01936264622831787 0.01637492941840768
0 0.20814844695441712 0.4858836815358554 0.004033884630899556 0.007905138339920948
0 0.23578055667607906 0.4815076228119706 0.03509479628882614 0.0189158667419537
0 0.2446551028640581 0.487012987012987 0.002016942315449778 0.001129305477131564
0 0.2626058894715611 0.4816487859966121 0.017749092375958047 0.012422360248447204
0 0.281968535699879 0.4871541501976285 0.003227107704719645 0.007622811970638058
0 0.2987091569181121 0.4810841332580463 0.020572811617587738 0.014680971202710334
0 0.31887858007260994 0.48221343873517786 0.019766034691407825 0.01355166572557877
0 0.3410649455425575 0.4816487859966121 0.019766034691407825 0.014116318464144552
0 0.39592577652279143 0.4823546019198193 0.027833803953206938 0.01383399209486166
0 0.38584106494554254 0.4733201581027668 0.0012101653892698668 0.001411631846414455
0 0.4199273900766438 0.48348390739695085 0.01936264622831787 0.01101072840203275
0 0.4536103267446551 0.48207227555053644 0.02864058087938685 0.01383399209486166
0 0.49415086728519564 0.47882552230378317 0.01290843081887858 0.020327498588368152
0 0.5167406212182332 0.47896668548842464 0.017749092375958047 0.020609824957651044
0 0.5389269866881807 0.4836250705815923 0.02016942315449778 0.012422360248447204
0 0.5685760387252925 0.48560135516657255 0.018959257765227916 0.012987012987012988
0 0.6155707946752723 0.47967250141163187 0.014521984671238403 0.019762845849802372
0 0.6218233158531666 0.47219085262563526 0.0012101653892698668 0.001411631846414455
0 0.6407825736183945 0.480660643704122 0.03509479628882614 0.0189158667419537
0 0.6966518757563533 0.48207227555053644 0.017749092375958047 0.014398644833427442
0 0.7152077450584913 0.4837662337662338 0.01855586930213796 0.012704686617730096
0 0.7339653085921742 0.48221343873517786 0.011698265429608713 0.012422360248447204
0 0.7603872529245663 0.4817899491812535 0.028237192416296894 0.012704686617730096
0 0.7849939491730537 0.48122529644268774 0.017749092375958047 0.011575381140598532
0 0.8041549011698266 0.4867306606437041 0.018959257765227916 0.018068887634105024
0 0.8237192416296893 0.48404856013551667 0.016135538523598225 0.009881422924901186
0 0.8438886647841872 0.48531902879728966 0.016942315449778138 0.009599096555618294
0 0.8666801129487697 0.4813664596273292 0.02864058087938685 0.018068887634105024
0 0.8838241226300928 0.48546019198193113 0.00645421540943929 0.011575381140598532
0 0.8929003630496167 0.4707792207792208 0.0028237192416296895 0.0036702428006775835
0 0.9017749092375958 0.4847543760587239 0.014118596208148447 0.010728402032749858
0 0.9154901169826543 0.4984472049689441 0.02218636546994756 0.03472614342179559
0 0.15429608713190804 0.5290796160361377 0.02864058087938685 0.01637492941840768
0 0.18676885841064947 0.5309147374364765 0.028237192416296894 0.013269339356295878
0 0.2144009681323114 0.5303500846979108 0.02218636546994756 0.01383399209486166
0 0.2309398951189996 0.5265386787125917 0.006857603872529245 0.020892151326933936
0 0.2418313836224284 0.5287972896668549 0.018959257765227916 0.012987012987012988
0 0.28600242033077855 0.5266798418972332 0.004840661557079467 0.021174477696216828
0 0.29931423961274706 0.5314793901750423 0.020976200080677694 0.015527950310559006
0 0.3281565147236789 0.5304912478825522 0.01734570391286809 0.011857707509881422
0 0.3469140782573618 0.5290796160361377 0.01371520774505849 0.023150762281197064
0 0.39330375151270675 0.5383963862224732 0.022589753933037516 0.018633540372670808
0 0.3874546187979024 0.5319028797289667 0.01008471157724889 0.012422360248447204
0 0.4199273900766438 0.5307735742518351 0.024203307785397338 0.01355166572557877
0 0.44372730939895116 0.532326369282891 0.022589753933037516 0.010446075663466968
0 0.47216619604679305 0.5314793901750423 0.01573215006050827 0.014963297571993224
0 0.5104881000403388 0.5330321852060983 0.021379588543767647 0.014680971202710334
0 0.5322710770471965 0.5352907961603613 0.01734570391286809 0.010728402032749858
0 0.5582896329164986 0.531055900621118 0.029043969342476807 0.021456804065499716
0 0.6038725292456636 0.5292207792207793 0.02743041549011698 0.016657255787690572
0 0.6306978620411456 0.5292207792207793 0.01573215006050827 0.01948051948051948
0 0.6474384832593788 0.538678712591756 0.003227107704719645 0.00564652738565782
0 0.6653892698668818 0.5331733483907397 0.020572811617587738 0.014963297571993224
0 0.6883824122630092 0.5321852060982496 0.018152480839048003 0.01355166572557877
0 0.709560306575232 0.5328910220214568 0.01936264622831787 0.013269339356295878
0 0.7200484066155708 0.5413608130999435 0.003227107704719645 0.004234895539243365
0 0.7404195240016136 0.5333145115753811 0.02218636546994756 0.012987012987012988
0 0.7664380798709157 0.5335968379446641 0.02016942315449778 0.011857707509881422
0 0.7896329164985881 0.5311970638057595 0.018152480839048003 0.012704686617730096
0 0.8287615974183138 0.5351496329757199 0.01734570391286809 0.008752117447769622
0 0.8511496571198064 0.5392433653303218 0.022589753933037516 0.018068887634105024
0 0.8856393707139976 0.5369847543760587 0.020572811617587738 0.012422360248447204
0 0.9078257361839451 0.5399491812535291 0.018152480839048003 0.013269339356295878
0 0.15671641791044777 0.5783455674760023 0.0536506655909641 0.023997741389045736
0 0.22428398547801534 0.5790513833992095 0.01855586930213796 0.015245623941276116
0 0.2436466317063332 0.5803218520609825 0.01855586930213796 0.0189158667419537
0 0.2670431625655506 0.5794748729531338 0.01290843081887858 0.015527950310559006
0 0.2876159741831384 0.5818746470920384 0.01936264622831787 0.015245623941276116
0 0.34751916095199675 0.581733483907397 0.02702702702702703 0.015527950310559006
0 0.3775716014521985 0.5828627893845285 0.01936264622831787 0.012704686617730096
0 0.40096813231141587 0.58399209486166 0.02016942315449778 0.012140033879164314
0 0.4213392496974587 0.5846979107848673 0.011698265429608713 0.012987012987012988
0 0.4419120613150464 0.5794748729531338 0.026220250100847116 0.01948051948051948
0 0.4868898749495764 0.5828627893845285 0.022589753933037516 0.012704686617730096
0 0.5078660750302542 0.5827216261998871 0.01855586930213796 0.012987012987012988
0 0.5231948366276724 0.5793337097684924 0.01290843081887858 0.019762845849802372
0 0.5572811617587737 0.5780632411067194 0.0052440500201694235 0.021739130434782608
0 0.5707946752722872 0.58399209486166 0.021782977006857603 0.012140033879164314
0 0.6036708350141186 0.5797571993224168 0.043162565550625254 0.01948051948051948
0 0.663574021782977 0.5798983625070582 0.02743041549011698 0.020327498588368152
0 0.6966518757563533 0.5804630152456239 0.035498184751916094 0.020327498588368152
0 0.7123840258168617 0.5693111236589498 0.003227107704719645 0.005364201016374929
0 0.7277127874142799 0.5834274421230943 0.014521984671238403 0.01101072840203275
0 0.7444534086325131 0.5777809147374364 0.011698265429608713 0.0189158667419537
0 0.7678499394917305 0.5828627893845285 0.02702702702702703 0.011575381140598532
0 0.7920532472771279 0.585544889892716 0.01573215006050827 0.012422360248447204
0 0.8168616377571601 0.5846979107848673 0.01371520774505849 0.010163749294184076
0 0.8321903993545785 0.5889328063241107 0.0016135538523598225 0.00282326369282891
0 0.14501815248083905 0.6271880293619424 0.02702702702702703 0.022868435911914172
0 0.16982654296087132 0.6332580463015246 0.017749092375958047 0.014116318464144552
0 0.1962484872932634 0.6311405985319029 0.02702702702702703 0.016092603049124788
0 0.2505042355788624 0.6277526821005082 0.004033884630899556 0.021174477696216828
0 0.2668414683340056 0.6331168831168831 0.019766034691407825 0.014398644833427442
0 0.2918515530455829 0.633681535855449 0.021379588543767647 0.013269339356295878
0 0.32210568777732956 0.6281761716544325 0.025413473174667203 0.02258610954263128
0 0.36930213795885436 0.6329757199322417 0.021379588543767647 0.012422360248447204
0 0.390480032271077 0.6284584980237155 0.015328761597418314 0.020892151326933936
0 0.43041549011698266 0.6288819875776398 0.017749092375958047 0.01948051948051948
0 0.463695038321904 0.6307171089779785 0.03751512706736587 0.021456804065499716
0 0.5278338039532069 0.6324110671936759 0.024606696248487294 0.014680971202710334
0 0.5532472771278741 0.6253529079616036 0.013311819281968536 0.019198193111236588
0 0.5832997176280759 0.6300112930547713 0.03791851553045583 0.023997741389045736
0 0.6196046793061718 0.6325522303783173 0.011294876966518758 0.01383399209486166
0 0.6659943525615167 0.6325522303783173 0.017749092375958047 0.016092603049124788
0 0.68192819685357 0.635940146809712 0.006857603872529245 0.01101072840203275
0 0.6851553045582897 0.6300112930547713 0.0012101653892698668 0.0008469791078486731
0 0.6865671641791045 0.620694522868436 0.003227107704719645 0.0036702428006775835
0 0.7033077853973376 0.6309994353472614 0.0318676885841065 0.0220214568040655
0 0.7299314239612748 0.6346696781479391 0.019766034691407825 0.01355166572557877
0 0.7825736183945139 0.6324110671936759 0.03953206938281565 0.033314511575381144
0 0.8233158531665994 0.6345285149632975 0.01936264622831787 0.014398644833427442
0 0.8436869705526422 0.6291643139469226 0.006857603872529245 0.01948051948051948
0 0.8527632109721662 0.6317052512704686 0.008874546187979023 0.017786561264822136
0 0.1399757966922146 0.6781479390175043 0.021782977006857603 0.02258610954263128
0 0.16559096409842677 0.6809712027103332 0.024606696248487294 0.021456804065499716
0 0.18959257765227913 0.6847826086956522 0.02016942315449778 0.013269339356295878
0 0.21218233158531666 0.685347261434218 0.024203307785397338 0.011575381140598532
0 0.23699072206534894 0.6835121400338792 0.02218636546994756 0.012987012987012988
0 0.2987091569181121 0.685064935064935 0.02702702702702703 0.016657255787690572
0 0.3293666801129488 0.6839356295878035 0.022993142396127472 0.01383399209486166
0 0.3533682936668011 0.6849237718802936 0.003227107704719645 0.012422360248447204
0 0.35599031867688585 0.6648785996612083 0.0052440500201694235 0.00282326369282891
0 0.37918515530455826 0.6840767927724449 0.02016942315449778 0.01355166572557877
0 0.40641387656313027 0.6815358554488989 0.02218636546994756 0.01637492941840768
