0 0.15409439290036306 0.22190852625635235 0.04356595401371521 0.023150762281197064
0 0.13614360629286001 0.21668548842461885 0.0028237192416296895 0.001411631846414455
0 0.13876563130294473 0.21753246753246752 0.0016135538523598225 0.0008469791078486731
0 0.19160951996772893 0.2261434217955957 0.02581686163775716 0.012987012987012988
0 0.22065348931020573 0.22755505364201017 0.026623638563937072 0.010728402032749858
0 0.2117789431222267 0.22134387351778656 0.0016135538523598225 0.001129305477131564
0 0.25211778943122226 0.22289666854884246 0.028237192416296894 0.023433088650479956
0 0.2809600645421541 0.22727272727272727 0.025413473174667203 0.01355166572557877
0 0.3489310205728116 0.22261434217955958 0.04517950786607503 0.023433088650479956
0 0.39975796692214605 0.2251552795031056 0.04679306171843485 0.014398644833427442
0 0.4834610730133118 0.23277809147374365 0.06413876563130294 0.03020892151326934
0 0.5129084308188786 0.2140033879164314 0.0060508269463493344 0.009599096555618294
0 0.5354981847519161 0.22402597402597402 0.02702702702702703 0.020609824957651044
0 0.5742234772085518 0.2289666854884246 0.002016942315449778 0.007905138339920948
0 0.5780556676079064 0.21527385657820441 0.005647438483259379 0.008752117447769622
0 0.5943929003630496 0.22939017504234896 0.021379588543767647 0.00818746470920384
0 0.6345300524405002 0.22995482778091475 0.029850746268656716 0.012704686617730096
0 0.6827349737797499 0.22557876905702992 0.026220250100847116 0.033314511575381144
0 0.7004840661557079 0.22939017504234896 0.003630496167809601 0.008752117447769622
0 0.7043162565550625 0.21725014116318464 0.0024203307785397336 0.005928853754940711
0 0.7160145219846712 0.2285431959345003 0.011294876966518758 0.011575381140598532
0 0.746268656716418 0.22571993224167136 0.042759177087535294 0.017786561264822136
0 0.1482452601855587 0.2751270468661773 0.0012101653892698668 0.010446075663466968
0 0.15147236789027835 0.25903444381705254 0.003630496167809601 0.002540937323546019
0 0.16377571601452198 0.2756916996047431 0.015328761597418314 0.009881422924901186
0 0.1871722468737394 0.27399774138904576 0.01855586930213796 0.013269339356295878
0 0.20471964501815249 0.26990400903444384 0.014118596208148447 0.020892151326933936
0 0.23759580475998388 0.27117447769621683 0.03953206938281565 0.021739130434782608
0 0.2983057684550222 0.27752682100508186 0.07946752722872126 0.015245623941276116
0 0.34066155707946755 0.2737154150197628 0.018152480839048003 0.020045172219085264
0 0.38422751109318276 0.28091473743647655 0.024606696248487294 0.01129305477131564
0 0.40681726502622023 0.2779503105590062 0.02702702702702703 0.03698475437605872
0 0.41488503428801937 0.2745623941276115 0.0012101653892698668 0.0008469791078486731
0 0.46752722872125857 0.27837380011293056 0.02581686163775716 0.011857707509881422
0 0.48668818071803144 0.27117447769621683 0.0060508269463493344 0.020045172219085264
0 0.5096813231141589 0.277244494635799 0.033481242436466316 0.01355166572557877
0 0.5403388463089955 0.27936194240542067 0.02379991932230738 0.011575381140598532
0 0.5790641387656313 0.2787972896668549 0.04477611940298507 0.020609824957651044
0 0.6474384832593788 0.2751270468661773 0.029043969342476807 0.021174477696216828
0 0.662767244856797 0.2855731225296443 0.004033884630899556 0.004799548277809147
0 0.6895925776522791 0.27964426877470355 0.021379588543767647 0.017221908526256352
0 0.7144009681323115 0.28091473743647655 0.02501008471157725 0.018068887634105024
0 0.7418313836224284 0.279785431959345 0.020976200080677694 0.015245623941276116
0 0.7573618394513917 0.28825522303783174 0.0060508269463493344 0.007905138339920948
0 0.7956837434449375 0.2787972896668549 0.04800322710770472 0.016092603049124788
0 0.8360225897539331 0.27851496329757197 0.02702702702702703 0.015527950310559006
0 0.8390480032271077 0.28274985883681536 0.0016135538523598225 0.0008469791078486731
0 0.14885034288019364 0.32580463015245625 0.003227107704719645 0.01129305477131564
0 0.14965711980637353 0.3098531902879729 0.003227107704719645 0.004799548277809147
0 0.1617587736990722 0.32622811970638055 0.016942315449778138 0.00818746470920384
0 0.23073820088745461 0.32523997741389044 0.048406615570794675 0.01637492941840768
0 0.2670431625655506 0.33130999435347264 0.016135538523598225 0.025691699604743084
0 0.2898346107301331 0.3256634669678148 0.020572811617587738 0.012140033879164314
0 0.31423961274707546 0.3277809147374365 0.016135538523598225 0.011857707509881422
0 0.33319887051230335 0.3269339356295878 0.020976200080677694 0.011857707509881422
0 0.354780153287616 0.32580463015245625 0.014925373134328358 0.010728402032749858
0 0.4037918515530456 0.32284020327498586 0.015328761597418314 0.025691699604743084
0 0.4267849939491731 0.3300395256916996 0.024203307785397338 0.01129305477131564
0 0.47862041145623235 0.3231225296442688 0.019766034691407825 0.020609824957651044
0 0.509076240419524 0.3246753246753247 0.03307785397337636 0.0220214568040655
0 0.5738200887454619 0.32481648785996614 0.043969342476805166 0.0251270468661773
0 0.6028640580879386 0.33145115753811405 0.01734570391286809 0.010163749294184076
0 0.6282775312626059 0.3286278938452851 0.027833803953206938 0.019762845849802372
0 0.6438079870915692 0.31747600225861095 0.004840661557079467 0.001976284584980237
0 0.6617587736990722 0.3403444381705251 0.03670835014118596 0.03020892151326934
0 0.6934247680516338 0.32523997741389044 0.02016942315449778 0.019762845849802372
0 0.7238805970149254 0.3272162619988707 0.02944735780556676 0.023715415019762844
0 0.7258975393303752 0.31521739130434784 0.004437273093989512 0.001411631846414455
0 0.7853973376361436 0.33639186900056467 0.03872529245663574 0.023433088650479956
0 0.8313836224283986 0.3362507058159232 0.05808793868495361 0.0220214568040655
0 0.8654699475594998 0.32622811970638055 0.00927793465106898 0.020045172219085264
0 0.8763614360629286 0.3339920948616601 0.0028237192416296895 0.002258610954263128
0 0.15308592174263816 0.37351778656126483 0.033481242436466316 0.024280067758328628
0 0.18192819685356998 0.3728119706380576 0.01855586930213796 0.023433088650479956
0 0.2063331988705123 0.37732919254658387 0.018959257765227916 0.01383399209486166
0 0.22589753933037515 0.37874082439299833 0.02016942315449778 0.010446075663466968
0 0.24203307785397338 0.37450592885375494 0.01371520774505849 0.021739130434782608
0 0.28963291649858813 0.37775268210050816 0.026623638563937072 0.015810276679841896
0 0.31484469544171034 0.378317334839074 0.01734570391286809 0.01129305477131564
0 0.34187172246873737 0.37789384528514963 0.020572811617587738 0.012140033879164314
0 0.36506655909640984 0.3739412761151892 0.017749092375958047 0.020609824957651044
0 0.40096813231141587 0.3739412761151892 0.048406615570794675 0.022868435911914172
0 0.46551028640580877 0.37238848108413325 0.02581686163775716 0.024844720496894408
0 0.4937474788221057 0.3749294184076793 0.022589753933037516 0.01637492941840768
0 0.5155304558289633 0.38735177865612647 0.004033884630899556 0.009034443817052512
0 0.5383219039935457 0.37874082439299833 0.02702702702702703 0.015527950310559006
0 0.5665590964098427 0.3781761716544325 0.024606696248487294 0.014398644833427442
0 0.5960064542154094 0.37987012987012986 0.025413473174667203 0.016092603049124788
0 0.6153691004437273 0.3880575945793337 0.007664380798709157 0.00818746470920384
0 0.6456232351754739 0.3794466403162055 0.026220250100847116 0.01637492941840768
0 0.6746672045179508 0.3794466403162055 0.026220250100847116 0.01693958215697346
0 0.7008874546187979 0.38099943534726144 0.02379991932230738 0.014963297571993224
0 0.7507059298104074 0.38311688311688313 0.008874546187979023 0.014116318464144552
0 0.7680516337232756 0.38015245623941274 0.022589753933037516 0.012140033879164314
0 0.7595804759983864 0.37012987012987014 0.003227107704719645 0.006211180124223602
0 0.8156514723678903 0.37676453980801805 0.03711173860427592 0.020609824957651044
0 0.8448971359419121 0.38114059853190285 0.03993545784590561 0.012987012987012988
0 0.14965711980637353 0.4209486166007905 0.017749092375958047 0.023715415019762844
0 0.1680112948769665 0.43478260869565216 0.0326744655102864 0.02710333145115754
0 0.22730939895118998 0.4227837380011293 0.038321903993545785 0.02456239412761152
0 0.26845502218636547 0.43266516092603047 0.045582896329164985 0.023433088650479956
0 0.32432432432432434 0.4230660643704122 0.055667607906413875 0.0251270468661773
0 0.39007664380798707 0.42292490118577075 0.055667607906413875 0.023715415019762844
0 0.4396934247680516 0.4254658385093168 0.021782977006857603 0.023715415019762844
0 0.4645018152480839 0.42843026538678713 0.02702702702702703 0.017221908526256352
0 0.4872932634126664 0.43562958780350086 0.003227107704719645 0.00282326369282891
0 0.5405405405405406 0.4150197628458498 0.04759983864461476 0.003952569169960474
0 0.5310609116579266 0.42391304347826086 0.01734570391286809 0.017221908526256352
0 0.5510286405808794 0.4288537549407115 0.021782977006857603 0.01355166572557877
0 0.5764421137555465 0.4295595708639187 0.01371520774505849 0.012140033879164314
0 0.6397741024606697 0.4278656126482213 0.04437273093989512 0.016092603049124788
0 0.6734570391286809 0.429983060417843 0.027833803953206938 0.01355166572557877
0 0.7047196450181524 0.42913608130999437 0.020976200080677694 0.011857707509881422
0 0.7218636546994756 0.42207792207792205 0.018152480839048003 0.020327498588368152
0 0.7339653085921742 0.4330886504799548 0.02944735780556676 0.020327498588368152
0 0.7833803953206938 0.4311123658949746 0.020976200080677694 0.014116318464144552
0 0.817466720451795 0.43464144551101075 0.0318676885841065 0.0251270468661773
0 0.837232755143203 0.4309712027103331 0.01734570391286809 0.011575381140598532
0 0.8678902783380396 0.4298418972332016 0.04477611940298507 0.015527950310559006
0 0.145623235175474 0.47811970638057594 0.022589753933037516 0.01383399209486166
0 0.1708350141185962 0.472755505364201 0.02218636546994756 0.021174477696216828
0 0.19584509883017345 0.4771315640880858 0.022993142396127472 0.01355166572557877
0 0.22831787010891488 0.4710615471485037 0.04033884630899556 0.0251270468661773
0 0.2855990318676886 0.47219085262563526 0.02581686163775716 0.0189158667419537
0 0.30899556272690604 0.47473178994918125 0.020976200080677694 0.017221908526256352
0 0.32029043969342474 0.466403162055336 0.015328761597418314 0.0033879164313946925
0 0.3408632513110125 0.47459062676453984 0.020976200080677694 0.014680971202710334
0 0.3555869302137959 0.4837662337662338 0.004437273093989512 0.007622811970638058
0 0.38664784187172246 0.4754376058723885 0.04800322710770472 0.018068887634105024
0 0.4267849939491731 0.4774138904573687 0.02581686163775716 0.015810276679841896
0 0.44392900363049614 0.48687182382834554 0.0060508269463493344 0.009316770186335404
0 0.4505849132714804 0.4867306606437041 0.003227107704719645 0.00282326369282891
0 0.47519160951996775 0.4767080745341615 0.04759983864461476 0.017221908526256352
0 0.4550221863654699 0.48856578204404294 0.004840661557079467 0.0008469791078486731
0 0.4592577652279145 0.4880011293054771 0.0012101653892698668 0.0008469791078486731
0 0.4681323114158935 0.48348390739695085 0.0012101653892698668 0.0008469791078486731
0 0.5167406212182332 0.47684923771880294 0.02501008471157725 0.014116318464144552
0 0.5197660346914078 0.4808018068887634 0.0028237192416296895 0.0016939582156973462
0 0.5760387252924566 0.47444946357989837 0.04759983864461476 0.02456239412761152
0 0.6085114965711981 0.47967250141163187 0.022993142396127472 0.010728402032749858
0 0.6833400564743848 0.4764257481648786 0.09681323114158935 0.022868435911914172
0 0.7692617991125453 0.4764257481648786 0.02743041549011698 0.03585544889892716
0 0.7829770068576039 0.47896668548842464 0.016135538523598225 0.014963297571993224
0 0.7767244856797095 0.4686617730095991 0.002016942315449778 0.002258610954263128
0 0.8019362646228317 0.48207227555053644 0.017749092375958047 0.01101072840203275
0 0.844695441710367 0.48334274421230944 0.05970149253731343 0.01693958215697346
0 0.8856393707139976 0.4913890457368718 0.0028237192416296895 0.001976284584980237
0 0.14864864864864866 0.5210333145115754 0.02864058087938685 0.022868435911914172
0 0.17043162565550626 0.5245623941276115 0.00927793465106898 0.010728402032749858
0 0.18676885841064947 0.5302089215132694 0.004033884630899556 0.0016939582156973462
0 0.23517547398144414 0.5200451722190853 0.022589753933037516 0.020892151326933936
0 0.27067365873336025 0.5211744776962168 0.029043969342476807 0.014116318464144552
0 0.2918515530455829 0.5200451722190853 0.022993142396127472 0.010728402032749858
0 0.3392496974586527 0.5220214568040655 0.06292860024203308 0.023150762281197064
0 0.38422751109318276 0.5273856578204404 0.018959257765227916 0.011857707509881422
0 0.4332392093586123 0.5289384528514963 0.012101653892698669 0.014963297571993224
0 0.45219846712384026 0.5311970638057595 0.023396530859217425 0.01383399209486166
0 0.47539330375151273 0.5338791643139469 0.0060508269463493344 0.01129305477131564
0 0.4770068576038725 0.5213156408808582 0.0052440500201694235 0.006493506493506494
0 0.49515933844292054 0.5333145115753811 0.019766034691407825 0.01355166572557877
0 0.5163372327551432 0.5340203274985884 0.01855586930213796 0.01383399209486166
0 0.54497781363453 0.5313382269904009 0.03469140782573618 0.021456804065499716
0 0.5603065752319484 0.5203274985883681 0.005647438483259379 0.003952569169960474
0 0.5954013715207745 0.5244212309429701 0.01936264622831787 0.020609824957651044
0 0.6232351754739814 0.527244494635799 0.03307785397337636 0.017786561264822136
0 0.700282371924163 0.5283738001129306 0.04517950786607503 0.01948051948051948
0 0.7323517547398144 0.5396668548842461 0.018959257765227916 0.03020892151326934
0 0.7575635336829367 0.5398080180688877 0.03146430012101654 0.0220214568040655
0 0.8194836627672448 0.5299265951439864 0.04961678096006454 0.03162055335968379
0 0.1811214199273901 0.5729813664596274 0.10246066962484873 0.026821005081874648
0 0.2444534086325131 0.5753811405985318 0.021782977006857603 0.012422360248447204
0 0.2702702702702703 0.5777809147374364 0.016942315449778138 0.010446075663466968
0 0.3307785397337636 0.5794748729531338 0.035498184751916094 0.012704686617730096
0 0.35316659943525613 0.5820158102766798 0.0052440500201694235 0.010446075663466968
0 0.3602258975393304 0.5677583286278939 0.004033884630899556 0.006775832862789385
0 0.37252924566357404 0.5749576510446076 0.011698265429608713 0.022868435911914172
0 0.38422751109318276 0.580180688876341 0.0060508269463493344 0.009034443817052512
0 0.39431222267043164 0.5667701863354038 0.004437273093989512 0.007622811970638058
0 0.40883420734167003 0.5748164878599661 0.01573215006050827 0.023715415019762844
0 0.4279951593384429 0.5800395256916996 0.01855586930213796 0.01383399209486166
0 0.4574425171440097 0.5793337097684924 0.02743041549011698 0.01355166572557877
0 0.47196450181524807 0.5680406549971767 0.0024203307785397336 0.006211180124223602
0 0.4870915691811214 0.5807453416149069 0.021379588543767647 0.01355166572557877
0 0.517345703912868 0.5835686053077357 0.0318676885841065 0.010163749294184076
0 0.5800726099233562 0.5831451157538114 0.007260992335619202 0.009881422924901186
0 0.5960064542154094 0.5844155844155844 0.019766034691407825 0.010163749294184076
0 0.5887454618797903 0.5711462450592886 0.0028237192416296895 0.006775832862789385
0 0.6448164582492941 0.5784867306606437 0.03670835014118596 0.021456804065499716
0 0.6793061718434853 0.581451157538114 0.028237192416296894 0.011575381140598532
0 0.6696248487293264 0.5711462450592886 0.007260992335619202 0.006775832862789385
0 0.7297297297297297 0.5838509316770186 0.03227107704719645 0.014680971202710334
0 0.7549415086728519 0.5885093167701864 0.033481242436466316 0.021739130434782608
0 0.7841871722468737 0.5783455674760023 0.016135538523598225 0.016092603049124788
0 0.790641387656313 0.584274421230943 0.008874546187979023 0.00818746470920384
0 0.8055667607906414 0.5735460191981931 0.004840661557079467 0.004799548277809147
0 0.8140379185155304 0.5846979107848673 0.021782977006857603 0.014116318464144552
0 0.8331988705123033 0.5838509316770186 0.022993142396127472 0.01129305477131564
0 0.8682936668011295 0.5786278938452851 0.01653892698668818 0.01948051948051948
0 0.8820088745461879 0.585544889892716 0.019766034691407825 0.011857707509881422
0 0.16317063331988704 0.6242236024844721 0.06252521177894312 0.024280067758328628
0 0.236385639370714 0.6261998870694523 0.03469140782573618 0.0220214568040655
0 0.2876159741831384 0.6260587238848109 0.060508269463493344 0.022303783173348392
0 0.3563937071399758 0.6298701298701299 0.02218636546994756 0.012422360248447204
0 0.37797498991528844 0.6326933935629587 0.016942315449778138 0.007340485601355167
0 0.436264622831787 0.6256352343308865 0.0899556272690601 0.024280067758328628
0 0.48507462686567165 0.6273291925465838 0.01008471157724889 0.019198193111236588
0 0.48971359419120614 0.6167419536984754 0.0016135538523598225 0.001411631846414455
0 0.4935457845905607 0.6328345567476003 0.0028237192416296895 0.00818746470920384
0 0.4989915288422751 0.620412196499153 0.0024203307785397336 0.004234895539243365
0 0.5110931827349737 0.6324110671936759 0.016942315449778138 0.007340485601355167
0 0.5314643001210165 0.637210615471485 0.0028237192416296895 0.0016939582156973462
0 0.563735377168213 0.6242236024844721 0.04477611940298507 0.024844720496894408
0 0.6135538523598225 0.6281761716544325 0.05486083098023396 0.020892151326933936
0 0.6684146833400565 0.6271880293619424 0.03872529245663574 0.022303783173348392
0 0.7299314239612748 0.6326933935629587 0.03428801936264623 0.015810276679841896
0 0.7605889471561114 0.6393280632411067 0.02944735780556676 0.022868435911914172
0 0.7868091972569584 0.6335403726708074 0.021379588543767647 0.01355166572557877
0 0.8291649858814037 0.6318464144551101 0.06494554255748286 0.0220214568040655
0 0.14945542557482855 0.6741953698475438 0.03751512706736587 0.02258610954263128
0 0.18152480839048002 0.6826651609260305 0.023396530859217425 0.012987012987012988
0 0.19987898346107302 0.6763128176171654 0.014118596208148447 0.020609824957651044
0 0.2680516337232755 0.6741953698475438 0.0609116579265833 0.02766798418972332
0 0.33501411859620817 0.6859119141727837 0.019766034691407825 0.02456239412761152
0 0.3578055667607906 0.6823828345567476 0.01290843081887858 0.01637492941840768
0 0.3743444937474788 0.682806324110672 0.01936264622831787 0.012140033879164314
0 0.3981444130697862 0.6760304912478825 0.01855586930213796 0.022868435911914172
0 0.41508672851956435 0.676171654432524 0.004840661557079467 0.02258610954263128
0 0.43263412666397744 0.6813946922642575 0.021379588543767647 0.014398644833427442
0 0.4598628479225494 0.6847826086956522 0.03065752319483663 0.008752117447769622
0 0.44796288826139574 0.6795595708639187 0.0012101653892698668 0.001129305477131564
0 0.49838644614764016 0.6692546583850931 0.008471157724889069 0.005928853754940711
0 0.5405405405405406 0.6819593450028233 0.029043969342476807 0.01383399209486166
0 0.5697862041145624 0.6823828345567476 0.020572811617587738 0.011857707509881422
0 0.6079064138765631 0.67871259175607 0.042759177087535294 0.019198193111236588
0 0.6661960467930618 0.6785714285714286 0.018959257765227916 0.020045172219085264
0 0.6895925776522791 0.6819593450028233 0.021379588543767647 0.012140033879164314
0 0.7398144413069786 0.6823828345567476 0.022589753933037516 0.015245623941276116
0 0.7670431625655506 0.6846414455110107 0.025413473174667203 0.012987012987012988
0 0.7914481645824929 0.6806888763410502 0.01371520774505849 0.018068887634105024
0 0.8110125050423558 0.6833709768492378 0.02864058087938685 0.014398644833427442
0 0.8313836224283986 0.6845002823263693 0.01936264622831787 0.013269339356295878
0 0.8650665590964098 0.6815358554488989 0.0391286809197257 0.021456804065499716
0 0.1672045179507866 0.7238848108413326 0.058491327148043566 0.025409373235460192
0 0.14259782170229932 0.7192264257481649 0.0012101653892698668 0.001411631846414455
0 0.19503832190399353 0.7165443252399775 0.0052440500201694235 0.006775832862789385
0 0.21682129891085114 0.7300959909655562 0.02218636546994756 0.01637492941840768
0 0.28963291649858813 0.7350367024280068 0.033884630899556276 0.028514963297571992
0 0.3204921339249697 0.7261434217955957 0.031060911657926585 0.01637492941840768
0 0.36264622831787013 0.7284020327498588 0.05163372327551432 0.017504234895539244
0 0.3979427188382412 0.7358836815358555 0.003630496167809601 0.001976284584980237
0 0.42718838241226303 0.715132693393563 0.011294876966518758 0.007905138339920948
