0 0.1565147236789028 0.22571993224167136 0.03227107704719645 0.02456239412761152
0 0.16780960064542155 0.23475437605872387 0.004033884630899556 0.003105590062111801
0 0.19987898346107302 0.22840203274985885 0.033481242436466316 0.024280067758328628
0 0.2265026220250101 0.22713156408808582 0.02379991932230738 0.023997741389045736
0 0.23517547398144414 0.2251552795031056 0.022589753933037516 0.021739130434782608
0 0.24747882210568778 0.22995482778091475 0.010891488503428802 0.00818746470920384
0 0.263816054860831 0.23503670242800678 0.029850746268656716 0.021739130434782608
0 0.31464300121016536 0.22699040090344438 0.042759177087535294 0.020327498588368152
0 0.3085921742638161 0.22092038396386224 0.02016942315449778 0.004799548277809147
0 0.3535699878983461 0.22529644268774704 0.024606696248487294 0.025409373235460192
0 0.37676482452601856 0.2245906267645398 0.029043969342476807 0.023997741389045736
0 0.3874546187979024 0.2295313382269904 0.027833803953206938 0.01355166572557877
0 0.4102460669624849 0.22924901185770752 0.028237192416296894 0.014680971202710334
0 0.43384429205324726 0.22924901185770752 0.027833803953206938 0.011857707509881422
0 0.45966115369100446 0.22332015810276679 0.0318676885841065 0.0220214568040655
0 0.47862041145623235 0.22275550536420102 0.02379991932230738 0.025974025974025976
0 0.5066559096409843 0.22840203274985885 0.02016942315449778 0.011857707509881422
0 0.5191609519967729 0.22783738001129306 0.02016942315449778 0.012987012987012988
0 0.5334812424364663 0.22430830039525693 0.02218636546994756 0.018351214003387916
0 0.5379185155304558 0.2248729531338227 0.020572811617587738 0.017786561264822136
0 0.5427591770875353 0.22769621682665162 0.01653892698668818 0.010446075663466968
0 0.5582896329164986 0.22571993224167136 0.028237192416296894 0.017221908526256352
0 0.5895522388059702 0.22543760587238848 0.019766034691407825 0.018351214003387916
0 0.6020572811617588 0.2264257481648786 0.02944735780556676 0.018633540372670808
0 0.6504638967325534 0.2279785431959345 0.031060911657926585 0.018351214003387916
0 0.6607503025413474 0.2305194805194805 0.020976200080677694 0.013269339356295878
0 0.6734570391286809 0.2305194805194805 0.018152480839048003 0.01101072840203275
0 0.6803146430012101 0.23122529644268774 0.010891488503428802 0.010163749294184076
0 0.6924162968939088 0.23023715415019763 0.014925373134328358 0.011575381140598532
0 0.6893908834207342 0.22190852625635235 0.003227107704719645 0.002258610954263128
0 0.7022993142396128 0.22981366459627328 0.011294876966518758 0.009599096555618294
0 0.7208551835417507 0.22924901185770752 0.03307785397337636 0.011857707509881422
0 0.7105687777329568 0.22106154714850368 0.003630496167809601 0.00282326369282891
0 0.745260185558693 0.23771880293619424 0.008471157724889069 0.007340485601355167
0 0.7503025413473174 0.23743647656691136 0.008874546187979023 0.007340485601355167
0 0.7753126260588947 0.2295313382269904 0.01855586930213796 0.014116318464144552
0 0.7890278338039532 0.22501411631846416 0.021782977006857603 0.020327498588368152
0 0.8087938684953611 0.22882552230378317 0.03065752319483663 0.01101072840203275
0 0.8317870108914885 0.22501411631846416 0.023396530859217425 0.019198193111236588
0 0.8426784993949173 0.2289666854884246 0.010488100040338847 0.00846979107848673
0 0.8598225090762405 0.23531902879728966 0.02944735780556676 0.023433088650479956
0 0.8543767648245261 0.220214568040655 0.004033884630899556 0.00282326369282891
0 0.890681726502622 0.21781479390175043 0.01290843081887858 0.00818746470920384
0 0.1591367486889875 0.2782326369282891 0.04961678096006454 0.020045172219085264
0 0.19947559499798306 0.27964426877470355 0.021379588543767647 0.01383399209486166
0 0.2156111335215813 0.27710333145115756 0.02864058087938685 0.017786561264822136
0 0.23154497781363453 0.27653867871259175 0.026623638563937072 0.017221908526256352
0 0.2418313836224284 0.2789384528514963 0.018959257765227916 0.011857707509881422
0 0.2581686163775716 0.27625635234330886 0.03065752319483663 0.020045172219085264
0 0.2680516337232755 0.28585544889892717 0.003630496167809601 0.002540937323546019
0 0.27188382412263007 0.28049124788255225 0.004033884630899556 0.003105590062111801
0 0.2964905203711174 0.2865612648221344 0.010488100040338847 0.009599096555618294
0 0.3017345703912868 0.28585544889892717 0.009681323114158934 0.009316770186335404
0 0.3400564743848326 0.2787972896668549 0.020976200080677694 0.017786561264822136
0 0.34933440903590157 0.27837380011293056 0.02016942315449778 0.017504234895539244
0 0.372730939895119 0.279785431959345 0.01290843081887858 0.010163749294184076
0 0.3830173457039129 0.279785431959345 0.01653892698668818 0.012422360248447204
0 0.3828156514723679 0.27004517221908525 0.0024203307785397336 0.003105590062111801
0 0.4211375554659137 0.27851496329757197 0.023396530859217425 0.0189158667419537
0 0.43061718434852764 0.27851496329757197 0.020572811617587738 0.017786561264822136
0 0.4463493344090359 0.279785431959345 0.01734570391286809 0.011857707509881422
0 0.5024203307785398 0.279785431959345 0.04961678096006454 0.014116318464144552
0 0.536304961678096 0.2732919254658385 0.019766034691407825 0.020327498588368152
0 0.5697862041145624 0.2766798418972332 0.030254134731746672 0.018633540372670808
0 0.581484469544171 0.2795031055900621 0.024606696248487294 0.011857707509881422
0 0.5891488503428802 0.2701863354037267 0.003630496167809601 0.00282326369282891
0 0.6123436869705526 0.2751270468661773 0.04759983864461476 0.021739130434782608
0 0.6319080274304155 0.27992659514398643 0.018959257765227916 0.012140033879164314
0 0.6423961274707544 0.281055900621118 0.01653892698668818 0.01101072840203275
0 0.6603469140782574 0.279785431959345 0.022589753933037516 0.01129305477131564
0 0.673053650665591 0.2795031055900621 0.01734570391286809 0.012422360248447204
0 0.7115772488906817 0.27752682100508186 0.029043969342476807 0.018633540372670808
0 0.7258975393303752 0.28077357425183513 0.011698265429608713 0.008752117447769622
0 0.7420330778539733 0.2865612648221344 0.0326744655102864 0.024280067758328628
0 0.7365873336022589 0.2725861095426313 0.003227107704719645 0.002540937323546019
0 0.7787414279951593 0.27851496329757197 0.018959257765227916 0.013269339356295878
0 0.7918515530455829 0.2787972896668549 0.01855586930213796 0.011575381140598532
0 0.8013311819281969 0.2867024280067758 0.027833803953206938 0.023997741389045736
0 0.8459056070996369 0.2745623941276115 0.029043969342476807 0.022868435911914172
0 0.854578459056071 0.2792207792207792 0.020572811617587738 0.012422360248447204
0 0.8747478822105688 0.27936194240542067 0.025413473174667203 0.011575381140598532
0 0.8678902783380396 0.26990400903444384 0.003630496167809601 0.00282326369282891
0 0.8955223880597015 0.2782326369282891 0.01855586930213796 0.012140033879164314
0 0.16438079870915692 0.3274985883681536 0.02944735780556676 0.019198193111236588
0 0.19140782573618395 0.3306041784302654 0.026220250100847116 0.011857707509881422
0 0.18576038725292457 0.320016939582157 0.004437273093989512 0.003105590062111801
0 0.20774505849132716 0.33046301524562394 0.01371520774505849 0.01101072840203275
0 0.20835014118596207 0.322557876905703 0.003630496167809601 0.003105590062111801
0 0.22932634126663978 0.3241106719367589 0.03509479628882614 0.0220214568040655
0 0.2769261799112545 0.3286278938452851 0.02218636546994756 0.019762845849802372
0 0.291044776119403 0.3310276679841897 0.020572811617587738 0.01383399209486166
0 0.30395320693828154 0.3318746470920384 0.01653892698668818 0.012704686617730096
0 0.3509479628882614 0.32834556747600224 0.04356595401371521 0.018068887634105024
0 0.3745461879790238 0.3307453416149068 0.01573215006050827 0.011575381140598532
0 0.4100443727309399 0.33046301524562394 0.04235578862444534 0.027385657820440428
0 0.45865268253327957 0.3331451157538114 0.029043969342476807 0.012987012987012988
0 0.4770068576038725 0.3306041784302654 0.019766034691407825 0.01355166572557877
0 0.4919322307382009 0.3306041784302654 0.018959257765227916 0.01129305477131564
0 0.50040338846309 0.33794466403162055 0.02944735780556676 0.025409373235460192
0 0.5203711173860428 0.33667419536984755 0.012101653892698669 0.009881422924901186
0 0.545986284792255 0.3307453416149068 0.02944735780556676 0.013269339356295878
0 0.5713997579669221 0.32933370976849236 0.035901573215006054 0.01383399209486166
0 0.5889471561113352 0.33639186900056467 0.028237192416296894 0.023997741389045736
0 0.6183945139169019 0.33921513269339354 0.03469140782573618 0.03020892151326934
0 0.6575231948366277 0.3298983625070582 0.050826946349334406 0.014398644833427442
0 0.6887858007260992 0.3294748729531338 0.022993142396127472 0.014680971202710334
0 0.7049213392496975 0.32608695652173914 0.026220250100847116 0.018633540372670808
0 0.7220653489310206 0.33032185206098247 0.01855586930213796 0.01129305477131564
0 0.7206534893102057 0.3204404291360813 0.004437273093989512 0.00282326369282891
0 0.7402178297700686 0.32933370976849236 0.029850746268656716 0.01383399209486166
0 0.754739814441307 0.3362507058159232 0.004840661557079467 0.005081874647092038
0 0.7801532876159741 0.32368718238283456 0.011294876966518758 0.007058159232072276
0 0.8160548608309802 0.32523997741389044 0.02743041549011698 0.019762845849802372
0 0.8295683743444937 0.327639751552795 0.020572811617587738 0.012704686617730096
0 0.15954013715207746 0.38114059853190285 0.026220250100847116 0.014116318464144552
0 0.17668414683340056 0.38198757763975155 0.01855586930213796 0.01129305477131564
0 0.19947559499798306 0.3790231507622812 0.033481242436466316 0.020045172219085264
0 0.21258572004840662 0.38283455674760025 0.02016942315449778 0.011857707509881422
0 0.23235175473981445 0.3814229249011858 0.026623638563937072 0.015810276679841896
0 0.2444534086325131 0.3825522303783173 0.015328761597418314 0.010728402032749858
0 0.2644211375554659 0.37972896668548844 0.026220250100847116 0.01693958215697346
0 0.2736990722065349 0.385940146809712 0.004437273093989512 0.00282326369282891
0 0.27732956837434447 0.3824110671936759 0.003630496167809601 0.003105590062111801
0 0.30475998386446146 0.38692828910220217 0.014118596208148447 0.009316770186335404
0 0.3354175070592981 0.382128740824393 0.01653892698668818 0.013269339356295878
0 0.3424768051633723 0.3740824392998306 0.017749092375958047 0.00282326369282891
0 0.34610730133118195 0.3793054771315641 0.020976200080677694 0.018351214003387916
0 0.36345300524405 0.3814229249011858 0.016135538523598225 0.011857707509881422
0 0.4045986284792255 0.3771880293619424 0.03953206938281565 0.019198193111236588
0 0.43243243243243246 0.3747882552230378 0.020976200080677694 0.0189158667419537
0 0.46308995562726907 0.38099943534726144 0.020976200080677694 0.014398644833427442
0 0.4802339653085922 0.37987012987012986 0.025413473174667203 0.012140033879164314
0 0.4987898346107301 0.3794466403162055 0.022993142396127472 0.014116318464144552
0 0.5209762000806777 0.38071710897797856 0.030254134731746672 0.012704686617730096
0 0.5137152077450585 0.3715415019762846 0.003630496167809601 0.00282326369282891
0 0.564340459862848 0.37775268210050816 0.03065752319483663 0.019198193111236588
0 0.5832997176280759 0.3802936194240542 0.016135538523598225 0.012422360248447204
0 0.6224283985478015 0.37648221343873517 0.03227107704719645 0.01948051948051948
0 0.6393707139975797 0.37972896668548844 0.029043969342476807 0.01355166572557877
0 0.6599435256151674 0.38015245623941274 0.028237192416296894 0.012140033879164314
0 0.6559096409842678 0.370412196499153 0.003227107704719645 0.0033879164313946925
0 0.6789027833803953 0.3794466403162055 0.01855586930213796 0.012987012987012988
0 0.7206534893102057 0.37648221343873517 0.03428801936264623 0.018351214003387916
0 0.7263009277934651 0.38099943534726144 0.012505042355788625 0.009881422924901186
0 0.7446551028640581 0.3805759457933371 0.029850746268656716 0.012987012987012988
0 0.7394110528438886 0.371682665160926 0.004033884630899556 0.002540937323546019
0 0.7658329971762807 0.382128740824393 0.014925373134328358 0.011575381140598532
0 0.7628075837031061 0.3719649915302089 0.004033884630899556 0.002540937323546019
0 0.7896329164985881 0.37732919254658387 0.03670835014118596 0.020609824957651044
0 0.8404598628479225 0.37972896668548844 0.03509479628882614 0.01355166572557877
0 0.863654699475595 0.3794466403162055 0.02016942315449778 0.011857707509881422
0 0.8914885034288019 0.37549407114624506 0.02743041549011698 0.01693958215697346
0 0.9015732150060508 0.3781761716544325 0.016942315449778138 0.011575381140598532
0 0.15026220250100847 0.4313946922642575 0.020572811617587738 0.01355166572557877
0 0.172851956434046 0.4323828345567476 0.02864058087938685 0.012140033879164314
0 0.19302137958854376 0.42857142857142855 0.019766034691407825 0.018633540372670808
0 0.20169423154497781 0.42913608130999437 0.026623638563937072 0.018068887634105024
0 0.24606696248487292 0.4301242236024845 0.03227107704719645 0.020045172219085264
0 0.29225494150867287 0.4301242236024845 0.026220250100847116 0.017786561264822136
0 0.3426784993949173 0.43125352907961606 0.020572811617587738 0.013269339356295878
0 0.36163775716014523 0.4302653867871259 0.02864058087938685 0.014680971202710334
0 0.381807180314643 0.44000564652738566 0.03509479628882614 0.029079616036137776
0 0.3761597418313836 0.43040654997176736 0.01008471157724889 0.008752117447769622
0 0.3870512303348124 0.41854884246188595 0.003630496167809601 0.003105590062111801
0 0.40439693424768053 0.43153585544889894 0.02218636546994756 0.012704686617730096
0 0.4233561920129084 0.43605307735742516 0.004437273093989512 0.004234895539243365
0 0.44695441710367084 0.424901185770751 0.012101653892698669 0.006775832862789385
0 0.4878983461073013 0.4289949181253529 0.020572811617587738 0.014963297571993224
0 0.5016135538523598 0.4278656126482213 0.025413473174667203 0.01948051948051948
0 0.5159338442920532 0.4311123658949746 0.016135538523598225 0.01129305477131564
0 0.5617184348527632 0.43125352907961606 0.031060911657926585 0.013269339356295878
0 0.5857200484066156 0.4277244494635799 0.023396530859217425 0.01693958215697346
0 0.6038725292456636 0.42701863354037267 0.03711173860427592 0.0189158667419537
0 0.6284792254941509 0.4313946922642575 0.017749092375958047 0.010163749294184076
0 0.6389673255344898 0.43125352907961606 0.016942315449778138 0.01101072840203275
0 0.654901169826543 0.4257481648785997 0.024606696248487294 0.019762845849802372
0 0.6869705526421944 0.43167701863354035 0.01855586930213796 0.012987012987012988
0 0.700282371924163 0.42730095990965555 0.021782977006857603 0.0189158667419537
0 0.7146026623638564 0.43195934500282324 0.014925373134328358 0.009599096555618294
0 0.7325534489713594 0.4311123658949746 0.016942315449778138 0.01129305477131564
0 0.745260185558693 0.4278656126482213 0.02218636546994756 0.017221908526256352
0 0.7585720048406616 0.4313946922642575 0.018152480839048003 0.010163749294184076
0 0.7753126260588947 0.4288537549407115 0.02743041549011698 0.015810276679841896
0 0.8210972166196047 0.42814793901750425 0.033481242436466316 0.018351214003387916
0 0.8390480032271077 0.42871259175607 0.02743041549011698 0.016657255787690572
0 0.8503428801936265 0.4343591191417278 0.017749092375958047 0.009316770186335404
0 0.8983461073013311 0.43068887634105024 0.04033884630899556 0.029644268774703556
0 0.16135538523598225 0.47967250141163187 0.03227107704719645 0.019198193111236588
0 0.17265026220250101 0.47939017504234893 0.01936264622831787 0.01693958215697346
0 0.19382815651472368 0.48771880293619424 0.02944735780556676 0.023433088650479956
0 0.2144009681323114 0.4816487859966121 0.018152480839048003 0.012422360248447204
0 0.22408229124647036 0.48221343873517786 0.01573215006050827 0.01129305477131564
0 0.2418313836224284 0.4761434217955957 0.024606696248487294 0.0189158667419537
0 0.2658329971762808 0.4816487859966121 0.028237192416296894 0.014116318464144552
0 0.2573618394513917 0.4699322416713721 0.004033884630899556 0.003105590062111801
0 0.27833803953206937 0.48771880293619424 0.004033884630899556 0.003105590062111801
0 0.32432432432432434 0.47656691134952006 0.03065752319483663 0.02258610954263128
0 0.3434852763210972 0.4815076228119706 0.045582896329164985 0.014398644833427442
0 0.40681726502622023 0.481931112365895 0.02218636546994756 0.01355166572557877
0 0.41972569584509883 0.4784020327498588 0.02379991932230738 0.0189158667419537
0 0.4300121016538927 0.481931112365895 0.026623638563937072 0.011857707509881422
0 0.44695441710367084 0.4817899491812535 0.016135538523598225 0.011575381140598532
0 0.48204921339249696 0.4803783173348391 0.03469140782573618 0.026821005081874648
0 0.4923356192012908 0.48221343873517786 0.018152480839048003 0.012422360248447204
0 0.5032271077047197 0.4829192546583851 0.013311819281968536 0.010446075663466968
0 0.5155304558289633 0.48306041784302656 0.015328761597418314 0.011857707509881422
0 0.5135135135135135 0.47289666854884244 0.003227107704719645 0.00282326369282891
0 0.527632109721662 0.4827780914737436 0.022589753933037516 0.01129305477131564
0 0.5498184751916095 0.47939017504234893 0.03065752319483663 0.017504234895539244
0 0.5580879386849537 0.4826369282891022 0.020572811617587738 0.01383399209486166
0 0.6046793061718435 0.481931112365895 0.03469140782573618 0.015245623941276116
0 0.6238402581686163 0.48221343873517786 0.020572811617587738 0.012422360248447204
0 0.6343283582089553 0.48249576510446074 0.018152480839048003 0.011857707509881422
0 0.6758773699072207 0.4901185770750988 0.035901573215006054 0.02710333145115754
0 0.6702299314239613 0.47967250141163187 0.02218636546994756 0.015245623941276116
0 0.6780960064542154 0.48009599096555616 0.01371520774505849 0.01101072840203275
0 0.6887858007260992 0.46950875211744775 0.003630496167809601 0.00282326369282891
0 0.6986688180718031 0.48207227555053644 0.02016942315449778 0.011575381140598532
0 0.7148043565954014 0.4808018068887634 0.020976200080677694 0.01355166572557877
0 0.7269060104881 0.4784020327498588 0.024203307785397338 0.018351214003387916
0 0.7317466720451795 0.4792490118577075 0.021782977006857603 0.016657255787690572
0 0.7347720855183542 0.48221343873517786 0.012505042355788625 0.010163749294184076
0 0.7517144009681324 0.4925183512140034 0.03751512706736587 0.032467532467532464
0 0.745461879790238 0.4823546019198193 0.021782977006857603 0.011575381140598532
0 0.7446551028640581 0.4731789949181254 0.003227107704719645 0.0033879164313946925
0 0.8063735377168213 0.4775550536420102 0.035498184751916094 0.020045172219085264
0 0.8176684146833401 0.4798136645962733 0.02016942315449778 0.012704686617730096
0 0.8229124647035094 0.48334274421230944 0.004033884630899556 0.00282326369282891
0 0.8523598225090763 0.47882552230378317 0.02581686163775716 0.012987012987012988
0 0.8592174263816055 0.4696499153020892 0.021782977006857603 0.004234895539243365
0 0.872529245663574 0.4754376058723885 0.023396530859217425 0.017504234895539244
0 0.8795885437676483 0.47656691134952006 0.021379588543767647 0.017504234895539244
0 0.16922146026623638 0.5302089215132694 0.024606696248487294 0.018068887634105024
0 0.21500605082694635 0.5331733483907397 0.022589753933037516 0.014963297571993224
0 0.23618394513916902 0.5261151891586674 0.024606696248487294 0.020045172219085264
0 0.24868898749495763 0.5381140598531903 0.03670835014118596 0.024280067758328628
0 0.2408229124647035 0.5317617165443252 0.01371520774505849 0.01101072840203275
0 0.26663977410246065 0.5350084697910785 0.004840661557079467 0.00282326369282891
