0 0.16014521984671237 0.21597967250141162 0.03711173860427592 0.025409373235460192
0 0.14784187172246874 0.2183794466403162 0.0012101653892698668 0.0008469791078486731
0 0.1518757563533683 0.21329757199322416 0.0012101653892698668 0.0008469791078486731
0 0.18838241226300928 0.21668548842461885 0.029850746268656716 0.021174477696216828
0 0.2073416700282372 0.2236024844720497 0.014521984671238403 0.010163749294184076
0 0.23416700282371924 0.217673630717109 0.031060911657926585 0.020892151326933936
0 0.31242436466317064 0.21950875211744778 0.06736587333602259 0.023433088650479956
0 0.35296490520371115 0.22374364765669114 0.02016942315449778 0.011575381140598532
0 0.37131908027430416 0.22402597402597402 0.01573215006050827 0.012140033879164314
0 0.3664784187172247 0.21513269339356295 0.003630496167809601 0.00564652738565782
0 0.36789027833803956 0.2111801242236025 0.0024203307785397336 0.001129305477131564
0 0.45118999596611536 0.21908526256352343 0.0754336425978217 0.018068887634105024
0 0.4519967728922953 0.20835686053077357 0.004437273093989512 0.002258610954263128
0 0.49515933844292054 0.22868435911914173 0.0391286809197257 0.021456804065499716
0 0.5070592981040742 0.2171089779785432 0.005647438483259379 0.0016939582156973462
0 0.5225897539330375 0.22289666854884246 0.01653892698668818 0.008752117447769622
0 0.582089552238806 0.22473178994918125 0.04517950786607503 0.03387916431394692
0 0.6897942718838241 0.22557876905702992 0.1306978620411456 0.0378317334839074
0 0.8297700685760387 0.22571993224167136 0.08229124647035095 0.03303218520609825
0 0.8741427995159339 0.22571993224167136 0.012101653892698669 0.002540937323546019
0 0.172851956434046 0.26990400903444384 0.07462686567164178 0.0220214568040655
0 0.22831787010891488 0.27300959909655564 0.03953206938281565 0.009599096555618294
0 0.24667204517950786 0.2686335403726708 0.002016942315449778 0.0008469791078486731
0 0.2539330375151271 0.2745623941276115 0.014118596208148447 0.008752117447769622
0 0.24929407018959257 0.26002258610954265 0.004033884630899556 0.00282326369282891
0 0.2490923759580476 0.27343308865047994 0.0012101653892698668 0.0008469791078486731
0 0.3053650665590964 0.2717391304347826 0.09116579265832997 0.020045172219085264
0 0.3164582492940702 0.2673630717108978 0.002016942315449778 0.001129305477131564
0 0.3949173053650666 0.2745623941276115 0.03953206938281565 0.012140033879164314
0 0.40923759580476 0.26679841897233203 0.0028237192416296895 0.001129305477131564
0 0.4651068979427188 0.27117447769621683 0.05970149253731343 0.017786561264822136
0 0.5564743848325938 0.2738565782044043 0.07785397337636143 0.014116318464144552
0 0.5441710367083501 0.26595143986448333 0.0024203307785397336 0.0016939582156973462
0 0.5750302541347317 0.2651044607566347 0.004437273093989512 0.00282326369282891
0 0.6200080677692618 0.2727272727272727 0.07018959257765228 0.017504234895539244
0 0.6173860427591771 0.2627046866177301 0.0028237192416296895 0.001411631846414455
0 0.6302944735780557 0.26792772444946356 0.0028237192416296895 0.001129305477131564
0 0.6942315449778136 0.27117447769621683 0.04195240016135539 0.018351214003387916
0 0.7468737394110528 0.274703557312253 0.02864058087938685 0.010163749294184076
0 0.7652279144816458 0.2751270468661773 0.009681323114158934 0.008752117447769622
0 0.8106091165792658 0.279785431959345 0.08027430415490117 0.019198193111236588
0 0.7785397337636144 0.25945793337097683 0.004033884630899556 0.0016939582156973462
0 0.14844695441710368 0.3232636928289102 0.02743041549011698 0.01355166572557877
0 0.19846712384025816 0.31846414455110106 0.026623638563937072 0.019198193111236588
0 0.2317466720451795 0.3197346132128741 0.056070996369503835 0.016657255787690572
0 0.3289632916498588 0.32368718238283456 0.07139975796692215 0.03077357425183512
0 0.3771682129891085 0.32142857142857145 0.01855586930213796 0.007058159232072276
0 0.4056070996369504 0.3300395256916996 0.0391286809197257 0.025409373235460192
0 0.472771278741428 0.32128740824393 0.03146430012101654 0.018633540372670808
0 0.4935457845905607 0.3255223037831734 0.02379991932230738 0.010163749294184076
0 0.4889068172650262 0.31507622811970637 0.003227107704719645 0.002258610954263128
0 0.5034288019362646 0.326369282891022 0.003227107704719645 0.0016939582156973462
0 0.5423557886244453 0.3241106719367589 0.025413473174667203 0.010728402032749858
0 0.5956030657523195 0.3307453416149068 0.08753529649052037 0.017221908526256352
0 0.563735377168213 0.32396950875211744 0.018152480839048003 0.00818746470920384
0 0.5988301734570391 0.320016939582157 0.0028237192416296895 0.001411631846414455
0 0.6897942718838241 0.3277809147374365 0.020976200080677694 0.01129305477131564
0 0.7125857200484066 0.3269339356295878 0.020572811617587738 0.01355166572557877
0 0.7410246066962485 0.32382834556747603 0.05244050020169423 0.01693958215697346
0 0.7414279951593384 0.31719367588932806 0.0016135538523598225 0.0008469791078486731
0 0.7777329568374345 0.32792207792207795 0.01855586930213796 0.008752117447769622
0 0.772085518354175 0.3234048560135517 0.004033884630899556 0.001411631846414455
0 0.7962888261395724 0.3361095426312818 0.023396530859217425 0.025691699604743084
0 0.8402581686163776 0.32933370976849236 0.017749092375958047 0.008752117447769622
0 0.8616377571601452 0.33243929983060416 0.02501008471157725 0.008752117447769622
0 0.8648648648648649 0.3207227555053642 0.004033884630899556 0.002258610954263128
0 0.15853166599435256 0.3675889328063241 0.03307785397337636 0.019198193111236588
0 0.19967728922952804 0.37125917560700167 0.05970149253731343 0.015245623941276116
0 0.19665187575635337 0.3674477696216827 0.003630496167809601 0.0008469791078486731
0 0.21500605082694635 0.3622247317899492 0.004033884630899556 0.0016939582156973462
0 0.2789431222267043 0.3790231507622812 0.08027430415490117 0.022868435911914172
0 0.25574828559903184 0.3685770750988142 0.026623638563937072 0.017221908526256352
0 0.35135135135135137 0.3791643139469226 0.06615570794675273 0.023715415019762844
0 0.39592577652279143 0.37648221343873517 0.0028237192416296895 0.001976284584980237
0 0.43929003630496166 0.36688311688311687 0.02581686163775716 0.016092603049124788
0 0.4429205324727713 0.35841332580463015 0.0016135538523598225 0.0008469791078486731
0 0.4626865671641791 0.3706945228684359 0.028237192416296894 0.01637492941840768
0 0.46308995562726907 0.37012987012987014 0.008874546187979023 0.0033879164313946925
0 0.48769665187575634 0.36984754376058726 0.026623638563937072 0.015245623941276116
0 0.5040338846308996 0.3718238283455675 0.024606696248487294 0.012422360248447204
0 0.518354175070593 0.3650479954827781 0.004033884630899556 0.0016939582156973462
0 0.5286405808793868 0.3699887069452287 0.022993142396127472 0.014398644833427442
0 0.5500201694231545 0.3715415019762846 0.025413473174667203 0.01355166572557877
0 0.5534489713594192 0.370412196499153 0.015328761597418314 0.003952569169960474
0 0.5800726099233562 0.3718238283455675 0.03711173860427592 0.01355166572557877
0 0.5645421540943929 0.3654714850367024 0.0028237192416296895 0.0008469791078486731
0 0.628075837031061 0.3756352343308865 0.02501008471157725 0.00818746470920384
0 0.6528842275110932 0.3753529079616036 0.030254134731746672 0.00818746470920384
0 0.7220653489310206 0.3804347826086957 0.06938281565147236 0.01948051948051948
0 0.7793465106897943 0.3769057029926595 0.04195240016135539 0.010728402032749858
0 0.8053650665590965 0.38608130999435347 0.027833803953206938 0.026256352343308864
0 0.7979023799919323 0.37012987012987014 0.0016135538523598225 0.00282326369282891
0 0.8626462283178701 0.3761998870694523 0.05687777329568374 0.020045172219085264
0 0.1964501815248084 0.42405420666290233 0.10972166196046793 0.034443817052512704
0 0.18898749495764422 0.42165443252399776 0.0012101653892698668 0.0008469791078486731
0 0.24485679709560307 0.41219649915302087 0.01290843081887858 0.009599096555618294
0 0.3051633723275514 0.4257481648785997 0.043969342476805166 0.02766798418972332
0 0.39007664380798707 0.42066629023150764 0.07018959257765228 0.018633540372670808
0 0.38241226300927794 0.42193675889328064 0.004840661557079467 0.001976284584980237
0 0.47216619604679305 0.42419536984754375 0.024606696248487294 0.018351214003387916
0 0.5028237192416297 0.42617165443252397 0.02702702702702703 0.007622811970638058
0 0.5213795885437676 0.42391304347826086 0.01008471157724889 0.006493506493506494
0 0.5389269866881807 0.4267363071710898 0.029043969342476807 0.01101072840203275
0 0.5863251311012505 0.43365330321852064 0.057684550221863654 0.02258610954263128
0 0.6682129891085115 0.4254658385093168 0.04719645018152481 0.01355166572557877
0 0.655304558289633 0.41883116883116883 0.006857603872529245 0.001976284584980237
0 0.6918112141992739 0.4277244494635799 0.016135538523598225 0.006775832862789385
0 0.7482855990318676 0.42476002258610956 0.045986284792254944 0.014398644833427442
0 0.7853973376361436 0.42391304347826086 0.035498184751916094 0.015527950310559006
0 0.14844695441710368 0.4688029361942405 0.017749092375958047 0.021174477696216828
0 0.16962484872932634 0.47261434217955955 0.025413473174667203 0.01129305477131564
0 0.1918112141992739 0.4707792207792208 0.022993142396127472 0.017221908526256352
0 0.20875352964905203 0.47459062676453984 0.014925373134328358 0.007905138339920948
0 0.2154094392900363 0.46612083568605306 0.004033884630899556 0.00282326369282891
0 0.25756353368293666 0.47600225861095424 0.033481242436466316 0.034443817052512704
0 0.2983057684550222 0.4688029361942405 0.06494554255748286 0.0189158667419537
0 0.33682936668011293 0.47134387351778656 0.015328761597418314 0.009316770186335404
0 0.37938684953610324 0.4707792207792208 0.022993142396127472 0.016657255787690572
0 0.39007664380798707 0.47444946357989837 0.009681323114158934 0.009881422924901186
0 0.40863251311012505 0.47346132128740825 0.03146430012101654 0.009599096555618294
0 0.47236789027833803 0.4748729531338227 0.060508269463493344 0.012987012987012988
0 0.5203711173860428 0.47896668548842464 0.0024203307785397336 0.001976284584980237
0 0.573215006050827 0.4709203839638622 0.05808793868495361 0.01637492941840768
0 0.6054860830980234 0.4771315640880858 0.004033884630899556 0.0016939582156973462
0 0.6389673255344898 0.4696499153020892 0.035498184751916094 0.020609824957651044
0 0.6661960467930618 0.4637210615471485 0.0052440500201694235 0.005928853754940711
0 0.6728519564340459 0.47289666854884244 0.012101653892698669 0.012422360248447204
0 0.7252924566357403 0.4709203839638622 0.07099636950383219 0.0220214568040655
0 0.7414279951593384 0.47501411631846413 0.0024203307785397336 0.001411631846414455
0 0.7426381605486083 0.4733201581027668 0.0016135538523598225 0.001411631846414455
0 0.744856797095603 0.47134387351778656 0.0012101653892698668 0.0008469791078486731
0 0.7759177087535296 0.4717673630717109 0.0391286809197257 0.019762845849802372
0 0.15066559096409843 0.5207509881422925 0.02379991932230738 0.025691699604743084
0 0.19503832190399353 0.5265386787125917 0.09318273497377975 0.032185206098249576
0 0.23215006050826947 0.509175607001694 0.003630496167809601 0.001411631846414455
0 0.28398547801532875 0.5266798418972332 0.02016942315449778 0.014398644833427442
0 0.30032271077047196 0.5268210050818747 0.01573215006050827 0.012422360248447204
0 0.32755143202904397 0.5278091473743648 0.04759983864461476 0.016092603049124788
0 0.36506655909640984 0.5241389045736872 0.023396530859217425 0.01948051948051948
0 0.41407825736183945 0.5199040090344438 0.021379588543767647 0.01383399209486166
0 0.4336425978217023 0.5261151891586674 0.009681323114158934 0.004234895539243365
0 0.4580475998386446 0.521880293619424 0.020572811617587738 0.016092603049124788
0 0.4891085114965712 0.5245623941276115 0.026220250100847116 0.015245623941276116
0 0.5131101250504235 0.5231507622811971 0.021782977006857603 0.015810276679841896
0 0.5518354175070593 0.5220214568040655 0.024203307785397338 0.01693958215697346
0 0.5709963695038321 0.5247035573122529 0.02702702702702703 0.009881422924901186
0 0.5966115369100444 0.5197628458498024 0.022589753933037516 0.01693958215697346
0 0.6692214602662364 0.5280914737436476 0.07583703106091166 0.029644268774703556
0 0.7127874142799516 0.5241389045736872 0.016135538523598225 0.008752117447769622
0 0.7263009277934651 0.5258328627893846 0.018959257765227916 0.008752117447769622
0 0.7474788221056877 0.5232919254658385 0.011294876966518758 0.008752117447769622
0 0.781565147236789 0.5207509881422925 0.0318676885841065 0.017786561264822136
0 0.17688584106494554 0.5749576510446076 0.08108108108108109 0.016092603049124788
0 0.2591770875352965 0.5734048560135516 0.03751512706736587 0.010728402032749858
0 0.2688584106494554 0.5656408808582721 0.0060508269463493344 0.001976284584980237
0 0.2962888261395724 0.57128740824393 0.03751512706736587 0.018351214003387916
0 0.3963291649858814 0.5719932241671372 0.0826946349334409 0.019762845849802372
0 0.5066559096409843 0.5726990400903444 0.0927793465106898 0.01948051948051948
0 0.54497781363453 0.5653585544889893 0.0024203307785397336 0.001411631846414455
0 0.5645421540943929 0.5652173913043478 0.006857603872529245 0.007340485601355167
0 0.5713997579669221 0.5724167137210615 0.01008471157724889 0.011575381140598532
0 0.6327148043565954 0.5804630152456239 0.058491327148043566 0.020892151326933936
0 0.6750705929810408 0.5728402032749859 0.030254134731746672 0.01693958215697346
0 0.7101653892698668 0.5763692828910221 0.03751512706736587 0.00818746470920384
0 0.6952400161355385 0.5678994918125353 0.002016942315449778 0.0008469791078486731
0 0.8037515127067366 0.5756634669678148 0.09398951189995966 0.017504234895539244
0 0.790641387656313 0.5758046301524562 0.0016135538523598225 0.0008469791078486731
0 0.15510286405808793 0.6218238283455675 0.021379588543767647 0.022303783173348392
0 0.1809197256958451 0.6240824392998306 0.021379588543767647 0.0189158667419537
0 0.2035094796288826 0.6225296442687747 0.02379991932230738 0.014680971202710334
0 0.21258572004840662 0.6253529079616036 0.0016135538523598225 0.001129305477131564
0 0.218233158531666 0.6243647656691135 0.010488100040338847 0.009881422924901186
0 0.2373941105284389 0.623235460191982 0.02944735780556676 0.014963297571993224
0 0.22972972972972974 0.6126482213438735 0.002016942315449778 0.002258610954263128
0 0.2589753933037515 0.6247882552230378 0.02016942315449778 0.018068887634105024
0 0.3170633319887051 0.6240824392998306 0.02743041549011698 0.014963297571993224
0 0.33743444937474787 0.6260587238848109 0.018152480839048003 0.012704686617730096
0 0.3610326744655103 0.6238001129305477 0.03146430012101654 0.012140033879164314
0 0.3810004033884631 0.6247882552230378 0.02218636546994756 0.014680971202710334
0 0.4015732150060508 0.6246470920383964 0.02218636546994756 0.016092603049124788
0 0.4237595804759984 0.626764539808018 0.018152480839048003 0.017504234895539244
0 0.4598628479225494 0.6264822134387352 0.03065752319483663 0.015810276679841896
0 0.47761194029850745 0.6269057029926595 0.01290843081887858 0.012704686617730096
0 0.4864864864864865 0.6187182382834556 0.0016135538523598225 0.001976284584980237
0 0.49495764421137556 0.6271880293619424 0.017749092375958047 0.01383399209486166
0 0.5211778943122227 0.6254940711462451 0.026623638563937072 0.014398644833427442
0 0.5427591770875353 0.6245059288537549 0.02379991932230738 0.015245623941276116
0 0.5572811617587737 0.6291643139469226 0.0028237192416296895 0.001976284584980237
0 0.6131504638967326 0.6249294184076792 0.04437273093989512 0.017786561264822136
0 0.6472367890278338 0.6252117447769622 0.031060911657926585 0.018351214003387916
0 0.7150060508269463 0.6314229249011858 0.0609116579265833 0.02456239412761152
0 0.7525211778943123 0.6242236024844721 0.002016942315449778 0.0016939582156973462
0 0.7654296087131908 0.6291643139469226 0.02218636546994756 0.007622811970638058
0 0.7837837837837838 0.6222473178994918 0.003227107704719645 0.0016939582156973462
0 0.8154497781363453 0.6281761716544325 0.06413876563130294 0.017504234895539244
0 0.15711980637353773 0.676171654432524 0.024606696248487294 0.011857707509881422
0 0.17607906413876562 0.6773009599096556 0.024606696248487294 0.012987012987012988
0 0.1962484872932634 0.6802653867871259 0.04235578862444534 0.021739130434782608
0 0.2434449374747882 0.6716544325239977 0.043162565550625254 0.018068887634105024
0 0.282170229931424 0.6799830604178431 0.0012101653892698668 0.0008469791078486731
0 0.31343283582089554 0.6722190852625636 0.060508269463493344 0.017504234895539244
0 0.381605486083098 0.6743365330321852 0.04033884630899556 0.016657255787690572
0 0.4128680919725696 0.6737718802936195 0.024606696248487294 0.01383399209486166
0 0.4417103670835014 0.6763128176171654 0.05163372327551432 0.013269339356295878
0 0.5100847115772489 0.677442123094297 0.043969342476805166 0.014963297571993224
0 0.5250100847115773 0.6799830604178431 0.018152480839048003 0.009316770186335404
0 0.5350947962888262 0.6792772444946358 0.0052440500201694235 0.005081874647092038
0 0.591367486889875 0.677442123094297 0.04033884630899556 0.015527950310559006
0 0.63614360629286 0.6843591191417279 0.0500201694231545 0.018633540372670808
0 0.7041145623235175 0.6767363071710898 0.04235578862444534 0.01693958215697346
0 0.17123840258168616 0.7248729531338227 0.01653892698668818 0.018351214003387916
0 0.18737394110528438 0.7348955392433654 0.0052440500201694235 0.00564652738565782
0 0.23215006050826947 0.7279785431959345 0.05445744251714401 0.014398644833427442
0 0.25675675675675674 0.7247317899491813 0.003630496167809601 0.001129305477131564
0 0.29144816458249295 0.7295313382269905 0.01653892698668818 0.010728402032749858
0 0.3717224687373941 0.7389892715979672 0.07624041952400161 0.037549407114624504
0 0.42295280354981846 0.7324957651044608 0.0028237192416296895 0.001976284584980237
