0 0.13654699475594997 0.2217673630717109 0.02702702702702703 0.026256352343308864
0 0.19019766034691407 0.22571993224167136 0.056070996369503835 0.031338226990400904
0 0.2537313432835821 0.2305194805194805 0.026623638563937072 0.007058159232072276
0 0.29951593384429204 0.22924901185770752 0.06736587333602259 0.029926595143986448
0 0.27954820492133925 0.21075663466967814 0.0024203307785397336 0.001976284584980237
0 0.3380395320693828 0.23066064370412195 0.008067769261799113 0.00564652738565782
0 0.399959661153691 0.22289666854884246 0.05526421944332392 0.029079616036137776
0 0.4673255344897136 0.22444946357989837 0.04719645018152481 0.028232636928289104
0 0.490923759580476 0.23136645962732919 0.023396530859217425 0.007058159232072276
0 0.564340459862848 0.2285431959345003 0.05163372327551432 0.027950310559006212
0 0.6111335215812828 0.23080180688876342 0.03307785397337636 0.007058159232072276
0 0.6020572811617588 0.2149915302089215 0.002016942315449778 0.001411631846414455
0 0.6302944735780557 0.23080180688876342 0.007664380798709157 0.007058159232072276
0 0.6837434449374747 0.22134387351778656 0.04921339249697459 0.02710333145115754
0 0.7553448971359419 0.22388481084133258 0.058491327148043566 0.019762845849802372
0 0.7567567567567568 0.21668548842461885 0.0024203307785397336 0.001411631846414455
0 0.7991125453812021 0.2305194805194805 0.012101653892698669 0.008752117447769622
0 0.8140379185155304 0.23066064370412195 0.02501008471157725 0.007340485601355167
0 0.8386446147640177 0.22826086956521738 0.007260992335619202 0.001976284584980237
0 0.14925373134328357 0.27343308865047994 0.0500201694231545 0.026821005081874648
0 0.16135538523598225 0.26341050254093734 0.0024203307785397336 0.0016939582156973462
0 0.22609923356192013 0.27442123094297005 0.02702702702702703 0.023715415019762844
0 0.2789431222267043 0.27300959909655564 0.0391286809197257 0.024844720496894408
0 0.291044776119403 0.26778656126482214 0.002016942315449778 0.001411631846414455
0 0.33118192819685355 0.2826086956521739 0.02016942315449778 0.007905138339920948
0 0.41206131504638965 0.2723037831733484 0.06897942718838242 0.026821005081874648
0 0.48769665187575634 0.274703557312253 0.03953206938281565 0.033314511575381144
0 0.5631302944735781 0.27413890457368717 0.06938281565147236 0.024280067758328628
0 0.6341266639774102 0.2735742518351214 0.060508269463493344 0.025974025974025976
0 0.6958450988301734 0.2724449463579898 0.03469140782573618 0.026538678712591756
0 0.7323517547398144 0.28063241106719367 0.050423557886244454 0.007905138339920948
0 0.790843081887858 0.2756916996047431 0.040742234772085516 0.029644268774703556
0 0.15611133521581283 0.3234048560135517 0.05405405405405406 0.027950310559006212
0 0.208955223880597 0.33130999435347264 0.015328761597418314 0.007058159232072276
0 0.21480435659540137 0.3166290231507623 0.002016942315449778 0.001411631846414455
0 0.2515127067365873 0.3231225296442688 0.03993545784590561 0.026256352343308864
0 0.3356192012908431 0.32171089779785433 0.06292860024203308 0.027385657820440428
0 0.354578459056071 0.31225296442687744 0.0024203307785397336 0.0016939582156973462
0 0.4062121823315853 0.3334274421230943 0.042759177087535294 0.00846979107848673
0 0.46672045179507865 0.32495765104460755 0.041145623235175476 0.03500846979107849
0 0.5421540943929004 0.3235460191981931 0.08067769261799113 0.029926595143986448
0 0.6077047196450182 0.3235460191981931 0.038321903993545785 0.026538678712591756
0 0.6288826139572409 0.3256634669678148 0.04679306171843485 0.036420101637492944
0 0.6540943929003631 0.3318746470920384 0.020572811617587738 0.007622811970638058
0 0.6629689390883421 0.3101355166572558 0.0028237192416296895 0.002540937323546019
0 0.6728519564340459 0.3349802371541502 0.007260992335619202 0.007622811970638058
0 0.7343686970552642 0.32128740824393 0.07220653489310205 0.02766798418972332
0 0.7355788624445341 0.3142292490118577 0.002016942315449778 0.0016939582156973462
0 0.781766841468334 0.3197346132128741 0.05405405405405406 0.028514963297571992
0 0.8200887454618798 0.33173348390739693 0.020976200080677694 0.006775832862789385
0 0.8491327148043566 0.3274985883681536 0.06131504638967326 0.032185206098249576
0 0.8436869705526422 0.3166290231507623 0.002016942315449778 0.001411631846414455
0 0.15974183138362244 0.3719649915302089 0.05970149253731343 0.029644268774703556
0 0.22670431625655507 0.3719649915302089 0.0645421540943929 0.027950310559006212
0 0.22710770471964503 0.36914172783738003 0.0024203307785397336 0.001976284584980237
0 0.27148043565954016 0.3715415019762846 0.048406615570794675 0.028797289666854884
0 0.33098023396530857 0.37789384528514963 0.052843888664784185 0.037549407114624504
0 0.36042759177087536 0.38664596273291924 0.002016942315449778 0.001411631846414455
0 0.40500201694231547 0.3730942970073405 0.033884630899556276 0.020045172219085264
0 0.417910447761194 0.3743647656691135 0.033884630899556276 0.023150762281197064
0 0.4390883420734167 0.37648221343873517 0.038321903993545785 0.023997741389045736
0 0.4927390076643808 0.38311688311688313 0.052843888664784185 0.007905138339920948
0 0.5748285599031868 0.37351778656126483 0.07099636950383219 0.025409373235460192
0 0.6427995159338443 0.3750705815923207 0.04154901169826543 0.034161490683229816
0 0.6974586526825333 0.37676453980801805 0.07664380798709157 0.032467532467532464
0 0.7553448971359419 0.382128740824393 0.0326744655102864 0.00818746470920384
0 0.8110125050423558 0.37888198757763975 0.09802339653085922 0.03613777526821005
0 0.7864058087938685 0.3642010163749294 0.004437273093989512 0.005081874647092038
0 0.1617587736990722 0.4227837380011293 0.0653489310205728 0.028514963297571992
0 0.22408229124647036 0.4246188594014681 0.02864058087938685 0.023715415019762844
0 0.3031464300121017 0.4265951439864483 0.09479628882613957 0.032185206098249576
0 0.3882613957240823 0.424901185770751 0.0318676885841065 0.024844720496894408
0 0.4429205324727713 0.4243365330321852 0.03469140782573618 0.024844720496894408
0 0.5062525211778943 0.42631281761716544 0.033884630899556276 0.024844720496894408
0 0.564340459862848 0.42292490118577075 0.0500201694231545 0.028797289666854884
0 0.6375554659136748 0.43054771315640883 0.06010488100040339 0.03500846979107849
0 0.7285195643404598 0.42814793901750425 0.09842678499394918 0.035290796160361376
0 0.7622025010084712 0.4191134952004517 0.002016942315449778 0.001411631846414455
0 0.8194836627672448 0.4256070016939582 0.05526421944332392 0.027950310559006212
0 0.14138765631302944 0.47699040090344436 0.018959257765227916 0.018351214003387916
0 0.1734570391286809 0.47444946357989837 0.05808793868495361 0.026256352343308864
0 0.16377571601452198 0.47346132128740825 0.0024203307785397336 0.0016939582156973462
0 0.23517547398144414 0.4817899491812535 0.023396530859217425 0.006493506493506494
0 0.24526018555869303 0.46287408243929984 0.0024203307785397336 0.001976284584980237
0 0.2920532472771279 0.47501411631846413 0.045986284792254944 0.029079616036137776
0 0.3884630899556273 0.4767080745341615 0.09439290036304962 0.029644268774703556
0 0.39673255344897135 0.4688029361942405 0.002016942315449778 0.001411631846414455
0 0.43283582089552236 0.46569734613212876 0.0016135538523598225 0.001411631846414455
0 0.43949173053650664 0.48771880293619424 0.0028237192416296895 0.001411631846414455
0 0.49737797498991526 0.4754376058723885 0.05163372327551432 0.02766798418972332
0 0.5526421944332393 0.48306041784302656 0.04195240016135539 0.007340485601355167
0 0.6145623235175474 0.4785431959345003 0.038321903993545785 0.03387916431394692
0 0.6145623235175474 0.4774138904573687 0.02218636546994756 0.017504234895539244
0 0.627269060104881 0.4829192546583851 0.015328761597418314 0.007622811970638058
0 0.6343283582089553 0.48644833427442125 0.0028237192416296895 0.0016939582156973462
0 0.7283178701089149 0.47501411631846413 0.1383622428398548 0.027385657820440428
0 0.8293666801129488 0.4751552795031056 0.0572811617587737 0.024280067758328628
0 0.15590964098426785 0.5230095990965556 0.05687777329568374 0.029644268774703556
0 0.21056877773295685 0.534867306606437 0.01290843081887858 0.008752117447769622
0 0.28176684146833403 0.5254093732354602 0.09640984267849939 0.04009034443817053
0 0.4045986284792255 0.5290796160361377 0.10326744655102864 0.037267080745341616
0 0.4114562323517547 0.5201863354037267 0.0024203307785397336 0.001411631846414455
0 0.5411456232351755 0.5261151891586674 0.11335215812827754 0.0251270468661773
0 0.5592981040742234 0.5215979672501412 0.002016942315449778 0.001411631846414455
0 0.5980233965308592 0.5392433653303218 0.026220250100847116 0.017504234895539244
0 0.6073013311819282 0.5148221343873518 0.0028237192416296895 0.001411631846414455
0 0.6536910044372731 0.5422077922077922 0.03993545784590561 0.022303783173348392
0 0.7230738200887454 0.5333145115753811 0.040742234772085516 0.029361942405420668
0 0.7918515530455829 0.5263975155279503 0.05647438483259379 0.023433088650479956
0 0.8194836627672448 0.5343026538678712 0.020572811617587738 0.007622811970638058
0 0.8162565550625253 0.5201863354037267 0.004437273093989512 0.0036702428006775835
0 0.1772892295280355 0.5774985883681536 0.09560306575231949 0.022868435911914172
0 0.2944735780556676 0.581451157538114 0.06131504638967326 0.036420101637492944
0 0.40883420734167003 0.5783455674760023 0.09076240419524001 0.021739130434782608
0 0.4762000806776926 0.5686053077357425 0.008471157724889069 0.00564652738565782
0 0.5229931423961275 0.5783455674760023 0.08592174263816055 0.03020892151326934
0 0.5756353368293666 0.5691699604743083 0.007260992335619202 0.004517221908526256
0 0.6238402581686163 0.5758046301524562 0.06010488100040339 0.0251270468661773
0 0.7206534893102057 0.5767927724449463 0.07301331181928197 0.026538678712591756
0 0.7860024203307785 0.5760869565217391 0.07462686567164178 0.023997741389045736
0 0.7658329971762807 0.5667701863354038 0.002016942315449778 0.001411631846414455
0 0.16216216216216217 0.6253529079616036 0.06696248487293263 0.028232636928289104
0 0.1827349737797499 0.6214003387916431 0.0024203307785397336 0.0016939582156973462
0 0.2446551028640581 0.6278938452851497 0.03670835014118596 0.023715415019762844
0 0.2692617991125454 0.6281761716544325 0.04477611940298507 0.026538678712591756
0 0.28418717224687373 0.6420101637492942 0.002016942315449778 0.0016939582156973462
