0 0.14925373134328357 0.22233201581027667 0.004840661557079467 0.023433088650479956
0 0.15248083904800322 0.22656691134952003 0.0024203307785397336 0.004234895539243365
0 0.16014521984671237 0.22120271033314512 0.012101653892698669 0.022868435911914172
0 0.16659943525615167 0.2261434217955957 0.0016135538523598225 0.001129305477131564
0 0.19766034691407824 0.2224731789949181 0.06131504638967326 0.02710333145115754
0 0.2964905203711174 0.22939017504234896 0.0572811617587737 0.036420101637492944
0 0.36143606292860025 0.22162619988706944 0.01371520774505849 0.025974025974025976
0 0.3755546591367487 0.22684923771880294 0.008874546187979023 0.013269339356295878
0 0.4243646631706333 0.22388481084133258 0.03065752319483663 0.025409373235460192
0 0.43263412666397744 0.2096273291925466 0.002016942315449778 0.001976284584980237
0 0.48225090762404194 0.22473178994918125 0.04719645018152481 0.02710333145115754
0 0.5102864058087939 0.2230378317334839 0.008874546187979023 0.023715415019762844
0 0.5550625252117789 0.2248729531338227 0.029850746268656716 0.022868435911914172
0 0.5772488906817265 0.22910784867306608 0.01371520774505849 0.011575381140598532
0 0.590560709963695 0.22332015810276679 0.016135538523598225 0.023715415019762844
0 0.600040338846309 0.23927159796725014 0.004437273093989512 0.008752117447769622
0 0.6343283582089553 0.22388481084133258 0.025413473174667203 0.0220214568040655
0 0.6480435659540137 0.2326369282891022 0.002016942315449778 0.0016939582156973462
0 0.6734570391286809 0.22162619988706944 0.014118596208148447 0.0220214568040655
0 0.6865671641791045 0.2274138904573687 0.01855586930213796 0.016657255787690572
0 0.7198467123840259 0.22727272727272727 0.043969342476805166 0.012422360248447204
0 0.7535296490520371 0.2230378317334839 0.02581686163775716 0.021456804065499716
0 0.7440500201694231 0.23150762281197063 0.0012101653892698668 0.001129305477131564
0 0.8093989511899959 0.22713156408808582 0.025413473174667203 0.013269339356295878
0 0.8259378781766842 0.22120271033314512 0.008471157724889069 0.0251270468661773
0 0.8350141185962081 0.22444946357989837 0.003227107704719645 0.025974025974025976
0 0.16115369100443727 0.2732919254658385 0.02864058087938685 0.031055900621118012
0 0.21419927390076643 0.275974025974026 0.016135538523598225 0.014963297571993224
0 0.23033481242436465 0.27103331451157536 0.012101653892698669 0.025409373235460192
0 0.24808390480032272 0.2720214568040655 0.022589753933037516 0.023997741389045736
0 0.29386849536103266 0.27300959909655564 0.021379588543767647 0.0220214568040655
0 0.33763614360629285 0.27992659514398643 0.029043969342476807 0.016657255787690572
0 0.37938684953610324 0.2732919254658385 0.050423557886244454 0.029926595143986448
0 0.4570391286809197 0.274703557312253 0.06938281565147236 0.023715415019762844
0 0.5231948366276724 0.27780914737436474 0.01290843081887858 0.015810276679841896
0 0.5619201290843082 0.2738565782044043 0.06212182331585317 0.021456804065499716
0 0.554457442517144 0.2621400338791643 0.007664380798709157 0.0036702428006775835
0 0.591367486889875 0.26651609260304915 0.0024203307785397336 0.002258610954263128
0 0.609318273497378 0.2865612648221344 0.026220250100847116 0.030491247882552232
0 0.6565147236789027 0.27639751552795033 0.014925373134328358 0.01355166572557877
0 0.6934247680516338 0.27300959909655564 0.026623638563937072 0.024280067758328628
0 0.7077450584913272 0.2632693393562959 0.003630496167809601 0.001411631846414455
0 0.7319483662767244 0.2782326369282891 0.04154901169826543 0.011575381140598532
0 0.7630092779346511 0.28204404291360813 0.013311819281968536 0.023715415019762844
0 0.7797498991528842 0.2717391304347826 0.016135538523598225 0.027385657820440428
0 0.8104074223477209 0.2831733483907397 0.003227107704719645 0.0016939582156973462
0 0.16256555062525213 0.3266516092603049 0.033884630899556276 0.028232636928289104
0 0.1653892698668818 0.3126764539808018 0.0024203307785397336 0.001411631846414455
0 0.20814844695441712 0.3274985883681536 0.011294876966518758 0.015245623941276116
0 0.23436869705526422 0.33018068887634106 0.03469140782573618 0.009881422924901186
0 0.263816054860831 0.3234048560135517 0.029043969342476807 0.022303783173348392
0 0.3100040338846309 0.32933370976849236 0.02379991932230738 0.01101072840203275
0 0.327349737797499 0.322557876905703 0.01008471157724889 0.023433088650479956
0 0.336224283985478 0.32185206098249575 0.004437273093989512 0.021456804065499716
0 0.3773699072206535 0.3255223037831734 0.026220250100847116 0.024280067758328628
0 0.4146833400564744 0.3242518351214003 0.01290843081887858 0.0251270468661773
0 0.445340863251311 0.3245341614906832 0.041145623235175476 0.022868435911914172
0 0.48406615570794675 0.32580463015245625 0.03469140782573618 0.019198193111236588
0 0.47862041145623235 0.3145115753811406 0.0028237192416296895 0.00282326369282891
0 0.5419524001613554 0.3246753246753247 0.04154901169826543 0.023150762281197064
0 0.5711980637353772 0.3284867306606437 0.016135538523598225 0.013269339356295878
0 0.6179911254538121 0.3290513833992095 0.02581686163775716 0.017221908526256352
0 0.6427995159338443 0.32834556747600224 0.020572811617587738 0.015245623941276116
0 0.6617587736990722 0.3339920948616601 0.003630496167809601 0.002258610954263128
0 0.6851553045582897 0.32298136645962733 0.02218636546994756 0.023150762281197064
0 0.7077450584913272 0.32382834556747603 0.01573215006050827 0.0220214568040655
0 0.7624041952400161 0.3290513833992095 0.03711173860427592 0.01383399209486166
0 0.8037515127067366 0.3287690570299266 0.003630496167809601 0.010446075663466968
0 0.8073820088745461 0.3166290231507623 0.0028237192416296895 0.004799548277809147
0 0.8144413069786204 0.32806324110671936 0.01371520774505849 0.009599096555618294
0 0.15671641791044777 0.3836815358554489 0.030254134731746672 0.03896103896103896
0 0.20149253731343283 0.3728119706380576 0.014925373134328358 0.021739130434782608
0 0.19826542960871318 0.37888198757763975 0.004437273093989512 0.010163749294184076
0 0.25675675675675674 0.3793054771315641 0.018152480839048003 0.014963297571993224
0 0.2700685760387253 0.3879164313946923 0.010891488503428802 0.031055900621118012
0 0.2900363049616781 0.378317334839074 0.022589753933037516 0.011857707509881422
0 0.29790237999193225 0.3699887069452287 0.0028237192416296895 0.002540937323546019
0 0.31222267043162566 0.3791643139469226 0.015328761597418314 0.00846979107848673
0 0.32977006857603874 0.3756352343308865 0.0028237192416296895 0.001976284584980237
0 0.3301734570391287 0.379587803500847 0.003630496167809601 0.001976284584980237
0 0.38483259378781765 0.37874082439299833 0.04921339249697459 0.016092603049124788
0 0.436264622831787 0.3728119706380576 0.04154901169826543 0.023997741389045736
0 0.5008067769261799 0.3802936194240542 0.040742234772085516 0.03557312252964427
0 0.5282371924162969 0.3790231507622812 0.014118596208148447 0.01383399209486166
0 0.5397337636143607 0.3739412761151892 0.007260992335619202 0.025691699604743084
0 0.5897539330375151 0.37422360248447206 0.048406615570794675 0.025691699604743084
0 0.6244453408632513 0.3708356860530774 0.021782977006857603 0.022868435911914172
0 0.6508672851956434 0.38509316770186336 0.030254134731746672 0.044607566346696784
0 0.6849536103267446 0.3818464144551101 0.0024203307785397336 0.001411631846414455
0 0.7620008067769262 0.3708356860530774 0.1073013311819282 0.032467532467532464
0 0.16397741024606696 0.42970073404856013 0.0463896732553449 0.015245623941276116
0 0.2382008874546188 0.4254658385093168 0.051230334812424366 0.025974025974025976
0 0.2944735780556676 0.43478260869565216 0.01290843081887858 0.03896103896103896
0 0.3281565147236789 0.43195934500282324 0.052843888664784185 0.010728402032749858
0 0.3644614764017749 0.4385940146809712 0.004437273093989512 0.010446075663466968
0 0.3935054457442517 0.43153585544889894 0.018152480839048003 0.012140033879164314
0 0.42617991125453814 0.4246188594014681 0.04881000403388463 0.024280067758328628
0 0.491327148043566 0.424901185770751 0.048406615570794675 0.0220214568040655
0 0.5441710367083501 0.4278656126482213 0.01936264622831787 0.025691699604743084
0 0.5625252117789431 0.4313946922642575 0.013311819281968536 0.009034443817052512
0 0.5883420734167003 0.4253246753246753 0.0326744655102864 0.023997741389045736
0 0.627269060104881 0.43068887634105024 0.012101653892698669 0.01101072840203275
0 0.6389673255344898 0.429983060417843 0.009681323114158934 0.04121964991530209
0 0.6930213795885438 0.4225014116318464 0.05647438483259379 0.025691699604743084
0 0.7626058894715612 0.43167701863354035 0.027833803953206938 0.014680971202710334
0 0.7801532876159741 0.42476002258610956 0.010488100040338847 0.021174477696216828
0 0.7880193626462283 0.4254658385093168 0.0052440500201694235 0.020327498588368152
0 0.14885034288019364 0.47910784867306605 0.020976200080677694 0.01355166572557877
0 0.19584509883017345 0.47967250141163187 0.06171843485276321 0.014116318464144552
0 0.21843485276321098 0.4902597402597403 0.0028237192416296895 0.01383399209486166
0 0.2678499394917305 0.47247317899491814 0.028237192416296894 0.027385657820440428
0 0.27954820492133925 0.4673913043478261 0.004840661557079467 0.001976284584980237
0 0.2954820492133925 0.47967250141163187 0.019766034691407825 0.015245623941276116
0 0.34630899556272693 0.47247317899491814 0.022993142396127472 0.02456239412761152
0 0.3721258572004841 0.47882552230378317 0.02218636546994756 0.014680971202710334
0 0.3874546187979024 0.47896668548842464 0.011698265429608713 0.014398644833427442
0 0.4191206131504639 0.4808018068887634 0.03630496167809601 0.04009034443817053
0 0.44574425171440096 0.48856578204404294 0.003227107704719645 0.009881422924901186
0 0.4854780153287616 0.47586109542631283 0.045582896329164985 0.027950310559006212
0 0.5264219443323921 0.47261434217955955 0.026623638563937072 0.024280067758328628
0 0.5500201694231545 0.47811970638057594 0.021379588543767647 0.031338226990400904
0 0.5445744251714401 0.4608977978543196 0.003227107704719645 0.002540937323546019
0 0.5897539330375151 0.4798136645962733 0.015328761597418314 0.012704686617730096
0 0.6357402178297701 0.4764257481648786 0.04921339249697459 0.022303783173348392
0 0.6540943929003631 0.48969508752117447 0.0028237192416296895 0.011575381140598532
0 0.7073416700282372 0.47910784867306605 0.0326744655102864 0.012987012987012988
0 0.7267043162565551 0.47360248447204967 0.013311819281968536 0.022303783173348392
0 0.736789027833804 0.47444946357989837 0.004437273093989512 0.021739130434782608
0 0.7952803549818476 0.48433088650479955 0.01573215006050827 0.0251270468661773
0 0.8104074223477209 0.4795313382269904 0.01290843081887858 0.012140033879164314
0 0.8247277127874143 0.4786843591191417 0.00927793465106898 0.012140033879164314
0 0.8334005647438483 0.4805194805194805 0.015328761597418314 0.014116318464144552
0 0.14945542557482855 0.5289384528514963 0.02702702702702703 0.016657255787690572
0 0.16155707946752723 0.5125635234330886 0.008471157724889069 0.004234895539243365
0 0.19322307382008874 0.5235742518351214 0.053247277127874144 0.028514963297571992
0 0.2263009277934651 0.5261151891586674 0.017749092375958047 0.027385657820440428
0 0.27228721258572003 0.5309147374364765 0.014521984671238403 0.01383399209486166
0 0.3190802743041549 0.5265386787125917 0.035498184751916094 0.02766798418972332
0 0.354578459056071 0.5371259175607002 0.022589753933037516 0.026256352343308864
0 0.4005647438483259 0.5299265951439864 0.02501008471157725 0.014680971202710334
0 0.44352561516740624 0.5304912478825522 0.014925373134328358 0.012987012987012988
0 0.49072206534893104 0.5359966120835686 0.018959257765227916 0.023997741389045736
0 0.49838644614764016 0.5191981931112366 0.0028237192416296895 0.0016939582156973462
0 0.5131101250504235 0.5293619424054207 0.016135538523598225 0.01129305477131564
0 0.5518354175070593 0.5265386787125917 0.060508269463493344 0.025409373235460192
0 0.6167809600645422 0.5306324110671937 0.011294876966518758 0.013269339356295878
0 0.6306978620411456 0.5286561264822134 0.012505042355788625 0.015527950310559006
0 0.672045179507866 0.534867306606437 0.01371520774505849 0.022303783173348392
0 0.691004437273094 0.5313382269904009 0.01855586930213796 0.010728402032749858
0 0.7115772488906817 0.5254093732354602 0.01290843081887858 0.0220214568040655
0 0.7299314239612748 0.5293619424054207 0.013311819281968536 0.009599096555618294
0 0.7442517144009682 0.5239977413890458 0.011294876966518758 0.020892151326933936
0 0.7638160548608309 0.5228684359119141 0.019766034691407825 0.019762845849802372
0 0.7676482452601856 0.5423489553924337 0.004033884630899556 0.020327498588368152
0 0.8112141992739008 0.5245623941276115 0.015328761597418314 0.025409373235460192
0 0.8253327954820492 0.5309147374364765 0.009681323114158934 0.010446075663466968
0 0.8412666397741024 0.5279503105590062 0.020572811617587738 0.02766798418972332
0 0.8576038725292456 0.5365612648221344 0.003227107704719645 0.009881422924901186
0 0.14138765631302944 0.5820158102766798 0.013311819281968536 0.017786561264822136
0 0.15570794675272287 0.5763692828910221 0.012101653892698669 0.02456239412761152
0 0.18293666801129488 0.5770750988142292 0.038321903993545785 0.0220214568040655
0 0.245663574021783 0.5774985883681536 0.04195240016135539 0.023433088650479956
0 0.31484469544171034 0.5818746470920384 0.03993545784590561 0.011857707509881422
0 0.3402581686163776 0.5876623376623377 0.010891488503428802 0.023433088650479956
0 0.3574021782977007 0.5767927724449463 0.01371520774505849 0.020327498588368152
0 0.36345300524405 0.5691699604743083 0.0016135538523598225 0.001129305477131564
0 0.3771682129891085 0.5806041784302653 0.017749092375958047 0.013269339356295878
0 0.39229528035498185 0.575098814229249 0.00927793465106898 0.020327498588368152
0 0.4526018555869302 0.5793337097684924 0.0500201694231545 0.014680971202710334
0 0.5044372730939896 0.5899209486166008 0.06010488100040339 0.03303218520609825
0 0.5792658329971763 0.5824392998306042 0.08632513110125051 0.012422360248447204
0 0.6347317466720451 0.5741106719367589 0.018152480839048003 0.022868435911914172
0 0.654296087131908 0.5858272162619989 0.0024203307785397336 0.0016939582156973462
