0 0.1500605082694635 0.26002258610954265 0.015328761597418314 0.014680971202710334
0 0.17769261799112546 0.2598814229249012 0.0326744655102864 0.014963297571993224
0 0.20330778539733763 0.25917560700169395 0.009681323114158934 0.015245623941276116
0 0.2789431222267043 0.2627046866177301 0.08592174263816055 0.012704686617730096
0 0.4110528438886648 0.2618577075098814 0.11375554659136748 0.015527950310559006
0 0.4400968132311416 0.2502823263692829 0.003227107704719645 0.001976284584980237
0 0.49939491730536506 0.26453980801806887 0.021782977006857603 0.010163749294184076
0 0.5024203307785398 0.2523997741389046 0.003630496167809601 0.002258610954263128
0 0.5554659136748689 0.2627046866177301 0.048406615570794675 0.015527950310559006
0 0.5921742638160549 0.26355166572557875 0.011294876966518758 0.009881422924901186
0 0.5949979830576846 0.2552230378317335 0.0024203307785397336 0.002258610954263128
0 0.6603469140782574 0.26312817617165446 0.07503025413473174 0.01355166572557877
0 0.7305365066559096 0.2621400338791643 0.016942315449778138 0.009316770186335404
0 0.7585720048406616 0.2632693393562959 0.031060911657926585 0.009881422924901186
0 0.16861637757160144 0.3116883116883117 0.0572811617587737 0.01355166572557877
0 0.21702299314239612 0.3136645962732919 0.04356595401371521 0.009034443817052512
0 0.26200080677692617 0.3126764539808018 0.0326744655102864 0.011575381140598532
0 0.30899556272690604 0.3191699604743083 0.015328761597418314 0.01948051948051948
0 0.36829366680112946 0.31182947487295315 0.09681323114158935 0.014398644833427442
0 0.3882613957240823 0.30335968379446643 0.003630496167809601 0.001411631846414455
0 0.427390076643808 0.3221343873517787 0.01653892698668818 0.0220214568040655
0 0.4858814037918516 0.31747600225861095 0.04881000403388463 0.02456239412761152
0 0.5568777732956838 0.3154997176736307 0.058491327148043566 0.01101072840203275
0 0.5778539733763615 0.32820440429136083 0.00927793465106898 0.01383399209486166
0 0.672448567970956 0.32269904009034445 0.11052843888664785 0.025974025974025976
0 0.7503025413473174 0.3132411067193676 0.04356595401371521 0.014398644833427442
0 0.8055667607906414 0.3154997176736307 0.03953206938281565 0.007622811970638058
0 0.844695441710367 0.31309994353472614 0.03711173860427592 0.01355166572557877
0 0.8513513513513513 0.30321852060982496 0.0028237192416296895 0.001129305477131564
0 0.15671641791044777 0.3634952004517222 0.02944735780556676 0.014398644833427442
0 0.2299314239612747 0.3622247317899492 0.06131504638967326 0.01637492941840768
0 0.2736990722065349 0.3629305477131564 0.01734570391286809 0.010446075663466968
0 0.2974989915288423 0.36264822134387353 0.02944735780556676 0.01383399209486166
0 0.33400564743848327 0.3654714850367024 0.04437273093989512 0.009316770186335404
0 0.40338846308995563 0.3719649915302089 0.04679306171843485 0.022303783173348392
0 0.3979427188382412 0.35375494071146246 0.003630496167809601 0.001129305477131564
0 0.43807987091569184 0.36575381140598534 0.02743041549011698 0.009881422924901186
0 0.4967728922952804 0.36674195369847545 0.03751512706736587 0.010163749294184076
0 0.5171440096813231 0.3546019198193111 0.003227107704719645 0.002258610954263128
0 0.5490116982654296 0.3644833427442123 0.05970149253731343 0.01355166572557877
0 0.5978217022993142 0.36617730095990964 0.029043969342476807 0.010163749294184076
0 0.6532876159741832 0.36674195369847545 0.03428801936264623 0.023150762281197064
0 0.6950383219039935 0.3660361377752682 0.015328761597418314 0.011575381140598532
0 0.7827753126260589 0.37012987012987014 0.11093182734973779 0.031055900621118012
0 0.14784187172246874 0.41360813099943533 0.018959257765227916 0.012422360248447204
0 0.16135538523598225 0.4155844155844156 0.009681323114158934 0.024280067758328628
0 0.21742638160548608 0.4137492941840768 0.05405405405405406 0.015527950310559006
0 0.2583703106091166 0.41106719367588934 0.012505042355788625 0.014116318464144552
0 0.2892295280354982 0.42080745341614906 0.004840661557079467 0.015527950310559006
0 0.3170633319887051 0.41459627329192544 0.024203307785397338 0.008752117447769622
0 0.3489310205728116 0.41459627329192544 0.03307785397337636 0.017221908526256352
0 0.3838241226300928 0.4165725578769057 0.02379991932230738 0.010446075663466968
0 0.3805970149253731 0.4061264822134387 0.002016942315449778 0.001411631846414455
0 0.40500201694231547 0.4150197628458498 0.01290843081887858 0.007340485601355167
0 0.41044776119402987 0.41798418972332013 0.002016942315449778 0.001411631846414455
0 0.4245663574021783 0.41459627329192544 0.024606696248487294 0.01101072840203275
0 0.4844695441710367 0.41332580463015245 0.04517950786607503 0.014680971202710334
0 0.5169423154497781 0.41233766233766234 0.011698265429608713 0.013269339356295878
0 0.5776522791448164 0.42066629023150764 0.060508269463493344 0.019198193111236588
0 0.6718434852763211 0.41671372106154714 0.0899556272690601 0.011857707509881422
0 0.717628075837031 0.4280067758328628 0.0016135538523598225 0.001129305477131564
0 0.7269060104881 0.41431394692264256 0.016135538523598225 0.026821005081874648
0 0.7624041952400161 0.4162902315076228 0.022589753933037516 0.009881422924901186
0 0.8075837031060912 0.41332580463015245 0.06857603872529246 0.01637492941840768
0 0.1607503025413473 0.4640033879164314 0.04881000403388463 0.016092603049124788
0 0.19443323920935862 0.46513269339356295 0.015328761597418314 0.010446075663466968
0 0.24223477208551836 0.4665443252399774 0.031060911657926585 0.009316770186335404
0 0.3194836627672449 0.46597967250141165 0.0653489310205728 0.011575381140598532
0 0.39411052843888666 0.4665443252399774 0.041145623235175476 0.011575381140598532
0 0.40298507462686567 0.45412196499153024 0.003227107704719645 0.001411631846414455
0 0.436264622831787 0.4637210615471485 0.030254134731746672 0.01383399209486166
0 0.5060508269463493 0.47374364765669114 0.06252521177894312 0.024844720496894408
0 0.5607099636950383 0.4655561829474873 0.03711173860427592 0.01355166572557877
0 0.6204114562323517 0.46414455110107283 0.024203307785397338 0.014116318464144552
0 0.6579265832997176 0.46795595708639187 0.050826946349334406 0.009881422924901186
0 0.7353771682129892 0.4647092038396386 0.04356595401371521 0.018068887634105024
0 0.800121016538927 0.4637210615471485 0.026220250100847116 0.015527950310559006
0 0.8194836627672448 0.4668266516092603 0.027833803953206938 0.009881422924901186
0 0.8479225494150867 0.46273291925465837 0.016942315449778138 0.01355166572557877
0 0.15711980637353773 0.5231507622811971 0.0463896732553449 0.024280067758328628
0 0.18293666801129488 0.5125635234330886 0.0052440500201694235 0.004234895539243365
0 0.19402985074626866 0.5165160926030491 0.02016942315449778 0.007622811970638058
0 0.190802743041549 0.5079051383399209 0.0016135538523598225 0.0016939582156973462
0 0.21480435659540137 0.5143986448334275 0.014118596208148447 0.009034443817052512
0 0.21520774505849133 0.5055053642010163 0.002016942315449778 0.001976284584980237
0 0.25433642597821704 0.5141163184641445 0.014925373134328358 0.014680971202710334
0 0.31887858007260994 0.5169395821569734 0.07059298104074223 0.012422360248447204
0 0.37394110528438884 0.5159514398644833 0.012101653892698669 0.002540937323546019
0 0.42174263816054863 0.5145398080180689 0.052843888664784185 0.013269339356295878
0 0.5022186365469947 0.5232919254658385 0.05647438483259379 0.023433088650479956
0 0.5530455828963292 0.5153867871259176 0.03469140782573618 0.016092603049124788
0 0.6347317466720451 0.5159514398644833 0.07624041952400161 0.016657255787690572
0 0.7065348931020573 0.5122811970638057 0.011698265429608713 0.017786561264822136
0 0.7396127470754337 0.516798418972332 0.06252521177894312 0.01101072840203275
0 0.7702702702702703 0.5035290796160361 0.0028237192416296895 0.001411631846414455
0 0.8033481242436467 0.515527950310559 0.057684550221863654 0.015245623941276116
0 0.8487293263412666 0.5145398080180689 0.016135538523598225 0.014398644833427442
0 0.19685356998789835 0.5663466967814794 0.12263009277934651 0.018633540372670808
0 0.25010084711577246 0.5803218520609825 0.0024203307785397336 0.004234895539243365
0 0.2690601048810004 0.5611236589497459 0.0024203307785397336 0.004799548277809147
0 0.2763210972166196 0.567193675889328 0.010488100040338847 0.009599096555618294
0 0.3338039532069383 0.5686053077357425 0.058491327148043566 0.010163749294184076
0 0.3781766841468334 0.5662055335968379 0.011698265429608713 0.010446075663466968
0 0.38039532069382814 0.5594297007340485 0.003227107704719645 0.002540937323546019
0 0.4290036304961678 0.5686053077357425 0.040742234772085516 0.010728402032749858
0 0.4290036304961678 0.5543478260869565 0.003630496167809601 0.001411631846414455
0 0.5002016942315449 0.5691699604743083 0.08713190802743041 0.020327498588368152
0 0.5590964098426785 0.5677583286278939 0.01936264622831787 0.010728402032749858
0 0.5697862041145624 0.5573122529644269 0.0028237192416296895 0.002258610954263128
0 0.5923759580475998 0.5650762281197064 0.0391286809197257 0.016657255787690572
0 0.7012908430818878 0.5680406549971767 0.11980637353771682 0.01693958215697346
0 0.700080677692618 0.554488989271598 0.003630496167809601 0.0016939582156973462
0 0.8307785397337636 0.5690287972896668 0.08672851956434045 0.013269339356295878
0 0.15510286405808793 0.6160361377752682 0.038321903993545785 0.015245623941276116
0 0.16296893908834206 0.6068605307735743 0.003227107704719645 0.001976284584980237
0 0.19019766034691407 0.6240824392998306 0.01573215006050827 0.020609824957651044
0 0.23315853166599435 0.6156126482213439 0.06131504638967326 0.015527950310559006
0 0.3075837031060912 0.6151891586674195 0.018152480839048003 0.01637492941840768
0 0.3701089148850343 0.6168831168831169 0.058491327148043566 0.0220214568040655
0 0.41407825736183945 0.6236589497459063 0.003630496167809601 0.002258610954263128
0 0.46228317870108915 0.6167419536984754 0.04195240016135539 0.017786561264822136
0 0.5425574828559904 0.6164596273291926 0.07099636950383219 0.014963297571993224
0 0.6131504638967326 0.6249294184076792 0.011294876966518758 0.025691699604743084
0 0.6468334005647438 0.6188594014680971 0.045582896329164985 0.01129305477131564
0 0.6867688584106495 0.6156126482213439 0.021379588543767647 0.017221908526256352
0 0.7022993142396128 0.6072840203274986 0.003227107704719645 0.00282326369282891
0 0.7263009277934651 0.6185770750988142 0.04719645018152481 0.009034443817052512
0 0.7847922549415087 0.6182947487295314 0.031060911657926585 0.010163749294184076
0 0.7892295280354982 0.6084133258046301 0.003630496167809601 0.002258610954263128
0 0.14683340056474384 0.6675607001693958 0.017749092375958047 0.009316770186335404
0 0.1789027833803953 0.6681253529079616 0.04154901169826543 0.009881422924901186
0 0.20713997579669222 0.6667137210615471 0.010891488503428802 0.01101072840203275
0 0.24949576442113755 0.6681253529079616 0.020572811617587738 0.008752117447769622
0 0.2654296087131908 0.6684076792772445 0.01936264622831787 0.010446075663466968
0 0.3118192819685357 0.6686900056465274 0.012101653892698669 0.012704686617730096
0 0.3688987494957644 0.6658667419536984 0.09318273497377975 0.0189158667419537
0 0.4626865671641791 0.674901185770751 0.053247277127874144 0.021739130434782608
0 0.49394917305365066 0.6727837380011293 0.0028237192416296895 0.0033879164313946925
0 0.50040338846309 0.6654432523997741 0.010891488503428802 0.0033879164313946925
0 0.5480032271077048 0.6661490683229814 0.018152480839048003 0.016092603049124788
0 0.6105284388866479 0.6675607001693958 0.04800322710770472 0.014963297571993224
0 0.6837434449374747 0.6654432523997741 0.015328761597418314 0.017504234895539244
0 0.7119806373537717 0.669819311123659 0.04921339249697459 0.011575381140598532
0 0.7232755143202905 0.6571146245059288 0.004840661557079467 0.001411631846414455
0 0.754134731746672 0.6691134952004517 0.014118596208148447 0.01129305477131564
0 0.15954013715207746 0.7221908526256352 0.038321903993545785 0.031055900621118012
0 0.2515127067365873 0.7188029361942405 0.14158935054457442 0.010728402032749858
0 0.3263412666397741 0.7200734048560136 0.0024203307785397336 0.004234895539243365
0 0.33118192819685355 0.7131564088085828 0.010488100040338847 0.0033879164313946925
0 0.37575635336829366 0.718944099378882 0.026220250100847116 0.009316770186335404
0 0.43041549011698266 0.718944099378882 0.020976200080677694 0.008752117447769622
0 0.509883017345704 0.7152738565782044 0.08551835417507059 0.021739130434782608
0 0.5417507059298104 0.7100508187464709 0.003227107704719645 0.0016939582156973462
0 0.6192012908430818 0.717673630717109 0.03711173860427592 0.02766798418972332
0 0.7160145219846712 0.715132693393563 0.08713190802743041 0.017504234895539244
0 0.7787414279951593 0.7192264257481649 0.0028237192416296895 0.001976284584980237
0 0.780960064542154 0.7152738565782044 0.0024203307785397336 0.001976284584980237
0 0.8301734570391287 0.7165443252399775 0.06292860024203308 0.018068887634105024
