0 0.15732150060508268 0.2161208356860531 0.01855586930213796 0.016092603049124788
0 0.1736587333602259 0.21936758893280633 0.024606696248487294 0.006211180124223602
0 0.236385639370714 0.2165443252399774 0.05244050020169423 0.014680971202710334
0 0.2670431625655506 0.2124505928853755 0.003227107704719645 0.001411631846414455
0 0.272488906817265 0.22035573122529645 0.008471157724889069 0.005928853754940711
0 0.31887858007260994 0.2183794466403162 0.03509479628882614 0.00818746470920384
0 0.34530052440500203 0.21696781479390176 0.014521984671238403 0.007058159232072276
0 0.3688987494957644 0.21541501976284586 0.02702702702702703 0.012422360248447204
0 0.3914885034288019 0.22007340485601354 0.012505042355788625 0.004234895539243365
0 0.3898749495764421 0.2100508187464709 0.0028237192416296895 0.002258610954263128
0 0.399959661153691 0.22571993224167136 0.01573215006050827 0.014963297571993224
0 0.436264622831787 0.21880293619424054 0.02864058087938685 0.006211180124223602
0 0.46672045179507865 0.21414455110107283 0.02743041549011698 0.01383399209486166
0 0.4991932230738201 0.21513269339356295 0.030254134731746672 0.011857707509881422
0 0.5469947559499798 0.21456804065499718 0.026623638563937072 0.01355166572557877
0 0.5657523194836628 0.2186617730095991 0.014118596208148447 0.007622811970638058
0 0.5766438079870916 0.22219085262563523 0.0028237192416296895 0.0016939582156973462
0 0.6077047196450182 0.22120271033314512 0.022993142396127472 0.026256352343308864
0 0.6246470350947962 0.21640316205533597 0.010891488503428802 0.006493506493506494
0 0.6415893505445744 0.21287408243929984 0.020572811617587738 0.01355166572557877
0 0.6559096409842678 0.2140033879164314 0.016942315449778138 0.011857707509881422
0 0.6686163775716014 0.2161208356860531 0.01573215006050827 0.007058159232072276
0 0.6865671641791045 0.21597967250141162 0.015328761597418314 0.007340485601355167
0 0.7010891488503429 0.2220496894409938 0.016942315449778138 0.0189158667419537
0 0.7386042759177087 0.21682665160926032 0.01371520774505849 0.010728402032749858
0 0.7730939895119 0.21315640880858272 0.05203711173860428 0.01637492941840768
0 0.7974989915288423 0.21852060982495766 0.010488100040338847 0.006775832862789385
0 0.16821298910851148 0.2714568040654997 0.04437273093989512 0.007058159232072276
0 0.20814844695441712 0.2707509881422925 0.01855586930213796 0.00846979107848673
0 0.23376361436062928 0.27089215132693395 0.020572811617587738 0.00818746470920384
0 0.25312626058894716 0.2707509881422925 0.014118596208148447 0.010163749294184076
0 0.26966518757563535 0.27060982495765107 0.013311819281968536 0.009881422924901186
0 0.28862444534086323 0.27188029361942406 0.01734570391286809 0.007340485601355167
0 0.31343283582089554 0.27103331451157536 0.01371520774505849 0.007905138339920948
0 0.3303751512706737 0.2707509881422925 0.01855586930213796 0.007905138339920948
0 0.34409035901573215 0.26228119706380576 0.003227107704719645 0.00282326369282891
0 0.34953610326744655 0.2707509881422925 0.014118596208148447 0.006775832862789385
0 0.35962081484469544 0.2766798418972332 0.01734570391286809 0.01693958215697346
0 0.3741427995159338 0.2776679841897233 0.004437273093989512 0.005364201016374929
0 0.41427995159338443 0.2701863354037267 0.045986284792254944 0.007340485601355167
0 0.45582896329164985 0.2663749294184077 0.026623638563937072 0.013269339356295878
0 0.48749495764421136 0.27103331451157536 0.03428801936264623 0.006775832862789385
0 0.517749092375958 0.264257481648786 0.025413473174667203 0.01693958215697346
0 0.5490116982654296 0.26566911349520045 0.03227107704719645 0.01355166572557877
0 0.5917708753529649 0.269339356295878 0.033884630899556276 0.007340485601355167
0 0.6133521581282775 0.26792772444946356 0.011698265429608713 0.007905138339920948
0 0.6377571601452199 0.2694805194805195 0.015328761597418314 0.010446075663466968
0 0.6571198063735377 0.264257481648786 0.026623638563937072 0.01693958215697346
0 0.6968535699878984 0.2639751552795031 0.050423557886244454 0.01693958215697346
0 0.7256958450988302 0.26566911349520045 0.022589753933037516 0.01355166572557877
0 0.7567567567567568 0.2682100508187465 0.01371520774505849 0.009599096555618294
0 0.7910447761194029 0.2636928289102202 0.05405405405405406 0.01637492941840768
0 0.14885034288019364 0.3219932241671372 0.010488100040338847 0.011575381140598532
0 0.16317063331988704 0.32128740824393 0.012505042355788625 0.009034443817052512
0 0.1772892295280355 0.3210050818746471 0.012505042355788625 0.009599096555618294
0 0.19564340459862847 0.3166290231507623 0.017749092375958047 0.014398644833427442
0 0.22146026623638565 0.3169113495200452 0.03953206938281565 0.015527950310559006
0 0.24848729326341268 0.32058159232072275 0.01290843081887858 0.007058159232072276
0 0.2712787414279952 0.3169113495200452 0.027833803953206938 0.015527950310559006
0 0.2974989915288423 0.3176171654432524 0.02218636546994756 0.014680971202710334
0 0.33965308592174265 0.32156973461321287 0.03307785397337636 0.007340485601355167
0 0.3753529649052037 0.31832298136645965 0.027833803953206938 0.014398644833427442
0 0.4112545381202098 0.32128740824393 0.014118596208148447 0.00564652738565782
0 0.4318273497377975 0.32171089779785433 0.01653892698668818 0.007622811970638058
0 0.4257765227914482 0.3116883116883117 0.0028237192416296895 0.002258610954263128
0 0.45421540943929006 0.3170525127046866 0.014521984671238403 0.015245623941276116
0 0.46954417103670837 0.3204404291360813 0.014521984671238403 0.006211180124223602
0 0.48749495764421136 0.3210050818746471 0.01653892698668818 0.004517221908526256
0 0.5082694634933441 0.31634669678147936 0.016942315449778138 0.014398644833427442
0 0.5223880597014925 0.3125352907961604 0.003227107704719645 0.00282326369282891
0 0.527632109721662 0.31931112365894976 0.01290843081887858 0.006775832862789385
0 0.5397337636143607 0.320016939582157 0.01290843081887858 0.007058159232072276
0 0.5800726099233562 0.32029926595143987 0.03227107704719645 0.008752117447769622
0 0.6070996369503833 0.3201581027667984 0.015328761597418314 0.00846979107848673
0 0.617789431222267 0.32396950875211744 0.021379588543767647 0.016092603049124788
0 0.6409842678499394 0.320016939582157 0.01290843081887858 0.00818746470920384
0 0.6659943525615167 0.3166290231507623 0.029043969342476807 0.014963297571993224
0 0.6893908834207342 0.31931112365894976 0.01371520774505849 0.006211180124223602
0 0.6867688584106495 0.31098249576510445 0.0028237192416296895 0.0036702428006775835
0 0.7119806373537717 0.3166290231507623 0.023396530859217425 0.013269339356295878
0 0.7420330778539733 0.3181818181818182 0.02944735780556676 0.00846979107848673
0 0.7293263412666398 0.3116883116883117 0.003227107704719645 0.002258610954263128
0 0.763210972166196 0.327639751552795 0.00645421540943929 0.004799548277809147
0 0.7924566357402179 0.3204404291360813 0.018152480839048003 0.006775832862789385
0 0.8120209762000806 0.32058159232072275 0.01290843081887858 0.007058159232072276
0 0.8077853973376361 0.3129587803500847 0.003630496167809601 0.0036702428006775835
0 0.14965711980637353 0.371682665160926 0.016135538523598225 0.007058159232072276
0 0.19786204114562322 0.37238848108413325 0.043162565550625254 0.007905138339920948
0 0.23134328358208955 0.37224731789949184 0.014925373134328358 0.009316770186335404
0 0.2488906817265026 0.37224731789949184 0.02016942315449778 0.006493506493506494
0 0.2682533279548205 0.37210615471485037 0.014521984671238403 0.005081874647092038
0 0.28297700685760385 0.3740824392998306 0.012505042355788625 0.007905138339920948
0 0.32755143202904397 0.3719649915302089 0.03146430012101654 0.00818746470920384
0 0.3537716821298911 0.3728119706380576 0.01290843081887858 0.007058159232072276
0 0.3719241629689391 0.3694240542066629 0.021782977006857603 0.014398644833427442
0 0.41528842275110933 0.36984754376058726 0.0318676885841065 0.011857707509881422
0 0.4681323114158935 0.36674195369847545 0.031060911657926585 0.01637492941840768
0 0.48971359419120614 0.3715415019762846 0.01290843081887858 0.009599096555618294
0 0.5171440096813231 0.36617730095990964 0.03711173860427592 0.017504234895539244
0 0.5467930617184349 0.37027103331451156 0.013311819281968536 0.008752117447769622
0 0.5665590964098427 0.366600790513834 0.020572811617587738 0.016657255787690572
0 0.5956030657523195 0.3706945228684359 0.0318676885841065 0.009599096555618294
0 0.5841064945542558 0.36151891586674195 0.004033884630899556 0.004799548277809147
0 0.6518757563533683 0.36716544325239975 0.048406615570794675 0.013269339356295878
0 0.6936264622831787 0.36561264822134387 0.02218636546994756 0.012422360248447204
0 0.7315449778136345 0.36561264822134387 0.0318676885841065 0.015810276679841896
0 0.77349737797499 0.3685770750988142 0.012505042355788625 0.008752117447769622
0 0.7890278338039532 0.3681535855448899 0.01290843081887858 0.006211180124223602
0 0.809600645421541 0.36801242236024845 0.029043969342476807 0.022303783173348392
0 0.836829366680113 0.3644833427442123 0.022993142396127472 0.014680971202710334
0 0.8525615167406212 0.3739412761151892 0.01653892698668818 0.01383399209486166
0 0.8642597821702299 0.37422360248447206 0.003630496167809601 0.001976284584980237
0 0.14400968132311415 0.42080745341614906 0.012101653892698669 0.012140033879164314
0 0.15288422751109318 0.41106719367588934 0.021782977006857603 0.003952569169960474
0 0.17204517950786608 0.4178430265386787 0.04477611940298507 0.01693958215697346
0 0.22892295280354982 0.42814793901750425 0.018959257765227916 0.017786561264822136
0 0.2507059298104074 0.42264257481648787 0.014925373134328358 0.00846979107848673
0 0.2692617991125454 0.4225014116318464 0.014118596208148447 0.006493506493506494
0 0.28620411456232353 0.4222190852625635 0.02379991932230738 0.008752117447769622
0 0.3075837031060912 0.422360248447205 0.018152480839048003 0.007340485601355167
0 0.3574021782977007 0.4213721061547149 0.08309802339653086 0.009881422924901186
0 0.4102460669624849 0.4191134952004517 0.01371520774505849 0.014398644833427442
0 0.42860024203307784 0.4134669678147939 0.007664380798709157 0.007058159232072276
0 0.43162565550625254 0.4234895539243365 0.015328761597418314 0.010163749294184076
0 0.46954417103670837 0.42701863354037267 0.020976200080677694 0.0189158667419537
0 0.5050423557886244 0.4222190852625635 0.04195240016135539 0.00818746470920384
0 0.5354981847519161 0.42715979672501414 0.019766034691407825 0.018068887634105024
0 0.5685760387252925 0.42264257481648787 0.035901573215006054 0.007905138339920948
0 0.5927793465106898 0.42292490118577075 0.01008471157724889 0.00846979107848673
0 0.6313029447357805 0.4171372106154715 0.033884630899556276 0.016092603049124788
0 0.673053650665591 0.41699604743083 0.04800322710770472 0.014680971202710334
0 0.653892698668818 0.4137492941840768 0.003227107704719645 0.004234895539243365
0 0.7226704316256555 0.42179559570863917 0.018152480839048003 0.009034443817052512
0 0.7498991528842275 0.41671372106154714 0.03065752319483663 0.014680971202710334
0 0.7795482049213392 0.4168548842461886 0.022993142396127472 0.015527950310559006
0 0.8313836224283986 0.41967814793901753 0.06938281565147236 0.008752117447769622
0 0.8755546591367487 0.41727837380011296 0.007664380798709157 0.010728402032749858
0 0.16014521984671237 0.47571993224167136 0.042759177087535294 0.010728402032749858
0 0.22509076240419523 0.4688029361942405 0.029043969342476807 0.014963297571993224
0 0.254538120209762 0.4731789949181254 0.03065752319483663 0.007905138339920948
0 0.3160548608309802 0.4688029361942405 0.08511496571198064 0.017221908526256352
0 0.39874949576442115 0.468944099378882 0.024606696248487294 0.014680971202710334
0 0.4189189189189189 0.467673630717109 0.02702702702702703 0.015527950310559006
0 0.4419120613150464 0.4731789949181254 0.010891488503428802 0.006775832862789385
0 0.47297297297297297 0.46936758893280633 0.038321903993545785 0.017221908526256352
0 0.4981847519160952 0.4731789949181254 0.01290843081887858 0.00846979107848673
0 0.508874546187979 0.4731789949181254 0.008471157724889069 0.006775832862789385
0 0.5231948366276724 0.474025974025974 0.016135538523598225 0.007340485601355167
0 0.518757563533683 0.4640033879164314 0.003227107704719645 0.005364201016374929
0 0.5707946752722872 0.4675324675324675 0.033884630899556276 0.018068887634105024
0 0.5867285195643405 0.47035573122529645 0.014925373134328358 0.009034443817052512
0 0.6026623638563937 0.47035573122529645 0.016135538523598225 0.009034443817052512
0 0.6187979023799919 0.47134387351778656 0.01290843081887858 0.009881422924901186
0 0.6563130294473578 0.4707792207792208 0.03307785397337636 0.007622811970638058
0 0.68192819685357 0.47148503670242803 0.010891488503428802 0.006775832862789385
0 0.7010891488503429 0.467673630717109 0.024203307785397338 0.01383399209486166
0 0.736789027833804 0.4710615471485037 0.011698265429608713 0.008752117447769622
0 0.7507059298104074 0.4712027103331451 0.016135538523598225 0.006775832862789385
0 0.7704719645018152 0.4772727272727273 0.01855586930213796 0.016657255787690572
0 0.7682533279548205 0.4712027103331451 0.0060508269463493344 0.005081874647092038
0 0.8144413069786204 0.46922642574816487 0.041145623235175476 0.00846979107848673
0 0.8485276321097217 0.47063805759457933 0.01653892698668818 0.00564652738565782
0 0.8767648245260186 0.46696781479390176 0.02864058087938685 0.014680971202710334
0 0.8977410246066962 0.47882552230378317 0.0060508269463493344 0.006775832862789385
0 0.15590964098426785 0.5206098249576511 0.050423557886244454 0.014116318464144552
0 0.19584509883017345 0.5203274985883681 0.021379588543767647 0.01129305477131564
0 0.23578055667607906 0.5251270468661773 0.014925373134328358 0.006211180124223602
0 0.25655506252521176 0.5207509881422925 0.022589753933037516 0.01383399209486166
0 0.2482855990318677 0.5162337662337663 0.003630496167809601 0.0036702428006775835
0 0.30919725695845096 0.5244212309429701 0.014118596208148447 0.007622811970638058
0 0.3263412666397741 0.5248447204968945 0.016135538523598225 0.006211180124223602
0 0.34288019362646227 0.5335968379446641 0.004840661557079467 0.00564652738565782
0 0.3444937474788221 0.5249858836815359 0.00645421540943929 0.005364201016374929
0 0.35135135135135137 0.5265386787125917 0.009681323114158934 0.007905138339920948
0 0.36486486486486486 0.5261151891586674 0.013311819281968536 0.007622811970638058
0 0.41851553045582895 0.5248447204968945 0.038321903993545785 0.009034443817052512
0 0.4554255748285599 0.5170807453416149 0.033884630899556276 0.017221908526256352
0 0.49415086728519564 0.5180688876341051 0.03711173860427592 0.014680971202710334
0 0.5346914078257362 0.5225861095426313 0.018152480839048003 0.006775832862789385
0 0.5512303348124243 0.5232919254658385 0.00927793465106898 0.007058159232072276
0 0.5500201694231545 0.5141163184641445 0.003630496167809601 0.005081874647092038
0 0.599838644614764 0.5223037831733484 0.045986284792254944 0.007905138339920948
0 0.6323114158935055 0.5223037831733484 0.012505042355788625 0.00846979107848673
0 0.6488503428801936 0.5206098249576511 0.019766034691407825 0.00846979107848673
0 0.6655909640984268 0.5221626199887069 0.015328761597418314 0.009881422924901186
0 0.6772892295280355 0.5225861095426313 0.01290843081887858 0.009599096555618294
0 0.7008874546187979 0.5215979672501412 0.03670835014118596 0.007622811970638058
0 0.7301331181928197 0.5286561264822134 0.015328761597418314 0.014963297571993224
0 0.727914481645825 0.52343308865048 0.006857603872529245 0.004517221908526256
0 0.7583703106091165 0.5191981931112366 0.010488100040338847 0.002258610954263128
0 0.8011294876966518 0.5165160926030491 0.04356595401371521 0.016092603049124788
0 0.8465106897942719 0.5166572557876906 0.03993545784590561 0.01355166572557877
0 0.16680112948769665 0.5708639186900056 0.06333198870512304 0.015810276679841896
0 0.2488906817265026 0.5678994918125353 0.03146430012101654 0.017786561264822136
0 0.2757160145219847 0.5722755505364201 0.026220250100847116 0.007905138339920948
0 0.3402581686163776 0.5698757763975155 0.09318273497377975 0.016657255787690572
0 0.4235578862444534 0.5732636928289102 0.01855586930213796 0.014398644833427442
0 0.4334409035901573 0.5719932241671372 0.018152480839048003 0.01693958215697346
0 0.4536103267446551 0.57128740824393 0.02702702702702703 0.014398644833427442
0 0.4782170229931424 0.5758046301524562 0.011698265429608713 0.007622811970638058
0 0.5056474384832593 0.5721343873517787 0.03428801936264623 0.016092603049124788
0 0.5302541347317467 0.5765104460756635 0.014925373134328358 0.00846979107848673
0 0.5421540943929004 0.5763692828910221 0.009681323114158934 0.006493506493506494
0 0.5568777732956838 0.5759457933370977 0.014118596208148447 0.006775832862789385
0 0.5534489713594192 0.5669113495200452 0.003227107704719645 0.004517221908526256
0 0.6073013311819282 0.571005081874647 0.020572811617587738 0.014963297571993224
0 0.6325131101250504 0.5743929983060417 0.04033884630899556 0.009316770186335404
0 0.6629689390883421 0.5732636928289102 0.014118596208148447 0.009881422924901186
0 0.6807180314643001 0.5673348390739695 0.018152480839048003 0.016657255787690572
0 0.6960467930617185 0.5636645962732919 0.003630496167809601 0.003105590062111801
0 0.7111738604275918 0.5684641445511011 0.03227107704719645 0.016092603049124788
0 0.7410246066962485 0.5656408808582721 0.021782977006857603 0.017221908526256352
0 0.7775312626058895 0.5704404291360813 0.04235578862444534 0.009316770186335404
0 0.7597821702299314 0.5614059853190287 0.003630496167809601 0.0036702428006775835
0 0.8287615974183138 0.571005081874647 0.01653892698668818 0.006493506493506494
0 0.8442920532472771 0.5715697346132129 0.012101653892698669 0.007622811970638058
0 0.8422751109318274 0.5625352907961604 0.003227107704719645 0.0036702428006775835
0 0.1510689794271884 0.6249294184076792 0.014925373134328358 0.010446075663466968
0 0.1661960467930617 0.63085827216262 0.023396530859217425 0.020045172219085264
0 0.1964501815248084 0.6238001129305477 0.03307785397337636 0.00818746470920384
0 0.2519160951996773 0.6216826651609261 0.038321903993545785 0.014680971202710334
0 0.30334812424364666 0.6240824392998306 0.028237192416296894 0.011575381140598532
0 0.3293666801129488 0.6239412761151891 0.01653892698668818 0.007905138339920948
0 0.3412666397741025 0.6239412761151891 0.008067769261799113 0.006775832862789385
0 0.35054457442517145 0.6137775268210051 0.003227107704719645 0.003952569169960474
0 0.3610326744655103 0.6233766233766234 0.023396530859217425 0.00846979107848673
0 0.39572408229124645 0.6236589497459063 0.035498184751916094 0.009599096555618294
0 0.3836224283985478 0.6126482213438735 0.004033884630899556 0.005081874647092038
0 0.4253731343283582 0.629305477131564 0.003630496167809601 0.0016939582156973462
0 0.4243646631706333 0.6391869000564653 0.0016135538523598225 0.001129305477131564
0 0.4515933844292053 0.620694522868436 0.01573215006050827 0.013269339356295878
0 0.45764421137555467 0.6119424054206662 0.021379588543767647 0.007058159232072276
0 0.4770068576038725 0.6180124223602484 0.04800322710770472 0.017504234895539244
0 0.5080677692617991 0.6157538114059853 0.003630496167809601 0.0033879164313946925
0 0.5121016538926987 0.6247882552230378 0.008471157724889069 0.007905138339920948
0 0.5425574828559904 0.6236589497459063 0.016942315449778138 0.007905138339920948
0 0.5588947156111336 0.6236589497459063 0.007664380798709157 0.007905138339920948
0 0.5580879386849537 0.6158949745906268 0.003630496167809601 0.004799548277809147
0 0.5945945945945946 0.6222473178994918 0.03146430012101654 0.00846979107848673
0 0.6329164985881404 0.622953133822699 0.04195240016135539 0.009881422924901186
0 0.6573215006050827 0.6238001129305477 0.01734570391286809 0.01101072840203275
0 0.6661960467930618 0.6324110671936759 0.006857603872529245 0.006775832862789385
0 0.7016942315449778 0.6160361377752682 0.038321903993545785 0.018068887634105024
0 0.7315449778136345 0.6199887069452287 0.012505042355788625 0.00846979107848673
0 0.7533279548204921 0.61914172783738 0.024606696248487294 0.007340485601355167
0 0.77349737797499 0.6197063805759458 0.01573215006050827 0.007905138339920948
0 0.7920532472771279 0.6195652173913043 0.014118596208148447 0.006493506493506494
0 0.8138362242839855 0.6201298701298701 0.0326744655102864 0.00818746470920384
0 0.1553045582896329 0.6756070016939583 0.05244050020169423 0.009034443817052512
0 0.19402985074626866 0.6757481648785997 0.01936264622831787 0.007058159232072276
0 0.21621621621621623 0.674901185770751 0.008874546187979023 0.005928853754940711
0 0.2319483662767245 0.6696781479390175 0.021782977006857603 0.015810276679841896
0 0.23759580475998388 0.6671372106154715 0.0016135538523598225 0.001129305477131564
0 0.2944735780556676 0.6719367588932806 0.063735377168213 0.015245623941276116
0 0.3674868898749496 0.6778656126482213 0.02581686163775716 0.028232636928289104
0 0.38463089955627267 0.674901185770751 0.013311819281968536 0.00818746470920384
0 0.40237999193223073 0.6746188594014682 0.01734570391286809 0.007058159232072276
0 0.4219443323920936 0.6737718802936195 0.028237192416296894 0.009881422924901186
0 0.4497781363453005 0.6744776962168266 0.02016942315449778 0.007905138339920948
0 0.48204921339249696 0.6744776962168266 0.029850746268656716 0.009034443817052512
0 0.5244050020169423 0.6733483907396951 0.053247277127874144 0.007905138339920948
0 0.5655506252521177 0.668266516092603 0.016135538523598225 0.014680971202710334
0 0.6135538523598225 0.6696781479390175 0.041145623235175476 0.017504234895539244
0 0.6460266236385639 0.6719367588932806 0.014925373134328358 0.010163749294184076
0 0.6438079870915692 0.6640316205533597 0.004033884630899556 0.003952569169960474
0 0.6603469140782574 0.6734895539243365 0.01371520774505849 0.008752117447769622
0 0.7079467527228721 0.6684076792772445 0.03953206938281565 0.016092603049124788
0 0.7656313029447358 0.6681253529079616 0.04033884630899556 0.016092603049124788
0 0.7936668011294877 0.6725014116318464 0.010891488503428802 0.006775832862789385
0 0.7918515530455829 0.6638904573687182 0.003227107704719645 0.003105590062111801
0 0.8083904800322711 0.6792772444946358 0.020976200080677694 0.021456804065499716
0 0.8382412263009278 0.6729249011857708 0.03065752319483663 0.006493506493506494
0 0.86345300524405 0.6750423489553924 0.012505042355788625 0.007340485601355167
0 0.8628479225494151 0.6665725578769057 0.003227107704719645 0.002258610954263128
0 0.8789834610730133 0.6744776962168266 0.01290843081887858 0.006775832862789385
0 0.14501815248083905 0.7248729531338227 0.01734570391286809 0.007622811970638058
0 0.1674062121823316 0.7212027103331451 0.024203307785397338 0.013269339356295878
0 0.1591367486889875 0.7132975719932242 0.003630496167809601 0.004234895539243365
0 0.21218233158531666 0.721485036702428 0.03146430012101654 0.015527950310559006
0 0.23880597014925373 0.7305194805194806 0.016942315449778138 0.017221908526256352
0 0.282170229931424 0.7251552795031055 0.014118596208148447 0.008752117447769622
0 0.30133118192819686 0.72656691134952 0.016942315449778138 0.006493506493506494
0 0.3219039935457846 0.7329192546583851 0.02016942315449778 0.019198193111236588
0 0.3402581686163776 0.7255787690570299 0.012505042355788625 0.006775832862789385
0 0.3582089552238806 0.7254376058723885 0.014521984671238403 0.005928853754940711
0 0.35316659943525613 0.7155561829474872 0.003630496167809601 0.0036702428006775835
0 0.3688987494957644 0.7302371541501976 0.01734570391286809 0.014963297571993224
0 0.4253731343283582 0.7188029361942405 0.04881000403388463 0.01693958215697346
0 0.45683743444937475 0.7244494635798984 0.011698265429608713 0.006775832862789385
0 0.48124243646631704 0.7197910784867306 0.02581686163775716 0.013269339356295878
0 0.5381202097620008 0.7180971202710333 0.07099636950383219 0.017221908526256352
0 0.608713190802743 0.7241671372106154 0.024203307785397338 0.010163749294184076
0 0.6351351351351351 0.7238848108413326 0.01734570391286809 0.007340485601355167
0 0.6492537313432836 0.7233201581027668 0.0060508269463493344 0.00564652738565782
0 0.6599435256151674 0.713579898362507 0.003227107704719645 0.003105590062111801
0 0.6643807987091569 0.7236024844720497 0.012101653892698669 0.010728402032749858
0 0.6754739814441307 0.7234613212874083 0.006857603872529245 0.007058159232072276
0 0.6980637353771683 0.7244494635798984 0.031060911657926585 0.009034443817052512
0 0.6861637757160145 0.7132975719932242 0.003227107704719645 0.004799548277809147
0 0.7517144009681324 0.7245906267645398 0.04154901169826543 0.00818746470920384
0 0.7946752722872126 0.7236024844720497 0.03630496167809601 0.007340485601355167
0 0.8325937878176685 0.7193675889328063 0.029850746268656716 0.015245623941276116
0 0.8553852359822509 0.7175324675324676 0.02864058087938685 0.016092603049124788
0 0.8961274707543364 0.7199322416713722 0.045582896329164985 0.018068887634105024
