0 0.14481645824929407 0.20186335403726707 0.011294876966518758 0.00282326369282891
0 0.14501815248083905 0.21103896103896103 0.004437273093989512 0.012704686617730096
0 0.1553045582896329 0.21329757199322416 0.008067769261799113 0.006493506493506494
0 0.19766034691407824 0.21315640880858272 0.023396530859217425 0.015245623941276116
0 0.24505849132714805 0.21781479390175043 0.014925373134328358 0.010446075663466968
0 0.2668414683340056 0.2161208356860531 0.020572811617587738 0.012140033879164314
0 0.2835820895522388 0.21823828345567475 0.012101653892698669 0.007340485601355167
0 0.31242436466317064 0.2171089779785432 0.0060508269463493344 0.01693958215697346
0 0.32008874546187976 0.21852060982495766 0.007664380798709157 0.010163749294184076
0 0.35397337636143605 0.2180971202710333 0.014118596208148447 0.007058159232072276
0 0.3719241629689391 0.21823828345567475 0.012101653892698669 0.007905138339920948
0 0.3884630899556273 0.22275550536420102 0.011294876966518758 0.015810276679841896
0 0.4134731746672045 0.20878035008469792 0.004033884630899556 0.005364201016374929
0 0.41750705929810406 0.20976849237718803 0.003227107704719645 0.00564652738565782
0 0.44130697862041146 0.2149915302089215 0.02581686163775716 0.016657255787690572
0 0.46772892295280355 0.21936758893280633 0.018152480839048003 0.009599096555618294
0 0.4965711980637354 0.21527385657820441 0.0024203307785397336 0.001976284584980237
0 0.5046389673255345 0.2180971202710333 0.015328761597418314 0.016657255787690572
0 0.5324727712787414 0.2165443252399774 0.03469140782573618 0.014680971202710334
0 0.5792658329971763 0.21682665160926032 0.015328761597418314 0.007340485601355167
0 0.5937878176684147 0.2165443252399774 0.00645421540943929 0.007905138339920948
0 0.6054860830980234 0.217673630717109 0.009681323114158934 0.007905138339920948
0 0.6250504235578862 0.21541501976284586 0.01734570391286809 0.012987012987012988
0 0.6563130294473578 0.2183794466403162 0.028237192416296894 0.009881422924901186
0 0.6752722872125857 0.21823828345567475 0.008067769261799113 0.007340485601355167
0 0.6883824122630092 0.21597967250141162 0.00927793465106898 0.01129305477131564
0 0.7057281161758774 0.21132128740824394 0.004437273093989512 0.004799548277809147
0 0.709156918112142 0.2140033879164314 0.003227107704719645 0.00564652738565782
0 0.7424364663170633 0.22035573122529645 0.031060911657926585 0.00818746470920384
0 0.7517144009681324 0.2134387351778656 0.0028237192416296895 0.002258610954263128
0 0.7793465106897943 0.21979107848673066 0.01371520774505849 0.007622811970638058
0 0.7974989915288423 0.22063805759457933 0.01371520774505849 0.006493506493506494
0 0.16478418717224688 0.2694805194805195 0.051230334812424366 0.007622811970638058
0 0.18838241226300928 0.2593167701863354 0.003227107704719645 0.002540937323546019
0 0.20431625655506253 0.2732919254658385 0.011698265429608713 0.018633540372670808
0 0.23396530859217426 0.26566911349520045 0.04033884630899556 0.01355166572557877
0 0.2603872529245664 0.2683512140033879 0.011698265429608713 0.008752117447769622
0 0.2888261395724082 0.2684923771880294 0.03307785397337636 0.012987012987012988
0 0.336224283985478 0.2694805194805195 0.01573215006050827 0.008752117447769622
0 0.35599031867688585 0.2672219085262564 0.01573215006050827 0.014398644833427442
0 0.3719241629689391 0.2694805194805195 0.008067769261799113 0.007622811970638058
0 0.3870512303348124 0.2696216826651609 0.013311819281968536 0.00846979107848673
0 0.40399354578459057 0.2707509881422925 0.014925373134328358 0.006775832862789385
0 0.42496974586526826 0.27060982495765107 0.01734570391286809 0.00818746470920384
0 0.44493747478822104 0.2723037831733484 0.0024203307785397336 0.001976284584980237
0 0.48083904800322713 0.2672219085262564 0.03065752319483663 0.014963297571993224
0 0.5603065752319484 0.2694805194805195 0.07987091569181122 0.012140033879164314
0 0.6383622428398548 0.26877470355731226 0.057684550221863654 0.01129305477131564
0 0.6950383219039935 0.26595143986448333 0.021782977006857603 0.015810276679841896
0 0.7611940298507462 0.26905702992659514 0.041145623235175476 0.010163749294184076
0 0.7924566357402179 0.2694805194805195 0.010891488503428802 0.009316770186335404
0 0.8202904396934247 0.27004517221908525 0.043969342476805166 0.017221908526256352
0 0.845502218636547 0.26595143986448333 0.0024203307785397336 0.002258610954263128
0 0.8529649052037112 0.26778656126482214 0.012505042355788625 0.012140033879164314
0 0.8610326744655102 0.2717391304347826 0.006857603872529245 0.00818746470920384
0 0.8850342880193627 0.2737154150197628 0.03146430012101654 0.012140033879164314
0 0.1536910044372731 0.31535855448898925 0.033884630899556276 0.014680971202710334
0 0.18737394110528438 0.31804065499717676 0.02944735780556676 0.013269339356295878
0 0.23376361436062928 0.3176171654432524 0.018152480839048003 0.014116318464144552
0 0.2680516337232755 0.3156408808582722 0.045582896329164985 0.01355166572557877
0 0.2843888664784187 0.30999435347261434 0.0024203307785397336 0.00282326369282891
0 0.3227107704719645 0.3197346132128741 0.03227107704719645 0.009316770186335404
0 0.32674465510286405 0.31126482213438733 0.0024203307785397336 0.002540937323546019
0 0.3860427591770875 0.31945228684359117 0.03953206938281565 0.009316770186335404
0 0.41226300927793463 0.31945228684359117 0.012101653892698669 0.00818746470920384
0 0.43061718434852764 0.3177583286278938 0.013311819281968536 0.007058159232072276
0 0.44776119402985076 0.31521739130434784 0.014521984671238403 0.014398644833427442
0 0.45663574021782977 0.3102766798418972 0.0024203307785397336 0.002258610954263128
0 0.4705526421944332 0.31648785996612083 0.018152480839048003 0.007905138339920948
0 0.4828559903186769 0.3211462450592885 0.010488100040338847 0.013269339356295878
0 0.5252117789431222 0.31804065499717676 0.026623638563937072 0.009881422924901186
0 0.553852359822509 0.31535855448898925 0.03065752319483663 0.012422360248447204
0 0.5901573215006051 0.31733483907396953 0.003227107704719645 0.014680971202710334
0 0.6048810004033884 0.3207227555053642 0.02379991932230738 0.009034443817052512
0 0.627067365873336 0.31634669678147936 0.014925373134328358 0.016657255787690572
0 0.6764824526018556 0.32171089779785433 0.029043969342476807 0.008752117447769622
0 0.7146026623638564 0.320016939582157 0.018959257765227916 0.016092603049124788
0 0.7622025010084712 0.32241671372106157 0.02379991932230738 0.021456804065499716
0 0.782371924162969 0.32185206098249575 0.010891488503428802 0.006211180124223602
0 0.8027430415490117 0.3201581027667984 0.022589753933037516 0.014116318464144552
0 0.8247277127874143 0.3245341614906832 0.018959257765227916 0.007058159232072276
0 0.15409439290036306 0.3673066064370412 0.016135538523598225 0.010728402032749858
0 0.18334005647438484 0.36561264822134387 0.03509479628882614 0.014680971202710334
0 0.24405002016942315 0.3654714850367024 0.01855586930213796 0.014398644833427442
0 0.2712787414279952 0.3681535855448899 0.0326744655102864 0.009599096555618294
0 0.28176684146833403 0.365330321852061 0.003630496167809601 0.002258610954263128
0 0.2898346107301331 0.3619424054206663 0.0028237192416296895 0.0033879164313946925
0 0.30032271077047196 0.3697063805759458 0.014925373134328358 0.00818746470920384
0 0.30778539733763616 0.36278938452851495 0.003227107704719645 0.00282326369282891
0 0.32331585316659944 0.3684359119141728 0.022993142396127472 0.009599096555618294
0 0.3810004033884631 0.3705533596837945 0.02864058087938685 0.009881422924901186
0 0.40964098426784995 0.3709768492377188 0.020572811617587738 0.009034443817052512
0 0.4302137958854377 0.37859966120835686 0.013311819281968536 0.014680971202710334
0 0.4342476805163372 0.3644833427442123 0.002016942315449778 0.00282326369282891
0 0.48951189995966116 0.36928289102202144 0.043969342476805166 0.01637492941840768
0 0.5873336022589754 0.3695652173913043 0.10810810810810811 0.015810276679841896
0 0.6831383622428399 0.3681535855448899 0.031060911657926585 0.012987012987012988
0 0.6835417507059298 0.3610954263128176 0.0060508269463493344 0.0033879164313946925
0 0.7051230334812424 0.37422360248447206 0.00645421540943929 0.00818746470920384
0 0.7335619201290843 0.37027103331451156 0.030254134731746672 0.012704686617730096
0 0.7872125857200484 0.371682665160926 0.04154901169826543 0.01101072840203275
0 0.8142396127470755 0.3715415019762846 0.006857603872529245 0.014116318464144552
0 0.8265429608713191 0.3708356860530774 0.015328761597418314 0.013269339356295878
0 0.8688987494957644 0.3730942970073405 0.026623638563937072 0.009316770186335404
0 0.899556272690601 0.3709768492377188 0.03146430012101654 0.014680971202710334
0 0.14784187172246874 0.4148785996612084 0.018959257765227916 0.017221908526256352
0 0.16559096409842677 0.4193958215697346 0.008471157724889069 0.00818746470920384
0 0.1791044776119403 0.41643139469226426 0.015328761597418314 0.015810276679841896
0 0.24425171440096813 0.4191134952004517 0.040742234772085516 0.020045172219085264
0 0.3037515127067366 0.41643139469226426 0.03065752319483663 0.017504234895539244
0 0.3235175473981444 0.4213721061547149 0.010488100040338847 0.008752117447769622
0 0.34388866478418717 0.4227837380011293 0.02379991932230738 0.007622811970638058
0 0.3620411456232352 0.42476002258610956 0.002016942315449778 0.001976284584980237
0 0.4154901169826543 0.41854884246188595 0.04356595401371521 0.015527950310559006
0 0.44574425171440096 0.42066629023150764 0.015328761597418314 0.00846979107848673
0 0.4673255344897136 0.41699604743083 0.02379991932230738 0.01693958215697346
0 0.5137152077450585 0.4243365330321852 0.024606696248487294 0.0220214568040655
0 0.5379185155304558 0.4202428006775833 0.00927793465106898 0.009316770186335404
0 0.5625252117789431 0.42193675889328064 0.03509479628882614 0.008752117447769622
0 0.5889471561113352 0.42193675889328064 0.01290843081887858 0.007058159232072276
0 0.6212182331585316 0.42603049124788256 0.041145623235175476 0.014116318464144552
0 0.6740621218233158 0.42207792207792205 0.015328761597418314 0.010163749294184076
0 0.699878983461073 0.42080745341614906 0.04033884630899556 0.01383399209486166
0 0.7736990722065349 0.42066629023150764 0.05486083098023396 0.014116318464144552
0 0.8386446147640177 0.4225014116318464 0.07099636950383219 0.011575381140598532
0 0.14804356595401372 0.4696499153020892 0.045986284792254944 0.009881422924901186
0 0.1799112545381202 0.46696781479390176 0.01290843081887858 0.01355166572557877
0 0.23053650665590963 0.4704968944099379 0.0536506655909641 0.013269339356295878
0 0.28721258572004843 0.47374364765669114 0.01371520774505849 0.009034443817052512
0 0.3208955223880597 0.4733201581027668 0.01734570391286809 0.01383399209486166
0 0.33864461476401775 0.47346132128740825 0.013311819281968536 0.007905138339920948
0 0.3598225090762404 0.47811970638057594 0.01371520774505849 0.016657255787690572
0 0.3983461073013312 0.4673913043478261 0.030254134731746672 0.0189158667419537
0 0.44352561516740624 0.47247317899491814 0.014925373134328358 0.00818746470920384
0 0.4774102460669625 0.47134387351778656 0.043969342476805166 0.010446075663466968
0 0.5108914885034288 0.47444946357989837 0.002016942315449778 0.001976284584980237
0 0.5599031867688584 0.4686617730095991 0.0645421540943929 0.01693958215697346
0 0.6131504638967326 0.4719085262563523 0.02743041549011698 0.012140033879164314
0 0.6379588543767648 0.4743083003952569 0.010891488503428802 0.007340485601355167
0 0.6676079064138766 0.4731789949181254 0.026623638563937072 0.010163749294184076
0 0.6849536103267446 0.47219085262563526 0.004840661557079467 0.012140033879164314
0 0.6958450988301734 0.4709203839638622 0.015328761597418314 0.012422360248447204
0 0.7263009277934651 0.47444946357989837 0.04154901169826543 0.010446075663466968
0 0.7866075030254135 0.4730378317334839 0.016135538523598225 0.015527950310559006
0 0.8047599838644615 0.47571993224167136 0.01290843081887858 0.007905138339920948
0 0.8313836224283986 0.47459062676453984 0.022589753933037516 0.00846979107848673
0 0.1508672851956434 0.5170807453416149 0.03711173860427592 0.016657255787690572
0 0.18071803146430013 0.5210333145115754 0.017749092375958047 0.007622811970638058
0 0.22730939895118998 0.5184923771880293 0.018152480839048003 0.009316770186335404
0 0.245663574021783 0.5200451722190853 0.014521984671238403 0.009599096555618294
0 0.2767244856797096 0.5191981931112366 0.028237192416296894 0.012987012987012988
0 0.29850746268656714 0.5221626199887069 0.008874546187979023 0.00818746470920384
0 0.31867688584106496 0.5191981931112366 0.01855586930213796 0.015245623941276116
0 0.3315853166599435 0.5211744776962168 0.00645421540943929 0.007905138339920948
0 0.3356192012908431 0.5152456239412762 0.0024203307785397336 0.00282326369282891
0 0.3555869302137959 0.5227272727272727 0.03428801936264623 0.009316770186335404
0 0.4164985881403792 0.519339356295878 0.033481242436466316 0.01101072840203275
0 0.45038321903993545 0.5214568040654998 0.031060911657926585 0.00846979107848673
0 0.4709560306575232 0.5271033314511575 0.0060508269463493344 0.015810276679841896
0 0.4772085518354175 0.5228684359119141 0.00645421540943929 0.007340485601355167
0 0.4977813634530052 0.5206098249576511 0.029850746268656716 0.009034443817052512
0 0.5127067365873336 0.5258328627893846 0.021782977006857603 0.01383399209486166
0 0.5145219846712384 0.5149632975719932 0.003630496167809601 0.003952569169960474
0 0.5399354578459056 0.5230095990965556 0.024606696248487294 0.010446075663466968
0 0.5899556272690601 0.5201863354037267 0.026220250100847116 0.011575381140598532
0 0.6022589753933038 0.512987012987013 0.004033884630899556 0.0033879164313946925
0 0.6111335215812828 0.5213156408808582 0.010488100040338847 0.008752117447769622
0 0.6254538120209762 0.5200451722190853 0.019766034691407825 0.01637492941840768
0 0.6740621218233158 0.5207509881422925 0.026623638563937072 0.013269339356295878
0 0.6950383219039935 0.5211744776962168 0.011294876966518758 0.007905138339920948
0 0.7135941912061315 0.5214568040654998 0.021782977006857603 0.009599096555618294
0 0.7581686163775716 0.5254093732354602 0.012505042355788625 0.018633540372670808
0 0.7807583703106091 0.5227272727272727 0.025413473174667203 0.008752117447769622
0 0.8023396530859217 0.5271033314511575 0.015328761597418314 0.015245623941276116
0 0.8170633319887052 0.5221626199887069 0.006857603872529245 0.011575381140598532
0 0.8299717628075837 0.5245623941276115 0.014925373134328358 0.007905138339920948
0 0.1335215812827753 0.5721343873517787 0.04437273093989512 0.009881422924901186
0 0.15046389673255345 0.5635234330886505 0.005647438483259379 0.00282326369282891
0 0.19019766034691407 0.572557876905703 0.01573215006050827 0.009034443817052512
0 0.21218233158531666 0.5731225296442688 0.021782977006857603 0.007340485601355167
0 0.2335619201290843 0.5681818181818182 0.015328761597418314 0.016092603049124788
0 0.2900363049616781 0.5726990400903444 0.04759983864461476 0.015527950310559006
0 0.36304961678096004 0.5752399774138904 0.024203307785397338 0.017786561264822136
0 0.4154901169826543 0.5717108977978543 0.029850746268656716 0.015810276679841896
0 0.4398951189995966 0.5756634669678148 0.013311819281968536 0.007905138339920948
0 0.4800322710770472 0.5717108977978543 0.033884630899556276 0.010163749294184076
0 0.5308592174263816 0.5770750988142292 0.05647438483259379 0.024844720496894408
0 0.5760387252924566 0.5728402032749859 0.016942315449778138 0.01129305477131564
0 0.5974183138362242 0.5728402032749859 0.012101653892698669 0.00846979107848673
0 0.6436062928600242 0.5718520609824957 0.0681726502622025 0.016092603049124788
0 0.7250907624041952 0.5700169395821569 0.01573215006050827 0.015810276679841896
0 0.7642194433239209 0.5746753246753247 0.013311819281968536 0.00818746470920384
0 0.7858007260992336 0.5755223037831734 0.02581686163775716 0.00818746470920384
0 0.8412666397741024 0.5752399774138904 0.05929810407422348 0.011575381140598532
0 0.1389673255344897 0.6195652173913043 0.01734570391286809 0.009881422924901186
0 0.16034691407825735 0.6215415019762845 0.014118596208148447 0.007622811970638058
0 0.17789431222267044 0.620412196499153 0.015328761597418314 0.013269339356295878
0 0.21419927390076643 0.6240824392998306 0.009681323114158934 0.007058159232072276
0 0.22246873739411052 0.6190005646527386 0.004437273093989512 0.014963297571993224
0 0.24526018555869303 0.622953133822699 0.03065752319483663 0.009881422924901186
0 0.2700685760387253 0.6236589497459063 0.01008471157724889 0.00846979107848673
0 0.3100040338846309 0.6219649915302089 0.02702702702702703 0.012422360248447204
0 0.3289632916498588 0.6126482213438735 0.01008471157724889 0.002258610954263128
0 0.34388866478418717 0.6223884810841332 0.0318676885841065 0.016092603049124788
0 0.3676885841064946 0.6266233766233766 0.002016942315449778 0.001976284584980237
