0 0.14945542557482855 0.21442687747035574 0.019766034691407825 0.020045172219085264
0 0.14239612747075434 0.20496894409937888 0.0024203307785397336 0.0033879164313946925
0 0.16780960064542155 0.2230378317334839 0.016135538523598225 0.007340485601355167
0 0.1811214199273901 0.2140033879164314 0.011294876966518758 0.02710333145115754
0 0.19423154497781364 0.22346132128740825 0.010891488503428802 0.008752117447769622
0 0.2055264219443324 0.22275550536420102 0.003630496167809601 0.007340485601355167
0 0.2519160951996773 0.21230942970073405 0.013311819281968536 0.024844720496894408
0 0.27511093182734975 0.21301524562394128 0.029850746268656716 0.026821005081874648
0 0.3346107301331182 0.2161208356860531 0.03428801936264623 0.027950310559006212
0 0.3666801129487697 0.2140033879164314 0.026623638563937072 0.031055900621118012
0 0.38765631302944736 0.22430830039525693 0.01371520774505849 0.00818746470920384
0 0.4027833803953207 0.2220496894409938 0.0052440500201694235 0.007058159232072276
0 0.45340863251311014 0.21640316205533597 0.03227107704719645 0.021174477696216828
0 0.4878983461073013 0.22289666854884246 0.02702702702702703 0.01101072840203275
0 0.5143202904396934 0.22317899491812535 0.016135538523598225 0.007058159232072276
0 0.545179507866075 0.22374364765669114 0.038321903993545785 0.007058159232072276
0 0.5744251714400969 0.22402597402597402 0.01855586930213796 0.004234895539243365
0 0.5919725695845098 0.21103896103896103 0.01573215006050827 0.031338226990400904
0 0.6286809197256958 0.21470920383963862 0.013311819281968536 0.020045172219085264
0 0.6438079870915692 0.2155561829474873 0.01371520774505849 0.01948051948051948
0 0.6565147236789027 0.22416713721061546 0.0028237192416296895 0.002258610954263128
0 0.6712384025816862 0.21626199887069453 0.008874546187979023 0.019762845849802372
0 0.7133924969745865 0.23433088650479955 0.022993142396127472 0.03162055335968379
0 0.7045179507866075 0.2289666854884246 0.0012101653892698668 0.002258610954263128
0 0.7287212585720049 0.22317899491812535 0.006857603872529245 0.008752117447769622
0 0.7613957240822913 0.22416713721061546 0.018152480839048003 0.00846979107848673
0 0.781363453005244 0.22416713721061546 0.017749092375958047 0.005081874647092038
0 0.7964905203711173 0.2121682665160926 0.011698265429608713 0.031338226990400904
0 0.8223073820088745 0.22402597402597402 0.00927793465106898 0.00818746470920384
0 0.8325937878176685 0.22444946357989837 0.012101653892698669 0.054771315640880856
0 0.8561920129084308 0.2140033879164314 0.007664380798709157 0.025974025974025976
0 0.871924162968939 0.2140033879164314 0.018152480839048003 0.02766798418972332
0 0.1438079870915692 0.2727272727272727 0.019766034691407825 0.007905138339920948
0 0.15974183138362244 0.27315076228119706 0.01371520774505849 0.005928853754940711
0 0.17123840258168616 0.26157538114059853 0.013311819281968536 0.034161490683229816
0 0.18777732956837434 0.2751270468661773 0.004437273093989512 0.003105590062111801
0 0.1897942718838241 0.26566911349520045 0.004437273093989512 0.004517221908526256
0 0.19927390076643808 0.27413890457368717 0.012101653892698669 0.009034443817052512
0 0.21661960467930616 0.2737154150197628 0.01855586930213796 0.005364201016374929
0 0.23477208551835418 0.27343308865047994 0.015328761597418314 0.005928853754940711
0 0.24505849132714805 0.2611518915866742 0.010891488503428802 0.028232636928289104
0 0.2864058087938685 0.2737154150197628 0.01290843081887858 0.005364201016374929
0 0.2880193626462283 0.2618577075098814 0.004033884630899556 0.007058159232072276
0 0.299919322307382 0.2727272727272727 0.01653892698668818 0.006775832862789385
0 0.3174667204517951 0.2735742518351214 0.009681323114158934 0.007340485601355167
0 0.3281565147236789 0.2737154150197628 0.011698265429608713 0.006493506493506494
0 0.35861234368697054 0.27428006775832864 0.04195240016135539 0.00818746470920384
0 0.41851553045582895 0.2704686617730096 0.02218636546994756 0.01129305477131564
0 0.43686970552642196 0.2717391304347826 0.016135538523598225 0.00818746470920384
0 0.4517950786607503 0.2724449463579898 0.008067769261799113 0.012422360248447204
0 0.4846712384025817 0.2715979672501412 0.007664380798709157 0.011857707509881422
0 0.5044372730939896 0.28642010163749293 0.021379588543767647 0.036420101637492944
0 0.527632109721662 0.274703557312253 0.02016942315449778 0.005081874647092038
0 0.5465913674868899 0.25945793337097683 0.015328761597418314 0.029926595143986448
0 0.572609923356192 0.27498588368153587 0.014118596208148447 0.007340485601355167
0 0.5883420734167003 0.27413890457368717 0.01653892698668818 0.005081874647092038
0 0.6421944332392093 0.2737154150197628 0.03227107704719645 0.012140033879164314
0 0.6643807987091569 0.26171654432524 0.003227107704719645 0.005081874647092038
0 0.6649858814037919 0.27498588368153587 0.004437273093989512 0.002258610954263128
0 0.6791044776119403 0.274703557312253 0.014118596208148447 0.007905138339920948
0 0.6869705526421944 0.2639751552795031 0.009681323114158934 0.02710333145115754
0 0.6845502218636547 0.25042348955392435 0.0016135538523598225 0.001129305477131564
0 0.7260992335619201 0.2725861095426313 0.021782977006857603 0.012140033879164314
0 0.7392093586123437 0.2738565782044043 0.004437273093989512 0.007340485601355167
0 0.7513110125050424 0.2725861095426313 0.01008471157724889 0.009881422924901186
0 0.7620008067769262 0.27428006775832864 0.00645421540943929 0.005928853754940711
0 0.764017749092376 0.264257481648786 0.003227107704719645 0.003952569169960474
0 0.781565147236789 0.2723037831733484 0.027833803953206938 0.01383399209486166
0 0.8100040338846309 0.27780914737436474 0.003227107704719645 0.00282326369282891
0 0.845703912868092 0.2686335403726708 0.052843888664784185 0.022303783173348392
0 0.1371520774505849 0.3338509316770186 0.011294876966518758 0.03190287972896669
0 0.1446147640177491 0.3235460191981931 0.0028237192416296895 0.00846979107848673
0 0.15409439290036306 0.32481648785996614 0.010488100040338847 0.00818746470920384
0 0.17043162565550626 0.3235460191981931 0.021379588543767647 0.012422360248447204
0 0.19221460266236384 0.3241106719367589 0.021379588543767647 0.004517221908526256
0 0.20774505849132716 0.31154714850367027 0.017749092375958047 0.029079616036137776
0 0.2498991528842275 0.327639751552795 0.006857603872529245 0.051665725578769056
0 0.2589753933037515 0.32608695652173914 0.004033884630899556 0.00282326369282891
0 0.26321097216619604 0.31648785996612083 0.0028237192416296895 0.00282326369282891
0 0.27490923759580477 0.33639186900056467 0.018959257765227916 0.03020892151326934
0 0.2843888664784187 0.3234048560135517 0.010488100040338847 0.004799548277809147
0 0.28862444534086323 0.3207227555053642 0.002016942315449778 0.001129305477131564
0 0.29689390883420735 0.3210050818746471 0.005647438483259379 0.006775832862789385
0 0.30879386849536106 0.32284020327498586 0.01573215006050827 0.008752117447769622
0 0.3489310205728116 0.32396950875211744 0.009681323114158934 0.007622811970638058
0 0.3527632109721662 0.31394692264257484 0.0052440500201694235 0.004517221908526256
0 0.36264622831787013 0.32382834556747603 0.010488100040338847 0.01355166572557877
0 0.4080274304154901 0.31832298136645965 0.003630496167809601 0.017786561264822136
0 0.41750705929810406 0.3186053077357425 0.01371520774505849 0.017221908526256352
0 0.4310205728116176 0.3272162619988707 0.003630496167809601 0.002258610954263128
0 0.4463493344090359 0.31931112365894976 0.013311819281968536 0.018068887634105024
0 0.4497781363453005 0.3114059853190288 0.0016135538523598225 0.001129305477131564
0 0.48870512303348124 0.34006211180124224 0.021379588543767647 0.036420101637492944
0 0.5042355788624445 0.3232636928289102 0.005647438483259379 0.007905138339920948
0 0.5405405405405406 0.3241106719367589 0.01936264622831787 0.00846979107848673
0 0.5619201290843082 0.3243929983060418 0.01936264622831787 0.004517221908526256
0 0.5796692214602662 0.3090062111801242 0.016135538523598225 0.029079616036137776
0 0.5931827349737797 0.32580463015245625 0.003630496167809601 0.0033879164313946925
0 0.627672448567971 0.30886504799548276 0.03469140782573618 0.007340485601355167
0 0.6292860024203307 0.3188876341050254 0.00645421540943929 0.0189158667419537
0 0.6516740621218233 0.32128740824393 0.026220250100847116 0.018068887634105024
0 0.6710367083501412 0.3245341614906832 0.003630496167809601 0.00818746470920384
0 0.68192819685357 0.326369282891022 0.014925373134328358 0.007905138339920948
0 0.7258975393303752 0.32523997741389044 0.01734570391286809 0.00846979107848673
0 0.7379991932230738 0.32298136645962733 0.004437273093989512 0.007340485601355167
0 0.7470754336425979 0.3246753246753247 0.010488100040338847 0.007340485601355167
0 0.7946752722872126 0.325098814229249 0.04517950786607503 0.005928853754940711
0 0.8259378781766842 0.32495765104460755 0.01734570391286809 0.00564652738565782
0 0.8477208551835418 0.3337097684923772 0.024606696248487294 0.02258610954263128
0 0.14400968132311415 0.3719649915302089 0.020976200080677694 0.012140033879164314
0 0.16317063331988704 0.3740824392998306 0.013311819281968536 0.006775832862789385
0 0.17607906413876562 0.3730942970073405 0.0028237192416296895 0.009316770186335404
0 0.18757563533682936 0.36335403726708076 0.010488100040338847 0.024844720496894408
0 0.200080677692618 0.364059853190288 0.016942315449778138 0.027385657820440428
0 0.2263009277934651 0.3719649915302089 0.02016942315449778 0.009881422924901186
0 0.2462686567164179 0.36335403726708076 0.01734570391286809 0.024844720496894408
0 0.25978217022993144 0.3747882552230378 0.004840661557079467 0.005928853754940711
0 0.2593787817668415 0.3616600790513834 0.003227107704719645 0.004517221908526256
0 0.2672448567970956 0.36335403726708076 0.006857603872529245 0.029926595143986448
0 0.27047196450181527 0.3448616600790514 0.002016942315449778 0.003105590062111801
0 0.27934651068979427 0.3738001129305477 0.013311819281968536 0.009034443817052512
0 0.3245260185558693 0.36688311688311687 0.014925373134328358 0.021174477696216828
0 0.34227511093182733 0.37337662337662336 0.014925373134328358 0.007058159232072276
0 0.3533682936668011 0.3719649915302089 0.004840661557079467 0.007622811970638058
0 0.373134328358209 0.3857989836250706 0.024203307785397338 0.03359683794466403
0 0.3926986688180718 0.36053077357425184 0.00927793465106898 0.034443817052512704
0 0.4060104881000403 0.3718238283455675 0.01008471157724889 0.01129305477131564
0 0.4431222267043163 0.4072557876905703 0.002016942315449778 0.007058159232072276
0 0.44675272287212586 0.3791643139469226 0.007664380798709157 0.049689440993788817
0 0.45562726906010487 0.3759175607001694 0.00927793465106898 0.005364201016374929
0 0.46571198063735375 0.37365894974590624 0.0052440500201694235 0.005364201016374929
0 0.5014118596208148 0.365330321852061 0.011294876966518758 0.024844720496894408
0 0.5191609519967729 0.364059853190288 0.02016942315449778 0.023997741389045736
0 0.5758370310609117 0.3695652173913043 0.025413473174667203 0.018068887634105024
0 0.5925776522791448 0.3889045736871824 0.014521984671238403 0.034161490683229816
0 0.600847115772489 0.40118577075098816 0.0012101653892698668 0.002258610954263128
0 0.6151674062121824 0.3880575945793337 0.024203307785397338 0.035290796160361376
0 0.6040742234772085 0.3891869000564653 0.0012101653892698668 0.001976284584980237
0 0.6343283582089553 0.3728119706380576 0.007664380798709157 0.009881422924901186
0 0.645824929407019 0.37577639751552794 0.0024203307785397336 0.002258610954263128
0 0.6464300121016539 0.3591191417278374 0.0012101653892698668 0.0016939582156973462
0 0.6609519967728923 0.3632128740824393 0.00927793465106898 0.029644268774703556
0 0.6591367486889875 0.3468379446640316 0.0016135538523598225 0.001411631846414455
0 0.6684146833400565 0.37648221343873517 0.003227107704719645 0.001976284584980237
0 0.6732553448971359 0.36589497459062675 0.0024203307785397336 0.003952569169960474
0 0.6801129487696652 0.3728119706380576 0.010488100040338847 0.007058159232072276
0 0.6926179911254539 0.3725296442687747 0.016135538523598225 0.010446075663466968
0 0.709358612343687 0.37775268210050816 0.003630496167809601 0.002258610954263128
0 0.7404195240016136 0.3687182382834557 0.022993142396127472 0.020327498588368152
0 0.7670431625655506 0.36716544325239975 0.02944735780556676 0.022868435911914172
0 0.7910447761194029 0.3643421795595709 0.012101653892698669 0.028514963297571992
0 0.8150463896732554 0.37634105025409376 0.01653892698668818 0.006775832862789385
0 0.8517547398144413 0.3870694522868436 0.012505042355788625 0.03500846979107849
0 0.8626462283178701 0.37732919254658387 0.004437273093989512 0.001976284584980237
0 0.8656716417910447 0.3643421795595709 0.0016135538523598225 0.001976284584980237
0 0.8761597418313837 0.3634952004517222 0.009681323114158934 0.03190287972896669
0 0.8826139572408229 0.38692828910220217 0.01371520774505849 0.028514963297571992
0 0.13876563130294473 0.41544325239977414 0.01371520774505849 0.03020892151326934
0 0.15167406212182333 0.4264539808018069 0.011294876966518758 0.006493506493506494
0 0.18858410649455426 0.424901185770751 0.01573215006050827 0.006775832862789385
0 0.20028237192416296 0.41459627329192544 0.004437273093989512 0.007058159232072276
0 0.20108914885034287 0.42730095990965555 0.0052440500201694235 0.001411631846414455
0 0.21964501815248083 0.42476002258610956 0.030254134731746672 0.005364201016374929
0 0.2765227914481646 0.4254658385093168 0.01734570391286809 0.009034443817052512
0 0.2936668011294877 0.41233766233766234 0.01371520774505849 0.03359683794466403
0 0.33945139169019767 0.41727837380011296 0.011698265429608713 0.024844720496894408
0 0.35699878983461075 0.41643139469226426 0.020976200080677694 0.024844720496894408
0 0.40338846308995563 0.4244776962168266 0.01855586930213796 0.010446075663466968
0 0.4173053650665591 0.4234895539243365 0.0052440500201694235 0.007905138339920948
0 0.41851553045582895 0.42828910220214567 0.0012101653892698668 0.001129305477131564
0 0.42617991125453814 0.4244776962168266 0.010891488503428802 0.00818746470920384
0 0.4400968132311416 0.4246188594014681 0.017749092375958047 0.005081874647092038
0 0.45885437676482455 0.4343591191417278 0.020572811617587738 0.026821005081874648
0 0.4955627269060105 0.42504234895539245 0.01008471157724889 0.008752117447769622
0 0.5153287615974184 0.424901185770751 0.025413473174667203 0.00564652738565782
0 0.5389269866881807 0.41417278373800115 0.004033884630899556 0.023150762281197064
0 0.5403388463089955 0.435347261434218 0.003630496167809601 0.0033879164313946925
0 0.572811617587737 0.41967814793901753 0.01855586930213796 0.01948051948051948
0 0.600040338846309 0.41953698475437606 0.02944735780556676 0.019198193111236588
0 0.6016538926986689 0.4051383399209486 0.0028237192416296895 0.003952569169960474
0 0.6179911254538121 0.42970073404856013 0.0024203307785397336 0.00282326369282891
0 0.6476401774909237 0.4191134952004517 0.01573215006050827 0.0189158667419537
0 0.6663977410246067 0.41967814793901753 0.011294876966518758 0.018351214003387916
0 0.6813231141589351 0.4199604743083004 0.014521984671238403 0.018351214003387916
0 0.6994755949979831 0.42264257481648787 0.01371520774505849 0.014680971202710334
0 0.7123840258168617 0.4243365330321852 0.011294876966518758 0.014116318464144552
0 0.7158128277531263 0.4155844155844156 0.012505042355788625 0.003952569169960474
0 0.7319483662767244 0.42066629023150764 0.013311819281968536 0.021456804065499716
0 0.7700685760387252 0.4181253529079616 0.01936264622831787 0.023715415019762844
0 0.7876159741831383 0.42292490118577075 0.01734570391286809 0.014680971202710334
0 0.8122226704316257 0.4222190852625635 0.022993142396127472 0.016092603049124788
0 0.8334005647438483 0.42207792207792205 0.016135538523598225 0.017504234895539244
0 0.8561920129084308 0.42080745341614906 0.02218636546994756 0.021174477696216828
0 0.8749495764421138 0.4345002823263693 0.00645421540943929 0.010163749294184076
0 0.13977410246066962 0.47261434217955955 0.019766034691407825 0.010728402032749858
0 0.15974183138362244 0.4642857142857143 0.012101653892698669 0.0251270468661773
0 0.17123840258168616 0.4738848108413326 0.01008471157724889 0.006493506493506494
0 0.18676885841064947 0.47374364765669114 0.01936264622831787 0.01355166572557877
0 0.2444534086325131 0.46823828345567475 0.017749092375958047 0.022303783173348392
0 0.2593787817668415 0.47586109542631283 0.011294876966518758 0.007058159232072276
0 0.27188382412263007 0.475296442687747 0.008874546187979023 0.01101072840203275
0 0.29144816458249295 0.46612083568605306 0.027833803953206938 0.028797289666854884
0 0.3152480839048003 0.47557876905702995 0.01734570391286809 0.005364201016374929
0 0.3291649858814038 0.4761434217955957 0.009681323114158934 0.006493506493506494
0 0.3313836224283985 0.4618859401468097 0.01008471157724889 0.025409373235460192
0 0.3894715611133522 0.4754376058723885 0.031060911657926585 0.006775832862789385
0 0.42154094392900365 0.46485036702428006 0.03146430012101654 0.03020892151326934
0 0.44493747478822104 0.4767080745341615 0.012101653892698669 0.009316770186335404
0 0.49939491730536506 0.46936758893280633 0.022589753933037516 0.021739130434782608
0 0.5169423154497781 0.47444946357989837 0.0060508269463493344 0.008752117447769622
0 0.5469947559499798 0.47571993224167136 0.01371520774505849 0.009034443817052512
0 0.553852359822509 0.4642857142857143 0.005647438483259379 0.028514963297571992
0 0.5655506252521177 0.4762845849802372 0.009681323114158934 0.007905138339920948
0 0.582089552238806 0.4762845849802372 0.02016942315449778 0.006775832862789385
0 0.6010488100040339 0.4772727272727273 0.022589753933037516 0.008752117447769622
0 0.6502622025010085 0.4697910784867307 0.017749092375958047 0.020327498588368152
0 0.6613553852359823 0.4772727272727273 0.004437273093989512 0.003105590062111801
0 0.6629689390883421 0.46569734613212876 0.004437273093989512 0.0036702428006775835
0 0.672448567970956 0.47600225861095424 0.007260992335619202 0.011857707509881422
0 0.7085518354175071 0.4754376058723885 0.014118596208148447 0.009034443817052512
0 0.7277127874142799 0.47557876905702995 0.016135538523598225 0.005928853754940711
0 0.7392093586123437 0.4764257481648786 0.0052440500201694235 0.002540937323546019
0 0.7402178297700686 0.46174477696216826 0.003227107704719645 0.002540937323546019
0 0.753731343283582 0.4748729531338227 0.0060508269463493344 0.05251270468661773
0 0.7652279144816458 0.4767080745341615 0.009681323114158934 0.004799548277809147
0 0.7747075433642597 0.4751552795031056 0.003630496167809601 0.007905138339920948
0 0.7936668011294877 0.47586109542631283 0.027833803953206938 0.004799548277809147
0 0.8164582492940702 0.4829192546583851 0.004840661557079467 0.007058159232072276
0 0.844695441710367 0.47374364765669114 0.021782977006857603 0.011857707509881422
0 0.8588140379185155 0.4776962168266516 0.005647438483259379 0.005081874647092038
0 0.8626462283178701 0.4688029361942405 0.0028237192416296895 0.007622811970638058
0 0.8713190802743042 0.47656691134952006 0.014521984671238403 0.00564652738565782
0 0.8834207341670028 0.4762845849802372 0.008874546187979023 0.01355166572557877
0 0.14118596208148446 0.525691699604743 0.021782977006857603 0.009599096555618294
0 0.19483662767244858 0.5163749294184077 0.011294876966518758 0.028232636928289104
0 0.20855183541750705 0.5293619424054207 0.00645421540943929 0.0033879164313946925
0 0.20976200080677693 0.5190570299265952 0.004033884630899556 0.005928853754940711
0 0.22045179507866075 0.5258328627893846 0.014118596208148447 0.008752117447769622
0 0.236385639370714 0.5268210050818747 0.010488100040338847 0.00846979107848673
0 0.2462686567164179 0.5255505364201016 0.004437273093989512 0.00818746470920384
0 0.2646228317870109 0.5251270468661773 0.023396530859217425 0.010728402032749858
0 0.2615974183138362 0.5539243365330322 0.0028237192416296895 0.004517221908526256
0 0.28580072609923357 0.5296442687747036 0.003630496167809601 0.002258610954263128
0 0.32210568777732956 0.5101637492941841 0.026220250100847116 0.003952569169960474
0 0.32513110125050426 0.5207509881422925 0.003227107704719645 0.017221908526256352
0 0.34772085518354173 0.5208921513269339 0.024203307785397338 0.018633540372670808
0 0.4045986284792255 0.5159514398644833 0.00645421540943929 0.005928853754940711
0 0.4070189592577652 0.5395256916996047 0.004840661557079467 0.025974025974025976
0 0.4281968535699879 0.5186335403726708 0.02379991932230738 0.026538678712591756
0 0.4536103267446551 0.5393845285149633 0.024606696248487294 0.03303218520609825
0 0.509277934651069 0.5248447204968945 0.027833803953206938 0.010728402032749858
0 0.5320693828156515 0.5359966120835686 0.016942315449778138 0.029079616036137776
0 0.545986284792255 0.5248447204968945 0.007664380798709157 0.01129305477131564
0 0.5915691811214199 0.5266798418972332 0.01573215006050827 0.012140033879164314
0 0.6113352158128278 0.5149632975719932 0.020572811617587738 0.032185206098249576
0 0.6647841871722469 0.5183512140033879 0.017749092375958047 0.023715415019762844
0 0.6782977006857603 0.5268210050818747 0.013311819281968536 0.006775832862789385
0 0.6891891891891891 0.5172219085262564 0.010891488503428802 0.02710333145115754
0 0.7226704316256555 0.5200451722190853 0.012505042355788625 0.025974025974025976
0 0.7335619201290843 0.5283738001129306 0.01008471157724889 0.007622811970638058
0 0.7664380798709157 0.5280914737436476 0.017749092375958047 0.007622811970638058
0 0.7860024203307785 0.5278091473743648 0.014925373134328358 0.00818746470920384
0 0.799717628075837 0.5138339920948617 0.014118596208148447 0.028232636928289104
0 0.8329971762807584 0.5283738001129306 0.01936264622831787 0.007058159232072276
0 0.8414683340056475 0.5169395821569734 0.005647438483259379 0.025409373235460192
0 0.863654699475595 0.5263975155279503 0.03227107704719645 0.008752117447769622
0 0.8862444534086326 0.527244494635799 0.012101653892698669 0.009881422924901186
0 0.8985478015328762 0.5169395821569734 0.014925373134328358 0.023715415019762844
0 0.136345300524405 0.5753811405985318 0.022589753933037516 0.009599096555618294
0 0.1482452601855587 0.5758046301524562 0.01008471157724889 0.01383399209486166
0 0.19382815651472368 0.5752399774138904 0.02218636546994756 0.008752117447769622
0 0.23517547398144414 0.5743929983060417 0.022589753933037516 0.012140033879164314
0 0.24969745865268253 0.5756634669678148 0.005647438483259379 0.007340485601355167
0 0.26058894715611136 0.5818746470920384 0.01290843081887858 0.0502540937323546
0 0.2747075433642598 0.5793337097684924 0.004840661557079467 0.0033879164313946925
