0 0.1417910447761194 0.21739130434782608 0.01653892698668818 0.014680971202710334
0 0.16659943525615167 0.21753246753246752 0.03711173860427592 0.020045172219085264
0 0.20693828156514724 0.22317899491812535 0.016135538523598225 0.008752117447769622
0 0.20108914885034287 0.21202710333145117 0.002016942315449778 0.0016939582156973462
0 0.24021782977006859 0.22501411631846416 0.024606696248487294 0.012422360248447204
0 0.28378378378378377 0.22416713721061546 0.040742234772085516 0.010163749294184076
0 0.31444130697862044 0.22430830039525693 0.01734570391286809 0.008752117447769622
0 0.3654699475594998 0.2186617730095991 0.05808793868495361 0.021174477696216828
0 0.4169019766034691 0.2236024844720497 0.043969342476805166 0.010728402032749858
0 0.4780153287615974 0.22543760587238848 0.042759177087535294 0.03303218520609825
0 0.5229931423961275 0.21908526256352343 0.020572811617587738 0.017504234895539244
0 0.5659540137152077 0.22120271033314512 0.050826946349334406 0.01948051948051948
0 0.6345300524405002 0.2289666854884246 0.0572811617587737 0.01637492941840768
0 0.6712384025816862 0.22120271033314512 0.015328761597418314 0.017786561264822136
0 0.7295280354981848 0.2274138904573687 0.07301331181928197 0.027950310559006212
0 0.7166196046793062 0.21597967250141162 0.002016942315449778 0.0016939582156973462
0 0.7749092375958048 0.22713156408808582 0.0024203307785397336 0.001976284584980237
0 0.7944735780556677 0.220214568040655 0.01734570391286809 0.01129305477131564
0 0.8130294473578056 0.22007340485601354 0.02218636546994756 0.016657255787690572
0 0.14421137555465913 0.27498588368153587 0.021379588543767647 0.010728402032749858
0 0.13755546591367487 0.2641163184641446 0.0024203307785397336 0.001976284584980237
0 0.1700282371924163 0.2707509881422925 0.02864058087938685 0.01637492941840768
0 0.21702299314239612 0.27004517221908525 0.033884630899556276 0.0189158667419537
0 0.2593787817668415 0.2728684359119142 0.012101653892698669 0.016657255787690572
0 0.29164985881403793 0.2811970638057595 0.026623638563937072 0.01693958215697346
0 0.29407018959257764 0.2652456239412761 0.0024203307785397336 0.001411631846414455
0 0.30778539733763616 0.2715979672501412 0.010488100040338847 0.020327498588368152
0 0.33844292053247277 0.27498588368153587 0.016942315449778138 0.009599096555618294
0 0.37797498991528844 0.2713156408808583 0.042759177087535294 0.019762845849802372
0 0.3854376764824526 0.2673630717108978 0.0028237192416296895 0.0016939582156973462
0 0.436668011294877 0.2713156408808583 0.043162565550625254 0.018068887634105024
0 0.4963695038321904 0.274703557312253 0.04235578862444534 0.010728402032749858
0 0.5615167406212183 0.27710333145115756 0.060508269463493344 0.03472614342179559
0 0.5705929810407422 0.26044607566346695 0.003630496167809601 0.001411631846414455
0 0.6399757966922146 0.2723037831733484 0.057684550221863654 0.016657255787690572
0 0.6750705929810408 0.2769621682665161 0.0028237192416296895 0.0016939582156973462
0 0.7101653892698668 0.2728684359119142 0.03509479628882614 0.015527950310559006
0 0.7642194433239209 0.27315076228119706 0.030254134731746672 0.014963297571993224
0 0.7851956434045986 0.27752682100508186 0.0028237192416296895 0.0016939582156973462
0 0.8249294070189592 0.27343308865047994 0.04679306171843485 0.018351214003387916
0 0.15449778136345302 0.31959345002823264 0.03469140782573618 0.017504234895539244
0 0.15469947559499797 0.31408808582721626 0.0028237192416296895 0.001976284584980237
0 0.2008874546187979 0.3190287972896669 0.026623638563937072 0.019198193111236588
0 0.20250100847115773 0.3147939017504235 0.0024203307785397336 0.0016939582156973462
0 0.24243646631706334 0.320016939582157 0.02743041549011698 0.017786561264822136
0 0.2581686163775716 0.3177583286278938 0.011294876966518758 0.016657255787690572
0 0.2902379991932231 0.32368718238283456 0.02702702702702703 0.02456239412761152
0 0.34328358208955223 0.31931112365894976 0.055667607906413875 0.02258610954263128
0 0.3826139572408229 0.32806324110671936 0.0052440500201694235 0.00564652738565782
0 0.41589350544574427 0.3256634669678148 0.041145623235175476 0.01101072840203275
0 0.4856797095603066 0.3286278938452851 0.0572811617587737 0.031055900621118012
0 0.4735780556676079 0.31126482213438733 0.0024203307785397336 0.001976284584980237
0 0.49495764421137556 0.3166290231507623 0.003227107704719645 0.001976284584980237
0 0.5601048810004033 0.3222755505364201 0.05445744251714401 0.017221908526256352
0 0.6131504638967326 0.3231225296442688 0.011294876966518758 0.017221908526256352
0 0.6345300524405002 0.32679277244494637 0.01371520774505849 0.007058159232072276
0 0.6784993949173054 0.32707509881422925 0.04195240016135539 0.010446075663466968
0 0.7341670028237193 0.3221343873517787 0.04195240016135539 0.017504234895539244
0 0.7595804759983864 0.32735742518351213 0.0024203307785397336 0.001976284584980237
0 0.7878176684146834 0.3235460191981931 0.017749092375958047 0.014680971202710334
0 0.8134328358208955 0.3219932241671372 0.038321903993545785 0.0189158667419537
0 0.16337232755143202 0.3706945228684359 0.053247277127874144 0.020892151326933936
0 0.2263009277934651 0.3685770750988142 0.03146430012101654 0.01948051948051948
0 0.2771278741427995 0.3706945228684359 0.03065752319483663 0.019198193111236588
0 0.34328358208955223 0.3740824392998306 0.06615570794675273 0.032185206098249576
0 0.34933440903590157 0.35728402032749856 0.0024203307785397336 0.001411631846414455
0 0.36042759177087536 0.36024844720496896 0.0028237192416296895 0.002258610954263128
0 0.40782573618394513 0.37662337662337664 0.016942315449778138 0.023715415019762844
0 0.45582896329164985 0.38114059853190285 0.03711173860427592 0.02258610954263128
0 0.47882210568777733 0.3790231507622812 0.007260992335619202 0.014963297571993224
0 0.48870512303348124 0.37662337662337664 0.011698265429608713 0.006775832862789385
0 0.508471157724889 0.3800112930547713 0.031060911657926585 0.03162055335968379
0 0.5657523194836628 0.37295313382269907 0.03509479628882614 0.017504234895539244
0 0.6294876966518758 0.3730942970073405 0.06252521177894312 0.017221908526256352
0 0.6946349334409035 0.3790231507622812 0.06212182331585317 0.031338226990400904
0 0.7016942315449778 0.36151891586674195 0.0028237192416296895 0.001976284584980237
0 0.736789027833804 0.37888198757763975 0.0028237192416296895 0.002258610954263128
0 0.7662363856393707 0.37140033879164314 0.021379588543767647 0.014963297571993224
0 0.7829770068576039 0.37450592885375494 0.020976200080677694 0.011575381140598532
0 0.15590964098426785 0.424901185770751 0.021379588543767647 0.026538678712591756
0 0.18475191609519967 0.42080745341614906 0.03307785397337636 0.0189158667419537
0 0.2603872529245664 0.42871259175607 0.06978620411456232 0.03811405985319029
0 0.2698668818071803 0.41007905138339923 0.0024203307785397336 0.001976284584980237
0 0.3281565147236789 0.4264539808018069 0.02702702702702703 0.009881422924901186
0 0.3261395724082291 0.41869000564652736 0.0052440500201694235 0.002258610954263128
0 0.3753529649052037 0.4256070016939582 0.031060911657926585 0.023433088650479956
0 0.40863251311012505 0.42108977978543194 0.03307785397337636 0.01948051948051948
0 0.3973376361436063 0.4124788255223038 0.0024203307785397336 0.0016939582156973462
0 0.4443323920935861 0.422360248447205 0.038321903993545785 0.019198193111236588
0 0.47115772488906815 0.42730095990965555 0.0024203307785397336 0.001976284584980237
0 0.5042355788624445 0.42108977978543194 0.016135538523598225 0.014963297571993224
0 0.5205728116175877 0.422360248447205 0.011698265429608713 0.01637492941840768
0 0.5298507462686567 0.4280067758328628 0.0028237192416296895 0.0016939582156973462
0 0.5592981040742234 0.424901185770751 0.00927793465106898 0.012987012987012988
0 0.5718031464300121 0.4256070016939582 0.01008471157724889 0.012140033879164314
0 0.5863251311012505 0.42377188029361945 0.013311819281968536 0.011857707509881422
0 0.5996369503832191 0.4234895539243365 0.011698265429608713 0.01355166572557877
0 0.609721661960468 0.4233483907396951 0.010891488503428802 0.011575381140598532
0 0.6508672851956434 0.4227837380011293 0.014925373134328358 0.011575381140598532
0 0.6625655506252521 0.42504234895539245 0.010891488503428802 0.012140033879164314
0 0.6805163372327552 0.4254658385093168 0.02581686163775716 0.011857707509881422
0 0.6956434045986285 0.42617165443252397 0.007664380798709157 0.008752117447769622
0 0.7101653892698668 0.4257481648785997 0.01653892698668818 0.01129305477131564
0 0.7498991528842275 0.42758328627893843 0.024203307785397338 0.025691699604743084
0 0.7785397337636144 0.42603049124788256 0.011294876966518758 0.01129305477131564
0 0.790641387656313 0.42843026538678713 0.009681323114158934 0.007622811970638058
0 0.8077853973376361 0.42518351214003386 0.040742234772085516 0.01637492941840768
0 0.8047599838644615 0.4127611518915867 0.0024203307785397336 0.0016939582156973462
0 0.1736587333602259 0.4704968944099379 0.03751512706736587 0.017221908526256352
0 0.22609923356192013 0.4717673630717109 0.03509479628882614 0.019198193111236588
0 0.28600242033077855 0.4720496894409938 0.05647438483259379 0.02258610954263128
0 0.34066155707946755 0.4723320158102767 0.02944735780556676 0.020327498588368152
0 0.3426784993949173 0.4666854884246189 0.0028237192416296895 0.0016939582156973462
0 0.40439693424768053 0.4815076228119706 0.06171843485276321 0.03472614342179559
0 0.4443323920935861 0.4741671372106155 0.027833803953206938 0.020609824957651044
0 0.4864864864864865 0.4751552795031056 0.014521984671238403 0.018068887634105024
0 0.5405405405405406 0.48433088650479955 0.06131504638967326 0.026256352343308864
0 0.6036708350141186 0.4779785431959345 0.014118596208148447 0.009034443817052512
0 0.6409842678499394 0.4733201581027668 0.01371520774505849 0.014398644833427442
0 0.6526825332795482 0.4771315640880858 0.00645421540943929 0.00846979107848673
0 0.6623638563937071 0.4771315640880858 0.012101653892698669 0.007905138339920948
0 0.6976603469140783 0.4743083003952569 0.06010488100040339 0.01637492941840768
0 0.7369907220653489 0.4798136645962733 0.0024203307785397336 0.001976284584980237
