0 0.17426381605486083 0.217673630717109 0.042759177087535294 0.023150762281197064
0 0.1680112948769665 0.2075098814229249 0.004437273093989512 0.0033879164313946925
0 0.2154094392900363 0.21823828345567475 0.04195240016135539 0.020892151326933936
0 0.22690601048810005 0.2140033879164314 0.0052440500201694235 0.002258610954263128
0 0.24606696248487292 0.2224731789949181 0.017749092375958047 0.007340485601355167
0 0.27208551835417505 0.2295313382269904 0.02864058087938685 0.0378317334839074
0 0.3154497781363453 0.217673630717109 0.016942315449778138 0.023715415019762844
0 0.3414683340056474 0.22275550536420102 0.0326744655102864 0.010163749294184076
0 0.36688180718031466 0.2236024844720497 0.01653892698668818 0.009034443817052512
0 0.38342073416700284 0.23475437605872387 0.01653892698668818 0.027385657820440428
0 0.40681726502622023 0.2248729531338227 0.022993142396127472 0.007622811970638058
0 0.4223477208551835 0.22444946357989837 0.008067769261799113 0.009599096555618294
0 0.4802339653085922 0.22275550536420102 0.050423557886244454 0.012422360248447204
0 0.5393303751512707 0.22444946357989837 0.023396530859217425 0.010163749294184076
0 0.5671641791044776 0.22444946357989837 0.029043969342476807 0.009034443817052512
0 0.6135538523598225 0.21894409937888198 0.026623638563937072 0.020609824957651044
0 0.6446147640177491 0.22529644268774704 0.03307785397337636 0.009034443817052512
0 0.7141992739007664 0.22275550536420102 0.04961678096006454 0.01129305477131564
0 0.7644211375554659 0.21979107848673066 0.01371520774505849 0.014963297571993224
0 0.7775312626058895 0.2236024844720497 0.010891488503428802 0.009599096555618294
0 0.7894312222670432 0.2267080745341615 0.012101653892698669 0.03500846979107849
0 0.8116175877369908 0.22444946357989837 0.029043969342476807 0.009034443817052512
0 0.8396530859217426 0.22811970638057594 0.003630496167809601 0.00282326369282891
0 0.18515530455828963 0.26693958215697344 0.048406615570794675 0.01948051948051948
0 0.23154497781363453 0.26778656126482214 0.042759177087535294 0.017786561264822136
0 0.21379588543767647 0.2577639751552795 0.0024203307785397336 0.001129305477131564
0 0.2428398547801533 0.2652456239412761 0.004840661557079467 0.002540937323546019
0 0.26220250100847114 0.27413890457368717 0.01936264622831787 0.0033879164313946925
0 0.28519564340459863 0.28091473743647655 0.02743041549011698 0.03557312252964427
0 0.3580072609923356 0.2790796160361378 0.05203711173860428 0.037549407114624504
0 0.4201290843081888 0.27413890457368717 0.01008471157724889 0.009599096555618294
0 0.4213392496974587 0.2689158667419537 0.0060508269463493344 0.0036702428006775835
0 0.4538120209762001 0.27837380011293056 0.04195240016135539 0.018633540372670808
0 0.48668818071803144 0.2704686617730096 0.018152480839048003 0.025974025974025976
0 0.535699878983461 0.27343308865047994 0.021782977006857603 0.010446075663466968
0 0.5611133521581283 0.27413890457368717 0.02501008471157725 0.009034443817052512
0 0.5875352964905204 0.2748447204968944 0.0028237192416296895 0.003105590062111801
0 0.6183945139169019 0.27216261998870694 0.03146430012101654 0.020327498588368152
0 0.6196046793061718 0.2724449463579898 0.004840661557079467 0.011857707509881422
0 0.6419927390076644 0.27555053642010163 0.01653892698668818 0.005081874647092038
0 0.6569181121419927 0.2704686617730096 0.010891488503428802 0.017504234895539244
0 0.6958450988301734 0.2683512140033879 0.01371520774505849 0.01948051948051948
0 0.7204517950786608 0.2725861095426313 0.03065752319483663 0.01101072840203275
0 0.7599838644614764 0.27343308865047994 0.010488100040338847 0.011575381140598532
0 0.7952803549818476 0.2728684359119142 0.05203711173860428 0.03020892151326934
0 0.8317870108914885 0.2691981931112366 0.015328761597418314 0.017786561264822136
0 0.8426784993949173 0.27413890457368717 0.003227107704719645 0.007340485601355167
0 0.845502218636547 0.26778656126482214 0.003227107704719645 0.002540937323546019
0 0.8561920129084308 0.269339356295878 0.01573215006050827 0.01637492941840768
0 0.17870108914885036 0.3135234330886505 0.022589753933037516 0.021739130434782608
0 0.19665187575635337 0.32171089779785433 0.013311819281968536 0.005928853754940711
0 0.21056877773295685 0.3156408808582722 0.012101653892698669 0.018068887634105024
0 0.2573618394513917 0.3207227555053642 0.024203307785397338 0.015245623941276116
0 0.30899556272690604 0.3190287972896669 0.03146430012101654 0.020892151326933936
0 0.3662767244856797 0.326369282891022 0.028237192416296894 0.00846979107848673
0 0.38785800726099234 0.326369282891022 0.013311819281968536 0.007905138339920948
0 0.40217829770068575 0.3255223037831734 0.011294876966518758 0.009034443817052512
0 0.4136748688987495 0.32086391869000563 0.01008471157724889 0.016657255787690572
0 0.45865268253327957 0.3331451157538114 0.016942315449778138 0.02710333145115754
0 0.4784187172246874 0.32608695652173914 0.023396530859217425 0.009034443817052512
0 0.4987898346107301 0.32608695652173914 0.013311819281968536 0.009034443817052512
0 0.545179507866075 0.32933370976849236 0.06897942718838242 0.020045172219085264
0 0.5887454618797903 0.3255223037831734 0.008471157724889069 0.009034443817052512
0 0.6278741427995159 0.3178994918125353 0.020572811617587738 0.023715415019762844
0 0.6589350544574425 0.3338509316770186 0.051230334812424366 0.029079616036137776
0 0.7113755546591367 0.3191699604743083 0.019766034691407825 0.014398644833427442
0 0.7037111738604276 0.32495765104460755 0.0028237192416296895 0.007340485601355167
0 0.753731343283582 0.31959345002823264 0.0326744655102864 0.0220214568040655
0 0.7674465510286406 0.3167701863354037 0.0052440500201694235 0.0033879164313946925
0 0.7795482049213392 0.32622811970638055 0.012505042355788625 0.008752117447769622
0 0.1744655102864058 0.37351778656126483 0.0536506655909641 0.012422360248447204
0 0.22569584509883017 0.37859966120835686 0.03993545784590561 0.03387916431394692
0 0.24606696248487292 0.3634952004517222 0.004840661557079467 0.009881422924901186
0 0.2563533682936668 0.3740824392998306 0.01008471157724889 0.010163749294184076
0 0.30677692617991126 0.37012987012987014 0.03670835014118596 0.020327498588368152
0 0.31343283582089554 0.36674195369847545 0.007260992335619202 0.0033879164313946925
0 0.3317870108914885 0.371682665160926 0.00927793465106898 0.020045172219085264
0 0.35599031867688585 0.38636363636363635 0.03509479628882614 0.027385657820440428
0 0.41488503428801937 0.3694240542066629 0.03751512706736587 0.022303783173348392
0 0.4606696248487293 0.37549407114624506 0.011294876966518758 0.007340485601355167
0 0.4810407422347721 0.36773009599096557 0.026220250100847116 0.020609824957651044
0 0.5026220250100847 0.3719649915302089 0.01290843081887858 0.002540937323546019
0 0.5225897539330375 0.37676453980801805 0.014925373134328358 0.04206662902315076
0 0.5439693424768052 0.3740824392998306 0.025413473174667203 0.009034443817052512
0 0.5734167002823719 0.36801242236024845 0.026220250100847116 0.020045172219085264
0 0.5804759983864461 0.36561264822134387 0.004033884630899556 0.00282326369282891
0 0.5929810407422348 0.3747882552230378 0.010488100040338847 0.00818746470920384
0 0.609721661960468 0.3746470920383964 0.01653892698668818 0.006211180124223602
0 0.6282775312626059 0.37450592885375494 0.01008471157724889 0.007622811970638058
0 0.6423961274707544 0.3684359119141728 0.014925373134328358 0.020892151326933936
0 0.68152480839048 0.3749294184076793 0.014118596208148447 0.007340485601355167
0 0.6916095199677289 0.37732919254658387 0.004437273093989512 0.007622811970638058
0 0.6930213795885438 0.3685770750988142 0.004033884630899556 0.004799548277809147
0 0.7035094796288827 0.3769057029926595 0.009681323114158934 0.00564652738565782
0 0.7267043162565551 0.36984754376058726 0.02379991932230738 0.018633540372670808
0 0.744856797095603 0.3749294184076793 0.012505042355788625 0.007905138339920948
0 0.7849939491730537 0.37450592885375494 0.01371520774505849 0.010446075663466968
0 0.799919322307382 0.378317334839074 0.009681323114158934 0.03387916431394692
0 0.827954820492134 0.36900056465273856 0.019766034691407825 0.0220214568040655
0 0.8477208551835418 0.3756352343308865 0.013311819281968536 0.006493506493506494
0 0.854780153287616 0.3660361377752682 0.004033884630899556 0.003105590062111801
0 0.8707139975796693 0.37789384528514963 0.0326744655102864 0.03020892151326934
0 0.16317063331988704 0.42207792207792205 0.012505042355788625 0.014680971202710334
0 0.17930617184348527 0.4199604743083004 0.018152480839048003 0.0189158667419537
0 0.2101653892698669 0.42264257481648787 0.03630496167809601 0.015245623941276116
0 0.2353771682129891 0.42165443252399776 0.011698265429608713 0.017221908526256352
0 0.27611940298507465 0.4265951439864483 0.010891488503428802 0.011857707509881422
0 0.2920532472771279 0.42207792207792205 0.015328761597418314 0.018068887634105024
0 0.2989108511496571 0.4171372106154715 0.005647438483259379 0.0036702428006775835
0 0.3160548608309802 0.42320722755505363 0.02379991932230738 0.017504234895539244
0 0.36345300524405 0.4222190852625635 0.023396530859217425 0.01948051948051948
0 0.3807987091569181 0.4278656126482213 0.012101653892698669 0.007058159232072276
0 0.39592577652279143 0.427442123094297 0.011698265429608713 0.006211180124223602
0 0.4070189592577652 0.42730095990965555 0.008874546187979023 0.007622811970638058
0 0.4499798305768455 0.42871259175607 0.019766034691407825 0.009316770186335404
0 0.49616780960064544 0.4329474872953134 0.014521984671238403 0.023997741389045736
0 0.5223880597014925 0.4254658385093168 0.03146430012101654 0.010728402032749858
0 0.5463896732553449 0.42603049124788256 0.014925373134328358 0.007905138339920948
0 0.5586930213795885 0.4244776962168266 0.01371520774505849 0.004799548277809147
0 0.5893505445744252 0.4289949181253529 0.04356595401371521 0.031338226990400904
0 0.5707946752722872 0.4124788255223038 0.0024203307785397336 0.0016939582156973462
0 0.6486486486486487 0.4257481648785997 0.017749092375958047 0.009599096555618294
0 0.6694231544977813 0.43125352907961606 0.014118596208148447 0.020045172219085264
0 0.6841468334005647 0.4295595708639187 0.01290843081887858 0.015527950310559006
0 0.6972569584509883 0.4256070016939582 0.01008471157724889 0.008752117447769622
0 0.7158128277531263 0.42264257481648787 0.02702702702702703 0.017504234895539244
0 0.7565550625252118 0.42970073404856013 0.011698265429608713 0.032185206098249576
0 0.77349737797499 0.424901185770751 0.020572811617587738 0.01129305477131564
0 0.8132311415893505 0.4383116883116883 0.01855586930213796 0.034161490683229816
0 0.8285599031867689 0.42631281761716544 0.01290843081887858 0.01129305477131564
0 0.8521581282775312 0.4267363071710898 0.0318676885841065 0.007622811970638058
0 0.8670835014118596 0.4414172783738001 0.027833803953206938 0.03472614342179559
0 0.17265026220250101 0.4836250705815923 0.02743041549011698 0.028797289666854884
0 0.16317063331988704 0.5049407114624506 0.0028237192416296895 0.002540937323546019
0 0.19382815651472368 0.4751552795031056 0.01008471157724889 0.007905138339920948
0 0.2101653892698669 0.4815076228119706 0.01371520774505849 0.020045172219085264
0 0.22690601048810005 0.4699322416713721 0.018152480839048003 0.016657255787690572
0 0.24747882210568778 0.4767080745341615 0.0028237192416296895 0.001976284584980237
0 0.30052440500201694 0.47148503670242803 0.05647438483259379 0.018068887634105024
0 0.29043969342476805 0.47473178994918125 0.004033884630899556 0.012140033879164314
0 0.34630899556272693 0.4652738565782044 0.021379588543767647 0.00282326369282891
0 0.345703912868092 0.47444946357989837 0.016942315449778138 0.00818746470920384
0 0.3473174667204518 0.47289666854884244 0.01290843081887858 0.0033879164313946925
0 0.4112545381202098 0.474025974025974 0.06333198870512304 0.02258610954263128
0 0.44796288826139574 0.475296442687747 0.010891488503428802 0.007622811970638058
0 0.4606696248487293 0.47586109542631283 0.008874546187979023 0.008752117447769622
0 0.5012101653892699 0.4764257481648786 0.01734570391286809 0.008752117447769622
0 0.5223880597014925 0.47571993224167136 0.02016942315449778 0.010163749294184076
0 0.5784590560709963 0.475296442687747 0.033884630899556276 0.010446075663466968
0 0.6044776119402985 0.4764257481648786 0.01734570391286809 0.006493506493506494
0 0.6224283985478015 0.4762845849802372 0.01371520774505849 0.01129305477131564
0 0.6399757966922146 0.48828345567476 0.01734570391286809 0.035290796160361376
0 0.6565147236789027 0.47557876905702995 0.011698265429608713 0.00818746470920384
0 0.6706333198870512 0.4707792207792208 0.01573215006050827 0.01948051948051948
0 0.7238805970149254 0.4748729531338227 0.024606696248487294 0.012422360248447204
0 0.7139975796692215 0.47261434217955955 0.0024203307785397336 0.001129305477131564
0 0.7365873336022589 0.4666854884246189 0.004033884630899556 0.003952569169960474
0 0.7390076643807987 0.4767080745341615 0.003227107704719645 0.007622811970638058
0 0.7390076643807987 0.46950875211744775 0.0016135538523598225 0.001129305477131564
0 0.7607906413876563 0.47134387351778656 0.023396530859217425 0.01948051948051948
0 0.8049616780960065 0.4719085262563523 0.03428801936264623 0.021739130434782608
0 0.8051633723275514 0.47346132128740825 0.003227107704719645 0.012422360248447204
0 0.8263412666397741 0.47684923771880294 0.01653892698668818 0.009034443817052512
0 0.8354175070592981 0.4668266516092603 0.004033884630899556 0.005928853754940711
0 0.8477208551835418 0.47219085262563526 0.014118596208148447 0.018351214003387916
0 0.8557886244453409 0.46696781479390176 0.004437273093989512 0.003952569169960474
0 0.8626462283178701 0.47473178994918125 0.01008471157724889 0.009316770186335404
0 0.8812020976200081 0.47134387351778656 0.018959257765227916 0.014963297571993224
0 0.1891891891891892 0.5242800677583286 0.06696248487293263 0.03557312252964427
0 0.23759580475998388 0.5255505364201016 0.022589753933037516 0.007622811970638058
0 0.2535296490520371 0.5247035573122529 0.00927793465106898 0.008752117447769622
0 0.2962888261395724 0.528514963297572 0.01653892698668818 0.03557312252964427
0 0.31484469544171034 0.5275268210050819 0.024606696248487294 0.00818746470920384
0 0.37232755143202906 0.5300677583286278 0.01936264622831787 0.037549407114624504
0 0.3797902379991932 0.5197628458498024 0.006857603872529245 0.004517221908526256
0 0.3926986688180718 0.5371259175607002 0.01734570391286809 0.026256352343308864
0 0.41044776119402987 0.5241389045736872 0.02218636546994756 0.015527950310559006
0 0.4318273497377975 0.52343308865048 0.013311819281968536 0.01693958215697346
0 0.436264622831787 0.519339356295878 0.004437273093989512 0.004799548277809147
0 0.45118999596611536 0.5282326369282891 0.01653892698668818 0.0033879164313946925
0 0.46752722872125857 0.5383963862224732 0.016942315449778138 0.031055900621118012
0 0.5221863654699476 0.5273856578204404 0.01734570391286809 0.009599096555618294
0 0.5429608713190803 0.5393845285149633 0.015328761597418314 0.03020892151326934
0 0.5663574021782977 0.5280914737436476 0.02581686163775716 0.00818746470920384
0 0.5705929810407422 0.5203274985883681 0.0052440500201694235 0.00282326369282891
0 0.5869302137958854 0.5276679841897233 0.016135538523598225 0.0033879164313946925
0 0.5990318676885841 0.527244494635799 0.007260992335619202 0.00818746470920384
0 0.6143606292860024 0.5239977413890458 0.009681323114158934 0.015245623941276116
0 0.6659943525615167 0.5248447204968945 0.04195240016135539 0.0220214568040655
0 0.7053247277127874 0.527244494635799 0.02864058087938685 0.00818746470920384
0 0.7200484066155708 0.5203274985883681 0.003227107704719645 0.00282326369282891
0 0.7267043162565551 0.5278091473743648 0.007664380798709157 0.008752117447769622
0 0.7432432432432432 0.5254093732354602 0.019766034691407825 0.010728402032749858
0 0.7966922146026624 0.527244494635799 0.0500201694231545 0.009316770186335404
0 0.8386446147640177 0.532326369282891 0.02743041549011698 0.021739130434782608
0 0.8670835014118596 0.5206098249576511 0.01573215006050827 0.020892151326933936
0 0.8737394110528439 0.5135516657255788 0.003227107704719645 0.002258610954263128
0 0.8872529245663574 0.5221626199887069 0.014118596208148447 0.020045172219085264
0 0.8961274707543364 0.519621682665161 0.003630496167809601 0.0036702428006775835
0 0.9078257361839451 0.5279503105590062 0.025413473174667203 0.007905138339920948
0 0.9320290439693425 0.5307735742518351 0.0028237192416296895 0.002258610954263128
0 0.18414683340056473 0.5786278938452851 0.0754336425978217 0.042631281761716544
0 0.25574828559903184 0.5763692828910221 0.011294876966518758 0.012704686617730096
0 0.2791448164582493 0.5896386222473179 0.033884630899556276 0.029644268774703556
0 0.3382412263009278 0.5717108977978543 0.025413473174667203 0.020892151326933936
0 0.35599031867688585 0.5786278938452851 0.01008471157724889 0.005928853754940711
0 0.3664784187172247 0.5734048560135516 0.008471157724889069 0.015245623941276116
0 0.41670028237192414 0.5780632411067194 0.035498184751916094 0.009881422924901186
0 0.44574425171440096 0.5765104460756635 0.02016942315449778 0.006211180124223602
0 0.5127067365873336 0.5815923207227555 0.06292860024203308 0.03896103896103896
0 0.5588947156111336 0.5774985883681536 0.02379991932230738 0.00818746470920384
0 0.6123436869705526 0.5722755505364201 0.03307785397337636 0.024280067758328628
0 0.6540943929003631 0.5789102202145681 0.018959257765227916 0.00818746470920384
0 0.6690197660346914 0.5797571993224168 0.0060508269463493344 0.006493506493506494
0 0.6835417507059298 0.5731225296442688 0.013311819281968536 0.019198193111236588
0 0.7252924566357403 0.5773574251835122 0.015328761597418314 0.012422360248447204
0 0.7402178297700686 0.5780632411067194 0.015328761597418314 0.008752117447769622
0 0.7559499798305769 0.5783455674760023 0.011294876966518758 0.008752117447769622
0 0.7769261799112546 0.5791925465838509 0.029850746268656716 0.005928853754940711
0 0.8338039532069382 0.5732636928289102 0.02501008471157725 0.01948051948051948
0 0.8301734570391287 0.5626764539808018 0.0016135538523598225 0.001129305477131564
0 0.1891891891891892 0.6225296442687747 0.055667607906413875 0.020892151326933936
0 0.22831787010891488 0.6266233766233766 0.021782977006857603 0.008752117447769622
0 0.2462686567164179 0.6259175607001694 0.008471157724889069 0.009034443817052512
0 0.2779346510689794 0.6219649915302089 0.04759983864461476 0.019198193111236588
0 0.3126260588947156 0.6202710333145116 0.015328761597418314 0.019762845849802372
0 0.36829366680112946 0.6216826651609261 0.045986284792254944 0.020892151326933936
0 0.4342476805163372 0.6287408243929983 0.03509479628882614 0.009034443817052512
0 0.47418313836224285 0.6273291925465838 0.0391286809197257 0.010728402032749858
0 0.49939491730536506 0.6288819875776398 0.004840661557079467 0.006493506493506494
0 0.5002016942315449 0.6199887069452287 0.004033884630899556 0.002258610954263128
0 0.5139169019766034 0.626764539808018 0.016135538523598225 0.0033879164313946925
0 0.5248083904800322 0.6374929418407679 0.02016942315449778 0.028232636928289104
0 0.5713997579669221 0.6278938452851497 0.011698265429608713 0.010163749294184076
0 0.5849132714804357 0.6326933935629587 0.01290843081887858 0.03387916431394692
0 0.636345300524405 0.6319875776397516 0.031060911657926585 0.03472614342179559
0 0.6589350544574425 0.6294466403162056 0.01008471157724889 0.008752117447769622
0 0.7109721661960468 0.61914172783738 0.045582896329164985 0.025974025974025976
0 0.7375958047599839 0.6181535855448899 0.014118596208148447 0.023997741389045736
0 0.7486889874949576 0.6259175607001694 0.010488100040338847 0.010163749294184076
0 0.7710770471964502 0.6315640880858272 0.0028237192416296895 0.0016939582156973462
