0 0.1498588140379185 0.21456804065499718 0.01653892698668818 0.023150762281197064
0 0.14320290439693426 0.20511010728402032 0.0024203307785397336 0.0008469791078486731
0 0.1653892698668818 0.234472049689441 0.008874546187979023 0.037549407114624504
0 0.1964501815248084 0.22275550536420102 0.014521984671238403 0.006775832862789385
0 0.21702299314239612 0.21301524562394128 0.028237192416296894 0.026821005081874648
0 0.26058894715611136 0.2127329192546584 0.010488100040338847 0.03190287972896669
0 0.2734973779749899 0.22332015810276679 0.011294876966518758 0.007905138339920948
0 0.2888261395724082 0.22219085262563523 0.01936264622831787 0.007905138339920948
0 0.3128277531262606 0.22275550536420102 0.018959257765227916 0.006211180124223602
0 0.36385639370713996 0.2155561829474873 0.01371520774505849 0.023997741389045736
0 0.38321903993545786 0.21442687747035574 0.02581686163775716 0.022868435911914172
0 0.4342476805163372 0.22317899491812535 0.022993142396127472 0.007622811970638058
0 0.4509883017345704 0.22275550536420102 0.011294876966518758 0.006211180124223602
0 0.46752722872125857 0.2230378317334839 0.017749092375958047 0.007905138339920948
0 0.4802339653085922 0.2090626764539808 0.013311819281968536 0.029079616036137776
0 0.4919322307382009 0.22035573122529645 0.004437273093989512 0.009316770186335404
0 0.5050423557886244 0.23306041784302653 0.01855586930213796 0.029079616036137776
0 0.5552642194433239 0.2155561829474873 0.018152480839048003 0.021739130434782608
0 0.5693828156514724 0.22261434217955958 0.00927793465106898 0.00818746470920384
0 0.5788624445340863 0.22289666854884246 0.008874546187979023 0.011575381140598532
0 0.6036708350141186 0.2134387351778656 0.02864058087938685 0.033314511575381144
0 0.6246470350947962 0.2230378317334839 0.01653892698668818 0.005081874647092038
0 0.6423961274707544 0.21146245059288538 0.00927793465106898 0.030491247882552232
0 0.654296087131908 0.22332015810276679 0.008067769261799113 0.00846979107848673
0 0.7004840661557079 0.22120271033314512 0.020572811617587738 0.008752117447769622
0 0.7168212989108511 0.2236024844720497 0.003227107704719645 0.0033879164313946925
0 0.7166196046793062 0.2100508187464709 0.0012101653892698668 0.001129305477131564
0 0.718031464300121 0.21132128740824394 0.0016135538523598225 0.0008469791078486731
0 0.72730939895119 0.2121682665160926 0.005647438483259379 0.027950310559006212
0 0.7349737797498992 0.2127329192546584 0.004033884630899556 0.027950310559006212
0 0.7680516337232756 0.2165443252399774 0.01290843081887858 0.025409373235460192
0 0.7801532876159741 0.22275550536420102 0.010488100040338847 0.006775832862789385
0 0.8102057281161759 0.22332015810276679 0.010891488503428802 0.01129305477131564
0 0.8208955223880597 0.22374364765669114 0.014521984671238403 0.005928853754940711
0 0.8384429205324728 0.23644833427442122 0.01653892698668818 0.031338226990400904
0 0.8481242436466317 0.22416713721061546 0.0052440500201694235 0.00564652738565782
0 0.8515530455828964 0.21301524562394128 0.0024203307785397336 0.003105590062111801
0 0.8648648648648649 0.22162619988706944 0.016942315449778138 0.00564652738565782
0 0.8781766841468334 0.2316487859966121 0.024203307785397338 0.025691699604743084
0 0.14320290439693426 0.2649632975719932 0.009681323114158934 0.023433088650479956
0 0.15853166599435256 0.265527950310559 0.022589753933037516 0.022868435911914172
0 0.17789431222267044 0.2857142857142857 0.015328761597418314 0.032185206098249576
0 0.22307382008874546 0.2704686617730096 0.016942315449778138 0.010728402032749858
0 0.2434449374747882 0.2724449463579898 0.021379588543767647 0.007905138339920948
0 0.2603872529245664 0.2628458498023715 0.007664380798709157 0.023715415019762844
0 0.27047196450181527 0.27300959909655564 0.00927793465106898 0.006211180124223602
0 0.27490923759580477 0.26030491247882553 0.008471157724889069 0.028797289666854884
0 0.31887858007260994 0.2720214568040655 0.02702702702702703 0.007622811970638058
0 0.33743444937474787 0.27117447769621683 0.01008471157724889 0.00818746470920384
0 0.34933440903590157 0.2728684359119142 0.009681323114158934 0.006493506493506494
0 0.35941912061315046 0.27103331451157536 0.005647438483259379 0.00846979107848673
0 0.4015732150060508 0.2660926030491248 0.02379991932230738 0.023997741389045736
0 0.43283582089552236 0.2608695652173913 0.03146430012101654 0.030491247882552232
0 0.45340863251311014 0.2725861095426313 0.011294876966518758 0.008752117447769622
0 0.4647035094796289 0.2737154150197628 0.012101653892698669 0.00818746470920384
0 0.5038321903993546 0.2652456239412761 0.00645421540943929 0.020609824957651044
0 0.5127067365873336 0.2748447204968944 0.004840661557079467 0.001411631846414455
0 0.5139169019766034 0.26355166572557875 0.0024203307785397336 0.002540937323546019
0 0.5274304154901169 0.262987012987013 0.014925373134328358 0.02456239412761152
0 0.5443727309398951 0.2738565782044043 0.011698265429608713 0.007340485601355167
0 0.581887858007261 0.2648221343873518 0.014118596208148447 0.026538678712591756
0 0.5929810407422348 0.2723037831733484 0.008067769261799113 0.007058159232072276
0 0.6064945542557483 0.27300959909655564 0.01573215006050827 0.00564652738565782
0 0.6212182331585316 0.26002258610954265 0.016135538523598225 0.02710333145115754
0 0.6302944735780557 0.2758328627893845 0.0028237192416296895 0.002258610954263128
0 0.6791044776119403 0.26990400903444384 0.02944735780556676 0.023150762281197064
0 0.7033077853973376 0.26341050254093734 0.012505042355788625 0.023715415019762844
0 0.7388059701492538 0.2649632975719932 0.014925373134328358 0.028514963297571992
0 0.7503025413473174 0.27413890457368717 0.009681323114158934 0.006775832862789385
0 0.790641387656313 0.26566911349520045 0.029850746268656716 0.024280067758328628
0 0.8138362242839855 0.2844438170525127 0.019766034691407825 0.028514963297571992
0 0.8307785397337636 0.24378881987577639 0.003630496167809601 0.004799548277809147
0 0.845098830173457 0.27428006775832864 0.010488100040338847 0.007622811970638058
0 0.8561920129084308 0.2738565782044043 0.00927793465106898 0.00846979107848673
0 0.8612343686970553 0.277244494635799 0.0016135538523598225 0.0016939582156973462
0 0.8660750302541347 0.2745623941276115 0.008874546187979023 0.007058159232072276
0 0.8773699072206534 0.2737154150197628 0.008874546187979023 0.007622811970638058
0 0.14784187172246874 0.33540372670807456 0.018959257765227916 0.03557312252964427
0 0.17244856797095603 0.32284020327498586 0.02864058087938685 0.005928853754940711
0 0.18475191609519967 0.31211180124223603 0.009681323114158934 0.023433088650479956
0 0.19786204114562322 0.32185206098249575 0.013311819281968536 0.007905138339920948
0 0.20875352964905203 0.32171089779785433 0.007664380798709157 0.009316770186335404
0 0.25574828559903184 0.3167701863354037 0.02501008471157725 0.019762845849802372
0 0.27833803953206937 0.32241671372106157 0.01855586930213796 0.007905138339920948
0 0.31988705123033484 0.31521739130434784 0.011294876966518758 0.020609824957651044
0 0.33864461476401775 0.31521739130434784 0.02702702702702703 0.023997741389045736
0 0.35699878983461075 0.32481648785996614 0.005647438483259379 0.004234895539243365
0 0.3582089552238806 0.31098249576510445 0.004033884630899556 0.005928853754940711
0 0.3676885841064946 0.3210050818746471 0.006857603872529245 0.010728402032749858
0 0.4048003227107705 0.33356860530773574 0.019766034691407825 0.031338226990400904
0 0.41871722468737393 0.32185206098249575 0.016135538523598225 0.007340485601355167
0 0.4318273497377975 0.32029926595143987 0.004437273093989512 0.00818746470920384
0 0.44372730939895116 0.32396950875211744 0.011294876966518758 0.00818746470920384
0 0.44594594594594594 0.3126764539808018 0.006857603872529245 0.023433088650479956
0 0.4562323517547398 0.32298136645962733 0.008874546187979023 0.007340485601355167
0 0.4709560306575232 0.3231225296442688 0.01653892698668818 0.005364201016374929
0 0.4834610730133118 0.3253811405985319 0.004437273093989512 0.002540937323546019
0 0.48305768455022186 0.31197063805759456 0.0028237192416296895 0.0033879164313946925
0 0.5076643807987091 0.33582721626199885 0.040742234772085516 0.03190287972896669
0 0.5641387656313029 0.314652738565782 0.01573215006050827 0.022868435911914172
0 0.582089552238806 0.32368718238283456 0.020976200080677694 0.006493506493506494
0 0.5931827349737797 0.3132411067193676 0.007664380798709157 0.028514963297571992
0 0.6038725292456636 0.3241106719367589 0.008067769261799113 0.01355166572557877
0 0.6466317063331989 0.3241106719367589 0.016135538523598225 0.007905138339920948
0 0.6591367486889875 0.32269904009034445 0.003227107704719645 0.007905138339920948
0 0.6668011294876967 0.3255223037831734 0.011294876966518758 0.007905138339920948
0 0.7109721661960468 0.3255223037831734 0.02379991932230738 0.007905138339920948
0 0.7301331181928197 0.33582721626199885 0.016942315449778138 0.027385657820440428
0 0.7440500201694231 0.32523997741389044 0.006857603872529245 0.010728402032749858
0 0.7579669221460267 0.31225296442687744 0.009681323114158934 0.02766798418972332
0 0.7642194433239209 0.325098814229249 0.01008471157724889 0.006493506493506494
0 0.7785397337636144 0.325098814229249 0.004033884630899556 0.008752117447769622
0 0.7860024203307785 0.3265104460756635 0.0060508269463493344 0.003105590062111801
0 0.790439693424768 0.31634669678147936 0.002016942315449778 0.0036702428006775835
0 0.8077853973376361 0.3235460191981931 0.0326744655102864 0.009599096555618294
0 0.8283582089552238 0.3116883116883117 0.0060508269463493344 0.02710333145115754
0 0.8406615570794675 0.33258046301524563 0.01371520774505849 0.028232636928289104
0 0.13957240822912464 0.37450592885375494 0.004840661557079467 0.007058159232072276
0 0.14905203711173862 0.37577639751552794 0.012505042355788625 0.006775832862789385
0 0.16397741024606696 0.36250705815923207 0.012505042355788625 0.029926595143986448
0 0.17708753529649052 0.3743647656691135 0.010488100040338847 0.007340485601355167
0 0.19019766034691407 0.37365894974590624 0.004437273093989512 0.005928853754940711
0 0.21077047196450183 0.3753529079616036 0.026220250100847116 0.007622811970638058
0 0.23598225090762404 0.36617730095990964 0.015328761597418314 0.024280067758328628
0 0.281968535699879 0.3681535855448899 0.014521984671238403 0.019198193111236588
0 0.2946752722872126 0.3752117447769622 0.008471157724889069 0.005081874647092038
0 0.3392496974586527 0.3675889328063241 0.010488100040338847 0.0220214568040655
0 0.3567970956030658 0.36575381140598534 0.026220250100847116 0.023997741389045736
0 0.40742234772085517 0.3730942970073405 0.010488100040338847 0.009881422924901186
0 0.40964098426784995 0.37012987012987014 0.0012101653892698668 0.001129305477131564
0 0.4233561920129084 0.36391869000564653 0.02218636546994756 0.026538678712591756
0 0.4417103670835014 0.36250705815923207 0.011294876966518758 0.028232636928289104
0 0.4594594594594595 0.38664596273291924 0.008874546187979023 0.013269339356295878
0 0.46046793061718433 0.37125917560700167 0.003630496167809601 0.0033879164313946925
0 0.49515933844292054 0.3694240542066629 0.012505042355788625 0.021739130434782608
0 0.5116982654296087 0.366600790513834 0.021379588543767647 0.023997741389045736
0 0.5288422751109318 0.37648221343873517 0.004840661557079467 0.004234895539243365
0 0.5318676885841065 0.36589497459062675 0.0028237192416296895 0.003952569169960474
0 0.5381202097620008 0.37422360248447206 0.00645421540943929 0.008752117447769622
0 0.5865268253327954 0.3674477696216827 0.03953206938281565 0.02456239412761152
0 0.6149657119806373 0.3643421795595709 0.011698265429608713 0.023997741389045736
0 0.6189995966115369 0.37422360248447206 0.00927793465106898 0.007058159232072276
0 0.6296893908834207 0.37351778656126483 0.008067769261799113 0.011857707509881422
0 0.6651875756353368 0.36462450592885376 0.01371520774505849 0.01948051948051948
0 0.6778943122226704 0.3753529079616036 0.004437273093989512 0.003105590062111801
0 0.6823315853166599 0.3651891586674195 0.0028237192416296895 0.002540937323546019
0 0.6887858007260992 0.37450592885375494 0.00927793465106898 0.007622811970638058
0 0.6938281565147236 0.3650479954827781 0.007260992335619202 0.025974025974025976
0 0.7018959257765228 0.3769057029926595 0.004840661557079467 0.00282326369282891
0 0.7053247277127874 0.36702428006775834 0.0028237192416296895 0.003952569169960474
0 0.7174263816054861 0.36702428006775834 0.022993142396127472 0.025409373235460192
0 0.7438483259378782 0.38523433088650477 0.00645421540943929 0.012704686617730096
0 0.746268656716418 0.3719649915302089 0.0016135538523598225 0.003105590062111801
0 0.7736990722065349 0.37422360248447206 0.016135538523598225 0.008752117447769622
0 0.7968939088342073 0.3660361377752682 0.031060911657926585 0.0251270468661773
0 0.8380395320693829 0.3752117447769622 0.010891488503428802 0.007905138339920948
0 0.8473174667204518 0.3790231507622812 0.007664380798709157 0.042631281761716544
0 0.8491327148043566 0.3565782044042914 0.0016135538523598225 0.001129305477131564
0 0.8628479225494151 0.3651891586674195 0.008067769261799113 0.027950310559006212
0 0.8668818071803146 0.37676453980801805 0.010488100040338847 0.005928853754940711
0 0.8810004033884631 0.3759175607001694 0.016135538523598225 0.005364201016374929
0 0.8973376361436063 0.38424618859401466 0.008471157724889069 0.009034443817052512
0 0.1498588140379185 0.423630717108978 0.024606696248487294 0.010446075663466968
0 0.1680112948769665 0.42504234895539245 0.01008471157724889 0.00818746470920384
0 0.18192819685356998 0.42419536984754375 0.016135538523598225 0.005928853754940711
0 0.23880597014925373 0.4148785996612084 0.015328761597418314 0.020609824957651044
0 0.2593787817668415 0.4162902315076228 0.026623638563937072 0.022868435911914172
0 0.27874142799515933 0.42603049124788256 0.005647438483259379 0.003952569169960474
0 0.2801532876159742 0.41459627329192544 0.004437273093989512 0.004799548277809147
0 0.2880193626462283 0.4227837380011293 0.00645421540943929 0.008752117447769622
0 0.3307785397337636 0.4233483907396951 0.012101653892698669 0.012704686617730096
0 0.3600242033077854 0.41205533596837945 0.03751512706736587 0.032467532467532464
0 0.3826139572408229 0.42476002258610956 0.010891488503428802 0.013269339356295878
0 0.42839854780153286 0.4244776962168266 0.01371520774505849 0.009316770186335404
0 0.4354578459056071 0.4103613777526821 0.004437273093989512 0.029079616036137776
0 0.44493747478822104 0.42617165443252397 0.008874546187979023 0.00818746470920384
0 0.46006454215409437 0.42476002258610956 0.014925373134328358 0.007058159232072276
0 0.4826542960871319 0.42504234895539245 0.02944735780556676 0.00818746470920384
0 0.5028237192416297 0.42603049124788256 0.007664380798709157 0.006211180124223602
0 0.5054457442517144 0.4134669678147939 0.008874546187979023 0.027385657820440428
0 0.5227914481645825 0.41953698475437606 0.011294876966518758 0.019198193111236588
0 0.5572811617587737 0.4184076792772445 0.013311819281968536 0.021456804065499716
0 0.572811617587737 0.4256070016939582 0.01290843081887858 0.007058159232072276
0 0.5915691811214199 0.42405420666290233 0.02218636546994756 0.009034443817052512
0 0.6389673255344898 0.42292490118577075 0.01936264622831787 0.010728402032749858
0 0.6557079467527229 0.4246188594014681 0.01008471157724889 0.007340485601355167
0 0.6758773699072207 0.41459627329192544 0.02864058087938685 0.027950310559006212
0 0.6946349334409035 0.4265951439864483 0.009681323114158934 0.007905138339920948
0 0.7022993142396128 0.4289949181253529 0.0024203307785397336 0.001411631846414455
0 0.7053247277127874 0.4254658385093168 0.006857603872529245 0.005081874647092038
0 0.7202501008471158 0.4265951439864483 0.008471157724889069 0.055900621118012424
0 0.7305365066559096 0.4264539808018069 0.008067769261799113 0.004234895539243365
0 0.7422347720855184 0.41445511010728403 0.005647438483259379 0.02766798418972332
0 0.772892295280355 0.4171372106154715 0.004033884630899556 0.003105590062111801
0 0.7741024606696248 0.42715979672501414 0.004840661557079467 0.003952569169960474
0 0.7849939491730537 0.427442123094297 0.00645421540943929 0.05928853754940711
0 0.8221056877773296 0.41643139469226426 0.02743041549011698 0.024280067758328628
0 0.8428801936264623 0.436617730095991 0.01573215006050827 0.03472614342179559
0 0.145421540943929 0.4738848108413326 0.01008471157724889 0.011575381140598532
0 0.16296893908834206 0.46273291925465837 0.02581686163775716 0.030491247882552232
0 0.18757563533682936 0.47360248447204967 0.01855586930213796 0.009881422924901186
0 0.20048406615570794 0.47571993224167136 0.011294876966518758 0.006211180124223602
0 0.2127874142799516 0.4655561829474873 0.01008471157724889 0.026538678712591756
0 0.2624041952400161 0.46725014116318464 0.014925373134328358 0.019762845849802372
0 0.2779346510689794 0.46612083568605306 0.023396530859217425 0.023715415019762844
0 0.2964905203711174 0.4762845849802372 0.004840661557079467 0.003952569169960474
0 0.29709560306575233 0.46357989836250707 0.0028237192416296895 0.004517221908526256
0 0.30597014925373134 0.4733201581027668 0.0052440500201694235 0.008752117447769622
0 0.34045986284792257 0.47473178994918125 0.01936264622831787 0.007058159232072276
0 0.3574021782977007 0.474025974025974 0.010488100040338847 0.012987012987012988
0 0.3719241629689391 0.487012987012987 0.008067769261799113 0.038396386222473176
0 0.38221056877773296 0.4741671372106155 0.0052440500201694235 0.008752117447769622
0 0.390883420734167 0.4751552795031056 0.01290843081887858 0.007340485601355167
0 0.40439693424768053 0.47444946357989837 0.01008471157724889 0.00818746470920384
0 0.41670028237192414 0.4761434217955957 0.005647438483259379 0.0036702428006775835
0 0.41589350544574427 0.4623094297007341 0.003227107704719645 0.004799548277809147
0 0.42839854780153286 0.474025974025974 0.015328761597418314 0.007905138339920948
0 0.4421137555465914 0.4611801242236025 0.016135538523598225 0.03077357425183512
0 0.45340863251311014 0.4754376058723885 0.004033884630899556 0.0033879164313946925
0 0.4564340459862848 0.4640033879164314 0.003630496167809601 0.0036702428006775835
0 0.46571198063735375 0.4743083003952569 0.010891488503428802 0.006775832862789385
0 0.4824526018555869 0.4738848108413326 0.01290843081887858 0.010446075663466968
0 0.5221863654699476 0.4658385093167702 0.010891488503428802 0.023150762281197064
0 0.5387252924566357 0.46485036702428006 0.01734570391286809 0.029644268774703556
0 0.5496167809600645 0.4775550536420102 0.0052440500201694235 0.004234895539243365
0 0.5508269463493344 0.4647092038396386 0.0028237192416296895 0.0033879164313946925
0 0.5597014925373134 0.47374364765669114 0.006857603872529245 0.011857707509881422
0 0.5968132311415894 0.47374364765669114 0.022993142396127472 0.009034443817052512
0 0.6163775716014522 0.4748729531338227 0.012101653892698669 0.006211180124223602
0 0.6264622831787011 0.47374364765669114 0.004033884630899556 0.007340485601355167
0 0.6403791851553046 0.47444946357989837 0.01653892698668818 0.00818746470920384
0 0.6512706736587334 0.4767080745341615 0.003630496167809601 0.001976284584980237
0 0.6512706736587334 0.4632975719932242 0.0028237192416296895 0.005081874647092038
0 0.6668011294876967 0.47600225861095424 0.017749092375958047 0.00564652738565782
0 0.6857603872529245 0.4867306606437041 0.016942315449778138 0.029926595143986448
0 0.7307382008874547 0.47586109542631283 0.018152480839048003 0.008752117447769622
0 0.7438483259378782 0.4772727272727273 0.004033884630899556 0.003105590062111801
0 0.7581686163775716 0.4618859401468097 0.01008471157724889 0.032185206098249576
0 0.7692617991125453 0.4647092038396386 0.010488100040338847 0.029926595143986448
0 0.8025413473174667 0.4751552795031056 0.018959257765227916 0.00846979107848673
0 0.837232755143203 0.4733201581027668 0.00927793465106898 0.009316770186335404
0 0.8469140782573619 0.47501411631846413 0.00927793465106898 0.005364201016374929
0 0.8582089552238806 0.47459062676453984 0.0052440500201694235 0.006775832862789385
0 0.8686970552642195 0.4863071710897798 0.010891488503428802 0.035290796160361376
0 0.8763614360629286 0.474025974025974 0.0028237192416296895 0.007340485601355167
0 0.8848325937878176 0.47600225861095424 0.004437273093989512 0.003952569169960474
0 0.8874546187979023 0.46485036702428006 0.0024203307785397336 0.0036702428006775835
0 0.8989511899959661 0.47261434217955955 0.019766034691407825 0.012422360248447204
0 0.15348931020572812 0.5184923771880293 0.024606696248487294 0.023997741389045736
0 0.17426381605486083 0.5258328627893846 0.02016942315449778 0.012140033879164314
0 0.2263009277934651 0.5252682100508187 0.012101653892698669 0.007622811970638058
0 0.23880597014925373 0.5248447204968945 0.005647438483259379 0.058723884810841336
0 0.27148043565954016 0.5254093732354602 0.010488100040338847 0.007340485601355167
0 0.28721258572004843 0.510446075663467 0.014521984671238403 0.03670242800677583
0 0.3017345703912868 0.5269621682665161 0.009681323114158934 0.005928853754940711
0 0.3174667204517951 0.5255505364201016 0.008874546187979023 0.007058159232072276
0 0.32775312626058895 0.5265386787125917 0.008471157724889069 0.005081874647092038
0 0.34610730133118195 0.5148221343873518 0.024203307785397338 0.031338226990400904
0 0.36345300524405 0.5049407114624506 0.01855586930213796 0.047713156408808584
0 0.3741427995159338 0.5278091473743648 0.011698265429608713 0.007058159232072276
0 0.3840258168616378 0.525974025974026 0.012101653892698669 0.015245623941276116
0 0.4300121016538927 0.5263975155279503 0.01290843081887858 0.009316770186335404
0 0.4431222267043163 0.5245623941276115 0.004437273093989512 0.007340485601355167
0 0.4757966922146027 0.5258328627893846 0.018152480839048003 0.007622811970638058
0 0.5219846712384025 0.5172219085262564 0.023396530859217425 0.025409373235460192
0 0.5469947559499798 0.5245623941276115 0.016942315449778138 0.007905138339920948
0 0.5621218233158531 0.5258328627893846 0.010891488503428802 0.007058159232072276
0 0.5752319483662768 0.5139751552795031 0.014521984671238403 0.03190287972896669
0 0.6171843485276322 0.5251270468661773 0.009681323114158934 0.006211180124223602
0 0.627269060104881 0.5263975155279503 0.012101653892698669 0.05561829474872953
0 0.6704316256555063 0.5324675324675324 0.008874546187979023 0.053642010163749296
0 0.6772892295280355 0.4981648785996612 0.00645421540943929 0.003105590062111801
0 0.6837434449374747 0.5179277244494636 0.004033884630899556 0.023433088650479956
0 0.6901976603469141 0.5262563523433089 0.008874546187979023 0.00564652738565782
0 0.7057281161758774 0.5239977413890458 0.01734570391286809 0.009599096555618294
0 0.7198467123840259 0.5266798418972332 0.01008471157724889 0.006493506493506494
0 0.7307382008874547 0.5239977413890458 0.006857603872529245 0.007905138339920948
0 0.736385639370714 0.5255505364201016 0.00927793465106898 0.012140033879164314
0 0.7579669221460267 0.5406549971767363 0.004840661557079467 0.0033879164313946925
0 0.7611940298507462 0.5122811970638057 0.005647438483259379 0.027385657820440428
