0 0.15389269866881808 0.20652173913043478 0.0060508269463493344 0.0036702428006775835
0 0.1700282371924163 0.2149915302089215 0.020572811617587738 0.012704686617730096
0 0.19604679306171843 0.21964991530208922 0.00645421540943929 0.006211180124223602
0 0.22125857200484067 0.21428571428571427 0.043969342476805166 0.012987012987012988
0 0.2670431625655506 0.2180971202710333 0.011294876966518758 0.007058159232072276
0 0.3325937878176684 0.21485036702428006 0.06736587333602259 0.012987012987012988
0 0.3580072609923356 0.20976849237718803 0.0028237192416296895 0.0033879164313946925
0 0.40762404195240015 0.21357989836250707 0.0326744655102864 0.014398644833427442
0 0.4342476805163372 0.21781479390175043 0.01653892698668818 0.005928853754940711
0 0.47781363453005243 0.21640316205533597 0.04719645018152481 0.01948051948051948
0 0.5292456635740218 0.21527385657820441 0.024203307785397338 0.01383399209486166
0 0.5685760387252925 0.21739130434782608 0.027833803953206938 0.018633540372670808
0 0.5875352964905204 0.21527385657820441 0.03751512706736587 0.012140033879164314
0 0.6427995159338443 0.21386222473178995 0.04235578862444534 0.012140033879164314
0 0.6883824122630092 0.21725014116318464 0.022993142396127472 0.010446075663466968
0 0.72730939895119 0.2183794466403162 0.04033884630899556 0.012704686617730096
0 0.7345703912868092 0.2134387351778656 0.004033884630899556 0.002258610954263128
0 0.7825736183945139 0.21739130434782608 0.055667607906413875 0.014116318464144552
0 0.8342073416700282 0.21640316205533597 0.023396530859217425 0.01101072840203275
0 0.18192819685356998 0.2660926030491248 0.05808793868495361 0.01383399209486166
0 0.16135538523598225 0.26679841897233203 0.0016135538523598225 0.001129305477131564
0 0.16256555062525213 0.2648221343873518 0.0016135538523598225 0.002258610954263128
0 0.25978217022993144 0.2689158667419537 0.0645421540943929 0.0189158667419537
0 0.2763210972166196 0.26312817617165446 0.0024203307785397336 0.002258610954263128
0 0.3253327954820492 0.2728684359119142 0.02864058087938685 0.018351214003387916
0 0.3753529649052037 0.2641163184641446 0.03751512706736587 0.014963297571993224
0 0.4346510689794272 0.265527950310559 0.04961678096006454 0.014398644833427442
0 0.4834610730133118 0.2584697910784867 0.007664380798709157 0.0036702428006775835
0 0.46308995562726907 0.2727272727272727 0.0024203307785397336 0.0016939582156973462
0 0.5116982654296087 0.2660926030491248 0.01734570391286809 0.012140033879164314
0 0.5316659943525616 0.2662337662337662 0.021782977006857603 0.011857707509881422
0 0.527228721258572 0.26228119706380576 0.004840661557079467 0.002258610954263128
0 0.5300524405002017 0.2662337662337662 0.0016135538523598225 0.001129305477131564
0 0.5617184348527632 0.2694805194805195 0.0463896732553449 0.007058159232072276
0 0.6131504638967326 0.26905702992659514 0.01371520774505849 0.006211180124223602
0 0.6151674062121824 0.2632693393562959 0.0024203307785397336 0.003105590062111801
0 0.645421540943929 0.2701863354037267 0.020976200080677694 0.006211180124223602
0 0.6833400564743848 0.26778656126482214 0.02016942315449778 0.012140033879164314
0 0.7256958450988302 0.2751270468661773 0.0790641387656313 0.015527950310559006
0 0.8146430012101654 0.27004517221908525 0.07382008874546188 0.017786561264822136
0 0.8221056877773296 0.26256352343308864 0.0016135538523598225 0.001129305477131564
0 0.17063331988705124 0.31634669678147936 0.041145623235175476 0.013269339356295878
0 0.22347720855183542 0.3170525127046866 0.021782977006857603 0.012987012987012988
0 0.2771278741427995 0.3210050818746471 0.0653489310205728 0.020892151326933936
0 0.30778539733763616 0.31832298136645965 0.008067769261799113 0.005364201016374929
0 0.35155304558289635 0.31592320722755507 0.043162565550625254 0.01355166572557877
0 0.400161355385236 0.31592320722755507 0.01936264622831787 0.01355166572557877
0 0.4427188382412263 0.32086391869000563 0.0318676885841065 0.007622811970638058
0 0.49616780960064544 0.32382834556747603 0.04437273093989512 0.024280067758328628
0 0.545986284792255 0.31959345002823264 0.011698265429608713 0.005081874647092038
0 0.5792658329971763 0.32058159232072275 0.009681323114158934 0.007058159232072276
0 0.6073013311819282 0.3186053077357425 0.045582896329164985 0.012140033879164314
0 0.6643807987091569 0.31804065499717676 0.04356595401371521 0.010446075663466968
0 0.672045179507866 0.31507622811970637 0.003227107704719645 0.002258610954263128
0 0.7073416700282372 0.320016939582157 0.022993142396127472 0.007622811970638058
0 0.7498991528842275 0.3169113495200452 0.028237192416296894 0.013269339356295878
0 0.7960871319080274 0.3178994918125353 0.024606696248487294 0.011857707509881422
0 0.8168616377571601 0.3198757763975155 0.017749092375958047 0.006775832862789385
0 0.16438079870915692 0.36702428006775834 0.024606696248487294 0.020892151326933936
0 0.19846712384025816 0.3642010163749294 0.02581686163775716 0.01355166572557877
0 0.2373941105284389 0.3644833427442123 0.020572811617587738 0.014116318464144552
0 0.26744655102864057 0.3697063805759458 0.045986284792254944 0.021739130434782608
0 0.2488906817265026 0.36151891586674195 0.0024203307785397336 0.001976284584980237
0 0.33400564743848327 0.36575381140598534 0.045986284792254944 0.01383399209486166
0 0.3914885034288019 0.366600790513834 0.03751512706736587 0.013269339356295878
0 0.43586123436869706 0.36645962732919257 0.020572811617587738 0.014680971202710334
0 0.48749495764421136 0.3687182382834557 0.05929810407422348 0.014680971202710334
0 0.5223880597014925 0.37549407114624506 0.007260992335619202 0.006211180124223602
0 0.582089552238806 0.36773009599096557 0.07745058491327148 0.013269339356295878
0 0.5705929810407422 0.36278938452851495 0.002016942315449778 0.0016939582156973462
0 0.6300927793465106 0.37422360248447206 0.008874546187979023 0.007058159232072276
0 0.6575231948366277 0.3673066064370412 0.020976200080677694 0.012987012987012988
0 0.6766841468334006 0.37027103331451156 0.019766034691407825 0.008752117447769622
0 0.7246873739411053 0.3687182382834557 0.04235578862444534 0.01129305477131564
0 0.781565147236789 0.3746470920383964 0.06978620411456232 0.025974025974025976
0 0.8017345703912868 0.36264822134387353 0.002016942315449778 0.002540937323546019
0 0.16659943525615167 0.4160079051383399 0.02581686163775716 0.011575381140598532
0 0.20814844695441712 0.4160079051383399 0.029043969342476807 0.012704686617730096
0 0.2561516740621218 0.4215132693393563 0.035498184751916094 0.012987012987012988
0 0.28136345300524407 0.41883116883116883 0.012505042355788625 0.004799548277809147
0 0.2934651068979427 0.4209486166007905 0.0028237192416296895 0.0016939582156973462
0 0.32432432432432434 0.41854884246188595 0.0016135538523598225 0.001411631846414455
0 0.3370310609116579 0.4160079051383399 0.022993142396127472 0.012140033879164314
0 0.3981444130697862 0.4213721061547149 0.063735377168213 0.008752117447769622
0 0.42416296893908834 0.4138904573687182 0.002016942315449778 0.0033879164313946925
0 0.45240016135538524 0.4181253529079616 0.04235578862444534 0.014116318464144552
0 0.4608713190802743 0.41445511010728403 0.0028237192416296895 0.0033879164313946925
0 0.5076643807987091 0.4168548842461886 0.021379588543767647 0.014398644833427442
0 0.5748285599031868 0.4234895539243365 0.09116579265832997 0.024844720496894408
0 0.6516740621218233 0.42179559570863917 0.02864058087938685 0.006775832862789385
0 0.7127874142799516 0.42320722755505363 0.06615570794675273 0.018633540372670808
0 0.7839854780153288 0.4191134952004517 0.0536506655909641 0.012704686617730096
0 0.18737394110528438 0.46612083568605306 0.07704719645018153 0.014116318464144552
0 0.15873336022589754 0.46160361377752684 0.0028237192416296895 0.00282326369282891
0 0.1926179911254538 0.46174477696216826 0.0028237192416296895 0.002540937323546019
0 0.29588543767648245 0.46696781479390176 0.08834207341670028 0.015810276679841896
0 0.3402581686163776 0.47557876905702995 0.02702702702702703 0.014963297571993224
0 0.3892698668818072 0.47346132128740825 0.028237192416296894 0.0220214568040655
0 0.4398951189995966 0.47656691134952006 0.045582896329164985 0.015810276679841896
0 0.5082694634933441 0.467673630717109 0.041145623235175476 0.014398644833427442
0 0.5135135135135135 0.4652738565782044 0.0024203307785397336 0.002258610954263128
0 0.5609116579265833 0.4710615471485037 0.018152480839048003 0.007058159232072276
0 0.563331988705123 0.4654150197628458 0.003630496167809601 0.0036702428006775835
0 0.5996369503832191 0.4678147939017504 0.02379991932230738 0.012987012987012988
0 0.654901169826543 0.46936758893280633 0.051230334812424366 0.012704686617730096
0 0.672448567970956 0.4668266516092603 0.0016135538523598225 0.001976284584980237
0 0.7139975796692215 0.4712027103331451 0.026623638563937072 0.020327498588368152
0 0.7390076643807987 0.47346132128740825 0.010488100040338847 0.006775832862789385
0 0.7855990318676885 0.4712027103331451 0.08753529649052037 0.010163749294184076
0 0.8695038321903994 0.4688029361942405 0.045582896329164985 0.012140033879164314
0 0.16780960064542155 0.5172219085262564 0.04033884630899556 0.015245623941276116
0 0.2198467123840258 0.5176453980801807 0.022589753933037516 0.012704686617730096
0 0.2559499798305768 0.5180688876341051 0.024606696248487294 0.012422360248447204
0 0.29951593384429204 0.5211744776962168 0.0318676885841065 0.018633540372670808
0 0.32412263009277936 0.5248447204968945 0.0028237192416296895 0.002258610954263128
