0 0.16922146026623638 0.2531055900621118 0.04154901169826543 0.02456239412761152
0 0.22246873739411052 0.2532467532467532 0.05445744251714401 0.031055900621118012
0 0.3051633723275514 0.26129305477131565 0.0536506655909641 0.03359683794466403
0 0.35699878983461075 0.2696216826651609 0.04679306171843485 0.014680971202710334
0 0.3874546187979024 0.2673630717108978 0.012505042355788625 0.012422360248447204
0 0.41670028237192414 0.26030491247882553 0.004840661557079467 0.00282326369282891
0 0.418313836224284 0.26750423489553926 0.004033884630899556 0.007622811970638058
0 0.4334409035901573 0.26679841897233203 0.010891488503428802 0.010163749294184076
0 0.4943525615167406 0.2619988706945229 0.06978620411456232 0.020327498588368152
0 0.5843081887858007 0.26143421795595706 0.06252521177894312 0.024280067758328628
0 0.6518757563533683 0.26877470355731226 0.033884630899556276 0.010728402032749858
0 0.6754739814441307 0.26877470355731226 0.010891488503428802 0.010728402032749858
0 0.6964501815248084 0.27060982495765107 0.02379991932230738 0.009881422924901186
0 0.7051230334812424 0.2648221343873518 0.004033884630899556 0.0033879164313946925
0 0.7404195240016136 0.2636928289102202 0.05526421944332392 0.019762845849802372
0 0.8011294876966518 0.26778656126482214 0.02743041549011698 0.010446075663466968
0 0.8340056474384833 0.26792772444946356 0.0326744655102864 0.009599096555618294
0 0.8225090762404196 0.26256352343308864 0.0016135538523598225 0.001129305477131564
0 0.8757563533682937 0.2694805194805195 0.04759983864461476 0.013269339356295878
0 0.14925373134328357 0.30194805194805197 0.0016135538523598225 0.0036702428006775835
0 0.15127067365873337 0.3111236589497459 0.004840661557079467 0.009034443817052512
0 0.16518757563533684 0.31098249576510445 0.014118596208148447 0.011575381140598532
0 0.20108914885034287 0.3160643704121965 0.014925373134328358 0.0189158667419537
0 0.22831787010891488 0.3138057594579334 0.03146430012101654 0.011575381140598532
0 0.2888261395724082 0.31098249576510445 0.0782573618394514 0.018351214003387916
0 0.33743444937474787 0.3234048560135517 0.0060508269463493344 0.012704686617730096
0 0.3691004437273094 0.3126764539808018 0.015328761597418314 0.018351214003387916
0 0.382008874546188 0.3207227555053642 0.016135538523598225 0.017504234895539244
0 0.42496974586526826 0.31211180124223603 0.02218636546994756 0.023997741389045736
0 0.43384429205324726 0.31084133258046304 0.003630496167809601 0.00282326369282891
0 0.45482049213392495 0.31832298136645965 0.03751512706736587 0.03020892151326934
0 0.4858814037918516 0.3210050818746471 0.01653892698668818 0.002258610954263128
0 0.5125050423557886 0.320016939582157 0.010891488503428802 0.010446075663466968
0 0.5473981444130698 0.3210050818746471 0.05163372327551432 0.020327498588368152
0 0.6119402985074627 0.313382269904009 0.01855586930213796 0.021456804065499716
0 0.6216216216216216 0.31098249576510445 0.004033884630899556 0.004234895539243365
0 0.6565147236789027 0.3142292490118577 0.06010488100040339 0.017504234895539244
0 0.6847519160951997 0.31281761716544326 0.003630496167809601 0.0033879164313946925
0 0.7041145623235175 0.325098814229249 0.02864058087938685 0.023433088650479956
0 0.7563533682936668 0.3170525127046866 0.03630496167809601 0.01637492941840768
0 0.8473174667204518 0.3169113495200452 0.09883017345703912 0.017221908526256352
0 0.1472367890278338 0.3578486730660644 0.0024203307785397336 0.004234895539243365
0 0.14945542557482855 0.36829474872953133 0.0052440500201694235 0.009316770186335404
0 0.16417910447761194 0.3697063805759458 0.01290843081887858 0.01101072840203275
0 0.18212989108511496 0.36885940146809715 0.014925373134328358 0.012704686617730096
0 0.19665187575635337 0.3632128740824393 0.014118596208148447 0.018351214003387916
0 0.22388059701492538 0.36914172783738003 0.03630496167809601 0.01101072840203275
0 0.2515127067365873 0.3697063805759458 0.021379588543767647 0.007058159232072276
0 0.2680516337232755 0.36462450592885376 0.02702702702702703 0.020045172219085264
0 0.2769261799112545 0.3622247317899492 0.004437273093989512 0.002258610954263128
0 0.29709560306575233 0.3697063805759458 0.020572811617587738 0.009316770186335404
0 0.31444130697862044 0.3709768492377188 0.00927793465106898 0.009599096555618294
0 0.35619201290843083 0.36900056465273856 0.029850746268656716 0.00846979107848673
0 0.42839854780153286 0.36278938452851495 0.0572811617587737 0.023150762281197064
0 0.490923759580476 0.3674477696216827 0.035498184751916094 0.017221908526256352
0 0.5437676482452601 0.36377752682100506 0.03065752319483663 0.020609824957651044
0 0.5974183138362242 0.36575381140598534 0.03307785397337636 0.017221908526256352
0 0.6264622831787011 0.37111801242236025 0.015328761597418314 0.009316770186335404
0 0.6520774505849133 0.3752117447769622 0.014925373134328358 0.015245623941276116
0 0.6559096409842678 0.3606719367588933 0.004840661557079467 0.0036702428006775835
0 0.672246873739411 0.3687182382834557 0.01573215006050827 0.007905138339920948
0 0.6875756353368294 0.3651891586674195 0.011698265429608713 0.016092603049124788
0 0.7700685760387252 0.36928289102202144 0.09600645421540945 0.0220214568040655
0 0.8430818878580073 0.36801242236024845 0.02501008471157725 0.01101072840203275
0 0.8584106494554256 0.3695652173913043 0.004033884630899556 0.007905138339920948
0 0.8622428398547801 0.35827216261998873 0.0028237192416296895 0.003952569169960474
0 0.8753529649052038 0.36589497459062675 0.023396530859217425 0.018633540372670808
0 0.16014521984671237 0.4199604743083004 0.01855586930213796 0.012140033879164314
0 0.17567567567567569 0.4202428006775833 0.01008471157724889 0.01101072840203275
0 0.2509076240419524 0.4225014116318464 0.13231141589350545 0.03077357425183512
0 0.35417507059298103 0.41770186335403725 0.03227107704719645 0.017221908526256352
0 0.37938684953610324 0.41741953698475437 0.01734570391286809 0.013269339356295878
0 0.4134731746672045 0.4209486166007905 0.012101653892698669 0.019762845849802372
0 0.42617991125453814 0.4116318464144551 0.003630496167809601 0.003952569169960474
0 0.4279951593384429 0.41953698475437606 0.00645421540943929 0.00846979107848673
0 0.4735780556676079 0.415725578769057 0.07583703106091166 0.01948051948051948
0 0.5219846712384025 0.42179559570863917 0.009681323114158934 0.010163749294184076
0 0.5294473578055667 0.43125352907961606 0.012505042355788625 0.012140033879164314
0 0.5599031867688584 0.41304347826086957 0.0024203307785397336 0.00282326369282891
0 0.5627269060104881 0.422360248447205 0.004840661557079467 0.007340485601355167
0 0.5907624041952401 0.41544325239977414 0.04800322710770472 0.017786561264822136
0 0.6421944332392093 0.41459627329192544 0.01290843081887858 0.016092603049124788
0 0.6859620814844696 0.4205251270468662 0.06897942718838242 0.011575381140598532
0 0.7178297700685761 0.415725578769057 0.004437273093989512 0.003105590062111801
0 0.7377974989915288 0.42871259175607 0.03146430012101654 0.023433088650479956
0 0.7886244453408633 0.42165443252399776 0.015328761597418314 0.008752117447769622
0 0.8281565147236789 0.41459627329192544 0.029850746268656716 0.020045172219085264
0 0.8444937474788221 0.41304347826086957 0.004437273093989512 0.00282326369282891
0 0.8805970149253731 0.41981931112365894 0.07583703106091166 0.030491247882552232
0 0.1510689794271884 0.46936758893280633 0.01653892698668818 0.01383399209486166
0 0.17265026220250101 0.47247317899491814 0.022589753933037516 0.009316770186335404
0 0.1827349737797499 0.4652738565782044 0.005647438483259379 0.0033879164313946925
0 0.22065348931020573 0.4665443252399774 0.05889471561113352 0.022303783173348392
0 0.2690601048810004 0.47995482778091475 0.004840661557079467 0.010728402032749858
0 0.3281565147236789 0.4675324675324675 0.07220653489310205 0.020892151326933936
0 0.38886647841871724 0.468944099378882 0.05889471561113352 0.01693958215697346
0 0.48668818071803144 0.4666854884246189 0.09076240419524001 0.025974025974025976
0 0.5675675675675675 0.4712027103331451 0.060508269463493344 0.009599096555618294
0 0.6238402581686163 0.4634387351778656 0.004437273093989512 0.002540937323546019
0 0.626663977410246 0.4723320158102767 0.0028237192416296895 0.010163749294184076
0 0.6399757966922146 0.4707792207792208 0.011698265429608713 0.01101072840203275
0 0.6845502218636547 0.4710615471485037 0.03307785397337636 0.009881422924901186
0 0.7285195643404598 0.4665443252399774 0.022589753933037516 0.01948051948051948
0 0.7375958047599839 0.4624505928853755 0.0052440500201694235 0.00282326369282891
0 0.7672448567970956 0.47007340485601357 0.04195240016135539 0.009034443817052512
0 0.8297700685760387 0.4644268774703557 0.033884630899556276 0.021456804065499716
0 0.872529245663574 0.4662619988706945 0.048406615570794675 0.0251270468661773
0 0.9031867688584106 0.47501411631846413 0.003227107704719645 0.0036702428006775835
0 0.16599435256151673 0.5186335403726708 0.0326744655102864 0.023715415019762844
0 0.19786204114562322 0.5149632975719932 0.031060911657926585 0.024844720496894408
0 0.2712787414279952 0.5197628458498024 0.06413876563130294 0.032185206098249576
0 0.354578459056071 0.5214568040654998 0.050826946349334406 0.010163749294184076
0 0.43404598628479224 0.5146809712027103 0.05889471561113352 0.02258610954263128
0 0.5131101250504235 0.5183512140033879 0.0645421540943929 0.012422360248447204
0 0.5671641791044776 0.5186335403726708 0.0016135538523598225 0.001129305477131564
0 0.6175877369907221 0.5134105025409373 0.09842678499394918 0.0251270468661773
0 0.7121823315853166 0.5203274985883681 0.043969342476805166 0.012422360248447204
0 0.7303348124243647 0.5132693393562959 0.004437273093989512 0.0033879164313946925
0 0.7555465913674869 0.5182100508187465 0.035498184751916094 0.017786561264822136
0 0.8164582492940702 0.5169395821569734 0.042759177087535294 0.0220214568040655
0 0.17123840258168616 0.5654997176736307 0.04235578862444534 0.020327498588368152
0 0.22347720855183542 0.5667701863354038 0.06212182331585317 0.020045172219085264
0 0.2525211778943122 0.5639469226425748 0.003227107704719645 0.003105590062111801
0 0.29689390883420735 0.5708639186900056 0.07260992335619201 0.026538678712591756
0 0.3797902379991932 0.573828345567476 0.04477611940298507 0.017221908526256352
0 0.40641387656313027 0.5721343873517787 0.025413473174667203 0.00818746470920384
0 0.41609519967728925 0.5647939017504235 0.004437273093989512 0.003105590062111801
0 0.4308188785800726 0.5765104460756635 0.015328761597418314 0.021456804065499716
0 0.46006454215409437 0.5702992659514399 0.04235578862444534 0.024280067758328628
0 0.5123033481242436 0.5707227555053642 0.012101653892698669 0.01101072840203275
0 0.5447761194029851 0.5767927724449463 0.043162565550625254 0.019198193111236588
0 0.6149657119806373 0.5745341614906833 0.033481242436466316 0.01693958215697346
0 0.63654699475595 0.5718520609824957 0.02501008471157725 0.008752117447769622
0 0.6468334005647438 0.562394127611519 0.003630496167809601 0.00282326369282891
0 0.68192819685357 0.57128740824393 0.05929810407422348 0.028514963297571992
0 0.745865268253328 0.567476002258611 0.028237192416296894 0.01693958215697346
0 0.8009277934651069 0.5666290231507622 0.04154901169826543 0.018633540372670808
0 0.863654699475595 0.5711462450592886 0.05486083098023396 0.014116318464144552
0 0.16922146026623638 0.6157538114059853 0.04800322710770472 0.020327498588368152
0 0.2325534489713594 0.6190005646527386 0.0318676885841065 0.029644268774703556
0 0.2680516337232755 0.6218238283455675 0.012505042355788625 0.011575381140598532
0 0.2890278338039532 0.6226708074534162 0.025413473174667203 0.01101072840203275
0 0.299717628075837 0.6158949745906268 0.004033884630899556 0.001976284584980237
0 0.3354175070592981 0.6174477696216827 0.057684550221863654 0.018068887634105024
0 0.44594594594594594 0.6219649915302089 0.1262605889471561 0.025974025974025976
0 0.5492133924969745 0.617871259175607 0.07382008874546188 0.01948051948051948
0 0.5841064945542558 0.6139186900056465 0.004840661557079467 0.004234895539243365
0 0.6056877773295684 0.6290231507622812 0.03509479628882614 0.021456804065499716
0 0.6494554255748286 0.6266233766233766 0.014521984671238403 0.016092603049124788
0 0.690399354578459 0.6222473178994918 0.06333198870512304 0.009599096555618294
0 0.727914481645825 0.6215415019762845 0.008471157724889069 0.009881422924901186
0 0.7398144413069786 0.622953133822699 0.012101653892698669 0.012140033879164314
0 0.763210972166196 0.6216826651609261 0.02581686163775716 0.01129305477131564
0 0.7952803549818476 0.622953133822699 0.004437273093989512 0.008752117447769622
0 0.799919322307382 0.6153303218520609 0.003227107704719645 0.003105590062111801
0 0.8118192819685357 0.6235177865612648 0.014925373134328358 0.010446075663466968
0 0.8533682936668011 0.6242236024844721 0.05203711173860428 0.014116318464144552
0 0.1837434449374748 0.6629023150762281 0.06897942718838242 0.023150762281197064
0 0.2317466720451795 0.6667137210615471 0.033481242436466316 0.017786561264822136
0 0.2825736183945139 0.6620553359683794 0.014925373134328358 0.021456804065499716
0 0.30919725695845096 0.6621964991530209 0.030254134731746672 0.021174477696216828
0 0.3299717628075837 0.6815358554488989 0.008067769261799113 0.012987012987012988
0 0.3567970956030658 0.6665725578769057 0.01573215006050827 0.020892151326933936
0 0.3745461879790238 0.6771597967250141 0.014925373134328358 0.01948051948051948
0 0.41085114965711983 0.6655844155844156 0.018152480839048003 0.021174477696216828
0 0.4318273497377975 0.672360248447205 0.019766034691407825 0.008752117447769622
0 0.4396934247680516 0.6643139469226426 0.003227107704719645 0.0033879164313946925
0 0.4618797902379992 0.6778656126482213 0.03065752319483663 0.02258610954263128
0 0.5118999596611536 0.6768774703557312 0.02743041549011698 0.020045172219085264
0 0.5288422751109318 0.6658667419536984 0.004033884630899556 0.0036702428006775835
0 0.5389269866881807 0.6725014116318464 0.01371520774505849 0.009599096555618294
0 0.5625252117789431 0.6717955957086392 0.02864058087938685 0.009881422924901186
0 0.6530859217426381 0.6679841897233202 0.11617587736990723 0.019198193111236588
0 0.7478822105687777 0.6675607001693958 0.028237192416296894 0.0251270468661773
0 0.7952803549818476 0.6693958215697347 0.052843888664784185 0.018633540372670808
0 0.8620411456232352 0.6737718802936195 0.0572811617587737 0.012140033879164314
0 0.1837434449374748 0.7180971202710333 0.06333198870512304 0.020609824957651044
0 0.21520774505849133 0.7145680406549971 0.004437273093989512 0.00282326369282891
0 0.22751109318273496 0.7213438735177866 0.016135538523598225 0.010728402032749858
0 0.25010084711577246 0.7219085262563524 0.017749092375958047 0.002258610954263128
0 0.2690601048810004 0.7185206098249577 0.022589753933037516 0.014680971202710334
0 0.291246470350948 0.717673630717109 0.01855586930213796 0.012422360248447204
0 0.3416700282371924 0.7168266516092603 0.053247277127874144 0.018068887634105024
0 0.3676885841064946 0.713579898362507 0.0052440500201694235 0.003105590062111801
0 0.3864461476401775 0.7220496894409938 0.02501008471157725 0.010446075663466968
0 0.3971359419120613 0.7148503670242801 0.004437273093989512 0.0033879164313946925
0 0.4156918112141993 0.7298136645962733 0.030254134731746672 0.0220214568040655
0 0.4651068979427188 0.7185206098249577 0.020976200080677694 0.0220214568040655
0 0.481645824929407 0.724025974025974 0.015328761597418314 0.007058159232072276
0 0.5074626865671642 0.7193675889328063 0.029043969342476807 0.017504234895539244
0 0.5292456635740218 0.7237436476566911 0.015328761597418314 0.009316770186335404
0 0.5397337636143607 0.7226143421795596 0.007260992335619202 0.009881422924901186
0 0.5385235982250908 0.7145680406549971 0.004033884630899556 0.0033879164313946925
0 0.5599031867688584 0.7262845849802372 0.02581686163775716 0.014963297571993224
0 0.5907624041952401 0.7230378317334839 0.05526421944332392 0.01129305477131564
0 0.6308995562726906 0.7348955392433654 0.003227107704719645 0.010163749294184076
0 0.6621621621621622 0.7171089779785432 0.033481242436466316 0.024844720496894408
0 0.7214602662363856 0.722755505364201 0.043969342476805166 0.010163749294184076
0 0.7722872125857201 0.717673630717109 0.03428801936264623 0.019198193111236588
0 0.8067769261799113 0.7206380575945793 0.012101653892698669 0.011575381140598532
0 0.8267446551028641 0.7230378317334839 0.02379991932230738 0.009034443817052512
0 0.8440903590157322 0.7169678147939017 0.0028237192416296895 0.003105590062111801
0 0.8444937474788221 0.7255787690570299 0.003630496167809601 0.007905138339920948
0 0.8539733763614361 0.7168266516092603 0.01371520774505849 0.014680971202710334
0 0.8876563130294474 0.7186617730095991 0.051230334812424366 0.017786561264822136
0 0.16135538523598225 0.7706098249576511 0.03227107704719645 0.021739130434782608
0 0.20431625655506253 0.7804912478825522 0.018959257765227916 0.009881422924901186
0 0.2392093586123437 0.7741389045736872 0.02501008471157725 0.020327498588368152
0 0.2505042355788624 0.7738565782044043 0.003227107704719645 0.003952569169960474
0 0.31847519160952 0.7765386787125917 0.1189995966115369 0.023433088650479956
0 0.3926986688180718 0.7727272727272727 0.003630496167809601 0.0033879164313946925
0 0.3945139169019766 0.7819028797289667 0.004840661557079467 0.009316770186335404
0 0.6133521581282775 0.7778091473743648 0.518354175070593 0.020892151326933936
0 0.42617991125453814 0.7765386787125917 0.052843888664784185 0.017786561264822136
0 0.46228317870108915 0.7803500846979108 0.008874546187979023 0.009599096555618294
0 0.47398144413069787 0.7766798418972332 0.015328761597418314 0.01637492941840768
0 0.6133521581282775 0.7778091473743648 0.518354175070593 0.020892151326933936
0 0.5302541347317467 0.7768210050818747 0.004437273093989512 0.003105590062111801
0 0.6133521581282775 0.7778091473743648 0.518354175070593 0.020892151326933936
0 0.6133521581282775 0.7778091473743648 0.518354175070593 0.020892151326933936
0 0.5964098426784994 0.7738565782044043 0.04235578862444534 0.02258610954263128
0 0.6133521581282775 0.7778091473743648 0.518354175070593 0.020892151326933936
0 0.6311012505042356 0.7739977413890458 0.003630496167809601 0.004234895539243365
0 0.6438079870915692 0.7830321852060983 0.011294876966518758 0.007058159232072276
0 0.6702299314239613 0.778514963297572 0.012505042355788625 0.016657255787690572
0 0.7174263816054861 0.7776679841897233 0.004437273093989512 0.003105590062111801
0 0.7269060104881 0.7830321852060983 0.008874546187979023 0.006493506493506494
0 0.7410246066962485 0.7819028797289667 0.015328761597418314 0.00818746470920384
0 0.7573618394513917 0.7809147374364765 0.012505042355788625 0.010163749294184076
0 0.7866075030254135 0.7749858836815359 0.0024203307785397336 0.0033879164313946925
0 0.7878176684146834 0.7817617165443252 0.004033884630899556 0.009034443817052512
0 0.7983057684550222 0.7819028797289667 0.01371520774505849 0.008752117447769622
