0 0.15893505445744252 0.20115753811405984 0.01371520774505849 0.016092603049124788
0 0.16922146026623638 0.21075663466967814 0.01653892698668818 0.02456239412761152
0 0.19241629689390882 0.21485036702428006 0.03307785397337636 0.01129305477131564
0 0.25534489713594194 0.21386222473178995 0.05163372327551432 0.01101072840203275
0 0.32573618394513915 0.20892151326933936 0.04961678096006454 0.019762845849802372
0 0.3797902379991932 0.20821569734613213 0.03509479628882614 0.03020892151326934
0 0.44372730939895116 0.2069452286843591 0.0653489310205728 0.02258610954263128
0 0.4864864864864865 0.21823828345567475 0.003227107704719645 0.00282326369282891
0 0.5250100847115773 0.20990965556182947 0.0391286809197257 0.016657255787690572
0 0.5447761194029851 0.20666290231507622 0.004437273093989512 0.0033879164313946925
0 0.5572811617587737 0.21485036702428006 0.019766034691407825 0.009034443817052512
0 0.5871319080274304 0.20948616600790515 0.04154901169826543 0.019198193111236588
0 0.628075837031061 0.21442687747035574 0.003227107704719645 0.007622811970638058
0 0.6284792254941509 0.20638057594579334 0.003227107704719645 0.003952569169960474
0 0.6417910447761194 0.21470920383963862 0.012101653892698669 0.010446075663466968
0 0.6734570391286809 0.21019198193111235 0.014925373134328358 0.017786561264822136
0 0.6901976603469141 0.21033314511575382 0.011294876966518758 0.01637492941840768
0 0.708753529649052 0.20892151326933936 0.014521984671238403 0.01637492941840768
0 0.7244856797095603 0.21132128740824394 0.007260992335619202 0.01383399209486166
0 0.7539330375151271 0.21485036702428006 0.003227107704719645 0.010163749294184076
0 0.7557482855990318 0.20581592320722755 0.003630496167809601 0.00282326369282891
0 0.7678499394917305 0.21386222473178995 0.01008471157724889 0.010446075663466968
0 0.7979023799919323 0.21880293619424054 0.015328761597418314 0.01693958215697346
0 0.8257361839451391 0.21428571428571427 0.03872529245663574 0.023150762281197064
0 0.8574021782977007 0.21103896103896103 0.021379588543767647 0.016092603049124788
0 0.15167406212182333 0.2641163184641446 0.024203307785397338 0.012140033879164314
0 0.17022993142396128 0.2564935064935065 0.004033884630899556 0.0036702428006775835
0 0.172851956434046 0.265527950310559 0.0052440500201694235 0.008752117447769622
0 0.1972569584509883 0.25889328063241107 0.03711173860427592 0.019762845849802372
0 0.24788221056877774 0.26665725578769056 0.01734570391286809 0.009881422924901186
0 0.3085921742638161 0.25917560700169395 0.06938281565147236 0.019198193111236588
0 0.36950383219039934 0.2577639751552795 0.04921339249697459 0.019762845849802372
0 0.3926986688180718 0.2571993224167137 0.003630496167809601 0.004517221908526256
0 0.41528842275110933 0.26016374929418407 0.0318676885841065 0.017786561264822136
0 0.4352561516740621 0.27089215132693395 0.004033884630899556 0.009316770186335404
0 0.47236789027833803 0.26439864483342745 0.011294876966518758 0.011575381140598532
0 0.48426784993949173 0.2663749294184077 0.0052440500201694235 0.006493506493506494
0 0.48507462686567165 0.25917560700169395 0.0052440500201694235 0.004517221908526256
0 0.49959661153691004 0.26651609260304915 0.014118596208148447 0.007905138339920948
0 0.5603065752319484 0.26679841897233203 0.06696248487293263 0.01355166572557877
0 0.6131504638967326 0.2720214568040655 0.024203307785397338 0.014398644833427442
0 0.6567164179104478 0.2663749294184077 0.048406615570794675 0.011575381140598532
0 0.6936264622831787 0.2756916996047431 0.0060508269463493344 0.009316770186335404
0 0.717628075837031 0.26665725578769056 0.016942315449778138 0.009316770186335404
0 0.754538120209762 0.26016374929418407 0.018152480839048003 0.0189158667419537
0 0.7892295280354982 0.2628458498023715 0.043162565550625254 0.019198193111236588
0 0.8162565550625253 0.27555053642010163 0.014925373134328358 0.01129305477131564
0 0.8225090762404196 0.26256352343308864 0.0016135538523598225 0.001129305477131564
0 0.15469947559499797 0.307029926595144 0.018152480839048003 0.025691699604743084
0 0.18031464300121017 0.30886504799548276 0.029043969342476807 0.020892151326933936
0 0.20512303348124244 0.3123941276115189 0.00927793465106898 0.010446075663466968
0 0.26401774909237596 0.3125352907961604 0.051230334812424366 0.020327498588368152
0 0.32876159741831384 0.3136645962732919 0.03065752319483663 0.010728402032749858
0 0.3501411859620815 0.3156408808582722 0.005647438483259379 0.007340485601355167
0 0.3511496571198064 0.3073122529644269 0.003630496167809601 0.002540937323546019
0 0.3691004437273094 0.3132411067193676 0.020976200080677694 0.009881422924901186
0 0.40439693424768053 0.30844155844155846 0.05526421944332392 0.018351214003387916
0 0.47115772488906815 0.3094297007340486 0.03227107704719645 0.0220214568040655
0 0.49213392496974584 0.3129587803500847 0.01371520774505849 0.017786561264822136
0 0.5175473981444131 0.31592320722755507 0.024203307785397338 0.00846979107848673
0 0.5522388059701493 0.31521739130434784 0.04195240016135539 0.009881422924901186
0 0.6333198870512303 0.3105590062111801 0.07503025413473174 0.018633540372670808
0 0.6944332392093586 0.3123941276115189 0.014118596208148447 0.012704686617730096
0 0.7073416700282372 0.3156408808582722 0.004437273093989512 0.00564652738565782
0 0.7089552238805971 0.3081592320722755 0.004437273093989512 0.004799548277809147
0 0.7379991932230738 0.3092885375494071 0.043969342476805166 0.016657255787690572
0 0.7749092375958048 0.3186053077357425 0.003227107704719645 0.0036702428006775835
0 0.799919322307382 0.30745341614906835 0.016942315449778138 0.01637492941840768
0 0.845098830173457 0.3073122529644269 0.06615570794675273 0.022303783173348392
0 0.15711980637353773 0.3610954263128176 0.025413473174667203 0.025409373235460192
0 0.2291246470350948 0.3598249576510446 0.05808793868495361 0.023433088650479956
0 0.2765227914481646 0.36645962732919257 0.018959257765227916 0.009034443817052512
0 0.29043969342476805 0.36053077357425184 0.008874546187979023 0.002258610954263128
0 0.2888261395724082 0.36645962732919257 0.004033884630899556 0.005081874647092038
0 0.3299717628075837 0.3663184641445511 0.06776926179911255 0.03077357425183512
0 0.3961274707543364 0.36391869000564653 0.01371520774505849 0.012987012987012988
0 0.417910447761194 0.3595426312817617 0.029043969342476807 0.020609824957651044
0 0.4608713190802743 0.3591191417278374 0.05526421944332392 0.023150762281197064
0 0.518152480839048 0.36024844720496896 0.057684550221863654 0.019762845849802372
0 0.5768455022186365 0.3591191417278374 0.021782977006857603 0.023150762281197064
0 0.6895925776522791 0.3613777526821005 0.16014521984671237 0.020327498588368152
0 0.8033481242436467 0.3643421795595709 0.027833803953206938 0.008752117447769622
0 0.8420734167002824 0.35926030491247885 0.03751512706736587 0.018351214003387916
0 0.1718434852763211 0.415725578769057 0.04759983864461476 0.010446075663466968
0 0.25010084711577246 0.4137492941840768 0.060508269463493344 0.012704686617730096
0 0.32956837434449376 0.40866741953698477 0.05405405405405406 0.023433088650479956
0 0.3830173457039129 0.41798418972332013 0.011698265429608713 0.0189158667419537
0 0.42940701895925776 0.41022021456804064 0.07301331181928197 0.020892151326933936
0 0.5086728519564341 0.4126199887069452 0.042759177087535294 0.012704686617730096
0 0.527027027027027 0.40654997176736307 0.003630496167809601 0.003952569169960474
0 0.5554659136748689 0.409373235460192 0.04195240016135539 0.018633540372670808
0 0.6139572408229125 0.40923207227555053 0.03146430012101654 0.0251270468661773
0 0.6619604679306171 0.4083850931677019 0.04356595401371521 0.020045172219085264
0 0.7321500605082695 0.41643139469226426 0.07583703106091166 0.023715415019762844
0 0.7849939491730537 0.42193675889328064 0.003227107704719645 0.003105590062111801
0 0.7888261395724082 0.40584415584415584 0.003630496167809601 0.015527950310559006
0 0.17849939491730538 0.4538396386222473 0.04154901169826543 0.0189158667419537
0 0.22670431625655507 0.45426312817617165 0.05647438483259379 0.024844720496894408
0 0.29225494150867287 0.4606154714850367 0.027833803953206938 0.011575381140598532
0 0.3356192012908431 0.45765104460756634 0.05647438483259379 0.018633540372670808
0 0.4056070996369504 0.45892151326933933 0.03670835014118596 0.01948051948051948
0 0.4517950786607503 0.4611801242236025 0.05163372327551432 0.020045172219085264
0 0.49394917305365066 0.46287408243929984 0.020572811617587738 0.0189158667419537
0 0.5619201290843082 0.45920383963862227 0.05889471561113352 0.025691699604743084
0 0.6022589753933038 0.4673913043478261 0.011294876966518758 0.010446075663466968
0 0.7075433642597821 0.466403162055336 0.1508672851956434 0.0378317334839074
0 0.817870108914885 0.4652738565782044 0.033481242436466316 0.034443817052512704
0 0.1518757563533683 0.5081874647092038 0.02379991932230738 0.026538678712591756
0 0.17688584106494554 0.5097402597402597 0.025413473174667203 0.01948051948051948
0 0.19826542960871318 0.5159514398644833 0.01653892698668818 0.008752117447769622
0 0.21480435659540137 0.5145398080180689 0.011698265429608713 0.011575381140598532
0 0.2353771682129891 0.515527950310559 0.018152480839048003 0.010163749294184076
0 0.2966922146026624 0.5162337662337663 0.022993142396127472 0.011575381140598532
0 0.3055667607906414 0.508893280632411 0.0060508269463493344 0.003105590062111801
0 0.31867688584106496 0.5172219085262564 0.012101653892698669 0.00846979107848673
0 0.3303751512706737 0.5107284020327498 0.005647438483259379 0.0033879164313946925
0 0.3315853166599435 0.5184923771880293 0.004840661557079467 0.006493506493506494
0 0.35155304558289635 0.5122811970638057 0.019766034691407825 0.016657255787690572
0 0.41851553045582895 0.5220214568040655 0.057684550221863654 0.024844720496894408
0 0.44231544977813636 0.5118577075098815 0.004437273093989512 0.0033879164313946925
0 0.48608309802339655 0.5182100508187465 0.07422347720855184 0.009881422924901186
0 0.5284388866478419 0.5172219085262564 0.008874546187979023 0.009034443817052512
0 0.618192819685357 0.5206098249576511 0.10205728116175877 0.018633540372670808
0 0.6657926583299718 0.5105872388481084 0.0052440500201694235 0.0036702428006775835
0 0.6887858007260992 0.5224449463579899 0.0326744655102864 0.020045172219085264
0 0.7488906817265026 0.5095990965556183 0.038321903993545785 0.023150762281197064
0 0.7983057684550222 0.5128458498023716 0.048406615570794675 0.01948051948051948
0 0.17466720451795079 0.5551948051948052 0.055667607906413875 0.023997741389045736
0 0.2144009681323114 0.5640880858272163 0.021379588543767647 0.009034443817052512
0 0.26321097216619604 0.5726990400903444 0.01734570391286809 0.021174477696216828
0 0.28176684146833403 0.5588650479954828 0.0052440500201694235 0.003105590062111801
0 0.2823719241629689 0.5684641445511011 0.004840661557079467 0.009316770186335404
0 0.3045582896329165 0.5628176171654432 0.024203307785397338 0.023997741389045736
0 0.336022589753933 0.5622529644268774 0.03469140782573618 0.020609824957651044
0 0.40318676885841065 0.5667701863354038 0.03428801936264623 0.009881422924901186
0 0.4243646631706333 0.5587238848108413 0.004840661557079467 0.00282326369282891
0 0.4247680516337233 0.5677583286278939 0.005647438483259379 0.007340485601355167
0 0.4505849132714804 0.5629587803500847 0.03630496167809601 0.0220214568040655
0 0.5159338442920532 0.5614059853190287 0.029043969342476807 0.023433088650479956
0 0.5554659136748689 0.5629587803500847 0.04759983864461476 0.01693958215697346
0 0.5758370310609117 0.5605590062111802 0.004437273093989512 0.005928853754940711
0 0.5980233965308592 0.5688876341050254 0.024606696248487294 0.012422360248447204
0 0.6593384429205325 0.5736871823828346 0.040742234772085516 0.020327498588368152
0 0.6960467930617185 0.5632411067193676 0.026220250100847116 0.020327498588368152
0 0.7077450584913272 0.5599943534726144 0.0052440500201694235 0.003105590062111801
0 0.7446551028640581 0.562394127611519 0.05647438483259379 0.020327498588368152
0 0.1555062525211779 0.6054488989271598 0.0028237192416296895 0.0036702428006775835
0 0.15893505445744252 0.6168831168831169 0.003227107704719645 0.010728402032749858
0 0.17849939491730538 0.6164596273291926 0.018959257765227916 0.014398644833427442
0 0.20028237192416296 0.6188594014680971 0.011698265429608713 0.012422360248447204
0 0.21480435659540137 0.6136363636363636 0.01653892698668818 0.018351214003387916
0 0.2571601452198467 0.617871259175607 0.06655909640984267 0.009881422924901186
0 0.32654296087131907 0.6133540372670807 0.07059298104074223 0.018351214003387916
0 0.3892698668818072 0.609966120835686 0.01936264622831787 0.01383399209486166
0 0.3894715611133522 0.6219649915302089 0.003630496167809601 0.003952569169960474
