0 0.1680112948769665 0.2597402597402597 0.024606696248487294 0.009599096555618294
0 0.18697055264219442 0.2672219085262564 0.06010488100040339 0.022303783173348392
0 0.29931423961274706 0.26679841897233203 0.1355385235982251 0.026538678712591756
0 0.417910447761194 0.2728684359119142 0.07664380798709157 0.03472614342179559
0 0.4977813634530052 0.2707509881422925 0.05163372327551432 0.019198193111236588
0 0.5772488906817265 0.2713156408808583 0.07341670028237192 0.020327498588368152
0 0.645824929407019 0.268068887634105 0.042759177087535294 0.022303783173348392
0 0.6869705526421944 0.2724449463579898 0.06857603872529246 0.020892151326933936
0 0.7694634933440904 0.2725861095426313 0.06171843485276321 0.021739130434782608
0 0.8459056070996369 0.2694805194805195 0.060508269463493344 0.023997741389045736
0 0.18475191609519967 0.32185206098249575 0.07260992335619201 0.018633540372670808
0 0.2615974183138362 0.32495765104460755 0.040742234772085516 0.009034443817052512
0 0.26058894715611136 0.314652738565782 0.003227107704719645 0.001976284584980237
0 0.3215006050826946 0.3188876341050254 0.021782977006857603 0.0189158667419537
0 0.38321903993545786 0.3211462450592885 0.09600645421540945 0.01948051948051948
0 0.363654699475595 0.313382269904009 0.0028237192416296895 0.002258610954263128
0 0.4118596208148447 0.3169113495200452 0.003227107704719645 0.001976284584980237
0 0.49959661153691004 0.33328627893845286 0.0826946349334409 0.026821005081874648
0 0.600242033077854 0.32185206098249575 0.08148446954417103 0.020327498588368152
0 0.590964098426785 0.3123941276115189 0.003227107704719645 0.001976284584980237
0 0.719039935457846 0.3232636928289102 0.09398951189995966 0.0220214568040655
0 0.7704719645018152 0.33540372670807456 0.008067769261799113 0.009599096555618294
0 0.8281565147236789 0.32523997741389044 0.0790641387656313 0.011857707509881422
0 0.20330778539733763 0.37634105025409376 0.10972166196046793 0.030491247882552232
0 0.18313836224283986 0.3629305477131564 0.003227107704719645 0.001976284584980237
0 0.32956837434449376 0.3699887069452287 0.10488100040338846 0.021739130434782608
0 0.3924969745865268 0.378317334839074 0.003227107704719645 0.002258610954263128
0 0.4770068576038725 0.3750705815923207 0.14078257361839452 0.027385657820440428
0 0.5923759580475998 0.37789384528514963 0.050423557886244454 0.031338226990400904
0 0.663170633319887 0.3743647656691135 0.05808793868495361 0.014116318464144552
0 0.6704316256555063 0.3654714850367024 0.003227107704719645 0.001976284584980237
0 0.7012908430818878 0.379587803500847 0.003630496167809601 0.002540937323546019
0 0.7043162565550625 0.37337662337662336 0.003227107704719645 0.001976284584980237
0 0.7263009277934651 0.36391869000564653 0.012505042355788625 0.009034443817052512
0 0.7605889471561114 0.37224731789949184 0.040742234772085516 0.015527950310559006
0 0.7821702299314239 0.37859966120835686 0.02501008471157725 0.007905138339920948
0 0.8563937071399758 0.378317334839074 0.08874546187979024 0.029926595143986448
0 0.16760790641387657 0.422360248447205 0.043969342476805166 0.010163749294184076
0 0.24505849132714805 0.41967814793901753 0.07462686567164178 0.021739130434782608
0 0.3140379185155305 0.4201016374929418 0.02944735780556676 0.018068887634105024
0 0.3116175877369907 0.41770186335403725 0.0028237192416296895 0.001976284584980237
0 0.36345300524405 0.42165443252399776 0.03791851553045583 0.017786561264822136
0 0.39673255344897135 0.4332298136645963 0.008471157724889069 0.008752117447769622
0 0.44050020169423154 0.42193675889328064 0.055667607906413875 0.01948051948051948
0 0.5123033481242436 0.4309712027103331 0.06212182331585317 0.023997741389045736
0 0.5713997579669221 0.4205251270468662 0.019766034691407825 0.0189158667419537
0 0.6339249697458653 0.4233483907396951 0.11173860427591771 0.01948051948051948
0 0.6066962484872933 0.41643139469226426 0.003227107704719645 0.002258610954263128
0 0.6292860024203307 0.41699604743083 0.003227107704719645 0.002258610954263128
0 0.7434449374747882 0.42758328627893843 0.07583703106091166 0.00818746470920384
0 0.8215006050826946 0.4254658385093168 0.0609116579265833 0.010728402032749858
0 0.17063331988705124 0.470214568040655 0.05405405405405406 0.020609824957651044
0 0.2325534489713594 0.474025974025974 0.02944735780556676 0.025409373235460192
0 0.3249294070189593 0.4723320158102767 0.11738604275917709 0.018633540372670808
0 0.4473578055667608 0.47360248447204967 0.08874546187979024 0.020045172219085264
0 0.4987898346107301 0.480660643704122 0.0028237192416296895 0.001976284584980237
0 0.5110931827349737 0.4654150197628458 0.011294876966518758 0.010446075663466968
0 0.1565147236789028 0.5132693393562959 0.02016942315449778 0.006775832862789385
0 0.16276724485679708 0.5238565782044043 0.02944735780556676 0.016092603049124788
0 0.20835014118596207 0.5200451722190853 0.040742234772085516 0.019762845849802372
0 0.2563533682936668 0.5210333145115754 0.021379588543767647 0.020609824957651044
0 0.29689390883420735 0.5228684359119141 0.06938281565147236 0.021456804065499716
0 0.2876159741831384 0.5152456239412762 0.003227107704719645 0.002258610954263128
0 0.31020572811617586 0.515527950310559 0.003227107704719645 0.0016939582156973462
0 0.39955627269060107 0.5204686617730095 0.0899556272690601 0.021739130434782608
0 0.5219846712384025 0.5249858836815359 0.1306978620411456 0.017786561264822136
0 0.5246066962484873 0.5184923771880293 0.003630496167809601 0.001976284584980237
0 0.5576845502218637 0.5186335403726708 0.003630496167809601 0.002258610954263128
0 0.5980233965308592 0.5338791643139469 0.007664380798709157 0.007905138339920948
0 0.6502622025010085 0.5316205533596838 0.08067769261799113 0.034443817052512704
0 0.6490520371117386 0.5176453980801807 0.004033884630899556 0.002540937323546019
0 0.7392093586123437 0.5235742518351214 0.06413876563130294 0.0189158667419537
0 0.754134731746672 0.5169395821569734 0.0028237192416296895 0.002258610954263128
0 0.8061718434852764 0.5283738001129306 0.035901573215006054 0.012140033879164314
0 0.8606292860024203 0.5224449463579899 0.07462686567164178 0.023433088650479956
0 0.1863654699475595 0.5711462450592886 0.10488100040338846 0.023715415019762844
0 0.24969745865268253 0.5831451157538114 0.007260992335619202 0.010446075663466968
0 0.2743041549011698 0.5726990400903444 0.01855586930213796 0.014398644833427442
0 0.33965308592174265 0.5758046301524562 0.06292860024203308 0.022868435911914172
0 0.42053247277127875 0.5748164878599661 0.06252521177894312 0.015245623941276116
0 0.49394917305365066 0.5731225296442688 0.050423557886244454 0.018633540372670808
0 0.5522388059701493 0.5769339356295878 0.04033884630899556 0.009316770186335404
0 0.6254538120209762 0.5786278938452851 0.11577248890681727 0.027385657820440428
0 0.6347317466720451 0.567193675889328 0.003630496167809601 0.002258610954263128
0 0.663775716014522 0.5688876341050254 0.004437273093989512 0.002258610954263128
0 0.6960467930617185 0.5824392998306042 0.0028237192416296895 0.002258610954263128
0 0.7218636546994756 0.5748164878599661 0.031060911657926585 0.019198193111236588
0 0.7692617991125453 0.5743929983060417 0.03469140782573618 0.018351214003387916
0 0.8136345300524405 0.5759457933370977 0.01371520774505849 0.01693958215697346
0 0.827954820492134 0.5748164878599661 0.013311819281968536 0.015245623941276116
0 0.8408632513110125 0.5743929983060417 0.010891488503428802 0.012704686617730096
0 0.8511496571198064 0.5741106719367589 0.012101653892698669 0.014963297571993224
0 0.8668818071803146 0.5673348390739695 0.005647438483259379 0.005928853754940711
0 0.8693021379588544 0.5786278938452851 0.010488100040338847 0.009316770186335404
0 0.14945542557482855 0.6209768492377188 0.04154901169826543 0.0189158667419537
0 0.2535296490520371 0.6228119706380576 0.12303348124243646 0.018633540372670808
0 0.272488906817265 0.616318464144551 0.003630496167809601 0.002258610954263128
0 0.3598225090762404 0.6256352343308865 0.05970149253731343 0.018633540372670808
0 0.46046793061718433 0.6294466403162056 0.07866075030254134 0.029079616036137776
0 0.508471157724889 0.6285996612083569 0.006857603872529245 0.001976284584980237
0 0.5734167002823719 0.6263410502540937 0.10609116579265833 0.01948051948051948
0 0.6589350544574425 0.6250705815923208 0.031060911657926585 0.017504234895539244
0 0.7097620008067769 0.6256352343308865 0.06333198870512304 0.019198193111236588
0 0.7224687373941105 0.6188594014680971 0.003227107704719645 0.00282326369282891
0 0.7948769665187576 0.6260587238848109 0.07382008874546188 0.0189158667419537
0 0.8658733360225898 0.6245059288537549 0.05203711173860428 0.019762845849802372
0 0.16680112948769665 0.6826651609260305 0.07462686567164178 0.02710333145115754
0 0.2335619201290843 0.6763128176171654 0.017749092375958047 0.009316770186335404
0 0.28842275110931825 0.6808300395256917 0.0653489310205728 0.029644268774703556
0 0.37595804759983864 0.6754658385093167 0.06696248487293263 0.017786561264822136
0 0.4735780556676079 0.6767363071710898 0.09600645421540945 0.014680971202710334
0 0.46308995562726907 0.6689723320158103 0.003227107704719645 0.002540937323546019
0 0.5034288019362646 0.6699604743083004 0.004840661557079467 0.0016939582156973462
0 0.5685760387252925 0.678994918125353 0.06010488100040339 0.010728402032749858
0 0.5592981040742234 0.6699604743083004 0.003630496167809601 0.002258610954263128
0 0.6434045986284792 0.6754658385093167 0.05244050020169423 0.017221908526256352
0 0.709358612343687 0.6747600225861096 0.043162565550625254 0.017504234895539244
0 0.7293263412666398 0.6890175042348955 0.008067769261799113 0.01101072840203275
0 0.7684550221863655 0.6801242236024845 0.033884630899556276 0.007340485601355167
0 0.7656313029447358 0.6695369847543761 0.003227107704719645 0.001976284584980237
0 0.8204921339249698 0.6765951439864484 0.04517950786607503 0.017786561264822136
0 0.16296893908834206 0.7278373800112931 0.06212182331585317 0.024280067758328628
0 0.22670431625655507 0.7276962168266516 0.029043969342476807 0.02456239412761152
0 0.3206938281565147 0.7356013551665725 0.127470754336426 0.0251270468661773
0 0.2743041549011698 0.7171089779785432 0.003227107704719645 0.0016939582156973462
0 0.3555869302137959 0.7190852625635235 0.003630496167809601 0.002258610954263128
0 0.42698668818071805 0.724025974025974 0.04719645018152481 0.017221908526256352
0 0.4844695441710367 0.7254376058723885 0.03791851553045583 0.017786561264822136
0 0.5280354981847519 0.7279785431959345 0.023396530859217425 0.023997741389045736
0 0.5780556676079064 0.7257199322416714 0.04195240016135539 0.017221908526256352
0 0.5828963291649859 0.7196499153020892 0.003227107704719645 0.002258610954263128
0 0.6510689794271883 0.7296725014116319 0.08390480032271078 0.026256352343308864
0 0.7517144009681324 0.728119706380576 0.09963695038321904 0.019198193111236588
0 0.8075837031060912 0.7387069452286844 0.009681323114158934 0.01101072840203275
0 0.8553852359822509 0.7254376058723885 0.06897942718838242 0.020045172219085264
0 0.15026220250100847 0.7672219085262564 0.043969342476805166 0.017786561264822136
0 0.25655506252521176 0.7673630717108978 0.1290843081887858 0.018068887634105024
0 0.28317870108914883 0.7632693393562959 0.004033884630899556 0.002540937323546019
0 0.39653085921742637 0.7691981931112366 0.10649455425574829 0.01948051948051948
0 0.41670028237192414 0.7631281761716544 0.003227107704719645 0.002258610954263128
0 0.5217829770068576 0.769621682665161 0.10609116579265833 0.021456804065499716
0 0.6319080274304155 0.7802089215132694 0.08430818878580072 0.01948051948051948
0 0.6496571198063735 0.7646809712027103 0.0028237192416296895 0.001976284584980237
0 0.6803146430012101 0.7786561264822134 0.004437273093989512 0.00282326369282891
