0 0.14521984671238403 0.217673630717109 0.02501008471157725 0.01355166572557877
0 0.16478418717224688 0.21979107848673066 0.018152480839048003 0.010446075663466968
0 0.18354175070592982 0.2199322416713721 0.014521984671238403 0.010163749294184076
0 0.1881807180314643 0.21470920383963862 0.01008471157724889 0.002540937323546019
0 0.22791448164582492 0.21922642574816487 0.014521984671238403 0.009316770186335404
0 0.2436466317063332 0.21922642574816487 0.012101653892698669 0.011575381140598532
0 0.29850746268656714 0.22332015810276679 0.05808793868495361 0.01637492941840768
0 0.37353771682129894 0.22430830039525693 0.0500201694231545 0.018351214003387916
0 0.40318676885841065 0.2251552795031056 0.0052440500201694235 0.005928853754940711
0 0.4441306978620411 0.22035573122529645 0.02743041549011698 0.009881422924901186
0 0.4919322307382009 0.21795595708639187 0.038321903993545785 0.012987012987012988
0 0.5701895925776522 0.22275550536420102 0.0681726502622025 0.019762845849802372
0 0.6371520774505849 0.21922642574816487 0.014118596208148447 0.011575381140598532
0 0.6672045179507866 0.21979107848673066 0.04437273093989512 0.009316770186335404
0 0.7168212989108511 0.220214568040655 0.04679306171843485 0.00846979107848673
0 0.7690601048810004 0.22092038396386224 0.02702702702702703 0.017221908526256352
0 0.8045582896329165 0.21936758893280633 0.013311819281968536 0.01129305477131564
0 0.81847519160952 0.21964991530208922 0.012101653892698669 0.01355166572557877
0 0.8321903993545785 0.21936758893280633 0.010488100040338847 0.01129305477131564
0 0.8485276321097217 0.220214568040655 0.014118596208148447 0.012987012987012988
0 0.8596208148446954 0.22769621682665162 0.00645421540943929 0.005928853754940711
0 0.14400968132311415 0.2670807453416149 0.033884630899556276 0.014116318464144552
0 0.21843485276321098 0.27089215132693395 0.057684550221863654 0.0189158667419537
0 0.2680516337232755 0.27004517221908525 0.03993545784590561 0.008752117447769622
0 0.3336022589753933 0.27032749858836813 0.04356595401371521 0.009316770186335404
0 0.39007664380798707 0.269339356295878 0.05889471561113352 0.012987012987012988
0 0.4499798305768455 0.269339356295878 0.05929810407422348 0.011857707509881422
0 0.508471157724889 0.2717391304347826 0.02944735780556676 0.008752117447769622
0 0.49939491730536506 0.26101072840203277 0.0024203307785397336 0.001976284584980237
0 0.5655506252521177 0.2701863354037267 0.04921339249697459 0.01355166572557877
0 0.6169826542960871 0.2689158667419537 0.051230334812424366 0.013269339356295878
0 0.6922146026623639 0.27117447769621683 0.05163372327551432 0.009881422924901186
0 0.7696651875756353 0.2696216826651609 0.06938281565147236 0.014680971202710334
0 0.7688584106494554 0.2611518915866742 0.0024203307785397336 0.002258610954263128
0 0.8237192416296893 0.2694805194805195 0.03630496167809601 0.014963297571993224
0 0.8281565147236789 0.2627046866177301 0.0024203307785397336 0.001976284584980237
0 0.845300524405002 0.27752682100508186 0.014925373134328358 0.014680971202710334
0 0.1389673255344897 0.32128740824393 0.01734570391286809 0.009599096555618294
0 0.18898749495764422 0.320016939582157 0.02379991932230738 0.009881422924901186
0 0.22589753933037515 0.31846414455110106 0.04517950786607503 0.014116318464144552
0 0.2853973376361436 0.32368718238283456 0.040742234772085516 0.014398644833427442
0 0.32311415893505446 0.3177583286278938 0.033884630899556276 0.014398644833427442
0 0.3644614764017749 0.3198757763975155 0.020572811617587738 0.01355166572557877
0 0.4060104881000403 0.31931112365894976 0.04154901169826543 0.014116318464144552
0 0.41629689390883423 0.3136645962732919 0.0024203307785397336 0.00282326369282891
0 0.4505849132714804 0.32298136645962733 0.009681323114158934 0.007905138339920948
0 0.4826542960871319 0.32298136645962733 0.06252521177894312 0.019198193111236588
0 0.4844695441710367 0.3135234330886505 0.0024203307785397336 0.001411631846414455
0 0.5397337636143607 0.3221343873517787 0.01371520774505849 0.010163749294184076
0 0.5592981040742234 0.32185206098249575 0.02944735780556676 0.009599096555618294
0 0.6050826946349335 0.3201581027667984 0.016135538523598225 0.014116318464144552
0 0.6264622831787011 0.32523997741389044 0.03630496167809601 0.012987012987012988
0 0.6591367486889875 0.32142857142857145 0.029043969342476807 0.009316770186335404
0 0.6823315853166599 0.32594579333709767 0.0052440500201694235 0.005364201016374929
0 0.7123840258168617 0.32241671372106157 0.026623638563937072 0.009034443817052512
0 0.7787414279951593 0.3201581027667984 0.06575231948366277 0.01355166572557877
0 0.8015328761597418 0.3126764539808018 0.0024203307785397336 0.002540937323546019
0 0.8245260185558693 0.3253811405985319 0.003227107704719645 0.001976284584980237
0 0.12868091972569584 0.35813099943534726 0.00645421540943929 0.005364201016374929
0 0.14400968132311415 0.36829474872953133 0.014521984671238403 0.01383399209486166
0 0.1936264622831787 0.3694240542066629 0.08471157724889068 0.014398644833427442
0 0.1661960467930617 0.3606719367588933 0.0024203307785397336 0.001976284584980237
0 0.2109721661960468 0.3642010163749294 0.0024203307785397336 0.0016939582156973462
0 0.27067365873336025 0.3718238283455675 0.01936264622831787 0.007905138339920948
0 0.2710770471964502 0.36278938452851495 0.0016135538523598225 0.0016939582156973462
0 0.3215006050826946 0.37210615471485037 0.03630496167809601 0.009034443817052512
0 0.3533682936668011 0.37267080745341613 0.02016942315449778 0.009034443817052512
0 0.3872529245663574 0.37295313382269907 0.03711173860427592 0.01355166572557877
0 0.4118596208148447 0.37295313382269907 0.022589753933037516 0.00846979107848673
0 0.4536103267446551 0.37012987012987014 0.058491327148043566 0.01355166572557877
0 0.5155304558289633 0.3730942970073405 0.026623638563937072 0.009881422924901186
0 0.5121016538926987 0.36151891586674195 0.002016942315449778 0.0008469791078486731
0 0.5570794675272287 0.3699887069452287 0.01290843081887858 0.01383399209486166
0 0.5756353368293666 0.3730942970073405 0.029043969342476807 0.009316770186335404
0 0.6343283582089553 0.371682665160926 0.0463896732553449 0.01383399209486166
0 0.6922146026623639 0.3747882552230378 0.024203307785397338 0.018351214003387916
0 0.718233158531666 0.3746470920383964 0.008471157724889069 0.007905138339920948
0 0.7325534489713594 0.37140033879164314 0.020976200080677694 0.012140033879164314
0 0.7656313029447358 0.37267080745341613 0.041145623235175476 0.00846979107848673
0 0.7966922146026624 0.3759175607001694 0.02016942315449778 0.012704686617730096
0 0.8140379185155304 0.37295313382269907 0.00645421540943929 0.007905138339920948
0 0.8196853569987899 0.3634952004517222 0.003227107704719645 0.001976284584980237
0 0.8336022589753933 0.3730942970073405 0.031060911657926585 0.008752117447769622
0 0.1508672851956434 0.4227837380011293 0.023396530859217425 0.017221908526256352
0 0.21883824122630094 0.4246188594014681 0.0609116579265833 0.021456804065499716
0 0.2690601048810004 0.4225014116318464 0.03630496167809601 0.009316770186335404
0 0.34066155707946755 0.42320722755505363 0.052843888664784185 0.010163749294184076
0 0.39431222267043164 0.42377188029361945 0.04235578862444534 0.009034443817052512
0 0.44937474788221055 0.4233483907396951 0.05970149253731343 0.009881422924901186
0 0.4848729326341267 0.42080745341614906 0.008874546187979023 0.012704686617730096
0 0.49596611536910046 0.42857142857142855 0.006857603872529245 0.006211180124223602
0 0.5314643001210165 0.42292490118577075 0.0318676885841065 0.00846979107848673
0 0.5244050020169423 0.4138904573687182 0.0024203307785397336 0.0016939582156973462
0 0.5685760387252925 0.42207792207792205 0.013311819281968536 0.009034443817052512
0 0.581081081081081 0.4253246753246753 0.021379588543767647 0.013269339356295878
0 0.5956030657523195 0.4257481648785997 0.020572811617587738 0.012422360248447204
0 0.6115369100443727 0.423630717108978 0.012101653892698669 0.00818746470920384
0 0.6292860024203307 0.42320722755505363 0.017749092375958047 0.009599096555618294
0 0.6484469544171036 0.4205251270468662 0.014118596208148447 0.014963297571993224
0 0.6440096813231142 0.41445511010728403 0.002016942315449778 0.002258610954263128
0 0.6744655102864058 0.4233483907396951 0.03227107704719645 0.009316770186335404
0 0.6639774102460669 0.41445511010728403 0.0024203307785397336 0.00282326369282891
0 0.7037111738604276 0.42715979672501414 0.0052440500201694235 0.006775832862789385
0 0.7341670028237193 0.4203839638622247 0.021782977006857603 0.014116318464144552
0 0.7845905607099637 0.4225014116318464 0.050826946349334406 0.013269339356295878
0 0.8227107704719645 0.4244776962168266 0.019766034691407825 0.008752117447769622
0 0.8414683340056475 0.42828910220214567 0.003227107704719645 0.002258610954263128
0 0.8582089552238806 0.4155844155844156 0.010891488503428802 0.00564652738565782
0 0.16135538523598225 0.47219085262563526 0.06938281565147236 0.016092603049124788
0 0.22710770471964503 0.47035573122529645 0.023396530859217425 0.014116318464144552
0 0.2571601452198467 0.4710615471485037 0.030254134731746672 0.012704686617730096
0 0.31686163775716014 0.4764257481648786 0.057684550221863654 0.015527950310559006
0 0.38039532069382814 0.47035573122529645 0.02743041549011698 0.015810276679841896
0 0.42718838241226303 0.47289666854884244 0.022589753933037516 0.010728402032749858
0 0.46591367486889873 0.47360248447204967 0.053247277127874144 0.009881422924901186
0 0.5056474384832593 0.4719085262563523 0.022993142396127472 0.012140033879164314
0 0.5457845905607099 0.470214568040655 0.02501008471157725 0.01383399209486166
0 0.572609923356192 0.4719085262563523 0.027833803953206938 0.011575381140598532
0 0.6204114562323517 0.472755505364201 0.007260992335619202 0.01101072840203275
0 0.6262605889471561 0.4720496894409938 0.01573215006050827 0.015245623941276116
0 0.6440096813231142 0.47346132128740825 0.01573215006050827 0.009034443817052512
0 0.655304558289633 0.46485036702428006 0.002016942315449778 0.001411631846414455
0 0.6849536103267446 0.47148503670242803 0.05647438483259379 0.012987012987012988
0 0.691407825736184 0.4665443252399774 0.0016135538523598225 0.001411631846414455
0 0.7480839048003227 0.4719085262563523 0.018152480839048003 0.015527950310559006
0 0.7829770068576039 0.4733201581027668 0.0500201694231545 0.009316770186335404
0 0.15611133521581283 0.5245623941276115 0.0572811617587737 0.02258610954263128
0 0.21319080274304156 0.5276679841897233 0.056070996369503835 0.01637492941840768
0 0.2876159741831384 0.5230095990965556 0.053247277127874144 0.011575381140598532
0 0.3763614360629286 0.5224449463579899 0.06696248487293263 0.014963297571993224
0 0.427390076643808 0.5248447204968945 0.026220250100847116 0.007905138339920948
0 0.4209358612343687 0.5143986448334275 0.002016942315449778 0.0016939582156973462
0 0.44776119402985076 0.5286561264822134 0.012101653892698669 0.014963297571993224
0 0.4981847519160952 0.5237154150197628 0.042759177087535294 0.014680971202710334
0 0.5841064945542558 0.5278091473743648 0.06615570794675273 0.017221908526256352
0 0.6470350947962888 0.5242800677583286 0.053247277127874144 0.009599096555618294
0 0.6807180314643001 0.5199040090344438 0.008471157724889069 0.013269339356295878
0 0.709560306575232 0.5232919254658385 0.021782977006857603 0.014963297571993224
0 0.7400161355385236 0.5255505364201016 0.010891488503428802 0.009316770186335404
0 0.7666397741024606 0.5251270468661773 0.03993545784590561 0.017504234895539244
0 0.1863654699475595 0.572557876905703 0.10407422347720856 0.014680971202710334
0 0.17527228721258573 0.5677583286278939 0.002016942315449778 0.0016939582156973462
0 0.22146026623638565 0.5643704121964992 0.004033884630899556 0.0016939582156973462
0 0.24304154901169828 0.5797571993224168 0.010891488503428802 0.015527950310559006
0 0.29064138765631303 0.573828345567476 0.05203711173860428 0.014963297571993224
0 0.34751916095199675 0.572557876905703 0.0536506655909641 0.015245623941276116
0 0.3852359822509076 0.5820158102766798 0.00645421540943929 0.007058159232072276
0 0.4320290439693425 0.573828345567476 0.06292860024203308 0.012704686617730096
0 0.5189592577652279 0.5722755505364201 0.06736587333602259 0.014116318464144552
0 0.5651472367890278 0.5722755505364201 0.020976200080677694 0.014116318464144552
0 0.581081081081081 0.5784867306606437 0.0028237192416296895 0.002258610954263128
0 0.5851149657119806 0.5728402032749859 0.0028237192416296895 0.00282326369282891
