0 0.15853166599435256 0.21781479390175043 0.020976200080677694 0.020609824957651044
0 0.17648245260185558 0.21795595708639187 0.007664380798709157 0.01693958215697346
0 0.18394513916901978 0.217673630717109 0.00645421540943929 0.018068887634105024
0 0.2252924566357402 0.22134387351778656 0.01573215006050827 0.012987012987012988
0 0.245461879790238 0.220214568040655 0.022993142396127472 0.01129305477131564
0 0.2646228317870109 0.22106154714850368 0.017749092375958047 0.012422360248447204
0 0.28499394917305365 0.22120271033314512 0.021379588543767647 0.012140033879164314
0 0.3075837031060912 0.22162619988706944 0.02379991932230738 0.01129305477131564
0 0.3263412666397741 0.21908526256352343 0.011294876966518758 0.018633540372670808
0 0.36385639370713996 0.2224731789949181 0.022589753933037516 0.012422360248447204
0 0.38221056877773296 0.2217673630717109 0.014118596208148447 0.013269339356295878
0 0.4007664380798709 0.22092038396386224 0.020572811617587738 0.012704686617730096
0 0.42214602662363854 0.2217673630717109 0.02379991932230738 0.011575381140598532
0 0.4411052843888665 0.2183794466403162 0.011698265429608713 0.017221908526256352
0 0.45340863251311014 0.22063805759457933 0.02016942315449778 0.011575381140598532
0 0.4883017345703913 0.22162619988706944 0.02218636546994756 0.014116318464144552
0 0.5070592981040742 0.21852060982495766 0.021782977006857603 0.019198193111236588
0 0.527632109721662 0.2224731789949181 0.01855586930213796 0.011857707509881422
0 0.5512303348124243 0.2224731789949181 0.02702702702702703 0.01355166572557877
0 0.5960064542154094 0.220214568040655 0.03670835014118596 0.018633540372670808
0 0.6294876966518758 0.22162619988706944 0.02702702702702703 0.01355166572557877
0 0.6776926179911255 0.22289666854884246 0.03872529245663574 0.011575381140598532
0 0.7061315046389673 0.22233201581027667 0.01653892698668818 0.01101072840203275
0 0.7208551835417507 0.221485036702428 0.014521984671238403 0.012140033879164314
0 0.7488906817265026 0.22219085262563523 0.04235578862444534 0.012422360248447204
0 0.7771278741427995 0.21922642574816487 0.013311819281968536 0.0189158667419537
0 0.7803549818475192 0.20892151326933936 0.0012101653892698668 0.001129305477131564
0 0.8136345300524405 0.22063805759457933 0.033884630899556276 0.017786561264822136
0 0.8406615570794675 0.22346132128740825 0.021782977006857603 0.01383399209486166
0 0.1619604679306172 0.2673630717108978 0.043969342476805166 0.01693958215697346
0 0.191004437273094 0.27103331451157536 0.020572811617587738 0.01129305477131564
0 0.2109721661960468 0.2714568040654997 0.015328761597418314 0.011575381140598532
0 0.24505849132714805 0.2683512140033879 0.04235578862444534 0.0189158667419537
0 0.2767244856797096 0.2720214568040655 0.016135538523598225 0.012140033879164314
0 0.29245663574021785 0.2738565782044043 0.02016942315449778 0.012987012987012988
0 0.3118192819685357 0.27399774138904576 0.01855586930213796 0.012140033879164314
0 0.3299717628075837 0.2803500846979108 0.02501008471157725 0.024844720496894408
0 0.35417507059298103 0.2713156408808583 0.021782977006857603 0.01693958215697346
0 0.39693424768051633 0.26976284584980237 0.02743041549011698 0.018351214003387916
0 0.418313836224284 0.2723037831733484 0.02016942315449778 0.01383399209486166
0 0.4388866478418717 0.27315076228119706 0.02016942315449778 0.012140033879164314
0 0.45018152480839047 0.2745623941276115 0.004840661557079467 0.010446075663466968
0 0.45764421137555467 0.2639751552795031 0.003630496167809601 0.00282326369282891
0 0.46752722872125857 0.27216261998870694 0.01936264622831787 0.014680971202710334
0 0.48225090762404194 0.2735742518351214 0.004437273093989512 0.011857707509881422
0 0.48749495764421136 0.2628458498023715 0.0028237192416296895 0.00282326369282891
0 0.49616780960064544 0.2720214568040655 0.01936264622831787 0.012140033879164314
0 0.5137152077450585 0.2732919254658385 0.018152480839048003 0.01355166572557877
0 0.5334812424364663 0.2723037831733484 0.01653892698668818 0.014963297571993224
0 0.5736183945139169 0.2720214568040655 0.024203307785397338 0.01383399209486166
0 0.600443727309399 0.27216261998870694 0.035901573215006054 0.01355166572557877
0 0.6246470350947962 0.2724449463579898 0.020572811617587738 0.01355166572557877
0 0.6425978217022993 0.2769621682665161 0.004033884630899556 0.00282326369282891
0 0.6718434852763211 0.26242236024844723 0.021379588543767647 0.002540937323546019
0 0.6686163775716014 0.27103331451157536 0.007664380798709157 0.014680971202710334
0 0.6855586930213796 0.2701863354037267 0.018152480839048003 0.01693958215697346
0 0.7071399757966922 0.2723037831733484 0.02016942315449778 0.013269339356295878
0 0.7442517144009682 0.27060982495765107 0.020976200080677694 0.017786561264822136
0 0.746268656716418 0.2735742518351214 0.003227107704719645 0.011857707509881422
0 0.764017749092376 0.27315076228119706 0.020976200080677694 0.012704686617730096
0 0.781766841468334 0.27300959909655564 0.020976200080677694 0.01129305477131564
0 0.8017345703912868 0.27300959909655564 0.018152480839048003 0.012987012987012988
0 0.8311819281968535 0.27188029361942406 0.03993545784590561 0.01693958215697346
0 0.8586123436869706 0.2816205533596838 0.027833803953206938 0.025691699604743084
0 0.8511496571198064 0.2627046866177301 0.0016135538523598225 0.0008469791078486731
0 0.1498588140379185 0.31945228684359117 0.020572811617587738 0.017786561264822136
0 0.1734570391286809 0.3204404291360813 0.02501008471157725 0.015810276679841896
0 0.20310609116579265 0.322557876905703 0.0318676885841065 0.01101072840203275
0 0.22287212585720048 0.3243929983060418 0.004437273093989512 0.009599096555618294
0 0.23053650665590963 0.3116883116883117 0.002016942315449778 0.002258610954263128
0 0.24062121823315852 0.3231225296442688 0.019766034691407825 0.012140033879164314
0 0.2561516740621218 0.3235460191981931 0.005647438483259379 0.01129305477131564
0 0.2624041952400161 0.3116883116883117 0.0028237192416296895 0.002258610954263128
0 0.2811617587736991 0.31945228684359117 0.035498184751916094 0.017786561264822136
0 0.30778539733763616 0.322557876905703 0.015328761597418314 0.013269339356295878
0 0.3225090762404195 0.3231225296442688 0.021379588543767647 0.011575381140598532
0 0.3465106897942719 0.32171089779785433 0.02016942315449778 0.017221908526256352
0 0.3600242033077854 0.313382269904009 0.0028237192416296895 0.00282326369282891
0 0.36950383219039934 0.3235460191981931 0.01855586930213796 0.011857707509881422
0 0.3884630899556273 0.3242518351214003 0.02016942315449778 0.012704686617730096
0 0.40943929003630497 0.31535855448898925 0.005647438483259379 0.00846979107848673
0 0.4201290843081888 0.3222755505364201 0.018959257765227916 0.012704686617730096
0 0.4562323517547398 0.32171089779785433 0.021782977006857603 0.012704686617730096
0 0.4872932634126664 0.3197346132128741 0.03872529245663574 0.018351214003387916
0 0.5149253731343284 0.32284020327498586 0.01573215006050827 0.011575381140598532
0 0.5330778539733764 0.32834556747600224 0.026220250100847116 0.021456804065499716
0 0.5562726906010488 0.325098814229249 0.01936264622831787 0.012140033879164314
0 0.5762404195240016 0.3241106719367589 0.019766034691407825 0.011857707509881422
0 0.6111335215812828 0.32029926595143987 0.04437273093989512 0.0189158667419537
0 0.6668011294876967 0.3284867306606437 0.04679306171843485 0.021174477696216828
0 0.6970552642194433 0.3221343873517787 0.008874546187979023 0.014680971202710334
0 0.7039128680919726 0.32481648785996614 0.004840661557079467 0.009881422924901186
0 0.7162162162162162 0.325098814229249 0.01734570391286809 0.012704686617730096
0 0.7107704719645018 0.3138057594579334 0.0024203307785397336 0.002540937323546019
0 0.7333602258975394 0.32523997741389044 0.005647438483259379 0.012987012987012988
0 0.7388059701492538 0.3147939017504235 0.0028237192416296895 0.00282326369282891
0 0.754739814441307 0.32396950875211744 0.020976200080677694 0.011575381140598532
0 0.772488906817265 0.3245341614906832 0.016942315449778138 0.01383399209486166
0 0.7876159741831383 0.33272162619988704 0.006857603872529245 0.009316770186335404
0 0.8112141992739008 0.32396950875211744 0.016942315449778138 0.017786561264822136
0 0.8265429608713191 0.3241106719367589 0.021782977006857603 0.01637492941840768
0 0.8483259378781767 0.32523997741389044 0.01936264622831787 0.012987012987012988
0 0.1510689794271884 0.37238848108413325 0.021379588543767647 0.011857707509881422
0 0.17527228721258573 0.3774703557312253 0.025413473174667203 0.020327498588368152
0 0.20108914885034287 0.37210615471485037 0.02218636546994756 0.01129305477131564
0 0.22226704316256554 0.37295313382269907 0.02016942315449778 0.011857707509881422
0 0.2428398547801533 0.3699887069452287 0.024203307785397338 0.016657255787690572
0 0.26502622025010086 0.37238848108413325 0.020976200080677694 0.011857707509881422
0 0.2835820895522388 0.3708356860530774 0.02501008471157725 0.016092603049124788
0 0.31323114158935056 0.3685770750988142 0.01573215006050827 0.002540937323546019
0 0.3325937878176684 0.37323546019198195 0.021379588543767647 0.012987012987012988
0 0.35316659943525613 0.3761998870694523 0.02702702702702703 0.017786561264822136
0 0.3937071399757967 0.37125917560700167 0.026623638563937072 0.019198193111236588
0 0.4126663977410246 0.37351778656126483 0.01290843081887858 0.010728402032749858
0 0.42295280354981846 0.3743647656691135 0.0060508269463493344 0.010728402032749858
0 0.4290036304961678 0.36363636363636365 0.002016942315449778 0.002258610954263128
0 0.4386849536103267 0.37422360248447206 0.013311819281968536 0.01383399209486166
0 0.4540137152077451 0.3746470920383964 0.018959257765227916 0.01355166572557877
0 0.4858814037918516 0.37238848108413325 0.018152480839048003 0.018068887634105024
0 0.5018152480839048 0.3739412761151892 0.02016942315449778 0.011575381140598532
0 0.5294473578055667 0.3759175607001694 0.0052440500201694235 0.01101072840203275
0 0.5340863251311012 0.36575381140598534 0.0024203307785397336 0.002540937323546019
0 0.5514320290439694 0.3750705815923207 0.033884630899556276 0.012140033879164314
0 0.582492940701896 0.37874082439299833 0.02581686163775716 0.0189158667419537
0 0.6042759177087536 0.3739412761151892 0.014521984671238403 0.012704686617730096
0 0.6183945139169019 0.3747882552230378 0.01936264622831787 0.011575381140598532
0 0.6399757966922146 0.3752117447769622 0.014925373134328358 0.014116318464144552
0 0.6585316659943525 0.37450592885375494 0.02218636546994756 0.014398644833427442
0 0.7004840661557079 0.37140033879164314 0.025413473174667203 0.017786561264822136
0 0.7198467123840259 0.37351778656126483 0.021379588543767647 0.011857707509881422
0 0.7371924162968939 0.3730942970073405 0.01734570391286809 0.012140033879164314
0 0.7529245663574021 0.3709768492377188 0.010891488503428802 0.019762845849802372
0 0.1498588140379185 0.42066629023150764 0.020572811617587738 0.015810276679841896
0 0.17144009681323114 0.4222190852625635 0.021782977006857603 0.012140033879164314
0 0.18939088342073418 0.422360248447205 0.013311819281968536 0.01129305477131564
0 0.2236789027833804 0.42391304347826086 0.052843888664784185 0.013269339356295878
0 0.2624041952400161 0.4243365330321852 0.019766034691407825 0.010728402032749858
0 0.28075837031060913 0.43167701863354035 0.01936264622831787 0.025409373235460192
0 0.3017345703912868 0.41727837380011296 0.008067769261799113 0.012422360248447204
0 0.3160548608309802 0.42377188029361945 0.018152480839048003 0.012987012987012988
0 0.35054457442517145 0.4254658385093168 0.024203307785397338 0.012987012987012988
0 0.35962081484469544 0.4267363071710898 0.0060508269463493344 0.009316770186335404
0 0.3721258572004841 0.42476002258610956 0.013311819281968536 0.011575381140598532
0 0.4060104881000403 0.42518351214003386 0.0536506655909641 0.012987012987012988
0 0.4562323517547398 0.42518351214003386 0.03711173860427592 0.011857707509881422
0 0.48668818071803144 0.42504234895539245 0.021379588543767647 0.012140033879164314
0 0.5066559096409843 0.42504234895539245 0.022589753933037516 0.01101072840203275
0 0.5018152480839048 0.4201016374929418 0.0016135538523598225 0.001129305477131564
0 0.5246066962484873 0.4222190852625635 0.013311819281968536 0.021174477696216828
0 0.5379185155304558 0.43252399774138905 0.01008471157724889 0.014116318464144552
0 0.5665590964098427 0.4243365330321852 0.01653892698668818 0.015810276679841896
0 0.5841064945542558 0.4246188594014681 0.017749092375958047 0.015245623941276116
0 0.6054860830980234 0.4257481648785997 0.01936264622831787 0.011857707509881422
0 0.6387656313029447 0.42715979672501414 0.020572811617587738 0.01355166572557877
0 0.6615570794675272 0.42603049124788256 0.01936264622831787 0.011857707509881422
0 0.6839451391690198 0.4257481648785997 0.026220250100847116 0.012422360248447204
0 0.6750705929810408 0.42108977978543194 0.002016942315449778 0.0008469791078486731
0 0.7158128277531263 0.4265951439864483 0.022993142396127472 0.012422360248447204
0 0.7398144413069786 0.42264257481648787 0.01936264622831787 0.018633540372670808
0 0.7599838644614764 0.4254658385093168 0.01855586930213796 0.012422360248447204
0 0.7894312222670432 0.4258893280632411 0.03711173860427592 0.011575381140598532
0 0.8202904396934247 0.42913608130999437 0.030254134731746672 0.020892151326933936
0 0.8416700282371924 0.4234895539243365 0.01734570391286809 0.019762845849802372
0 0.14622831787010893 0.4709203839638622 0.01734570391286809 0.018068887634105024
0 0.16155707946752723 0.47289666854884244 0.021379588543767647 0.011857707509881422
0 0.19604679306171843 0.4767080745341615 0.015328761597418314 0.011575381140598532
0 0.21399757966922145 0.47586109542631283 0.021379588543767647 0.012704686617730096
0 0.23578055667607906 0.47374364765669114 0.019766034691407825 0.011857707509881422
0 0.2563533682936668 0.47063805759457933 0.019766034691407825 0.018633540372670808
0 0.3027430415490117 0.4720496894409938 0.031060911657926585 0.020327498588368152
0 0.32674465510286405 0.475296442687747 0.015328761597418314 0.011575381140598532
0 0.33763614360629285 0.47600225861095424 0.004033884630899556 0.009599096555618294
0 0.34308188785800725 0.4640033879164314 0.0028237192416296895 0.002540937323546019
0 0.35518354175070593 0.47148503670242803 0.01734570391286809 0.015810276679841896
0 0.3717224687373941 0.4738848108413326 0.020572811617587738 0.012140033879164314
0 0.3862444534086325 0.47571993224167136 0.004437273093989512 0.010163749294184076
0 0.390480032271077 0.4647092038396386 0.003227107704719645 0.002258610954263128
0 0.40217829770068575 0.475296442687747 0.01855586930213796 0.011575381140598532
0 0.4342476805163372 0.47699040090344436 0.006857603872529245 0.012140033879164314
0 0.44029850746268656 0.46485036702428006 0.002016942315449778 0.001976284584980237
0 0.4526018555869302 0.4754376058723885 0.022589753933037516 0.012422360248447204
0 0.48204921339249696 0.4730378317334839 0.03146430012101654 0.017786561264822136
0 0.5203711173860428 0.4717673630717109 0.015328761597418314 0.015245623941276116
0 0.536103267446551 0.47219085262563526 0.02016942315449778 0.015527950310559006
0 0.5570794675272287 0.4751552795031056 0.02016942315449778 0.014116318464144552
0 0.5964098426784994 0.4741671372106155 0.026220250100847116 0.017786561264822136
0 0.6173860427591771 0.4764257481648786 0.02218636546994756 0.011575381140598532
0 0.6379588543767648 0.4751552795031056 0.01653892698668818 0.011857707509881422
0 0.6526825332795482 0.4754376058723885 0.02016942315449778 0.011857707509881422
0 0.6740621218233158 0.4792490118577075 0.029043969342476807 0.020045172219085264
0 0.708753529649052 0.4751552795031056 0.03630496167809601 0.012422360248447204
0 0.7390076643807987 0.47586109542631283 0.023396530859217425 0.012704686617730096
0 0.7688584106494554 0.47444946357989837 0.024203307785397338 0.020045172219085264
0 0.780960064542154 0.4771315640880858 0.01855586930213796 0.012422360248447204
0 0.8065752319483662 0.4761434217955957 0.0326744655102864 0.011575381140598532
0 0.8479225494150867 0.47586109542631283 0.0500201694231545 0.011575381140598532
0 0.8783783783783784 0.47783738001129306 0.018959257765227916 0.012704686617730096
0 0.15328761597418314 0.519621682665161 0.026623638563937072 0.020045172219085264
0 0.172851956434046 0.5238565782044043 0.019766034691407825 0.012140033879164314
0 0.19302137958854376 0.52343308865048 0.01573215006050827 0.011857707509881422
0 0.21077047196450183 0.5223037831733484 0.01653892698668818 0.01693958215697346
0 0.23759580475998388 0.5223037831733484 0.03711173860427592 0.018633540372670808
0 0.26643807987091567 0.5289384528514963 0.0060508269463493344 0.010446075663466968
0 0.29064138765631303 0.5241389045736872 0.020572811617587738 0.012140033879164314
0 0.3219039935457846 0.5207509881422925 0.042759177087535294 0.017786561264822136
0 0.36506655909640984 0.5239977413890458 0.014521984671238403 0.018633540372670808
0 0.39128680919725695 0.5235742518351214 0.04033884630899556 0.017221908526256352
0 0.4431222267043163 0.5223037831733484 0.018152480839048003 0.017504234895539244
0 0.4580475998386446 0.5265386787125917 0.006857603872529245 0.01129305477131564
0 0.4645018152480839 0.5152456239412762 0.002016942315449778 0.002258610954263128
0 0.48083904800322713 0.5227272727272727 0.02743041549011698 0.016657255787690572
0 0.5066559096409843 0.5206098249576511 0.01371520774505849 0.002258610954263128
0 0.5354981847519161 0.5266798418972332 0.02218636546994756 0.027385657820440428
0 0.5494150867285196 0.5223037831733484 0.010488100040338847 0.018068887634105024
0 0.5625252117789431 0.5313382269904009 0.019766034691407825 0.024280067758328628
0 0.5774505849132715 0.5261151891586674 0.006857603872529245 0.012140033879164314
0 0.5835014118596208 0.5169395821569734 0.002016942315449778 0.0016939582156973462
0 0.6064945542557483 0.532326369282891 0.04477611940298507 0.02456239412761152
0 0.6510689794271883 0.5265386787125917 0.021782977006857603 0.011857707509881422
0 0.6742638160548609 0.525691699604743 0.025413473174667203 0.01355166572557877
0 0.7125857200484066 0.5241389045736872 0.02379991932230738 0.017221908526256352
0 0.7412263009277935 0.5317617165443252 0.045582896329164985 0.020609824957651044
0 0.7684550221863655 0.528514963297572 0.004840661557079467 0.007905138339920948
0 0.7849939491730537 0.527244494635799 0.020976200080677694 0.012704686617730096
0 0.7763210972166196 0.5180688876341051 0.002016942315449778 0.002258610954263128
0 0.1508672851956434 0.577922077922078 0.024203307785397338 0.021456804065499716
0 0.17164179104477612 0.5741106719367589 0.013311819281968536 0.012140033879164314
0 0.18757563533682936 0.5743929983060417 0.016942315449778138 0.012704686617730096
0 0.2035094796288826 0.5745341614906833 0.01653892698668818 0.01355166572557877
0 0.22347720855183542 0.5739695087521175 0.01936264622831787 0.012987012987012988
0 0.2490923759580476 0.5722755505364201 0.03509479628882614 0.019762845849802372
0 0.23618394513916902 0.5708639186900056 0.002016942315449778 0.001129305477131564
0 0.2920532472771279 0.5753811405985318 0.022589753933037516 0.012422360248447204
0 0.34066155707946755 0.5760869565217391 0.024606696248487294 0.014963297571993224
0 0.37232755143202906 0.5735460191981931 0.03953206938281565 0.0189158667419537
0 0.4027833803953207 0.5743929983060417 0.02218636546994756 0.017221908526256352
0 0.4427188382412263 0.5756634669678148 0.019766034691407825 0.01129305477131564
0 0.4647035094796289 0.5752399774138904 0.023396530859217425 0.011575381140598532
0 0.4868898749495764 0.5766516092603049 0.02743041549011698 0.012140033879164314
0 0.4782170229931424 0.5717108977978543 0.0028237192416296895 0.0016939582156973462
0 0.5205728116175877 0.5813099943534726 0.02944735780556676 0.021456804065499716
0 0.5429608713190803 0.5767927724449463 0.015328761597418314 0.011857707509881422
0 0.5649455425574829 0.5770750988142292 0.03428801936264623 0.012987012987012988
0 0.5929810407422348 0.5765104460756635 0.021782977006857603 0.02766798418972332
0 0.6208148446954417 0.5766516092603049 0.014521984671238403 0.017221908526256352
0 0.6397741024606697 0.5756634669678148 0.023396530859217425 0.01637492941840768
0 0.6617587736990722 0.5787690570299266 0.019766034691407825 0.010728402032749858
0 0.6823315853166599 0.5753811405985318 0.014925373134328358 0.01693958215697346
0 0.7146026623638564 0.575098814229249 0.03428801936264623 0.017504234895539244
0 0.7565550625252118 0.577639751552795 0.025413473174667203 0.011857707509881422
0 0.7878176684146834 0.5752399774138904 0.041145623235175476 0.0189158667419537
0 0.8188785800726099 0.5783455674760023 0.022589753933037516 0.012704686617730096
0 0.8531665994352562 0.5756634669678148 0.041145623235175476 0.018633540372670808
0 0.8830173457039129 0.580180688876341 0.02501008471157725 0.012987012987012988
0 0.16377571601452198 0.6223884810841332 0.055667607906413875 0.016657255787690572
0 0.2029043969342477 0.6250705815923208 0.016942315449778138 0.011857707509881422
0 0.2309398951189996 0.6240824392998306 0.03751512706736587 0.016092603049124788
0 0.25958047599838646 0.6263410502540937 0.014118596208148447 0.011575381140598532
0 0.2753126260588947 0.6263410502540937 0.018152480839048003 0.011575381140598532
0 0.2946752722872126 0.627046866177301 0.021379588543767647 0.012987012987012988
0 0.3106091165792658 0.6342461885940147 0.02581686163775716 0.026821005081874648
0 0.3327954820492134 0.6266233766233766 0.01936264622831787 0.018351214003387916
0 0.3688987494957644 0.6284584980237155 0.007664380798709157 0.011857707509881422
0 0.3836224283985478 0.626764539808018 0.02016942315449778 0.01355166572557877
0 0.3761597418313836 0.6171654432523997 0.0028237192416296895 0.002258610954263128
0 0.41851553045582895 0.6245059288537549 0.018152480839048003 0.018068887634105024
0 0.4354578459056071 0.626764539808018 0.02218636546994756 0.012987012987012988
0 0.4762000806776926 0.6277526821005082 0.03751512706736587 0.013269339356295878
0 0.4844695441710367 0.6216826651609261 0.0016135538523598225 0.001129305477131564
0 0.5223880597014925 0.6317052512704686 0.06212182331585317 0.022303783173348392
0 0.5641387656313029 0.6271880293619424 0.019766034691407825 0.01383399209486166
0 0.581887858007261 0.6195652173913043 0.0012101653892698668 0.001411631846414455
0 0.6101250504235579 0.6249294184076792 0.031060911657926585 0.020045172219085264
0 0.6317063331988705 0.6271880293619424 0.015328761597418314 0.012140033879164314
0 0.6417910447761194 0.6287408243929983 0.00645421540943929 0.010728402032749858
0 0.6490520371117386 0.6168831168831169 0.0024203307785397336 0.00282326369282891
0 0.6595401371520775 0.6256352343308865 0.016942315449778138 0.01637492941840768
0 0.6734570391286809 0.6274703557312253 0.022993142396127472 0.011575381140598532
0 0.6875756353368294 0.6287408243929983 0.006857603872529245 0.01129305477131564
0 0.7035094796288827 0.6285996612083569 0.021782977006857603 0.012704686617730096
0 0.6954417103670835 0.6153303218520609 0.0024203307785397336 0.002540937323546019
0 0.7410246066962485 0.6287408243929983 0.024203307785397338 0.011857707509881422
0 0.7656313029447358 0.6290231507622812 0.022589753933037516 0.012987012987012988
0 0.7914481645824929 0.6253529079616036 0.02501008471157725 0.018068887634105024
0 0.8200887454618798 0.6261998870694523 0.020976200080677694 0.019762845849802372
0 0.8485276321097217 0.6288819875776398 0.03428801936264623 0.013269339356295878
0 0.15288422751109318 0.6753246753246753 0.026623638563937072 0.015810276679841896
0 0.17204517950786608 0.6753246753246753 0.01734570391286809 0.012987012987012988
0 0.18797902379991932 0.6747600225861096 0.016135538523598225 0.014116318464144552
0 0.2063331988705123 0.6729249011857708 0.018152480839048003 0.017221908526256352
0 0.21903993545784592 0.6764539808018069 0.005647438483259379 0.00846979107848673
0 0.22589753933037515 0.6641727837380011 0.003227107704719645 0.001976284584980237
0 0.23517547398144414 0.6753246753246753 0.02016942315449778 0.012422360248447204
0 0.2517144009681323 0.6813946922642575 0.020976200080677694 0.023997741389045736
0 0.29386849536103266 0.676171654432524 0.02218636546994756 0.014680971202710334
0 0.30597014925373134 0.6732072275550537 0.00927793465106898 0.0189158667419537
0 0.3208955223880597 0.6764539808018069 0.019766034691407825 0.012987012987012988
0 0.33965308592174265 0.6754658385093167 0.017749092375958047 0.012704686617730096
0 0.3555869302137959 0.6756070016939583 0.014925373134328358 0.01355166572557877
0 0.3981444130697862 0.6730660643704122 0.01855586930213796 0.018633540372670808
0 0.41407825736183945 0.6760304912478825 0.018959257765227916 0.012704686617730096
0 0.4528035498184752 0.6765951439864484 0.02218636546994756 0.013269339356295878
0 0.4854780153287616 0.6747600225861096 0.04154901169826543 0.018068887634105024
0 0.5165389269866881 0.6781479390175043 0.01573215006050827 0.01129305477131564
0 0.5322710770471965 0.6811123658949746 0.02864058087938685 0.020609824957651044
0 0.572811617587737 0.676171654432524 0.020976200080677694 0.01355166572557877
0 0.5935861234368697 0.6765951439864484 0.018152480839048003 0.012140033879164314
0 0.6173860427591771 0.6771597967250141 0.030254134731746672 0.01383399209486166
0 0.6619604679306171 0.6760304912478825 0.04033884630899556 0.017221908526256352
0 0.6930213795885438 0.6781479390175043 0.020976200080677694 0.011857707509881422
0 0.709560306575232 0.6847826086956522 0.024203307785397338 0.025691699604743084
0 0.7404195240016136 0.6788537549407114 0.03428801936264623 0.012704686617730096
0 0.7644211375554659 0.6781479390175043 0.017749092375958047 0.014680971202710334
0 0.7922549415086728 0.6751835121400339 0.016135538523598225 0.003105590062111801
0 0.8118192819685357 0.6757481648785997 0.013311819281968536 0.017221908526256352
0 0.8360225897539331 0.6763128176171654 0.03993545784590561 0.0189158667419537
0 0.8646631706333199 0.6777244494635799 0.014925373134328358 0.01948051948051948
0 0.14501815248083905 0.7231789949181253 0.02218636546994756 0.017786561264822136
0 0.1653892698668818 0.7269904009034444 0.021782977006857603 0.012987012987012988
0 0.1789027833803953 0.7292490118577075 0.0052440500201694235 0.009034443817052512
0 0.18797902379991932 0.7162619988706945 0.0024203307785397336 0.00282326369282891
0 0.1946349334409036 0.7248729531338227 0.013311819281968536 0.016092603049124788
0 0.2099636950383219 0.7264257481648786 0.01653892698668818 0.01355166572557877
0 0.23416700282371924 0.7245906267645398 0.01653892698668818 0.016657255787690572
0 0.2537313432835821 0.7272727272727273 0.020976200080677694 0.011857707509881422
0 0.2700685760387253 0.7251552795031055 0.007664380798709157 0.014963297571993224
0 0.2789431222267043 0.7245906267645398 0.008471157724889069 0.017786561264822136
0 0.2880193626462283 0.7272727272727273 0.005647438483259379 0.010163749294184076
0 0.2942718838241226 0.717673630717109 0.0028237192416296895 0.002258610954263128
0 0.30395320693828154 0.7264257481648786 0.01653892698668818 0.012422360248447204
0 0.3301734570391287 0.7272727272727273 0.031060911657926585 0.012422360248447204
0 0.3666801129487697 0.7282608695652174 0.005647438483259379 0.01101072840203275
0 0.37152077450584914 0.7158385093167702 0.003227107704719645 0.002540937323546019
0 0.3840258168616378 0.7261434217955957 0.016942315449778138 0.014680971202710334
0 0.4344493747478822 0.7257199322416714 0.023396530859217425 0.0189158667419537
0 0.4554255748285599 0.7272727272727273 0.01936264622831787 0.010728402032749858
0 0.4790237999193223 0.72656691134952 0.022993142396127472 0.012140033879164314
0 0.5036304961678096 0.7247317899491813 0.018959257765227916 0.01637492941840768
0 0.5227914481645825 0.7267080745341615 0.016942315449778138 0.011857707509881422
0 0.5389269866881807 0.7274138904573687 0.01936264622831787 0.011575381140598532
0 0.5627269060104881 0.7299548277809147 0.028237192416296894 0.018351214003387916
0 0.5879386849536103 0.7238848108413326 0.014925373134328358 0.019198193111236588
0 0.5927793465106898 0.7340485601355167 0.003630496167809601 0.002258610954263128
