0 0.15167406212182333 0.2124505928853755 0.04759983864461476 0.026256352343308864
0 0.16680112948769665 0.21668548842461885 0.03428801936264623 0.01383399209486166
0 0.2008874546187979 0.21739130434782608 0.02501008471157725 0.012987012987012988
0 0.2299314239612747 0.22882552230378317 0.04517950786607503 0.034161490683229816
0 0.2743041549011698 0.22529644268774704 0.041145623235175476 0.03613777526821005
0 0.29608713190802743 0.21541501976284586 0.024203307785397338 0.012987012987012988
0 0.3229124647035095 0.21597967250141162 0.043162565550625254 0.01129305477131564
0 0.36789027833803956 0.22656691134952003 0.04437273093989512 0.03472614342179559
0 0.43606292860024204 0.21569734613212874 0.06696248487293263 0.01637492941840768
0 0.4618797902379992 0.19734613212874083 0.0024203307785397336 0.00282326369282891
0 0.472771278741428 0.21781479390175043 0.01371520774505849 0.011575381140598532
0 0.5068576038725292 0.2100508187464709 0.02379991932230738 0.026538678712591756
0 0.5296490520371118 0.21259175607001693 0.041145623235175476 0.020892151326933936
0 0.5653489310205728 0.2106154714850367 0.027833803953206938 0.02766798418972332
0 0.609318273497378 0.22261434217955958 0.05445744251714401 0.0251270468661773
0 0.6484469544171036 0.21597967250141162 0.031060911657926585 0.010728402032749858
0 0.6793061718434853 0.21019198193111235 0.03630496167809601 0.026256352343308864
0 0.72650262202501 0.20793337097684925 0.05405405405405406 0.03020892151326934
0 0.7325534489713594 0.19635798983625072 0.0024203307785397336 0.004234895539243365
0 0.7946752722872126 0.2149915302089215 0.07018959257765228 0.017221908526256352
0 0.7983057684550222 0.19678147939017504 0.004033884630899556 0.007340485601355167
0 0.15933844292053248 0.2586109542631282 0.029850746268656716 0.031055900621118012
0 0.20471964501815249 0.2619988706945229 0.0326744655102864 0.025409373235460192
0 0.2680516337232755 0.26228119706380576 0.052843888664784185 0.032185206098249576
0 0.3259378781766841 0.26792772444946356 0.026623638563937072 0.014116318464144552
0 0.3479225494150867 0.27738565782044045 0.031060911657926585 0.03020892151326934
0 0.37797498991528844 0.2682100508187465 0.03711173860427592 0.01355166572557877
0 0.36829366680112946 0.25141163184641446 0.004033884630899556 0.007058159232072276
0 0.47781363453005243 0.26665725578769056 0.145623235175474 0.04601919819311124
0 0.59116579265833 0.2649632975719932 0.052843888664784185 0.0409373235460192
0 0.6381605486083098 0.25818746470920384 0.042759177087535294 0.029644268774703556
0 0.7436466317063332 0.26143421795595706 0.14965711980637353 0.02766798418972332
0 0.8317870108914885 0.26750423489553926 0.03307785397337636 0.014398644833427442
0 0.8600242033077854 0.2652456239412761 0.03065752319483663 0.023997741389045736
0 0.15691811214199275 0.31070016939582157 0.02581686163775716 0.03020892151326934
0 0.18132311415893507 0.3098531902879729 0.052843888664784185 0.029079616036137776
0 0.23759580475998388 0.31733483907396953 0.020976200080677694 0.015245623941276116
0 0.2888261395724082 0.3092885375494071 0.05647438483259379 0.029079616036137776
0 0.2880193626462283 0.3026538678712592 0.0016135538523598225 0.002258610954263128
0 0.2888261395724082 0.30039525691699603 0.0016135538523598225 0.0016939582156973462
0 0.29043969342476805 0.31535855448898925 0.0016135538523598225 0.001129305477131564
0 0.32573618394513915 0.3274985883681536 0.038321903993545785 0.029926595143986448
0 0.32008874546187976 0.31733483907396953 0.019766034691407825 0.010728402032749858
0 0.31988705123033484 0.3040654997176736 0.004840661557079467 0.006211180124223602
0 0.3580072609923356 0.3190287972896669 0.0052440500201694235 0.00564652738565782
0 0.39027833803953205 0.31394692264257484 0.02864058087938685 0.018633540372670808
0 0.4005647438483259 0.3020892151326934 0.04759983864461476 0.0033879164313946925
0 0.4203307785397338 0.3178994918125353 0.03711173860427592 0.014116318464144552
0 0.45966115369100446 0.31804065499717676 0.025413473174667203 0.013269339356295878
0 0.4772085518354175 0.3177583286278938 0.012101653892698669 0.008752117447769622
0 0.4854780153287616 0.3253811405985319 0.01653892698668818 0.01383399209486166
0 0.5332795482049213 0.3170525127046866 0.05405405405405406 0.014680971202710334
0 0.5649455425574829 0.3221343873517787 0.04477611940298507 0.0502540937323546
0 0.5619201290843082 0.3002540937323546 0.004033884630899556 0.002540937323546019
0 0.6478418717224688 0.30886504799548276 0.09116579265832997 0.02766798418972332
0 0.7337636143606293 0.3198757763975155 0.07745058491327148 0.024280067758328628
0 0.7966922146026624 0.32806324110671936 0.05163372327551432 0.038396386222473176
0 0.7837837837837838 0.3092885375494071 0.023396530859217425 0.027385657820440428
0 0.7970956030657523 0.31521739130434784 0.01936264622831787 0.009316770186335404
0 0.7972972972972973 0.30237154150197626 0.0028237192416296895 0.006211180124223602
0 0.15732150060508268 0.36674195369847545 0.035498184751916094 0.018068887634105024
0 0.24102460669624848 0.3681535855448899 0.15288422751109318 0.038396386222473176
0 0.35034288019362647 0.36900056465273856 0.02702702702702703 0.015245623941276116
0 0.36930213795885436 0.3780350084697911 0.035901573215006054 0.03274985883681536
0 0.4035901573215006 0.36674195369847545 0.038321903993545785 0.014116318464144552
0 0.39310205728116177 0.35079051383399207 0.008471157724889069 0.010446075663466968
0 0.4288019362646228 0.3743647656691135 0.03630496167809601 0.05307735742518351
0 0.42396127470754336 0.3533314511575381 0.007260992335619202 0.002540937323546019
0 0.4870915691811214 0.36264822134387353 0.038321903993545785 0.027385657820440428
0 0.5137152077450585 0.36801242236024845 0.02702702702702703 0.012140033879164314
0 0.5330778539733764 0.3681535855448899 0.031060911657926585 0.01693958215697346
0 0.5284388866478419 0.3543195934500282 0.0024203307785397336 0.003952569169960474
0 0.5494150867285196 0.3694240542066629 0.01371520774505849 0.014963297571993224
0 0.5748285599031868 0.3685770750988142 0.04679306171843485 0.013269339356295878
0 0.5578862444534086 0.3526256352343309 0.0024203307785397336 0.006211180124223602
0 0.627672448567971 0.36462450592885376 0.035498184751916094 0.014963297571993224
0 0.6887858007260992 0.36180124223602483 0.05929810407422348 0.029079616036137776
0 0.7079467527228721 0.3495200451722191 0.0024203307785397336 0.005081874647092038
0 0.7365873336022589 0.3616600790513834 0.04517950786607503 0.023150762281197064
0 0.7535296490520371 0.37874082439299833 0.04437273093989512 0.036420101637492944
0 0.7559499798305769 0.3514963297571993 0.003227107704719645 0.006775832862789385
0 0.8055667607906414 0.366600790513834 0.04033884630899556 0.014963297571993224
0 0.8037515127067366 0.36180124223602483 0.0012101653892698668 0.0008469791078486731
0 0.845703912868092 0.35926030491247885 0.033481242436466316 0.027385657820440428
0 0.8555869302137958 0.3663184641445511 0.024203307785397338 0.012704686617730096
0 0.20411456232351755 0.4129023150762281 0.14199273900766438 0.029644268774703556
0 0.2962888261395724 0.41967814793901753 0.038321903993545785 0.017786561264822136
0 0.32513110125050426 0.41671372106154714 0.03146430012101654 0.021456804065499716
0 0.36163775716014523 0.4126199887069452 0.02864058087938685 0.03020892151326934
0 0.4056070996369504 0.43153585544889894 0.08350141185962082 0.041501976284584984
0 0.3882613957240823 0.4503105590062112 0.01008471157724889 0.00282326369282891
0 0.4247680516337233 0.40160926030491245 0.0024203307785397336 0.004799548277809147
0 0.4784187172246874 0.41756070016939584 0.020976200080677694 0.01637492941840768
0 0.49939491730536506 0.4254658385093168 0.04033884630899556 0.030491247882552232
0 0.527027027027027 0.41798418972332013 0.018959257765227916 0.01101072840203275
0 0.5853166599435257 0.40993788819875776 0.07745058491327148 0.03162055335968379
0 0.6413876563130294 0.41022021456804064 0.028237192416296894 0.03162055335968379
0 0.6639774102460669 0.41699604743083 0.03791851553045583 0.012987012987012988
0 0.6593384429205325 0.3999153020892151 0.002016942315449778 0.004234895539243365
0 0.6956434045986285 0.4202428006775833 0.0028237192416296895 0.003105590062111801
0 0.7351754739814441 0.411914172783738 0.04961678096006454 0.028232636928289104
0 0.7628075837031061 0.41699604743083 0.029850746268656716 0.011857707509881422
0 0.8067769261799113 0.4191134952004517 0.08793868495361033 0.03585544889892716
0 0.8198870512303348 0.4017504234895539 0.003630496167809601 0.006211180124223602
0 0.17406212182331585 0.47939017504234893 0.07462686567164178 0.03613777526821005
0 0.27067365873336025 0.4642857142857143 0.08309802339653086 0.029079616036137776
0 0.3126260588947156 0.4798136645962733 0.021782977006857603 0.018351214003387916
0 0.3436869705526422 0.46908526256352345 0.020976200080677694 0.01383399209486166
0 0.3662767244856797 0.46823828345567475 0.023396530859217425 0.014398644833427442
0 0.41851553045582895 0.47134387351778656 0.05203711173860428 0.015527950310559006
0 0.48507462686567165 0.4634387351778656 0.08672851956434045 0.028514963297571992
0 0.5359015732150061 0.467673630717109 0.03509479628882614 0.021739130434782608
0 0.5857200484066156 0.4697910784867307 0.05889471561113352 0.01355166572557877
0 0.6432029043969343 0.4666854884246189 0.0681726502622025 0.05194805194805195
0 0.645219846712384 0.4784020327498588 0.03670835014118596 0.028514963297571992
0 0.6494554255748286 0.4608977978543196 0.004033884630899556 0.004234895539243365
0 0.6851553045582897 0.46259175607001696 0.045582896329164985 0.025691699604743084
0 0.736789027833804 0.4699322416713721 0.051230334812424366 0.05223037831733484
0 0.7775312626058895 0.4754376058723885 0.050423557886244454 0.023150762281197064
0 0.8247277127874143 0.46160361377752684 0.045582896329164985 0.031055900621118012
0 0.8440903590157322 0.4786843591191417 0.04719645018152481 0.029079616036137776
0 0.8442920532472771 0.468944099378882 0.02016942315449778 0.010163749294184076
0 0.845098830173457 0.4536984754376059 0.003227107704719645 0.00564652738565782
0 0.1672045179507866 0.5153867871259176 0.05526421944332392 0.027950310559006212
0 0.20572811617587736 0.5206098249576511 0.03630496167809601 0.01355166572557877
0 0.2874142799515934 0.5145398080180689 0.09237595804759983 0.029644268774703556
0 0.36244453408632515 0.5199040090344438 0.03993545784590561 0.017786561264822136
0 0.41770875352964904 0.5149632975719932 0.07624041952400161 0.02766798418972332
0 0.44876966518757566 0.5215979672501412 0.020572811617587738 0.013269339356295878
0 0.46107301331181927 0.528514963297572 0.04356595401371521 0.029926595143986448
0 0.47196450181524807 0.5057876905702993 0.004840661557079467 0.006493506493506494
0 0.491327148043566 0.5190570299265952 0.021782977006857603 0.014963297571993224
0 0.5147236789027834 0.5204686617730095 0.03065752319483663 0.012140033879164314
0 0.5310609116579266 0.5204686617730095 0.010891488503428802 0.009881422924901186
0 0.54497781363453 0.521880293619424 0.01855586930213796 0.008752117447769622
0 0.6349334409035902 0.5143986448334275 0.10165389269866881 0.029361942405420668
0 0.7113755546591367 0.514257481648786 0.06010488100040339 0.0251270468661773
0 0.7444534086325131 0.5201863354037267 0.012505042355788625 0.013269339356295878
0 0.745260185558693 0.5029644268774703 0.0028237192416296895 0.005364201016374929
0 0.7708753529649052 0.5214568040654998 0.04195240016135539 0.015245623941276116
0 0.8289632916498588 0.5135516657255788 0.03711173860427592 0.026538678712591756
0 0.8448971359419121 0.5176453980801807 0.013311819281968536 0.011575381140598532
0 0.17204517950786608 0.5719932241671372 0.058491327148043566 0.04799548277809147
0 0.21238402581686164 0.5705815923207228 0.030254134731746672 0.014680971202710334
0 0.20492133924969747 0.5546301524562394 0.004840661557079467 0.007058159232072276
0 0.2515127067365873 0.5652173913043478 0.056070996369503835 0.02710333145115754
0 0.23275514320290439 0.5554771315640881 0.003227107704719645 0.006493506493506494
0 0.3162565550625252 0.5722755505364201 0.07180314643001211 0.03670242800677583
0 0.3719241629689391 0.577922077922078 0.03953206938281565 0.032185206098249576
0 0.3574021782977007 0.5536420101637493 0.0024203307785397336 0.004517221908526256
0 0.4219443323920936 0.5697346132128741 0.03872529245663574 0.01637492941840768
0 0.4554255748285599 0.5652173913043478 0.03711173860427592 0.025409373235460192
0 0.5342880193626462 0.562394127611519 0.11335215812827754 0.03162055335968379
0 0.5843081887858007 0.5811688311688312 0.0536506655909641 0.039243365330321855
0 0.5794675272287213 0.5506775832862789 0.003630496167809601 0.005364201016374929
0 0.6476401774909237 0.5629587803500847 0.035901573215006054 0.03557312252964427
0 0.6932230738200887 0.5702992659514399 0.0463896732553449 0.012422360248447204
0 0.7097620008067769 0.551665725578769 0.0028237192416296895 0.005081874647092038
0 0.7420330778539733 0.5708639186900056 0.0326744655102864 0.01693958215697346
0 0.7825736183945139 0.5828627893845285 0.07664380798709157 0.03698475437605872
0 0.7960871319080274 0.5535008469791078 0.0052440500201694235 0.01101072840203275
0 0.8424768051633723 0.5642292490118577 0.04719645018152481 0.03077357425183512
0 0.8235175473981444 0.5515245623941276 0.002016942315449778 0.004799548277809147
0 0.854780153287616 0.5539243365330322 0.005647438483259379 0.007340485601355167
0 0.16922146026623638 0.6181535855448899 0.06252521177894312 0.040372670807453416
0 0.2525211778943122 0.6120835686053078 0.06292860024203308 0.028797289666854884
0 0.2946752722872126 0.620412196499153 0.003630496167809601 0.003105590062111801
0 0.5486083098023397 0.5975437605872389 0.014521984671238403 0.0036702428006775835
