0 0.16337232755143202 0.220214568040655 0.028237192416296894 0.039525691699604744
0 0.18576038725292457 0.21541501976284586 0.010891488503428802 0.01355166572557877
0 0.1972569584509883 0.21725014116318464 0.009681323114158934 0.010446075663466968
0 0.25231948366276724 0.21823828345567475 0.09076240419524001 0.04178430265386787
0 0.3410649455425575 0.21315640880858272 0.02944735780556676 0.025974025974025976
0 0.36809197256958454 0.21725014116318464 0.03751512706736587 0.017786561264822136
0 0.3947156111335216 0.21287408243929984 0.008471157724889069 0.024280067758328628
0 0.43707139975796694 0.20990965556182947 0.014925373134328358 0.02456239412761152
0 0.4616780960064542 0.21527385657820441 0.04154901169826543 0.016092603049124788
0 0.5127067365873336 0.21696781479390176 0.06131504638967326 0.01101072840203275
0 0.6311012505042356 0.22007340485601354 0.11335215812827754 0.042631281761716544
0 0.7174263816054861 0.20821569734613213 0.022993142396127472 0.03190287972896669
0 0.7355788624445341 0.21301524562394128 0.019766034691407825 0.017221908526256352
0 0.7605889471561114 0.21357989836250707 0.025413473174667203 0.017786561264822136
0 0.7829770068576039 0.2121682665160926 0.01371520774505849 0.021174477696216828
0 0.8035498184751916 0.21089779785431959 0.029043969342476807 0.0220214568040655
0 0.8257361839451391 0.2264257481648786 0.005647438483259379 0.012422360248447204
0 0.163574021782977 0.2621400338791643 0.04719645018152481 0.034161490683229816
0 0.14925373134328357 0.26016374929418407 0.007260992335619202 0.022868435911914172
0 0.23114158935054457 0.2735742518351214 0.00645421540943929 0.006211180124223602
0 0.2373941105284389 0.26143421795595706 0.01734570391286809 0.03274985883681536
0 0.29144816458249295 0.26595143986448333 0.09156918112141993 0.02710333145115754
0 0.34530052440500203 0.2751270468661773 0.004033884630899556 0.009881422924901186
0 0.3686970552642194 0.2673630717108978 0.014521984671238403 0.014680971202710334
0 0.3937071399757967 0.2608695652173913 0.024203307785397338 0.026538678712591756
0 0.4025816861637757 0.265527950310559 0.004033884630899556 0.0036702428006775835
0 0.43707139975796694 0.2607284020327499 0.06575231948366277 0.022303783173348392
0 0.5096813231141589 0.2628458498023715 0.038321903993545785 0.026538678712591756
0 0.536708350141186 0.2598814229249012 0.011698265429608713 0.021739130434782608
0 0.5586930213795885 0.2632693393562959 0.03227107704719645 0.023997741389045736
0 0.6143606292860024 0.2672219085262564 0.026623638563937072 0.014398644833427442
0 0.6413876563130294 0.26341050254093734 0.03146430012101654 0.02710333145115754
0 0.6970552642194433 0.2597402597402597 0.041145623235175476 0.028797289666854884
0 0.7666397741024606 0.2586109542631282 0.043162565550625254 0.023715415019762844
0 0.800121016538927 0.26044607566346695 0.03509479628882614 0.026821005081874648
0 0.8231141589350545 0.2632693393562959 0.01653892698668818 0.018351214003387916
0 0.8420734167002824 0.2586109542631282 0.014925373134328358 0.028232636928289104
0 0.15409439290036306 0.31281761716544326 0.04033884630899556 0.024844720496894408
0 0.2099636950383219 0.31719367588932806 0.0826946349334409 0.0409373235460192
0 0.3116175877369907 0.3116883116883117 0.019766034691407825 0.02766798418972332
0 0.33319887051230335 0.3157820440429136 0.023396530859217425 0.014963297571993224
0 0.35941912061315046 0.3154997176736307 0.03065752319483663 0.0189158667419537
0 0.38463089955627267 0.31592320722755507 0.014118596208148447 0.019762845849802372
0 0.40641387656313027 0.31394692264257484 0.031060911657926585 0.0220214568040655
0 0.4431222267043163 0.325098814229249 0.0060508269463493344 0.013269339356295878
0 0.4878983461073013 0.31182947487295315 0.03428801936264623 0.02456239412761152
0 0.5133118192819686 0.32086391869000563 0.002016942315449778 0.001411631846414455
0 0.5465913674868899 0.313382269904009 0.023396530859217425 0.024844720496894408
0 0.5837031060911658 0.31084133258046304 0.055667607906413875 0.025974025974025976
0 0.635941912061315 0.3170525127046866 0.040742234772085516 0.012987012987012988
0 0.6210165389269867 0.3036420101637493 0.003630496167809601 0.01101072840203275
0 0.6748688987494957 0.3169113495200452 0.03146430012101654 0.014398644833427442
0 0.7045179507866075 0.32368718238283456 0.003630496167809601 0.001976284584980237
0 0.745865268253328 0.3145115753811406 0.05808793868495361 0.030491247882552232
0 0.7759177087535296 0.30561829474872954 0.004437273093989512 0.003105590062111801
0 0.7829770068576039 0.3177583286278938 0.009681323114158934 0.012140033879164314
0 0.8253327954820492 0.30886504799548276 0.041145623235175476 0.028232636928289104
0 0.8626462283178701 0.3105590062111801 0.031060911657926585 0.025409373235460192
0 0.1581282775312626 0.36645962732919257 0.041145623235175476 0.01693958215697346
0 0.2172246873739411 0.365330321852061 0.021379588543767647 0.018068887634105024
0 0.2345703912868092 0.36900056465273856 0.01008471157724889 0.009034443817052512
0 0.27833803953206937 0.36335403726708076 0.07664380798709157 0.026538678712591756
0 0.35215812827753123 0.36490683229813664 0.016135538523598225 0.020609824957651044
0 0.3892698668818072 0.3708356860530774 0.05163372327551432 0.04827780914737437
0 0.45865268253327957 0.3654714850367024 0.004033884630899556 0.014398644833427442
0 0.46954417103670837 0.3610954263128176 0.01371520774505849 0.023150762281197064
0 0.527632109721662 0.36250705815923207 0.04437273093989512 0.02710333145115754
0 0.5972166196046793 0.36278938452851495 0.0318676885841065 0.02766798418972332
0 0.6311012505042356 0.3675889328063241 0.0318676885841065 0.010728402032749858
0 0.6599435256151674 0.3610954263128176 0.01290843081887858 0.028797289666854884
0 0.699677289229528 0.36716544325239975 0.010891488503428802 0.01101072840203275
0 0.7331585316659943 0.37111801242236025 0.05687777329568374 0.021174477696216828
0 0.7773295683743445 0.36264822134387353 0.029043969342476807 0.020609824957651044
0 0.8081887858007261 0.36335403726708076 0.033481242436466316 0.015245623941276116
0 0.8434852763210973 0.3740824392998306 0.005647438483259379 0.007340485601355167
0 0.1389673255344897 0.41699604743083 0.021379588543767647 0.025409373235460192
0 0.16054860830980233 0.4168548842461886 0.010488100040338847 0.026256352343308864
0 0.17668414683340056 0.4147374364765669 0.011294876966518758 0.025409373235460192
0 0.19483662767244858 0.415725578769057 0.01936264622831787 0.023997741389045736
0 0.26744655102864057 0.41741953698475437 0.048406615570794675 0.014398644833427442
0 0.291044776119403 0.40654997176736307 0.002016942315449778 0.0016939582156973462
0 0.3237192416296894 0.42476002258610956 0.05203711173860428 0.042631281761716544
0 0.36950383219039934 0.4253246753246753 0.004033884630899556 0.009316770186335404
0 0.4082291246470351 0.42405420666290233 0.045986284792254944 0.04517221908526256
0 0.4707543364259782 0.4202428006775833 0.016942315449778138 0.016657255787690572
0 0.48608309802339655 0.4213721061547149 0.009681323114158934 0.005928853754940711
0 0.5058491327148044 0.4126199887069452 0.035498184751916094 0.027950310559006212
0 0.5235982250907624 0.40923207227555053 0.004840661557079467 0.002540937323546019
0 0.5332795482049213 0.4178430265386787 0.01371520774505849 0.012987012987012988
0 0.5488100040338846 0.41205533596837945 0.021379588543767647 0.027385657820440428
0 0.6044776119402985 0.41332580463015245 0.040742234772085516 0.029926595143986448
0 0.6609519967728923 0.4148785996612084 0.019766034691407825 0.022303783173348392
0 0.6797095603065753 0.41953698475437606 0.017749092375958047 0.01355166572557877
0 0.6972569584509883 0.4193958215697346 0.01573215006050827 0.009881422924901186
0 0.7137958854376765 0.41516092603049126 0.01008471157724889 0.027950310559006212
0 0.7753126260588947 0.4147374364765669 0.0572811617587737 0.025974025974025976
0 0.8093989511899959 0.4199604743083004 0.008471157724889069 0.01101072840203275
0 0.8380395320693829 0.41854884246188595 0.043969342476805166 0.011575381140598532
0 0.15832997176280758 0.467673630717109 0.0391286809197257 0.018351214003387916
0 0.18253327954820492 0.46386222473178995 0.01734570391286809 0.0220214568040655
0 0.19281968535699878 0.46936758893280633 0.004033884630899556 0.01101072840203275
0 0.19604679306171843 0.453416149068323 0.004840661557079467 0.00282326369282891
0 0.2254941508672852 0.4655561829474873 0.04759983864461476 0.025409373235460192
0 0.24747882210568778 0.4580745341614907 0.002016942315449778 0.001976284584980237
0 0.25534489713594194 0.46922642574816487 0.011294876966518758 0.015245623941276116
0 0.27329568374344493 0.4637210615471485 0.018959257765227916 0.02456239412761152
0 0.3291649858814038 0.46852060982495763 0.04033884630899556 0.01101072840203275
0 0.37938684953610324 0.4647092038396386 0.03428801936264623 0.019762845849802372
0 0.4400968132311416 0.46936758893280633 0.07987091569181122 0.013269339356295878
0 0.4987898346107301 0.4776962168266516 0.0318676885841065 0.039525691699604744
0 0.573013311819282 0.4632975719932242 0.058491327148043566 0.028232636928289104
0 0.6010488100040339 0.45736871823828346 0.00645421540943929 0.004517221908526256
0 0.6125453812020977 0.4710615471485037 0.007664380798709157 0.013269339356295878
0 0.7301331181928197 0.46936758893280633 0.17587736990722067 0.012140033879164314
0 0.8265429608713191 0.4645680406549972 0.011294876966518758 0.028514963297571992
0 0.8493344090359016 0.4761434217955957 0.0028237192416296895 0.003105590062111801
0 0.1565147236789028 0.510446075663467 0.04517950786607503 0.032185206098249576
0 0.22045179507866075 0.510446075663467 0.018959257765227916 0.03274985883681536
0 0.21520774505849133 0.5225861095426313 0.0052440500201694235 0.00846979107848673
0 0.2716821298910851 0.5146809712027103 0.08834207341670028 0.028232636928289104
0 0.3501411859620815 0.512987012987013 0.021782977006857603 0.028797289666854884
0 0.3628479225494151 0.5117165443252399 0.0028237192416296895 0.0036702428006775835
0 0.37575635336829366 0.5151044607566346 0.02379991932230738 0.023997741389045736
0 0.42940701895925776 0.5153867871259176 0.03751512706736587 0.02456239412761152
0 0.4977813634530052 0.5159514398644833 0.04679306171843485 0.026256352343308864
0 0.5346914078257362 0.5252682100508187 0.027833803953206938 0.046583850931677016
0 0.5742234772085518 0.5159514398644833 0.007664380798709157 0.022303783173348392
0 0.5863251311012505 0.5162337662337663 0.012505042355788625 0.016657255787690572
0 0.6139572408229125 0.5175042348955392 0.03791851553045583 0.018068887634105024
0 0.6286809197256958 0.5036702428006776 0.004437273093989512 0.002258610954263128
0 0.63695038321904 0.5136928289102202 0.008067769261799113 0.0251270468661773
0 0.7016942315449778 0.5146809712027103 0.04477611940298507 0.028232636928289104
0 0.7309398951189996 0.5145398080180689 0.011294876966518758 0.022868435911914172
0 0.7698668818071803 0.5138339920948617 0.01653892698668818 0.02710333145115754
0 0.7775312626058895 0.5139751552795031 0.0052440500201694235 0.015527950310559006
0 0.7868091972569584 0.5190570299265952 0.013311819281968536 0.014398644833427442
0 0.8055667607906414 0.5146809712027103 0.02501008471157725 0.019762845849802372
0 0.845300524405002 0.5125635234330886 0.040742234772085516 0.0251270468661773
0 0.16216216216216217 0.5670525127046866 0.05889471561113352 0.023433088650479956
0 0.22609923356192013 0.5639469226425748 0.010891488503428802 0.021174477696216828
0 0.24162968939088342 0.571005081874647 0.02016942315449778 0.006493506493506494
0 0.26220250100847114 0.5666290231507622 0.016942315449778138 0.01693958215697346
0 0.3140379185155305 0.5782044042913608 0.0060508269463493344 0.025409373235460192
0 0.3372327551432029 0.5745341614906833 0.041145623235175476 0.015810276679841896
0 0.3646631706333199 0.5666290231507622 0.011294876966518758 0.021456804065499716
0 0.37575635336829366 0.5694522868435912 0.00927793465106898 0.007340485601355167
0 0.3745461879790238 0.5550536420101637 0.002016942315449778 0.0016939582156973462
0 0.3989511899959661 0.5777809147374364 0.029043969342476807 0.03359683794466403
0 0.4709560306575232 0.5697346132128741 0.0391286809197257 0.012422360248447204
0 0.4991932230738201 0.5704404291360813 0.01573215006050827 0.014963297571993224
0 0.4945542557482856 0.5760869565217391 0.0024203307785397336 0.002540937323546019
0 0.5441710367083501 0.5660643704121965 0.01936264622831787 0.028797289666854884
0 0.6038725292456636 0.5684641445511011 0.04759983864461476 0.014398644833427442
0 0.645219846712384 0.5647939017504235 0.02864058087938685 0.026821005081874648
0 0.7123840258168617 0.562111801242236 0.022589753933037516 0.026538678712591756
0 0.7317466720451795 0.5683229813664596 0.014521984671238403 0.0220214568040655
0 0.8227107704719645 0.5758046301524562 0.10851149657119806 0.0409373235460192
0 0.1498588140379185 0.6199887069452287 0.04719645018152481 0.021456804065499716
0 0.19866881807180314 0.610248447204969 0.008471157724889069 0.007622811970638058
0 0.21742638160548608 0.6214003387916431 0.01936264622831787 0.012422360248447204
0 0.2809600645421541 0.6250705815923208 0.10044372730939895 0.039525691699604744
0 0.33985478015328763 0.6164596273291926 0.010891488503428802 0.022868435911914172
0 0.400363049616781 0.6198475437605873 0.03751512706736587 0.015527950310559006
0 0.41972569584509883 0.6084133258046301 0.0028237192416296895 0.0016939582156973462
0 0.43505445744251714 0.6158949745906268 0.019766034691407825 0.022303783173348392
0 0.44493747478822104 0.6096837944664032 0.003227107704719645 0.003105590062111801
0 0.491125453812021 0.6253529079616036 0.08430818878580072 0.03670242800677583
0 0.49616780960064544 0.6101072840203275 0.0024203307785397336 0.0016939582156973462
0 0.5584913271480436 0.6096837944664032 0.003630496167809601 0.0036702428006775835
0 0.5586930213795885 0.6225296442687747 0.003227107704719645 0.011857707509881422
0 0.5720048406615571 0.6256352343308865 0.015328761597418314 0.007340485601355167
0 0.6143606292860024 0.6184359119141728 0.02016942315449778 0.023997741389045736
0 0.63654699475595 0.622953133822699 0.028237192416296894 0.01101072840203275
0 0.6791044776119403 0.6278938452851497 0.04800322710770472 0.024844720496894408
0 0.7117789431222267 0.6225296442687747 0.027833803953206938 0.009034443817052512
0 0.7755143202904397 0.6160361377752682 0.07139975796692215 0.02258610954263128
0 0.8513513513513513 0.6157538114059853 0.050423557886244454 0.02710333145115754
0 0.13614360629286001 0.6661490683229814 0.011698265429608713 0.028514963297571992
0 0.16034691407825735 0.6671372106154715 0.0391286809197257 0.0220214568040655
0 0.1799112545381202 0.6610671936758893 0.008067769261799113 0.0036702428006775835
0 0.20270270270270271 0.6678430265386787 0.03993545784590561 0.022303783173348392
0 0.25534489713594194 0.6664313946922643 0.016942315449778138 0.025691699604743084
0 0.25131101250504234 0.6767363071710898 0.008874546187979023 0.006775832862789385
0 0.2964905203711174 0.6671372106154715 0.06292860024203308 0.02766798418972332
0 0.33965308592174265 0.6585262563523433 0.004033884630899556 0.013269339356295878
0 0.3828156514723679 0.6739130434782609 0.042759177087535294 0.020327498588368152
0 0.40500201694231547 0.6726425748164878 0.0016135538523598225 0.001411631846414455
0 0.40943929003630497 0.6554206662902315 0.003227107704719645 0.001976284584980237
0 0.4171036708350141 0.6719367588932806 0.017749092375958047 0.01129305477131564
0 0.4419120613150464 0.6702428006775832 0.019766034691407825 0.012987012987012988
0 0.4554255748285599 0.6605025409373235 0.004840661557079467 0.004234895539243365
0 0.4854780153287616 0.6677018633540373 0.058491327148043566 0.029926595143986448
0 0.5560709963695039 0.664455110107284 0.01573215006050827 0.025691699604743084
0 0.5655506252521177 0.6648785996612083 0.003227107704719645 0.009599096555618294
0 0.5776522791448164 0.6701016374929418 0.020976200080677694 0.01383399209486166
0 0.600040338846309 0.6645962732919255 0.018152480839048003 0.0220214568040655
0 0.653892698668818 0.6629023150762281 0.03711173860427592 0.02766798418972332
0 0.6849536103267446 0.6726425748164878 0.028237192416296894 0.03867871259175607
0 0.7081484469544171 0.6777244494635799 0.0028237192416296895 0.001411631846414455
0 0.7246873739411053 0.6562676453980801 0.00927793465106898 0.01101072840203275
