0 0.15832997176280758 0.26453980801806887 0.02702702702702703 0.015810276679841896
0 0.18071803146430013 0.2696216826651609 0.01936264622831787 0.019762845849802372
0 0.20108914885034287 0.2701863354037267 0.018152480839048003 0.012422360248447204
0 0.2617991125453812 0.26905702992659514 0.022589753933037516 0.014680971202710334
0 0.29608713190802743 0.2682100508187465 0.04033884630899556 0.018068887634105024
0 0.3190802743041549 0.2595990965556183 0.0024203307785397336 0.001976284584980237
0 0.3408632513110125 0.268068887634105 0.017749092375958047 0.001976284584980237
0 0.390883420734167 0.2682100508187465 0.03872529245663574 0.01693958215697346
0 0.4189189189189189 0.274703557312253 0.02218636546994756 0.01637492941840768
0 0.43707139975796694 0.27498588368153587 0.024606696248487294 0.018633540372670808
0 0.4528035498184752 0.27188029361942406 0.0028237192416296895 0.007905138339920948
0 0.4584509883017346 0.262987012987013 0.003630496167809601 0.005928853754940711
0 0.4671238402581686 0.2713156408808583 0.012101653892698669 0.006211180124223602
0 0.48124243646631704 0.2768210050818746 0.01855586930213796 0.020609824957651044
0 0.5401371520774506 0.26468097120271034 0.03307785397337636 0.01948051948051948
0 0.5677692617991126 0.2724449463579898 0.022993142396127472 0.006775832862789385
0 0.5931827349737797 0.2689158667419537 0.013311819281968536 0.017221908526256352
0 0.6131504638967326 0.26990400903444384 0.020976200080677694 0.010728402032749858
0 0.6613553852359823 0.26990400903444384 0.025413473174667203 0.01129305477131564
0 0.681726502622025 0.2724449463579898 0.015328761597418314 0.0220214568040655
0 0.7250907624041952 0.26877470355731226 0.021379588543767647 0.015810276679841896
0 0.7234772085518354 0.27060982495765107 0.011698265429608713 0.001976284584980237
0 0.7492940701895926 0.2704686617730096 0.02944735780556676 0.014680971202710334
0 0.7670431625655506 0.2728684359119142 0.0060508269463493344 0.006493506493506494
0 0.7736990722065349 0.26595143986448333 0.003227107704719645 0.00564652738565782
0 0.7841871722468737 0.2758328627893845 0.012101653892698669 0.00564652738565782
0 0.8063735377168213 0.2704686617730096 0.02016942315449778 0.01355166572557877
0 0.8321903993545785 0.27540937323546016 0.03065752319483663 0.006493506493506494
0 0.8517547398144413 0.2813382269904009 0.01653892698668818 0.014963297571993224
0 0.8755546591367487 0.2723037831733484 0.020572811617587738 0.011575381140598532
0 0.8943122226704316 0.27964426877470355 0.00645421540943929 0.009316770186335404
0 0.15046389673255345 0.3211462450592885 0.021782977006857603 0.011575381140598532
0 0.17164179104477612 0.3246753246753247 0.022993142396127472 0.014680971202710334
0 0.20673658733360226 0.3198757763975155 0.0463896732553449 0.011857707509881422
0 0.2353771682129891 0.3219932241671372 0.0028237192416296895 0.007622811970638058
0 0.23880597014925373 0.3138057594579334 0.004033884630899556 0.005928853754940711
0 0.25131101250504234 0.3210050818746471 0.016135538523598225 0.006211180124223602
0 0.2658329971762808 0.3256634669678148 0.01855586930213796 0.017221908526256352
0 0.3225090762404195 0.3201581027667984 0.024606696248487294 0.01129305477131564
0 0.36809197256958454 0.3204404291360813 0.01734570391286809 0.023715415019762844
0 0.4082291246470351 0.32128740824393 0.05889471561113352 0.011857707509881422
0 0.5032271077047197 0.31931112365894976 0.07946752722872126 0.018068887634105024
0 0.4953610326744655 0.320016939582157 0.016942315449778138 0.004799548277809147
0 0.5564743848325938 0.3222755505364201 0.020572811617587738 0.008752117447769622
0 0.5713997579669221 0.32284020327498586 0.0028237192416296895 0.006493506493506494
0 0.5762404195240016 0.31408808582721626 0.0028237192416296895 0.004799548277809147
0 0.5883420734167003 0.32058159232072275 0.01653892698668818 0.009881422924901186
0 0.6111335215812828 0.31945228684359117 0.021782977006857603 0.008752117447769622
0 0.6306978620411456 0.31437041219649914 0.0052440500201694235 0.012704686617730096
0 0.6758773699072207 0.32185206098249575 0.018959257765227916 0.011857707509881422
0 0.6942315449778136 0.3221343873517787 0.016135538523598225 0.009599096555618294
0 0.7077450584913272 0.32029926595143987 0.01008471157724889 0.014398644833427442
0 0.7160145219846712 0.31959345002823264 0.007260992335619202 0.01355166572557877
0 0.7303348124243647 0.322557876905703 0.020572811617587738 0.011575381140598532
0 0.7440500201694231 0.3306041784302654 0.022993142396127472 0.01693958215697346
0 0.7648245260185559 0.3241106719367589 0.01855586930213796 0.01355166572557877
0 0.8130294473578056 0.32241671372106157 0.04719645018152481 0.014116318464144552
0 0.8388463089955627 0.31874647092038394 0.00927793465106898 0.012422360248447204
0 0.8618394513916902 0.3211462450592885 0.0326744655102864 0.009881422924901186
0 0.8866478418717225 0.32396950875211744 0.020976200080677694 0.011575381140598532
0 0.8989511899959661 0.3219932241671372 0.0052440500201694235 0.007058159232072276
0 0.9033884630899556 0.3135234330886505 0.0028237192416296895 0.0036702428006775835
0 0.917910447761194 0.3245341614906832 0.02702702702702703 0.01101072840203275
0 0.9400968132311416 0.32495765104460755 0.010891488503428802 0.010728402032749858
0 0.9600645421540944 0.3306041784302654 0.003227107704719645 0.006211180124223602
0 0.15974183138362244 0.37027103331451156 0.03065752319483663 0.010446075663466968
0 0.17789431222267044 0.37238848108413325 0.005647438483259379 0.012987012987012988
0 0.18616377571601453 0.3610954263128176 0.0012101653892698668 0.002258610954263128
0 0.18757563533682936 0.358695652173913 0.003227107704719645 0.001411631846414455
0 0.1918112141992739 0.36645962732919257 0.008471157724889069 0.01637492941840768
0 0.191004437273094 0.3591191417278374 0.002016942315449778 0.001129305477131564
0 0.19987898346107302 0.3674477696216827 0.006857603872529245 0.017221908526256352
0 0.25958047599838646 0.37351778656126483 0.018152480839048003 0.006211180124223602
0 0.2539330375151271 0.36984754376058726 0.0012101653892698668 0.001129305477131564
0 0.2559499798305768 0.3699887069452287 0.002016942315449778 0.0008469791078486731
0 0.28317870108914883 0.3715415019762846 0.02016942315449778 0.010728402032749858
0 0.30032271077047196 0.36900056465273856 0.011698265429608713 0.015810276679841896
0 0.36506655909640984 0.371682665160926 0.016942315449778138 0.01383399209486166
0 0.39552238805970147 0.37210615471485037 0.043162565550625254 0.010163749294184076
0 0.42698668818071805 0.37775268210050816 0.025413473174667203 0.015245623941276116
0 0.472569584509883 0.3750705815923207 0.02218636546994756 0.00818746470920384
0 0.48749495764421136 0.3784584980237154 0.0060508269463493344 0.001976284584980237
0 0.49495764421137556 0.3746470920383964 0.010488100040338847 0.010728402032749858
0 0.5490116982654296 0.3739412761151892 0.020976200080677694 0.012704686617730096
0 0.5691811214199274 0.3715415019762846 0.01855586930213796 0.01355166572557877
0 0.5855183541750706 0.3760587238848108 0.01008471157724889 0.006775832862789385
0 0.6143606292860024 0.37634105025409376 0.04679306171843485 0.014116318464144552
0 0.6419927390076644 0.38071710897797856 0.0060508269463493344 0.004799548277809147
0 0.6496571198063735 0.37888198757763975 0.00927793465106898 0.009599096555618294
0 0.6657926583299718 0.37422360248447206 0.01573215006050827 0.016092603049124788
0 0.7285195643404598 0.37676453980801805 0.03711173860427592 0.021174477696216828
0 0.7751109318273497 0.37027103331451156 0.01653892698668818 0.013269339356295878
0 0.7924566357402179 0.371682665160926 0.01653892698668818 0.01383399209486166
0 0.8152480839048003 0.3730942970073405 0.016135538523598225 0.012704686617730096
0 0.15933844292053248 0.4202428006775833 0.04437273093989512 0.015527950310559006
0 0.1811214199273901 0.4126199887069452 0.005647438483259379 0.0036702428006775835
0 0.20814844695441712 0.41953698475437606 0.04195240016135539 0.014680971202710334
0 0.23699072206534894 0.4171372106154715 0.019766034691407825 0.018351214003387916
0 0.24384832593787817 0.4072557876905703 0.003630496167809601 0.003105590062111801
0 0.2571601452198467 0.41883116883116883 0.01573215006050827 0.023997741389045736
0 0.2680516337232755 0.4205251270468662 0.0028237192416296895 0.008752117447769622
0 0.27148043565954016 0.4109260304912479 0.003227107704719645 0.004234895539243365
0 0.28418717224687373 0.4201016374929418 0.018959257765227916 0.009599096555618294
0 0.3580072609923356 0.4209486166007905 0.03670835014118596 0.01355166572557877
0 0.38664784187172246 0.4233483907396951 0.020572811617587738 0.012140033879164314
0 0.41770875352964904 0.41981931112365894 0.056070996369503835 0.018633540372670808
0 0.4509883017345704 0.4201016374929418 0.015328761597418314 0.019762845849802372
0 0.46026623638563935 0.4160079051383399 0.004033884630899556 0.006493506493506494
0 0.4780153287615974 0.42603049124788256 0.03065752319483663 0.00846979107848673
0 0.47135941912061313 0.4227837380011293 0.007664380798709157 0.00818746470920384
0 0.5189592577652279 0.4268774703557312 0.007664380798709157 0.0016939582156973462
0 0.5891488503428802 0.4209486166007905 0.04477611940298507 0.015245623941276116
0 0.6210165389269867 0.41953698475437606 0.01008471157724889 0.015245623941276116
0 0.6605486083098023 0.4277244494635799 0.01734570391286809 0.01355166572557877
0 0.6784993949173054 0.42603049124788256 0.016135538523598225 0.021456804065499716
0 0.68152480839048 0.4225014116318464 0.002016942315449778 0.001976284584980237
0 0.7218636546994756 0.4243365330321852 0.03428801936264623 0.018068887634105024
0 0.7492940701895926 0.4256070016939582 0.019766034691407825 0.014398644833427442
0 0.8283582089552238 0.4212309429700734 0.05203711173860428 0.01693958215697346
0 0.8598225090762405 0.4140316205533597 0.003630496167809601 0.004234895539243365
0 0.8886647841871722 0.4209486166007905 0.06131504638967326 0.01637492941840768
0 0.16982654296087132 0.48009599096555616 0.06938281565147236 0.02456239412761152
0 0.21682129891085114 0.47459062676453984 0.01573215006050827 0.005081874647092038
0 0.23053650665590963 0.480660643704122 0.022993142396127472 0.0189158667419537
0 0.32956837434449376 0.47910784867306605 0.08471157724889068 0.0220214568040655
0 0.38422751109318276 0.46908526256352345 0.004437273093989512 0.016092603049124788
0 0.3947156111335216 0.47247317899491814 0.019766034691407825 0.01101072840203275
0 0.4584509883017346 0.47473178994918125 0.02379991932230738 0.015527950310559006
0 0.47438483259378783 0.48221343873517786 0.022589753933037516 0.01693958215697346
0 0.5074626865671642 0.4748729531338227 0.04356595401371521 0.014680971202710334
0 0.5758370310609117 0.47473178994918125 0.02379991932230738 0.014398644833427442
0 0.5949979830576846 0.47586109542631283 0.021782977006857603 0.016092603049124788
0 0.6151674062121824 0.4754376058723885 0.010488100040338847 0.002258610954263128
0 0.6432029043969343 0.4743083003952569 0.018152480839048003 0.014680971202710334
0 0.6674062121823315 0.47134387351778656 0.018152480839048003 0.012704686617730096
0 0.7037111738604276 0.4730378317334839 0.022993142396127472 0.012704686617730096
0 0.7474788221056877 0.47162619988706944 0.0653489310205728 0.021174477696216828
0 0.7835820895522388 0.47007340485601357 0.0028237192416296895 0.00564652738565782
0 0.7926583299717628 0.47783738001129306 0.012101653892698669 0.004234895539243365
0 0.8120209762000806 0.48320158102766797 0.016942315449778138 0.014398644833427442
0 0.15389269866881808 0.519621682665161 0.033481242436466316 0.014398644833427442
0 0.18414683340056473 0.521880293619424 0.0326744655102864 0.009316770186335404
0 0.20956030657523195 0.5179277244494636 0.01573215006050827 0.014963297571993224
0 0.26522791448164584 0.5258328627893846 0.0052440500201694235 0.007622811970638058
0 0.2688584106494554 0.5187747035573123 0.004437273093989512 0.004799548277809147
0 0.28499394917305365 0.5249858836815359 0.014118596208148447 0.00818746470920384
0 0.3344090359015732 0.5206098249576511 0.02501008471157725 0.01693958215697346
0 0.35215812827753123 0.5215979672501412 0.020976200080677694 0.01383399209486166
0 0.3810004033884631 0.5220214568040655 0.038321903993545785 0.017504234895539244
0 0.4499798305768455 0.5251270468661773 0.025413473174667203 0.01355166572557877
0 0.48749495764421136 0.5249858836815359 0.03993545784590561 0.01383399209486166
0 0.5377168212989109 0.5252682100508187 0.06776926179911255 0.012704686617730096
0 0.5889471561113352 0.5275268210050819 0.01371520774505849 0.021174477696216828
0 0.6349334409035902 0.5248447204968945 0.021782977006857603 0.014116318464144552
0 0.6581282775312626 0.5247035573122529 0.018959257765227916 0.014963297571993224
0 0.6897942718838241 0.5314793901750423 0.023396530859217425 0.017221908526256352
0 0.7232755143202905 0.528514963297572 0.03630496167809601 0.010728402032749858
0 0.7702702702702703 0.5283738001129306 0.01653892698668818 0.009881422924901186
0 0.8093989511899959 0.5268210050818747 0.050423557886244454 0.01129305477131564
0 0.8448971359419121 0.5249858836815359 0.014118596208148447 0.013269339356295878
0 0.8691004437273094 0.5269621682665161 0.007664380798709157 0.029079616036137776
0 0.16962484872932634 0.5739695087521175 0.07059298104074223 0.015245623941276116
0 0.2101653892698669 0.5690287972896668 0.009681323114158934 0.012140033879164314
0 0.27309398951189995 0.5743929983060417 0.004033884630899556 0.009881422924901186
0 0.27773295683743443 0.5664878599661208 0.0052440500201694235 0.008752117447769622
0 0.290843081887858 0.5758046301524562 0.016942315449778138 0.00818746470920384
0 0.31585316659943524 0.5702992659514399 0.02581686163775716 0.01637492941840768
0 0.39653085921742637 0.5773574251835122 0.06212182331585317 0.014116318464144552
0 0.427390076643808 0.5746753246753247 0.002016942315449778 0.002540937323546019
0 0.4388866478418717 0.5734048560135516 0.016942315449778138 0.01355166572557877
0 0.45340863251311014 0.5755223037831734 0.005647438483259379 0.009316770186335404
0 0.45966115369100446 0.5640880858272163 0.0028237192416296895 0.002258610954263128
0 0.4618797902379992 0.5707227555053642 0.007260992335619202 0.015527950310559006
0 0.4681323114158935 0.5704404291360813 0.0052440500201694235 0.014398644833427442
0 0.4955627269060105 0.5742518351214003 0.056070996369503835 0.020327498588368152
0 0.581887858007261 0.5770750988142292 0.035901573215006054 0.010163749294184076
0 0.6210165389269867 0.5752399774138904 0.043969342476805166 0.013269339356295878
0 0.6623638563937071 0.5772162619988707 0.003227107704719645 0.001976284584980237
0 0.7144009681323115 0.5734048560135516 0.04437273093989512 0.020892151326933936
0 0.7472771278741428 0.5765104460756635 0.01734570391286809 0.012422360248447204
0 0.7845905607099637 0.5834274421230943 0.028237192416296894 0.0189158667419537
0 0.818273497377975 0.5794748729531338 0.03670835014118596 0.01101072840203275
0 0.8604275917708754 0.5796160361377752 0.01290843081887858 0.002258610954263128
0 0.14239612747075434 0.6216826651609261 0.016942315449778138 0.012422360248447204
0 0.17386042759177087 0.6215415019762845 0.045986284792254944 0.012140033879164314
0 0.16438079870915692 0.6208356860530774 0.018152480839048003 0.006775832862789385
0 0.2117789431222267 0.6199887069452287 0.02743041549011698 0.018068887634105024
0 0.24505849132714805 0.6287408243929983 0.03751512706736587 0.020892151326933936
0 0.31887858007260994 0.6260587238848109 0.003630496167809601 0.006493506493506494
0 0.3225090762404195 0.6136363636363636 0.0060508269463493344 0.004234895539243365
0 0.3338039532069383 0.6264822134387352 0.01573215006050827 0.004517221908526256
0 0.34045986284792257 0.623235460191982 0.01290843081887858 0.009881422924901186
0 0.3797902379991932 0.6233766233766234 0.02379991932230738 0.011857707509881422
0 0.40500201694231547 0.6264822134387352 0.020976200080677694 0.006775832862789385
0 0.42496974586526826 0.6302936194240542 0.027833803953206938 0.014963297571993224
0 0.4507866075030254 0.6252117447769622 0.018959257765227916 0.009881422924901186
0 0.4774102460669625 0.629305477131564 0.02379991932230738 0.009599096555618294
0 0.5155304558289633 0.6253529079616036 0.05486083098023396 0.014680971202710334
0 0.5847115772488907 0.6245059288537549 0.027833803953206938 0.015245623941276116
0 0.6405808793868495 0.6301524562394127 0.011294876966518758 0.00564652738565782
0 0.6470350947962888 0.6277526821005082 0.01371520774505849 0.01101072840203275
0 0.6948366276724486 0.6247882552230378 0.06575231948366277 0.01693958215697346
0 0.7309398951189996 0.6223884810841332 0.008067769261799113 0.01383399209486166
0 0.7658329971762807 0.6223884810841332 0.011698265429608713 0.013269339356295878
0 0.7821702299314239 0.6250705815923208 0.016135538523598225 0.009599096555618294
0 0.8336022589753933 0.6269057029926595 0.04477611940298507 0.016657255787690572
0 0.14300121016538928 0.6773009599096556 0.021379588543767647 0.011857707509881422
0 0.18051633723275515 0.6744776962168266 0.052843888664784185 0.012987012987012988
0 0.20875352964905203 0.6717955957086392 0.01573215006050827 0.012140033879164314
0 0.3136345300524405 0.6785714285714286 0.09237595804759983 0.01948051948051948
0 0.3676885841064946 0.678994918125353 0.004437273093989512 0.00282326369282891
0 0.4223477208551835 0.6717955957086392 0.05244050020169423 0.016657255787690572
0 0.41085114965711983 0.6765951439864484 0.008471157724889069 0.014398644833427442
0 0.4626865671641791 0.6754658385093167 0.02016942315449778 0.014398644833427442
0 0.5469947559499798 0.6730660643704122 0.048406615570794675 0.019198193111236588
0 0.5350947962888262 0.6767363071710898 0.024606696248487294 0.010728402032749858
0 0.5939895118999596 0.676171654432524 0.035901573215006054 0.020327498588368152
0 0.63695038321904 0.6821005081874647 0.004840661557079467 0.00846979107848673
0 0.6752722872125857 0.6816770186335404 0.028237192416296894 0.015527950310559006
0 0.7162162162162162 0.67871259175607 0.052843888664784185 0.012422360248447204
0 0.7464703509479629 0.6797007340485601 0.004437273093989512 0.007622811970638058
0 0.7589753933037515 0.6753246753246753 0.019766034691407825 0.01637492941840768
0 0.7730939895119 0.6740542066629023 0.006857603872529245 0.014963297571993224
0 0.7837837837837838 0.6784302653867871 0.008067769261799113 0.0033879164313946925
0 0.7974989915288423 0.6822416713721061 0.008067769261799113 0.00818746470920384
0 0.14058087938684954 0.7262845849802372 0.018959257765227916 0.009316770186335404
0 0.16054860830980233 0.7310841332580463 0.02581686163775716 0.020045172219085264
0 0.1837434449374748 0.7260022586109542 0.02218636546994756 0.012704686617730096
0 0.20754336425978218 0.7262845849802372 0.02864058087938685 0.010446075663466968
0 0.2379991932230738 0.7233201581027668 0.02743041549011698 0.015810276679841896
0 0.25514320290439696 0.7206380575945793 0.003630496167809601 0.007058159232072276
0 0.26421944332392094 0.7267080745341615 0.01290843081887858 0.005081874647092038
0 0.2736990722065349 0.7315076228119707 0.022993142396127472 0.01637492941840768
0 0.3580072609923356 0.7268492377188029 0.09076240419524001 0.026256352343308864
0 0.4691407825736184 0.7267080745341615 0.0500201694231545 0.012422360248447204
0 0.5014118596208148 0.7324957651044608 0.022589753933037516 0.015527950310559006
0 0.5282371924162969 0.7299548277809147 0.0326744655102864 0.01101072840203275
0 0.554255748285599 0.7313664596273292 0.004033884630899556 0.00818746470920384
0 0.554860830980234 0.7230378317334839 0.0028237192416296895 0.0016939582156973462
0 0.5871319080274304 0.7292490118577075 0.05526421944332392 0.011857707509881422
0 0.6250504235578862 0.7276962168266516 0.01573215006050827 0.012140033879164314
0 0.664179104477612 0.7337662337662337 0.0052440500201694235 0.007340485601355167
0 0.7051230334812424 0.7267080745341615 0.05647438483259379 0.018068887634105024
0 0.7400161355385236 0.7262845849802372 0.007664380798709157 0.014398644833427442
0 0.7670431625655506 0.7271315640880859 0.043969342476805166 0.016657255787690572
0 0.8140379185155304 0.7269904009034444 0.004840661557079467 0.00282326369282891
0 0.8128277531262605 0.7324957651044608 0.0024203307785397336 0.001411631846414455
