0 0.1510689794271884 0.2766798418972332 0.06252521177894312 0.02710333145115754
0 0.21157724889068172 0.27442123094297005 0.018152480839048003 0.02258610954263128
0 0.21863654699475596 0.2619988706945229 0.004033884630899556 0.004517221908526256
0 0.22045179507866075 0.2662337662337662 0.003630496167809601 0.004517221908526256
0 0.23114158935054457 0.2745623941276115 0.017749092375958047 0.0251270468661773
0 0.2507059298104074 0.2779503105590062 0.010891488503428802 0.014398644833427442
0 0.2765227914481646 0.27216261998870694 0.043969342476805166 0.025409373235460192
0 0.3081887858007261 0.2779503105590062 0.014521984671238403 0.012140033879164314
0 0.326946349334409 0.28740824392998304 0.004437273093989512 0.01129305477131564
0 0.3565954013715208 0.2728684359119142 0.016942315449778138 0.021739130434782608
0 0.36708350141185964 0.29474872953133824 0.004033884630899556 0.0033879164313946925
0 0.37333602258975396 0.2824675324675325 0.01573215006050827 0.020045172219085264
0 0.41528842275110933 0.2732919254658385 0.02864058087938685 0.025409373235460192
0 0.4336425978217023 0.2845849802371542 0.003227107704719645 0.0033879164313946925
0 0.46046793061718433 0.2720214568040655 0.024606696248487294 0.029079616036137776
0 0.4772085518354175 0.2811970638057595 0.004840661557079467 0.003952569169960474
0 0.5068576038725292 0.27117447769621683 0.020572811617587738 0.028514963297571992
0 0.5250100847115773 0.2779503105590062 0.014118596208148447 0.012140033879164314
0 0.5379185155304558 0.2751270468661773 0.010891488503428802 0.015527950310559006
0 0.5471964501815249 0.2707509881422925 0.013311819281968536 0.023150762281197064
0 0.5431625655506253 0.26990400903444384 0.0012101653892698668 0.0016939582156973462
0 0.5546591367486889 0.2756916996047431 0.01371520774505849 0.012140033879164314
0 0.5695845098830173 0.27555053642010163 0.016135538523598225 0.01129305477131564
0 0.6109318273497378 0.27639751552795033 0.020572811617587738 0.015810276679841896
0 0.6282775312626059 0.2769621682665161 0.01734570391286809 0.011857707509881422
0 0.6528842275110932 0.268068887634105 0.02944735780556676 0.031338226990400904
0 0.6478418717224688 0.26990400903444384 0.003227107704719645 0.001129305477131564
0 0.6502622025010085 0.27103331451157536 0.0016135538523598225 0.002258610954263128
0 0.664179104477612 0.2532467532467532 0.0012101653892698668 0.001129305477131564
0 0.709156918112142 0.2725861095426313 0.033884630899556276 0.023433088650479956
0 0.7154094392900363 0.26016374929418407 0.0012101653892698668 0.0008469791078486731
0 0.7414279951593384 0.2751270468661773 0.029850746268656716 0.014398644833427442
0 0.763210972166196 0.268068887634105 0.015328761597418314 0.026256352343308864
0 0.7761194029850746 0.27442123094297005 0.014521984671238403 0.01355166572557877
0 0.7902379991932231 0.2748447204968944 0.015328761597418314 0.01101072840203275
0 0.8210972166196047 0.2682100508187465 0.019766034691407825 0.02766798418972332
0 0.8305768455022187 0.277244494635799 0.016942315449778138 0.01129305477131564
0 0.8313836224283986 0.2724449463579898 0.0016135538523598225 0.001129305477131564
0 0.8430818878580073 0.27060982495765107 0.009681323114158934 0.020609824957651044
0 0.8499394917305365 0.26976284584980237 0.008067769261799113 0.020045172219085264
0 0.8751512706736587 0.2745623941276115 0.043969342476805166 0.01101072840203275
0 0.900161355385236 0.2855731225296443 0.0060508269463493344 0.008752117447769622
0 0.9033884630899556 0.27992659514398643 0.002016942315449778 0.001976284584980237
0 0.13493344090359016 0.31182947487295315 0.003630496167809601 0.006493506493506494
0 0.14199273900766438 0.32735742518351213 0.017749092375958047 0.016092603049124788
0 0.2055264219443324 0.3235460191981931 0.021379588543767647 0.024280067758328628
0 0.2263009277934651 0.3290513833992095 0.012101653892698669 0.010446075663466968
0 0.236385639370714 0.33794466403162055 0.024203307785397338 0.030491247882552232
0 0.2603872529245664 0.3287690570299266 0.019766034691407825 0.014398644833427442
0 0.2892295280354982 0.3300395256916996 0.03630496167809601 0.028797289666854884
0 0.27753126260588945 0.31408808582721626 0.0024203307785397336 0.002540937323546019
0 0.28600242033077855 0.34655561829474874 0.004840661557079467 0.0036702428006775835
0 0.3414683340056474 0.3298983625070582 0.01573215006050827 0.014963297571993224
0 0.3937071399757967 0.3287690570299266 0.021782977006857603 0.017221908526256352
0 0.4058087938684954 0.3232636928289102 0.0016135538523598225 0.002258610954263128
0 0.41488503428801937 0.32891022021456806 0.019766034691407825 0.015245623941276116
0 0.4267849939491731 0.3286278938452851 0.0016135538523598225 0.001129305477131564
0 0.4354578459056071 0.3222755505364201 0.01573215006050827 0.022868435911914172
0 0.4302137958854377 0.33130999435347264 0.0052440500201694235 0.0036702428006775835
0 0.43787817668414686 0.3102766798418972 0.0012101653892698668 0.0016939582156973462
0 0.4505849132714804 0.32707509881422925 0.004033884630899556 0.011575381140598532
0 0.45240016135538524 0.31098249576510445 0.003630496167809601 0.007622811970638058
0 0.4608713190802743 0.3287690570299266 0.01008471157724889 0.011575381140598532
0 0.4757966922146027 0.32891022021456806 0.02218636546994756 0.014680971202710334
0 0.5217829770068576 0.32608695652173914 0.014118596208148447 0.01129305477131564
0 0.5369100443727309 0.3269339356295878 0.015328761597418314 0.01355166572557877
0 0.5960064542154094 0.32156973461321287 0.04477611940298507 0.026538678712591756
0 0.6579265832997176 0.3337097684923772 0.016942315449778138 0.026538678712591756
0 0.691004437273094 0.320016939582157 0.04759983864461476 0.026256352343308864
0 0.7111738604275918 0.3455674760022586 0.00645421540943929 0.00564652738565782
0 0.7196450181524808 0.3318746470920384 0.020976200080677694 0.02456239412761152
0 0.7595804759983864 0.3231225296442688 0.015328761597418314 0.012140033879164314
0 0.772892295280355 0.32368718238283456 0.016942315449778138 0.012704686617730096
0 0.7900363049616781 0.325098814229249 0.01653892698668818 0.013269339356295878
0 0.8057684550221864 0.32481648785996614 0.012505042355788625 0.010446075663466968
0 0.8200887454618798 0.32058159232072275 0.020976200080677694 0.022303783173348392
0 0.12888261395724082 0.3781761716544325 0.014118596208148447 0.014963297571993224
0 0.14864864864864866 0.37972896668548844 0.013311819281968536 0.015810276679841896
0 0.16478418717224688 0.379587803500847 0.012505042355788625 0.011575381140598532
0 0.1772892295280355 0.3802936194240542 0.013311819281968536 0.015810276679841896
0 0.1952400161355385 0.38085827216261997 0.017749092375958047 0.015810276679841896
0 0.2144009681323114 0.37987012987012986 0.01734570391286809 0.012704686617730096
0 0.23436869705526422 0.3791643139469226 0.016942315449778138 0.010728402032749858
0 0.2569584509883017 0.37634105025409376 0.022589753933037516 0.023715415019762844
0 0.27309398951189995 0.37874082439299833 0.004033884630899556 0.012140033879164314
0 0.2755143202904397 0.364059853190288 0.0024203307785397336 0.0036702428006775835
0 0.2765227914481646 0.3674477696216827 0.002016942315449778 0.002540937323546019
0 0.2843888664784187 0.37972896668548844 0.01371520774505849 0.010163749294184076
0 0.29608713190802743 0.3880575945793337 0.021782977006857603 0.029079616036137776
0 0.34288019362646227 0.3784584980237154 0.016135538523598225 0.014398644833427442
0 0.3610326744655103 0.3800112930547713 0.016942315449778138 0.012422360248447204
0 0.40298507462686567 0.37789384528514963 0.016135538523598225 0.018351214003387916
0 0.4265832997176281 0.38608130999435347 0.04719645018152481 0.029079616036137776
0 0.4497781363453005 0.3642010163749294 0.003227107704719645 0.003952569169960474
0 0.46793061718434853 0.3889045736871824 0.028237192416296894 0.031338226990400904
0 0.5116982654296087 0.3826933935629588 0.018959257765227916 0.025691699604743084
0 0.5302541347317467 0.37662337662337664 0.01573215006050827 0.012422360248447204
0 0.545986284792255 0.3761998870694523 0.01573215006050827 0.015527950310559006
0 0.5613150463896732 0.37295313382269907 0.013311819281968536 0.02258610954263128
0 0.5649455425574829 0.36038961038961037 0.002016942315449778 0.001976284584980237
0 0.5697862041145624 0.38735177865612647 0.011698265429608713 0.012987012987012988
0 0.6081081081081081 0.3771880293619424 0.024606696248487294 0.014680971202710334
0 0.6284792254941509 0.37140033879164314 0.01371520774505849 0.025691699604743084
0 0.6524808390480032 0.3780350084697911 0.026220250100847116 0.012422360248447204
0 0.6768858410649455 0.37662337662337664 0.023396530859217425 0.01129305477131564
0 0.7400161355385236 0.37111801242236025 0.04477611940298507 0.026256352343308864
0 0.7263009277934651 0.371682665160926 0.0052440500201694235 0.002540937323546019
0 0.772488906817265 0.3805759457933371 0.017749092375958047 0.020327498588368152
0 0.7688584106494554 0.37238848108413325 0.003227107704719645 0.002258610954263128
0 0.7880193626462283 0.3719649915302089 0.00927793465106898 0.020609824957651044
0 0.799919322307382 0.38170525127046867 0.020976200080677694 0.025974025974025976
0 0.7964905203711173 0.37549407114624506 0.004437273093989512 0.009599096555618294
0 0.12706736587333603 0.43195934500282324 0.016942315449778138 0.014680971202710334
0 0.14078257361839452 0.4373235460191982 0.022589753933037516 0.025974025974025976
0 0.16054860830980233 0.43153585544889894 0.015328761597418314 0.014963297571993224
0 0.18898749495764422 0.43054771315640883 0.02702702702702703 0.014116318464144552
0 0.21762807583703106 0.4264539808018069 0.02702702702702703 0.022303783173348392
0 0.2392093586123437 0.4318181818181818 0.010488100040338847 0.013269339356295878
0 0.2517144009681323 0.43351214003387917 0.003227107704719645 0.012140033879164314
0 0.254941508672852 0.4160079051383399 0.003227107704719645 0.005928853754940711
0 0.26966518757563535 0.4323828345567476 0.02218636546994756 0.014398644833427442
0 0.32432432432432434 0.4267363071710898 0.035498184751916094 0.026256352343308864
0 0.31565147236789026 0.4257481648785997 0.0052440500201694235 0.00282326369282891
0 0.3317870108914885 0.4117730095990966 0.004437273093989512 0.002540937323546019
0 0.35034288019362647 0.4301242236024845 0.014925373134328358 0.013269339356295878
0 0.3664784187172247 0.43054771315640883 0.014925373134328358 0.010728402032749858
0 0.3836224283985478 0.43167701863354035 0.01855586930213796 0.014680971202710334
0 0.41770875352964904 0.42391304347826086 0.035901573215006054 0.029644268774703556
0 0.43686970552642196 0.4278656126482213 0.016135538523598225 0.013269339356295878
0 0.454417103670835 0.4280067758328628 0.01734570391286809 0.01129305477131564
0 0.49717628075837034 0.42419536984754375 0.01008471157724889 0.021739130434782608
0 0.5106897942718839 0.4278656126482213 0.014521984671238403 0.014398644833427442
0 0.5246066962484873 0.42730095990965555 0.014925373134328358 0.011575381140598532
0 0.5486083098023397 0.4199604743083004 0.03469140782573618 0.028514963297571992
0 0.5534489713594192 0.4075381140598532 0.0024203307785397336 0.003105590062111801
0 0.6020572811617588 0.42419536984754375 0.01573215006050827 0.025691699604743084
0 0.6153691004437273 0.4292772444946358 0.0028237192416296895 0.01101072840203275
0 0.6163775716014522 0.41304347826086957 0.004033884630899556 0.00564652738565782
0 0.6218233158531666 0.4244776962168266 0.0028237192416296895 0.0036702428006775835
0 0.6315046389673256 0.429983060417843 0.02218636546994756 0.01129305477131564
0 0.6682129891085115 0.41883116883116883 0.014118596208148447 0.028514963297571992
0 0.68152480839048 0.42631281761716544 0.010891488503428802 0.009034443817052512
0 0.681726502622025 0.4212309429700734 0.004033884630899556 0.0016939582156973462
0 0.7125857200484066 0.42476002258610956 0.019766034691407825 0.012704686617730096
0 0.7287212585720049 0.42518351214003386 0.01734570391286809 0.014116318464144552
0 0.745260185558693 0.4267363071710898 0.012505042355788625 0.013269339356295878
0 0.7529245663574021 0.4292772444946358 0.0060508269463493344 0.0036702428006775835
0 0.7630092779346511 0.4256070016939582 0.010891488503428802 0.014963297571993224
0 0.772488906817265 0.4258893280632411 0.003227107704719645 0.011575381140598532
0 0.7771278741427995 0.4083850931677019 0.002016942315449778 0.003105590062111801
0 0.7926583299717628 0.42066629023150764 0.028237192416296894 0.032185206098249576
0 0.8033481242436467 0.4268774703557312 0.0060508269463493344 0.009034443817052512
0 0.8067769261799113 0.4160079051383399 0.004033884630899556 0.01101072840203275
0 0.8325937878176685 0.42715979672501414 0.04356595401371521 0.01355166572557877
0 0.1329164985881404 0.4810841332580463 0.0318676885841065 0.01693958215697346
0 0.1609519967728923 0.48122529644268774 0.02743041549011698 0.01383399209486166
0 0.16680112948769665 0.4767080745341615 0.0028237192416296895 0.001976284584980237
0 0.17769261799112546 0.4980237154150198 0.004437273093989512 0.00282326369282891
0 0.1843485276321097 0.48531902879728966 0.016942315449778138 0.021456804065499716
0 0.19967728922952804 0.4761434217955957 0.010488100040338847 0.026256352343308864
0 0.20532472771278742 0.47600225861095424 0.0016135538523598225 0.001129305477131564
0 0.21339249697458654 0.4754376058723885 0.012101653892698669 0.0220214568040655
0 0.22609923356192013 0.480660643704122 0.003630496167809601 0.011575381140598532
0 0.2265026220250101 0.4642857142857143 0.002016942315449778 0.0036702428006775835
0 0.2373941105284389 0.48122529644268774 0.013311819281968536 0.010446075663466968
0 0.2505042355788624 0.4966120835686053 0.01936264622831787 0.009034443817052512
0 0.25413473174667206 0.487012987012987 0.015328761597418314 0.025409373235460192
0 0.3192819685356999 0.4743083003952569 0.0326744655102864 0.025409373235460192
0 0.36405808793868494 0.4761434217955957 0.013311819281968536 0.022303783173348392
0 0.37131908027430416 0.48404856013551667 0.0012101653892698668 0.0008469791078486731
0 0.3828156514723679 0.4805194805194805 0.017749092375958047 0.01355166572557877
0 0.37898346107301334 0.46499153020892153 0.006857603872529245 0.00846979107848673
0 0.38221056877773296 0.4775550536420102 0.002016942315449778 0.0036702428006775835
0 0.4310205728116176 0.47882552230378317 0.01653892698668818 0.015245623941276116
0 0.45461879790237997 0.4785431959345003 0.029850746268656716 0.012422360248447204
0 0.48204921339249696 0.47162619988706944 0.024203307785397338 0.026821005081874648
0 0.49152884227511096 0.45948616600790515 0.0012101653892698668 0.001411631846414455
0 0.5403388463089955 0.4720496894409938 0.0391286809197257 0.033314511575381144
0 0.5724082291246471 0.4637210615471485 0.004033884630899556 0.004799548277809147
0 0.572609923356192 0.47910784867306605 0.0028237192416296895 0.011857707509881422
0 0.5919725695845098 0.4774138904573687 0.027833803953206938 0.012422360248447204
0 0.6066962484872933 0.4741671372106155 0.0016135538523598225 0.003105590062111801
0 0.6167809600645422 0.4813664596273292 0.017749092375958047 0.024280067758328628
0 0.6101250504235579 0.47219085262563526 0.0012101653892698668 0.0008469791078486731
0 0.6109318273497378 0.47134387351778656 0.0012101653892698668 0.0008469791078486731
0 0.6341266639774102 0.47882552230378317 0.004840661557079467 0.01129305477131564
0 0.6385639370713998 0.46202710333145114 0.004033884630899556 0.004799548277809147
0 0.6583299717628076 0.47783738001129306 0.03227107704719645 0.016092603049124788
0 0.6829366680112948 0.4719085262563523 0.01290843081887858 0.025691699604743084
0 0.700282371924163 0.47699040090344436 0.003227107704719645 0.008752117447769622
0 0.7025010084711577 0.46485036702428006 0.0052440500201694235 0.012140033879164314
0 0.7188382412263009 0.475296442687747 0.015328761597418314 0.012704686617730096
0 0.7390076643807987 0.4767080745341615 0.016942315449778138 0.012704686617730096
0 0.7609923356192013 0.4823546019198193 0.004437273093989512 0.004234895539243365
0 0.7803549818475192 0.4699322416713721 0.013311819281968536 0.027385657820440428
0 0.7902379991932231 0.46922642574816487 0.008067769261799113 0.024844720496894408
0 0.7968939088342073 0.47444946357989837 0.01573215006050827 0.011575381140598532
0 0.8126260588947156 0.4751552795031056 0.014118596208148447 0.011857707509881422
0 0.8410649455425575 0.47586109542631283 0.03711173860427592 0.012140033879164314
0 0.13231141589350545 0.5316205533596838 0.011294876966518758 0.012422360248447204
0 0.14965711980637353 0.5235742518351214 0.015328761597418314 0.023433088650479956
0 0.15832997176280758 0.5303500846979108 0.0012101653892698668 0.0008469791078486731
0 0.17305365066559097 0.5221626199887069 0.029043969342476807 0.03020892151326934
0 0.1809197256958451 0.5245623941276115 0.0052440500201694235 0.0016939582156973462
0 0.1936264622831787 0.5307735742518351 0.0024203307785397336 0.011857707509881422
0 0.19685356998789835 0.514257481648786 0.0024203307785397336 0.00818746470920384
0 0.21419927390076643 0.529785431959345 0.028237192416296894 0.013269339356295878
0 0.2646228317870109 0.5231507622811971 0.011294876966518758 0.024280067758328628
0 0.27410246066962485 0.5292207792207793 0.004437273093989512 0.01383399209486166
0 0.2753126260588947 0.5115753811405985 0.004437273093989512 0.00282326369282891
0 0.2845905607099637 0.5278091473743648 0.014925373134328358 0.014963297571993224
0 0.3217022993142396 0.5292207792207793 0.021379588543767647 0.015527950310559006
0 0.33985478015328763 0.5290796160361377 0.011698265429608713 0.01129305477131564
0 0.3527632109721662 0.528514963297572 0.013311819281968536 0.015245623941276116
0 0.35861234368697054 0.5231507622811971 0.0024203307785397336 0.0016939582156973462
0 0.3666801129487697 0.5254093732354602 0.004840661557079467 0.020892151326933936
0 0.38039532069382814 0.5296442687747036 0.014521984671238403 0.012987012987012988
0 0.3971359419120613 0.5292207792207793 0.01573215006050827 0.014963297571993224
0 0.41670028237192414 0.5228684359119141 0.009681323114158934 0.025409373235460192
0 0.47418313836224285 0.5217391304347826 0.04477611940298507 0.029361942405420668
0 0.46006454215409437 0.5214568040654998 0.0060508269463493344 0.002258610954263128
0 0.5060508269463493 0.5280914737436476 0.013311819281968536 0.012140033879164314
0 0.5167406212182332 0.5287972896668549 0.01290843081887858 0.010728402032749858
0 0.5338846308995563 0.5290796160361377 0.013311819281968536 0.014680971202710334
0 0.5508269463493344 0.5214568040654998 0.01573215006050827 0.024280067758328628
0 0.5667607906413876 0.5278091473743648 0.012101653892698669 0.013269339356295878
0 0.5808793868495361 0.5269621682665161 0.010488100040338847 0.010446075663466968
0 0.5899556272690601 0.5275268210050819 0.003630496167809601 0.012140033879164314
0 0.59116579265833 0.5163749294184077 0.0028237192416296895 0.0033879164313946925
0 0.5935861234368697 0.5208921513269339 0.0012101653892698668 0.00282326369282891
0 0.6026623638563937 0.5268210050818747 0.017749092375958047 0.01637492941840768
0 0.6196046793061718 0.5269621682665161 0.02016942315449778 0.014398644833427442
0 0.6220250100847116 0.5203274985883681 0.004033884630899556 0.0016939582156973462
0 0.6427995159338443 0.5210333145115754 0.025413473174667203 0.026821005081874648
0 0.6625655506252521 0.5269621682665161 0.012505042355788625 0.01383399209486166
0 0.6805163372327552 0.5295031055900621 0.016942315449778138 0.01101072840203275
0 0.6776926179911255 0.5227272727272727 0.0024203307785397336 0.001976284584980237
0 0.719039935457846 0.5231507622811971 0.014118596208148447 0.02766798418972332
0 0.7369907220653489 0.5347261434217956 0.020976200080677694 0.02710333145115754
0 0.7757160145219847 0.5255505364201016 0.020976200080677694 0.012704686617730096
0 0.8017345703912868 0.5268210050818747 0.030254134731746672 0.01637492941840768
0 0.8356192012908431 0.5265386787125917 0.03751512706736587 0.015245623941276116
0 0.8348124243646632 0.5289384528514963 0.0012101653892698668 0.0008469791078486731
0 0.12787414279951592 0.5827216261998871 0.010488100040338847 0.01129305477131564
0 0.14400968132311415 0.5772162619988707 0.02016942315449778 0.03020892151326934
0 0.1863654699475595 0.5838509316770186 0.003227107704719645 0.011857707509881422
0 0.18878580072609924 0.564935064935065 0.0016135538523598225 0.00282326369282891
0 0.20048406615570794 0.5828627893845285 0.01371520774505849 0.011575381140598532
0 0.21742638160548608 0.5798983625070582 0.022589753933037516 0.023715415019762844
0 0.23154497781363453 0.5846979107848673 0.003227107704719645 0.012987012987012988
0 0.23578055667607906 0.5676171654432524 0.002016942315449778 0.003105590062111801
0 0.24768051633723276 0.5824392998306042 0.017749092375958047 0.012422360248447204
0 0.25978217022993144 0.5841332580463016 0.004033884630899556 0.011857707509881422
0 0.26321097216619604 0.568746470920384 0.003630496167809601 0.002540937323546019
0 0.26603469140782576 0.5734048560135516 0.0012101653892698668 0.0033879164313946925
0 0.26643807987091567 0.5758046301524562 0.0012101653892698668 0.0008469791078486731
0 0.2811617587736991 0.5783455674760023 0.022589753933037516 0.0251270468661773
0 0.29850746268656714 0.5837097684923772 0.01290843081887858 0.014963297571993224
0 0.31484469544171034 0.5845567476002259 0.013311819281968536 0.01383399209486166
0 0.33400564743848327 0.5777809147374364 0.012101653892698669 0.026256352343308864
0 0.3711173860427592 0.5838509316770186 0.003227107704719645 0.010163749294184076
0 0.3717224687373941 0.5653585544889893 0.002016942315449778 0.003105590062111801
0 0.37152077450584914 0.5774985883681536 0.0016135538523598225 0.001411631846414455
0 0.38241226300927794 0.580180688876341 0.012101653892698669 0.009034443817052512
0 0.39673255344897135 0.5794748729531338 0.014118596208148447 0.01383399209486166
0 0.4189189189189189 0.5762281197063805 0.02379991932230738 0.0220214568040655
0 0.41508672851956435 0.5635234330886505 0.003227107704719645 0.00282326369282891
0 0.436668011294877 0.5806041784302653 0.014118596208148447 0.012704686617730096
0 0.4616780960064542 0.5797571993224168 0.02379991932230738 0.01383399209486166
0 0.48325937878176684 0.580180688876341 0.015328761597418314 0.015245623941276116
0 0.5161355385235982 0.5743929983060417 0.04881000403388463 0.025691699604743084
0 0.4963695038321904 0.5753811405985318 0.003630496167809601 0.0016939582156973462
0 0.5540540540540541 0.5718520609824957 0.013311819281968536 0.02456239412761152
0 0.6048810004033884 0.573828345567476 0.02379991932230738 0.02456239412761152
0 0.6139572408229125 0.5677583286278939 0.00645421540943929 0.012422360248447204
0 0.6311012505042356 0.5780632411067194 0.02379991932230738 0.011575381140598532
0 0.6524808390480032 0.5715697346132129 0.014118596208148447 0.023433088650479956
0 0.682129891085115 0.5767927724449463 0.04033884630899556 0.014116318464144552
0 0.7388059701492538 0.5769339356295878 0.014925373134328358 0.01383399209486166
0 0.7648245260185559 0.572557876905703 0.03630496167809601 0.0220214568040655
0 0.8065752319483662 0.5560417843026538 0.008471157724889069 0.007622811970638058
0 0.8168616377571601 0.5760869565217391 0.01855586930213796 0.023997741389045736
0 0.8384429205324728 0.5728402032749859 0.022993142396127472 0.011857707509881422
0 0.8495361032674466 0.5735460191981931 0.011294876966518758 0.011575381140598532
0 0.86304961678096 0.5734048560135516 0.011698265429608713 0.012987012987012988
0 0.8620411456232352 0.5690287972896668 0.0024203307785397336 0.001411631846414455
0 0.8828156514723678 0.5745341614906833 0.025413473174667203 0.010728402032749858
0 0.8737394110528439 0.5694522868435912 0.0016135538523598225 0.001129305477131564
0 0.9003630496167809 0.5697346132128741 0.007260992335619202 0.02258610954263128
0 0.9074223477208552 0.5640880858272163 0.008471157724889069 0.014680971202710334
0 0.9154901169826543 0.562111801242236 0.0060508269463493344 0.010163749294184076
0 0.12706736587333603 0.6325522303783173 0.0024203307785397336 0.014398644833427442
0 0.12827753126260588 0.6167419536984754 0.003227107704719645 0.009316770186335404
0 0.1300927793465107 0.6221061547148503 0.0012101653892698668 0.0008469791078486731
0 0.13916901976603469 0.6329757199322417 0.01371520774505849 0.00846979107848673
0 0.15469947559499797 0.6256352343308865 0.01573215006050827 0.025974025974025976
0 0.16982654296087132 0.6315640880858272 0.014521984671238403 0.014680971202710334
0 0.190802743041549 0.6328345567476003 0.028237192416296894 0.013269339356295878
0 0.209156918112142 0.6304347826086957 0.013311819281968536 0.015245623941276116
0 0.22751109318273496 0.623235460191982 0.012101653892698669 0.021174477696216828
0 0.24041952400161357 0.6318464144551101 0.014521984671238403 0.014116318464144552
0 0.2573618394513917 0.642292490118577 0.009681323114158934 0.011857707509881422
0 0.28862444534086323 0.6315640880858272 0.01653892698668818 0.014680971202710334
0 0.3150463896732553 0.6249294184076792 0.033884630899556276 0.026256352343308864
0 0.3688987494957644 0.6252117447769622 0.021379588543767647 0.02456239412761152
0 0.3741427995159338 0.6154714850367025 0.0028237192416296895 0.002258610954263128
0 0.3926986688180718 0.6309994353472614 0.024606696248487294 0.014116318464144552
0 0.42315449778136344 0.6242236024844721 0.003227107704719645 0.0033879164313946925
0 0.42960871319080274 0.6304347826086957 0.015328761597418314 0.015810276679841896
0 0.44876966518757566 0.6290231507622812 0.02702702702702703 0.015810276679841896
0 0.4691407825736184 0.63085827216262 0.016135538523598225 0.013269339356295878
0 0.46692214602662363 0.6271880293619424 0.0028237192416296895 0.001976284584980237
0 0.491327148043566 0.6242236024844721 0.014521984671238403 0.020892151326933936
0 0.5074626865671642 0.6246470920383964 0.023396530859217425 0.022303783173348392
0 0.5413473174667205 0.6304347826086957 0.004840661557079467 0.014680971202710334
0 0.5437676482452601 0.6139186900056465 0.004840661557079467 0.002540937323546019
0 0.5425574828559904 0.6184359119141728 0.0024203307785397336 0.0036702428006775835
0 0.5437676482452601 0.6338226990400904 0.0016135538523598225 0.001129305477131564
0 0.5508269463493344 0.6300112930547713 0.014925373134328358 0.013269339356295878
0 0.6012505042355789 0.6283173348390739 0.013311819281968536 0.012704686617730096
0 0.6139572408229125 0.6240824392998306 0.016942315449778138 0.029079616036137776
0 0.6258572004840661 0.6238001129305477 0.014118596208148447 0.025691699604743084
0 0.636345300524405 0.6288819875776398 0.014118596208148447 0.012140033879164314
0 0.6446147640177491 0.6284584980237155 0.0016135538523598225 0.0016939582156973462
0 0.6534893102057281 0.6309994353472614 0.016942315449778138 0.012422360248447204
0 0.6956434045986285 0.6208356860530774 0.03670835014118596 0.025974025974025976
0 0.7170229931423961 0.6277526821005082 0.014925373134328358 0.011575381140598532
0 0.7252924566357403 0.6216826651609261 0.008067769261799113 0.005081874647092038
0 0.7664380798709157 0.6219649915302089 0.02016942315449778 0.023715415019762844
0 0.7785397337636144 0.6283173348390739 0.014521984671238403 0.013269339356295878
0 0.7942718838241226 0.6233766233766234 0.012101653892698669 0.021456804065499716
0 0.7966922146026624 0.6112365894974591 0.0024203307785397336 0.0016939582156973462
0 0.8029447357805567 0.629305477131564 0.003630496167809601 0.009599096555618294
0 0.8035498184751916 0.6235177865612648 0.0016135538523598225 0.0008469791078486731
0 0.809600645421541 0.6130717108977979 0.003227107704719645 0.007058159232072276
0 0.81807180314643 0.63085827216262 0.015328761597418314 0.012704686617730096
0 0.8410649455425575 0.6287408243929983 0.014521984671238403 0.01355166572557877
0 0.8426784993949173 0.6335403726708074 0.0016135538523598225 0.001129305477131564
0 0.854780153287616 0.6290231507622812 0.016942315449778138 0.010163749294184076
0 0.8705123033481242 0.6212591756070017 0.01371520774505849 0.020609824957651044
0 0.8791851553045583 0.6260587238848109 0.002016942315449778 0.001411631846414455
0 0.8840258168616377 0.6221061547148503 0.010891488503428802 0.022303783173348392
0 0.8941105284388866 0.6271880293619424 0.00927793465106898 0.012704686617730096
0 0.9110528438886648 0.6280350084697911 0.014925373134328358 0.012140033879164314
0 0.13493344090359016 0.6760304912478825 0.033481242436466316 0.027950310559006212
0 0.12605889471561113 0.681253529079616 0.0012101653892698668 0.0016939582156973462
0 0.1472367890278338 0.6630434782608695 0.0024203307785397336 0.001411631846414455
0 0.1782977006857604 0.6782891022021457 0.011294876966518758 0.011575381140598532
0 0.19947559499798306 0.6733483907396951 0.024606696248487294 0.025974025974025976
0 0.21117386042759176 0.6804065499717674 0.006857603872529245 0.01129305477131564
0 0.22468737394110527 0.6801242236024845 0.011294876966518758 0.010163749294184076
0 0.23759580475998388 0.6813946922642575 0.017749092375958047 0.014398644833427442
0 0.254739814441307 0.6826651609260305 0.011698265429608713 0.011857707509881422
0 0.26966518757563535 0.6773009599096556 0.01653892698668818 0.023150762281197064
0 0.28378378378378377 0.6819593450028233 0.018152480839048003 0.01101072840203275
0 0.3043565954013715 0.6822416713721061 0.018959257765227916 0.00818746470920384
0 0.29850746268656714 0.6770186335403726 0.0016135538523598225 0.001129305477131564
0 0.3610326744655103 0.6758893280632411 0.04517950786607503 0.025974025974025976
0 0.37797498991528844 0.678994918125353 0.0016135538523598225 0.001129305477131564
0 0.3783783783783784 0.6770186335403726 0.0016135538523598225 0.002258610954263128
0 0.3939088342073417 0.6819593450028233 0.01573215006050827 0.012140033879164314
0 0.436466317063332 0.6818181818181818 0.011294876966518758 0.012422360248447204
0 0.44372730939895116 0.6764539808018069 0.0024203307785397336 0.0016939582156973462
0 0.45240016135538524 0.681253529079616 0.01573215006050827 0.012987012987012988
0 0.4701492537313433 0.6805477131564088 0.011698265429608713 0.009881422924901186
0 0.481444130697862 0.681253529079616 0.004437273093989512 0.01129305477131564
0 0.4836627672448568 0.668548842461886 0.003227107704719645 0.005081874647092038
0 0.48628479225494153 0.6780067758328628 0.0012101653892698668 0.001976284584980237
0 0.4947559499798306 0.6804065499717674 0.010891488503428802 0.014116318464144552
0 0.5082694634933441 0.6802653867871259 0.016135538523598225 0.012704686617730096
0 0.5280354981847519 0.6736307171089779 0.016135538523598225 0.024844720496894408
0 0.5433642597821702 0.678994918125353 0.012101653892698669 0.01129305477131564
0 0.5574828559903187 0.6770186335403726 0.009681323114158934 0.011857707509881422
0 0.5663574021782977 0.6784302653867871 0.015328761597418314 0.01129305477131564
0 0.5784590560709963 0.6832298136645962 0.004840661557079467 0.003952569169960474
0 0.6038725292456636 0.6709486166007905 0.023396530859217425 0.025691699604743084
0 0.5962081484469545 0.6686900056465274 0.005647438483259379 0.005928853754940711
0 0.6189995966115369 0.672077922077922 0.008471157724889069 0.027385657820440428
0 0.6218233158531666 0.6775832862789385 0.0012101653892698668 0.001129305477131564
0 0.6258572004840661 0.6770186335403726 0.0060508269463493344 0.009034443817052512
0 0.6421944332392093 0.6750423489553924 0.020976200080677694 0.01637492941840768
0 0.6375554659136748 0.659373235460192 0.002016942315449778 0.003105590062111801
0 0.6379588543767648 0.6637492941840768 0.0028237192416296895 0.004517221908526256
0 0.6706333198870512 0.6794184076792772 0.003630496167809601 0.009316770186335404
0 0.672246873739411 0.6612083568605308 0.0028237192416296895 0.003952569169960474
0 0.672448567970956 0.6743365330321852 0.0016135538523598225 0.002540937323546019
0 0.6742638160548609 0.6662902315076228 0.003630496167809601 0.006775832862789385
0 0.6813231141589351 0.6768774703557312 0.010488100040338847 0.010446075663466968
0 0.7234772085518354 0.6754658385093167 0.019766034691407825 0.016657255787690572
0 0.7468737394110528 0.6706662902315076 0.024606696248487294 0.02456239412761152
0 0.7609923356192013 0.6781479390175043 0.014118596208148447 0.01355166572557877
0 0.7585720048406616 0.6715132693393563 0.0012101653892698668 0.001411631846414455
0 0.7609923356192013 0.6702428006775832 0.003630496167809601 0.0016939582156973462
0 0.7991125453812021 0.6717955957086392 0.012101653892698669 0.027385657820440428
0 0.8130294473578056 0.6701016374929418 0.014925373134328358 0.027385657820440428
0 0.8291649858814037 0.6768774703557312 0.019766034691407825 0.012140033879164314
0 0.8668818071803146 0.6713721061547149 0.029043969342476807 0.026538678712591756
0 0.8787817668414684 0.6558441558441559 0.0028237192416296895 0.00282326369282891
0 0.8862444534086326 0.6732072275550537 0.005647438483259379 0.017221908526256352
0 0.9102460669624849 0.6717955957086392 0.045582896329164985 0.03585544889892716
0 0.8898749495764421 0.6548560135516657 0.0024203307785397336 0.00818746470920384
0 0.918313836224284 0.6894409937888198 0.00927793465106898 0.010163749294184076
0 0.1254538120209762 0.7326369282891022 0.014521984671238403 0.014116318464144552
0 0.1399757966922146 0.7323546019198193 0.009681323114158934 0.007905138339920948
0 0.1373537716821299 0.7272727272727273 0.0012101653892698668 0.001129305477131564
0 0.18777732956837434 0.7285431959345002 0.030254134731746672 0.027950310559006212
0 0.18192819685356998 0.7262845849802372 0.0016135538523598225 0.0008469791078486731
0 0.2390076643807987 0.7293901750423489 0.012505042355788625 0.026821005081874648
0 0.2537313432835821 0.7330604178430266 0.015328761597418314 0.012704686617730096
0 0.2743041549011698 0.7330604178430266 0.028237192416296894 0.012140033879164314
0 0.3021379588543768 0.72656691134952 0.017749092375958047 0.025691699604743084
0 0.35599031867688585 0.7276962168266516 0.026220250100847116 0.0251270468661773
0 0.3620411456232352 0.7144268774703557 0.0028237192416296895 0.001976284584980237
0 0.37938684953610324 0.7333427442123094 0.019766034691407825 0.012704686617730096
0 0.42617991125453814 0.7339073969508753 0.02379991932230738 0.014963297571993224
0 0.418112141992739 0.7254376058723885 0.002016942315449778 0.0008469791078486731
0 0.4554255748285599 0.7316487859966121 0.028237192416296894 0.012704686617730096
0 0.47862041145623235 0.7274138904573687 0.018152480839048003 0.020609824957651044
0 0.48043565954013717 0.7156973461321288 0.003227107704719645 0.002258610954263128
0 0.5197660346914078 0.730378317334839 0.01734570391286809 0.014116318464144552
0 0.5373134328358209 0.7312252964426877 0.014521984671238403 0.01129305477131564
0 0.5350947962888262 0.7248729531338227 0.003630496167809601 0.001976284584980237
0 0.554860830980234 0.7313664596273292 0.010891488503428802 0.012140033879164314
0 0.5740217829770069 0.7313664596273292 0.024203307785397338 0.014398644833427442
0 0.5988301734570391 0.730378317334839 0.020572811617587738 0.01355166572557877
0 0.6085114965711981 0.7254376058723885 0.0028237192416296895 0.001976284584980237
0 0.6240419524001614 0.7251552795031055 0.02501008471157725 0.03020892151326934
0 0.6427995159338443 0.7292490118577075 0.01573215006050827 0.014116318464144552
0 0.6381605486083098 0.7116036137775268 0.0024203307785397336 0.001976284584980237
0 0.6579265832997176 0.7244494635798984 0.01290843081887858 0.02258610954263128
0 0.6690197660346914 0.7254376058723885 0.00927793465106898 0.021739130434782608
0 0.6704316256555063 0.7128740824392998 0.0024203307785397336 0.002258610954263128
0 0.682533279548205 0.7367306606437041 0.01936264622831787 0.0251270468661773
0 0.6768858410649455 0.7250141163184641 0.0016135538523598225 0.0016939582156973462
0 0.7343686970552642 0.7285431959345002 0.03428801936264623 0.015527950310559006
0 0.7585720048406616 0.728119706380576 0.02379991932230738 0.012422360248447204
0 0.781565147236789 0.7286843591191418 0.013311819281968536 0.015245623941276116
0 0.7968939088342073 0.7295313382269905 0.01734570391286809 0.01355166572557877
0 0.8168616377571601 0.7248729531338227 0.015328761597418314 0.023997741389045736
0 0.8329971762807584 0.7309429700734048 0.015328761597418314 0.014116318464144552
0 0.8495361032674466 0.7260022586109542 0.023396530859217425 0.022868435911914172
0 0.8834207341670028 0.7260022586109542 0.016135538523598225 0.026256352343308864
0 0.9011698265429609 0.7317899491812535 0.021782977006857603 0.01355166572557877
0 0.8947156111335216 0.724308300395257 0.0024203307785397336 0.0008469791078486731
0 0.9169019766034692 0.7326369282891022 0.004840661557079467 0.010728402032749858
0 0.9201290843081887 0.7188029361942405 0.004840661557079467 0.007905138339920948
0 0.9279951593384429 0.7285431959345002 0.019766034691407825 0.0251270468661773
0 0.1619604679306172 0.769339356295878 0.003630496167809601 0.002258610954263128
0 0.17204517950786608 0.7793619424054207 0.006857603872529245 0.022868435911914172
0 0.23699072206534894 0.7714568040654998 0.0028237192416296895 0.0036702428006775835
0 0.23941105284388867 0.7755505364201016 0.0012101653892698668 0.002258610954263128
0 0.23981444130697863 0.7790796160361377 0.0012101653892698668 0.0008469791078486731
0 0.2698668818071803 0.7838791643139469 0.010488100040338847 0.011575381140598532
0 0.2811617587736991 0.7845849802371542 0.014521984671238403 0.012987012987012988
0 0.40217829770068575 0.7776679841897233 0.009681323114158934 0.023997741389045736
0 0.39955627269060107 0.7659514398644833 0.0012101653892698668 0.001129305477131564
0 0.40681726502622023 0.7881140598531903 0.0028237192416296895 0.0036702428006775835
0 0.4199273900766438 0.7699040090344438 0.004033884630899556 0.007905138339920948
0 0.42214602662363854 0.7752682100508187 0.0012101653892698668 0.00282326369282891
0 0.4419120613150464 0.7680688876341051 0.002016942315449778 0.001976284584980237
0 0.49495764421137556 0.7783738001129306 0.7591770875352964 0.02766798418972332
0 0.49495764421137556 0.7783738001129306 0.7591770875352964 0.02766798418972332
0 0.5149253731343284 0.7841614906832298 0.007664380798709157 0.010446075663466968
0 0.5219846712384025 0.784867306606437 0.004840661557079467 0.00846979107848673
0 0.49495764421137556 0.7783738001129306 0.7591770875352964 0.02766798418972332
0 0.5397337636143607 0.7679277244494636 0.0016135538523598225 0.001129305477131564
0 0.49495764421137556 0.7783738001129306 0.7591770875352964 0.02766798418972332
0 0.5613150463896732 0.7875494071146245 0.0012101653892698668 0.001411631846414455
0 0.5627269060104881 0.7724449463579899 0.0024203307785397336 0.009034443817052512
0 0.5621218233158531 0.7857142857142857 0.0012101653892698668 0.001129305477131564
0 0.6141589350544574 0.7834556747600225 0.0012101653892698668 0.001129305477131564
0 0.49495764421137556 0.7783738001129306 0.7591770875352964 0.02766798418972332
0 0.8116175877369908 0.7792207792207793 0.003227107704719645 0.0016939582156973462
0 0.8140379185155304 0.7803500846979108 0.0016135538523598225 0.002258610954263128
0 0.49495764421137556 0.7783738001129306 0.7591770875352964 0.02766798418972332
0 0.8763614360629286 0.7679277244494636 0.0052440500201694235 0.00282326369282891
0 0.891690197660347 0.7799265951439864 0.014118596208148447 0.02456239412761152
0 0.8949173053650665 0.7669395821569734 0.002016942315449778 0.0008469791078486731
0 0.9039935457845906 0.7862789384528515 0.004840661557079467 0.01129305477131564
0 0.9074223477208552 0.7738565782044043 0.002016942315449778 0.006775832862789385
0 0.9130697862041146 0.7872670807453416 0.012505042355788625 0.009881422924901186
0 0.9233561920129084 0.7811970638057595 0.008067769261799113 0.0220214568040655
0 0.9265832997176281 0.7899491812535291 0.007260992335619202 0.004517221908526256
0 0.9384832593787817 0.7862789384528515 0.011698265429608713 0.011857707509881422
