0 0.16014521984671237 0.2100508187464709 0.03630496167809601 0.018068887634105024
0 0.1809197256958451 0.204686617730096 0.003630496167809601 0.00282326369282891
0 0.20270270270270271 0.2111801242236025 0.027833803953206938 0.019198193111236588
0 0.22690601048810005 0.21075663466967814 0.031060911657926585 0.014963297571993224
0 0.29407018959257764 0.21626199887069453 0.02016942315449778 0.006775832862789385
0 0.33501411859620817 0.21259175607001693 0.013311819281968536 0.015810276679841896
0 0.36264622831787013 0.21527385657820441 0.015328761597418314 0.007058159232072276
0 0.3785800726099234 0.2149915302089215 0.0060508269463493344 0.004234895539243365
0 0.39693424768051633 0.22289666854884246 0.024203307785397338 0.018351214003387916
0 0.41306978620411455 0.21527385657820441 0.016942315449778138 0.006493506493506494
0 0.46551028640580877 0.21047430830039526 0.03146430012101654 0.0189158667419537
0 0.4848729326341267 0.20835686053077357 0.011294876966518758 0.014680971202710334
0 0.5068576038725292 0.2155561829474873 0.012505042355788625 0.004234895539243365
0 0.5260185558693021 0.21513269339356295 0.014521984671238403 0.006775832862789385
0 0.5504235578862444 0.21075663466967814 0.027833803953206938 0.016092603049124788
0 0.6022589753933038 0.21583850931677018 0.01371520774505849 0.005364201016374929
0 0.6107301331181928 0.221485036702428 0.017749092375958047 0.018351214003387916
0 0.6389673255344898 0.21640316205533597 0.016135538523598225 0.007058159232072276
0 0.6609519967728923 0.21527385657820441 0.014118596208148447 0.004799548277809147
0 0.6799112545381202 0.20990965556182947 0.020572811617587738 0.016657255787690572
0 0.7018959257765228 0.21188594014680973 0.029043969342476807 0.015527950310559006
0 0.7533279548204921 0.21626199887069453 0.01653892698668818 0.006211180124223602
0 0.7795482049213392 0.2100508187464709 0.01653892698668818 0.015810276679841896
0 0.8210972166196047 0.2199322416713721 0.025413473174667203 0.01693958215697346
0 0.8237192416296893 0.21287408243929984 0.0016135538523598225 0.001129305477131564
0 0.8374344493747479 0.21597967250141162 0.01290843081887858 0.004517221908526256
0 0.8432835820895522 0.2075098814229249 0.003630496167809601 0.002258610954263128
0 0.8531665994352562 0.21668548842461885 0.0024203307785397336 0.0036702428006775835
0 0.8612343686970553 0.21160361377752682 0.012101653892698669 0.014398644833427442
0 0.8755546591367487 0.21583850931677018 0.011698265429608713 0.005364201016374929
0 0.16236385639370715 0.2611518915866742 0.024606696248487294 0.019198193111236588
0 0.1754739814441307 0.268068887634105 0.0016135538523598225 0.0008469791078486731
0 0.19927390076643808 0.2673630717108978 0.016135538523598225 0.007340485601355167
0 0.21944332392093585 0.26665725578769056 0.01855586930213796 0.008752117447769622
0 0.24586526825332797 0.26750423489553926 0.019766034691407825 0.007622811970638058
0 0.263412666397741 0.26228119706380576 0.020976200080677694 0.014680971202710334
0 0.27289229528035497 0.2593167701863354 0.003630496167809601 0.001976284584980237
0 0.28156514723678905 0.2683512140033879 0.0024203307785397336 0.004234895539243365
0 0.2954820492133925 0.2684923771880294 0.006857603872529245 0.00564652738565782
0 0.3017345703912868 0.2670807453416149 0.008874546187979023 0.004517221908526256
0 0.3293666801129488 0.2751270468661773 0.0318676885841065 0.018351214003387916
0 0.3882613957240823 0.262987012987013 0.026220250100847116 0.015527950310559006
0 0.4025816861637757 0.26877470355731226 0.0016135538523598225 0.001129305477131564
0 0.4213392496974587 0.26750423489553926 0.019766034691407825 0.004799548277809147
0 0.4461476401774909 0.26679841897233203 0.02501008471157725 0.006775832862789385
0 0.46692214602662363 0.2621400338791643 0.02379991932230738 0.012140033879164314
0 0.4977813634530052 0.26679841897233203 0.016135538523598225 0.007905138339920948
0 0.5155304558289633 0.2660926030491248 0.010488100040338847 0.006493506493506494
0 0.5346914078257362 0.2652456239412761 0.010891488503428802 0.007058159232072276
0 0.5504235578862444 0.2662337662337662 0.010891488503428802 0.007340485601355167
0 0.5988301734570391 0.2662337662337662 0.014925373134328358 0.009034443817052512
0 0.6159741831383623 0.26778656126482214 0.005647438483259379 0.004799548277809147
0 0.6192012908430818 0.2649632975719932 0.003227107704719645 0.0008469791078486731
0 0.6230334812424365 0.268068887634105 0.006857603872529245 0.002540937323546019
0 0.6315046389673256 0.2628458498023715 0.01734570391286809 0.014116318464144552
0 0.6432029043969343 0.26228119706380576 0.014118596208148447 0.011857707509881422
0 0.6581282775312626 0.2673630717108978 0.008471157724889069 0.006211180124223602
0 0.6768858410649455 0.26750423489553926 0.005647438483259379 0.005364201016374929
0 0.6811214199273901 0.262987012987013 0.012505042355788625 0.011575381140598532
0 0.7277127874142799 0.26312817617165446 0.03146430012101654 0.012422360248447204
0 0.7555465913674869 0.2660926030491248 0.008067769261799113 0.006493506493506494
0 0.7706736587333602 0.26679841897233203 0.011698265429608713 0.00564652738565782
0 0.7977006857603872 0.27216261998870694 0.018959257765227916 0.015245623941276116
0 0.15147236789027835 0.31437041219649914 0.050423557886244454 0.017221908526256352
0 0.1536910044372731 0.3147939017504235 0.007260992335619202 0.012422360248447204
0 0.19221460266236384 0.31832298136645965 0.012505042355788625 0.005364201016374929
0 0.20532472771278742 0.3170525127046866 0.008067769261799113 0.006775832862789385
0 0.2127874142799516 0.3170525127046866 0.0060508269463493344 0.006211180124223602
0 0.22831787010891488 0.31620553359683795 0.01371520774505849 0.00564652738565782
0 0.24425171440096813 0.31394692264257484 0.022993142396127472 0.014680971202710334
0 0.2690601048810004 0.3176171654432524 0.016942315449778138 0.004517221908526256
0 0.2920532472771279 0.3176171654432524 0.012101653892698669 0.006211180124223602
0 0.3043565954013715 0.3129587803500847 0.003630496167809601 0.002540937323546019
0 0.30778539733763616 0.32396950875211744 0.007260992335619202 0.009881422924901186
0 0.34187172246873737 0.31959345002823264 0.018959257765227916 0.007340485601355167
0 0.36385639370713996 0.3197346132128741 0.016135538523598225 0.007622811970638058
0 0.3844292053247277 0.31620553359683795 0.014521984671238403 0.014116318464144552
0 0.4417103670835014 0.31493506493506496 0.02581686163775716 0.012140033879164314
0 0.4481645824929407 0.30971202710333146 0.0024203307785397336 0.0016939582156973462
0 0.4590560709963695 0.3145115753811406 0.014521984671238403 0.011857707509881422
0 0.48063735377168215 0.3176171654432524 0.013311819281968536 0.00564652738565782
0 0.49858814037918514 0.3177583286278938 0.017749092375958047 0.0036702428006775835
0 0.5153287615974184 0.3132411067193676 0.014118596208148447 0.012704686617730096
0 0.5352964905203711 0.31733483907396953 0.016942315449778138 0.006775832862789385
0 0.5599031867688584 0.3142292490118577 0.03953206938281565 0.014116318464144552
0 0.6214199273900767 0.314652738565782 0.020572811617587738 0.014398644833427442
0 0.6446147640177491 0.31846414455110106 0.01371520774505849 0.005081874647092038
0 0.6579265832997176 0.31309994353472614 0.015328761597418314 0.014116318464144552
0 0.6752722872125857 0.31394692264257484 0.023396530859217425 0.014116318464144552
0 0.7022993142396128 0.3178994918125353 0.02501008471157725 0.007340485601355167
0 0.7212585720048407 0.3132411067193676 0.016135538523598225 0.014963297571993224
0 0.7438483259378782 0.3245341614906832 0.004840661557079467 0.009316770186335404
0 0.7714804356595402 0.31804065499717676 0.014925373134328358 0.007058159232072276
0 0.7942718838241226 0.3136645962732919 0.017749092375958047 0.015810276679841896
0 0.8035498184751916 0.3090062111801242 0.004033884630899556 0.001976284584980237
0 0.8130294473578056 0.320016939582157 0.003630496167809601 0.004799548277809147
0 0.8241226300927793 0.31225296442687744 0.016135538523598225 0.014116318464144552
0 0.8340056474384833 0.3135234330886505 0.014118596208148447 0.012704686617730096
0 0.15449778136345302 0.3654714850367024 0.02581686163775716 0.012140033879164314
0 0.1734570391286809 0.36151891586674195 0.01936264622831787 0.017786561264822136
0 0.18797902379991932 0.366600790513834 0.02016942315449778 0.00818746470920384
0 0.21359419120613152 0.36702428006775834 0.01653892698668818 0.006211180124223602
0 0.22932634126663978 0.36801242236024845 0.0052440500201694235 0.004799548277809147
0 0.25776522791448164 0.3694240542066629 0.02743041549011698 0.006493506493506494
0 0.2698668818071803 0.3613777526821005 0.0024203307785397336 0.002258610954263128
0 0.2747075433642598 0.3709768492377188 0.004840661557079467 0.003952569169960474
0 0.29043969342476805 0.370412196499153 0.005647438483259379 0.004517221908526256
0 0.2966922146026624 0.36900056465273856 0.01008471157724889 0.003952569169960474
0 0.3215006050826946 0.37704686617730093 0.02581686163775716 0.017221908526256352
0 0.3765631302944736 0.3681535855448899 0.021379588543767647 0.006775832862789385
0 0.4025816861637757 0.36829474872953133 0.02501008471157725 0.00818746470920384
0 0.418313836224284 0.3609542631281762 0.004033884630899556 0.003105590062111801
0 0.42759177087535294 0.3695652173913043 0.003227107704719645 0.003952569169960474
0 0.44251714400968134 0.3650479954827781 0.01290843081887858 0.012422360248447204
0 0.4923356192012908 0.3654714850367024 0.025413473174667203 0.016092603049124788
0 0.49838644614764016 0.3577075098814229 0.002016942315449778 0.001129305477131564
0 0.5102864058087939 0.36575381140598534 0.02501008471157725 0.01383399209486166
0 0.5352964905203711 0.36914172783738003 0.014521984671238403 0.005928853754940711
0 0.5867285195643405 0.3685770750988142 0.01734570391286809 0.008752117447769622
0 0.608914885034288 0.36801242236024845 0.011698265429608713 0.005364201016374929
0 0.6262605889471561 0.36801242236024845 0.0060508269463493344 0.004234895539243365
0 0.6302944735780557 0.3660361377752682 0.013311819281968536 0.006493506493506494
0 0.6456232351754739 0.3663184641445511 0.008471157724889069 0.006493506493506494
0 0.663574021782977 0.36702428006775834 0.012101653892698669 0.007340485601355167
0 0.6847519160951997 0.3687182382834557 0.014118596208148447 0.006775832862789385
0 0.6982654296087132 0.3681535855448899 0.005647438483259379 0.006211180124223602
0 0.7133924969745865 0.3687182382834557 0.010891488503428802 0.00564652738565782
0 0.7291246470350948 0.3740824392998306 0.0052440500201694235 0.00846979107848673
0 0.7678499394917305 0.367871259175607 0.01653892698668818 0.006211180124223602
0 0.7902379991932231 0.3685770750988142 0.014521984671238403 0.006493506493506494
0 0.808592174263816 0.36561264822134387 0.018959257765227916 0.01355166572557877
0 0.8354175070592981 0.3674477696216827 0.029043969342476807 0.012140033879164314
0 0.86385639370714 0.36984754376058726 0.013311819281968536 0.005081874647092038
0 0.8779749899152884 0.36900056465273856 0.004437273093989512 0.0033879164313946925
0 0.8878580072609923 0.36377752682100506 0.01371520774505849 0.011575381140598532
0 0.15429608713190804 0.41304347826086957 0.031060911657926585 0.015810276679841896
0 0.18777732956837434 0.41883116883116883 0.013311819281968536 0.005364201016374929
0 0.20129084308188785 0.41417278373800115 0.014521984671238403 0.014680971202710334
0 0.22509076240419523 0.4138904573687182 0.02016942315449778 0.017504234895539244
0 0.22509076240419523 0.41643139469226426 0.0016135538523598225 0.001129305477131564
0 0.2527228721258572 0.4202428006775833 0.012505042355788625 0.006493506493506494
0 0.2743041549011698 0.41981931112365894 0.015328761597418314 0.007340485601355167
0 0.33965308592174265 0.42066629023150764 0.014521984671238403 0.00846979107848673
0 0.3590157321500605 0.4202428006775833 0.009681323114158934 0.005364201016374929
0 0.37373941105284386 0.41445511010728403 0.011698265429608713 0.014116318464144552
0 0.4225494150867285 0.41516092603049126 0.02864058087938685 0.01383399209486166
0 0.45320693828156516 0.4191134952004517 0.014118596208148447 0.007058159232072276
0 0.46853569987898347 0.4184076792772445 0.00927793465106898 0.005081874647092038
0 0.4925373134328358 0.41869000564652736 0.01936264622831787 0.00564652738565782
0 0.5016135538523598 0.41854884246188595 0.0052440500201694235 0.003105590062111801
0 0.5072609923356192 0.41106719367588934 0.003630496167809601 0.002258610954263128
0 0.5163372327551432 0.4202428006775833 0.003227107704719645 0.0036702428006775835
0 0.527228721258572 0.4209486166007905 0.004840661557079467 0.004517221908526256
0 0.5320693828156515 0.4201016374929418 0.009681323114158934 0.004517221908526256
0 0.5566760790641387 0.4268774703557312 0.028237192416296894 0.017504234895539244
0 0.6032674465510286 0.4140316205533597 0.02702702702702703 0.015527950310559006
0 0.6282775312626059 0.4193958215697346 0.010891488503428802 0.005364201016374929
0 0.6530859217426381 0.4201016374929418 0.020976200080677694 0.00564652738565782
0 0.7033077853973376 0.41516092603049126 0.0326744655102864 0.014398644833427442
0 0.7519160951996773 0.41431394692264256 0.035498184751916094 0.018351214003387916
0 0.7835820895522388 0.41516092603049126 0.031060911657926585 0.014398644833427442
0 0.8059701492537313 0.4202428006775833 0.009681323114158934 0.007058159232072276
0 0.8388463089955627 0.4127611518915867 0.0052440500201694235 0.0016939582156973462
0 0.8475191609519968 0.4209486166007905 0.004840661557079467 0.00564652738565782
0 0.86304961678096 0.4150197628458498 0.014925373134328358 0.01637492941840768
0 0.8771682129891085 0.42603049124788256 0.0052440500201694235 0.006775832862789385
0 0.16417910447761194 0.46795595708639187 0.02581686163775716 0.008752117447769622
0 0.1863654699475595 0.4631564088085827 0.02016942315449778 0.017786561264822136
0 0.19786204114562322 0.46301524562394125 0.014118596208148447 0.01637492941840768
0 0.2670431625655506 0.4673913043478261 0.016135538523598225 0.007622811970638058
0 0.28418717224687373 0.467673630717109 0.013311819281968536 0.007058159232072276
0 0.299919322307382 0.46174477696216826 0.01653892698668818 0.017221908526256352
0 0.3150463896732553 0.46414455110107283 0.01936264622831787 0.01637492941840768
0 0.327349737797499 0.46174477696216826 0.0028237192416296895 0.002540937323546019
0 0.3323920935861234 0.46950875211744775 0.004033884630899556 0.003952569169960474
0 0.3479225494150867 0.470214568040655 0.014118596208148447 0.005928853754940711
0 0.37696651875756354 0.4779785431959345 0.031060911657926585 0.01693958215697346
0 0.4499798305768455 0.4688029361942405 0.01573215006050827 0.007622811970638058
0 0.47317466720451795 0.4741671372106155 0.020976200080677694 0.01383399209486166
0 0.49394917305365066 0.4696499153020892 0.014118596208148447 0.007622811970638058
0 0.5143202904396934 0.4655561829474873 0.023396530859217425 0.015810276679841896
0 0.536506655909641 0.4707792207792208 0.012101653892698669 0.004234895539243365
0 0.5506252521177895 0.4654150197628458 0.014521984671238403 0.01383399209486166
0 0.5609116579265833 0.46499153020892153 0.014118596208148447 0.012987012987012988
0 0.5762404195240016 0.4696499153020892 0.00927793465106898 0.007058159232072276
0 0.6214199273900767 0.466403162055336 0.014118596208148447 0.01355166572557877
0 0.6337232755143203 0.46259175607001696 0.0024203307785397336 0.001411631846414455
0 0.6405808793868495 0.4720496894409938 0.003227107704719645 0.003952569169960474
0 0.6565147236789027 0.4655561829474873 0.025413473174667203 0.012987012987012988
0 0.6787010891488503 0.4709203839638622 0.027833803953206938 0.006775832862789385
0 0.7515127067365873 0.47219085262563526 0.021782977006857603 0.007622811970638058
0 0.7835820895522388 0.4710615471485037 0.018152480839048003 0.007058159232072276
0 0.7944735780556677 0.4631564088085827 0.002016942315449778 0.001411631846414455
0 0.8031464300121016 0.4717673630717109 0.004033884630899556 0.004517221908526256
0 0.8120209762000806 0.46513269339356295 0.016135538523598225 0.016092603049124788
0 0.8235175473981444 0.46597967250141165 0.010891488503428802 0.011575381140598532
0 0.8436869705526422 0.47134387351778656 0.010891488503428802 0.004799548277809147
0 0.8495361032674466 0.46357989836250707 0.005647438483259379 0.003952569169960474
0 0.8563937071399758 0.47346132128740825 0.004033884630899556 0.0033879164313946925
0 0.872529245663574 0.47247317899491814 0.011294876966518758 0.007058159232072276
0 0.16841468334005646 0.5146809712027103 0.0318676885841065 0.023715415019762844
0 0.19967728922952804 0.5197628458498024 0.012101653892698669 0.00564652738565782
0 0.21319080274304156 0.5206098249576511 0.004437273093989512 0.005081874647092038
0 0.22307382008874546 0.519339356295878 0.022589753933037516 0.007058159232072276
0 0.3031464300121017 0.5153867871259176 0.02218636546994756 0.015527950310559006
0 0.3055667607906414 0.5159514398644833 0.014118596208148447 0.001976284584980237
0 0.3313836224283985 0.5213156408808582 0.013311819281968536 0.007058159232072276
0 0.3519564340459863 0.5203274985883681 0.010891488503428802 0.007340485601355167
0 0.3674868898749496 0.5152456239412762 0.010488100040338847 0.014116318464144552
0 0.4318273497377975 0.5162337662337663 0.020572811617587738 0.014398644833427442
0 0.45885437676482455 0.525974025974026 0.019766034691407825 0.012987012987012988
0 0.4772085518354175 0.5211744776962168 0.00645421540943929 0.006211180124223602
0 0.4828559903186769 0.5201863354037267 0.011294876966518758 0.005928853754940711
0 0.5040338846308996 0.5217391304347826 0.011698265429608713 0.007905138339920948
0 0.527632109721662 0.5206098249576511 0.01855586930213796 0.007340485601355167
0 0.5475998386446148 0.5241389045736872 0.0028237192416296895 0.001976284584980237
