0 0.14965711980637353 0.21626199887069453 0.003227107704719645 0.010728402032749858
0 0.15994352561516742 0.2165443252399774 0.00927793465106898 0.01129305477131564
0 0.2063331988705123 0.2220496894409938 0.018959257765227916 0.008752117447769622
0 0.22206534893102056 0.221485036702428 0.008471157724889069 0.005928853754940711
0 0.23699072206534894 0.22162619988706944 0.014118596208148447 0.00846979107848673
0 0.2505042355788624 0.21979107848673066 0.00645421540943929 0.01101072840203275
0 0.26220250100847114 0.21908526256352343 0.014521984671238403 0.01355166572557877
0 0.3021379588543768 0.2220496894409938 0.010488100040338847 0.005364201016374929
0 0.3130294473578056 0.22134387351778656 0.008874546187979023 0.00564652738565782
0 0.32956837434449376 0.2230378317334839 0.01936264622831787 0.006775832862789385
0 0.3783783783783784 0.22289666854884246 0.007260992335619202 0.006493506493506494
0 0.3929003630496168 0.22219085262563523 0.009681323114158934 0.006775832862789385
0 0.40641387656313027 0.22233201581027667 0.01008471157724889 0.00818746470920384
0 0.42597821702299316 0.2230378317334839 0.017749092375958047 0.005081874647092038
0 0.4854780153287616 0.21979107848673066 0.010891488503428802 0.011575381140598532
0 0.5012101653892699 0.21964991530208922 0.014925373134328358 0.009599096555618294
0 0.5185558693021379 0.221485036702428 0.01573215006050827 0.007058159232072276
0 0.5300524405002017 0.21964991530208922 0.009681323114158934 0.009599096555618294
0 0.5879386849536103 0.2204968944099379 0.022993142396127472 0.01637492941840768
0 0.6054860830980234 0.2248729531338227 0.003227107704719645 0.005928853754940711
0 0.6075030254134732 0.21823828345567475 0.004840661557079467 0.00282326369282891
0 0.6194029850746269 0.22388481084133258 0.01573215006050827 0.006775832862789385
0 0.6371520774505849 0.22092038396386224 0.01653892698668818 0.012704686617730096
0 0.6528842275110932 0.2245906267645398 0.003630496167809601 0.007058159232072276
0 0.6534893102057281 0.21597967250141162 0.003227107704719645 0.002258610954263128
0 0.6639774102460669 0.217673630717109 0.004033884630899556 0.005081874647092038
0 0.6684146833400565 0.22430830039525693 0.010488100040338847 0.008752117447769622
0 0.7158128277531263 0.22388481084133258 0.031060911657926585 0.007340485601355167
0 0.745260185558693 0.22388481084133258 0.02218636546994756 0.007905138339920948
0 0.7694634933440904 0.2245906267645398 0.013311819281968536 0.009316770186335404
0 0.8186768858410649 0.22501411631846416 0.02218636546994756 0.007340485601355167
0 0.8420734167002824 0.22473178994918125 0.01573215006050827 0.006775832862789385
0 0.8557886244453409 0.22501411631846416 0.00927793465106898 0.007905138339920948
0 0.8739411052843888 0.22134387351778656 0.01008471157724889 0.014116318464144552
0 0.1498588140379185 0.2694805194805195 0.014118596208148447 0.012704686617730096
0 0.16700282371924163 0.27188029361942406 0.011294876966518758 0.009599096555618294
0 0.21238402581686164 0.2715979672501412 0.013311819281968536 0.007905138339920948
0 0.22710770471964503 0.2715979672501412 0.012101653892698669 0.007340485601355167
0 0.23678902783380396 0.2676453980801807 0.005647438483259379 0.01355166572557877
0 0.25010084711577246 0.2683512140033879 0.01936264622831787 0.014963297571993224
0 0.2825736183945139 0.26990400903444384 0.035901573215006054 0.018068887634105024
0 0.3336022589753933 0.2715979672501412 0.010488100040338847 0.01355166572557877
0 0.34388866478418717 0.27399774138904576 0.00927793465106898 0.007058159232072276
0 0.381807180314643 0.27060982495765107 0.012505042355788625 0.012140033879164314
0 0.39753933037515127 0.2704686617730096 0.014118596208148447 0.010728402032749858
0 0.40943929003630497 0.274703557312253 0.003227107704719645 0.00564652738565782
0 0.4116579265832997 0.2696216826651609 0.004437273093989512 0.00282326369282891
0 0.4257765227914482 0.27428006775832864 0.008471157724889069 0.006493506493506494
0 0.4582492940701896 0.2728684359119142 0.005647438483259379 0.012140033879164314
0 0.4663170633319887 0.2701863354037267 0.003227107704719645 0.00282326369282891
0 0.46651875756353367 0.275974025974026 0.003630496167809601 0.005928853754940711
0 0.47660346914078255 0.27498588368153587 0.00927793465106898 0.007905138339920948
0 0.49173053650665594 0.27089215132693395 0.010488100040338847 0.014398644833427442
0 0.5038321903993546 0.2824675324675325 0.008067769261799113 0.009881422924901186
0 0.5590964098426785 0.27653867871259175 0.017749092375958047 0.03077357425183512
0 0.5695845098830173 0.2748447204968944 0.01290843081887858 0.007622811970638058
0 0.5887454618797903 0.27428006775832864 0.014118596208148447 0.005928853754940711
0 0.628075837031061 0.2720214568040655 0.016135538523598225 0.011575381140598532
0 0.6403791851553046 0.27555053642010163 0.003630496167809601 0.00564652738565782
0 0.6419927390076644 0.2673630717108978 0.0028237192416296895 0.00282326369282891
0 0.6526825332795482 0.2748447204968944 0.012101653892698669 0.00818746470920384
0 0.7059298104074223 0.27555053642010163 0.014521984671238403 0.007340485601355167
0 0.7214602662363856 0.27555053642010163 0.01008471157724889 0.00846979107848673
0 0.7418313836224284 0.27540937323546016 0.021782977006857603 0.008752117447769622
0 0.7936668011294877 0.27498588368153587 0.014925373134328358 0.02710333145115754
0 0.8045582896329165 0.27639751552795033 0.004437273093989512 0.006211180124223602
0 0.8083904800322711 0.26693958215697344 0.0024203307785397336 0.001976284584980237
0 0.8164582492940702 0.27188029361942406 0.00645421540943929 0.012987012987012988
0 0.8384429205324728 0.27555053642010163 0.030254134731746672 0.009034443817052512
0 0.1498588140379185 0.32241671372106157 0.02379991932230738 0.010163749294184076
0 0.17022993142396128 0.3232636928289102 0.016135538523598225 0.007340485601355167
0 0.18797902379991932 0.3307453416149068 0.01290843081887858 0.01948051948051948
0 0.2472771278741428 0.32284020327498586 0.021782977006857603 0.006493506493506494
0 0.26865671641791045 0.3211462450592885 0.010488100040338847 0.01101072840203275
0 0.282170229931424 0.32029926595143987 0.0052440500201694235 0.012704686617730096
0 0.2880193626462283 0.32086391869000563 0.004033884630899556 0.012140033879164314
0 0.3354175070592981 0.32029926595143987 0.018152480839048003 0.01101072840203275
0 0.3525615167406212 0.32185206098249575 0.012101653892698669 0.010728402032749858
0 0.4209358612343687 0.3221343873517787 0.014925373134328358 0.007905138339920948
0 0.47438483259378783 0.32086391869000563 0.004840661557079467 0.012140033879164314
0 0.4878983461073013 0.32269904009034445 0.01653892698668818 0.00846979107848673
0 0.5086728519564341 0.32298136645962733 0.017749092375958047 0.007340485601355167
0 0.526825332795482 0.3207227555053642 0.014521984671238403 0.01355166572557877
0 0.5526421944332393 0.32368718238283456 0.02743041549011698 0.009316770186335404
0 0.5768455022186365 0.32284020327498586 0.014521984671238403 0.007058159232072276
0 0.5956030657523195 0.3231225296442688 0.014925373134328358 0.008752117447769622
0 0.6151674062121824 0.3207227555053642 0.017749092375958047 0.01355166572557877
0 0.6585316659943525 0.320016939582157 0.003630496167809601 0.001976284584980237
0 0.6577248890681726 0.326369282891022 0.002016942315449778 0.00564652738565782
0 0.6680112948769665 0.3253811405985319 0.011294876966518758 0.005364201016374929
0 0.7162162162162162 0.32128740824393 0.011698265429608713 0.01355166572557877
0 0.7311415893505446 0.3198757763975155 0.01573215006050827 0.011857707509881422
0 0.7521177894312223 0.3222755505364201 0.013311819281968536 0.009316770186335404
0 0.7916498588140379 0.32368718238283456 0.011698265429608713 0.00818746470920384
0 0.8061718434852764 0.3234048560135517 0.014118596208148447 0.009881422924901186
0 0.8219039935457846 0.32368718238283456 0.012505042355788625 0.00818746470920384
0 0.8315853166599435 0.3147939017504235 0.0028237192416296895 0.0016939582156973462
0 0.8317870108914885 0.3231225296442688 0.0024203307785397336 0.004799548277809147
0 0.845502218636547 0.3211462450592885 0.007260992335619202 0.012704686617730096
0 0.8565954013715208 0.325098814229249 0.01008471157724889 0.007058159232072276
0 0.8693021379588544 0.32269904009034445 0.005647438483259379 0.011857707509881422
0 0.8741427995159339 0.326369282891022 0.003227107704719645 0.00564652738565782
0 0.8793868495361032 0.3169113495200452 0.004840661557079467 0.002540937323546019
0 0.8939088342073417 0.32284020327498586 0.007260992335619202 0.001976284584980237
0 0.13654699475594997 0.3759175607001694 0.012505042355788625 0.009881422924901186
0 0.15671641791044777 0.3749294184076793 0.014118596208148447 0.007340485601355167
0 0.16922146026623638 0.3725296442687747 0.008471157724889069 0.013269339356295878
0 0.18253327954820492 0.3759175607001694 0.006857603872529245 0.010446075663466968
0 0.1920129084308189 0.3771880293619424 0.008067769261799113 0.006775832862789385
0 0.209156918112142 0.3760587238848108 0.01573215006050827 0.006211180124223602
0 0.26220250100847114 0.3780350084697911 0.012101653892698669 0.00846979107848673
0 0.27773295683743443 0.3780350084697911 0.013311819281968536 0.024280067758328628
0 0.32210568777732956 0.3718238283455675 0.012505042355788625 0.012987012987012988
0 0.3390480032271077 0.37267080745341613 0.01653892698668818 0.01355166572557877
0 0.3555869302137959 0.3774703557312253 0.00927793465106898 0.00846979107848673
0 0.4080274304154901 0.37267080745341613 0.018959257765227916 0.01693958215697346
0 0.4138765631302945 0.3759175607001694 0.015328761597418314 0.006493506493506494
0 0.4322307382008875 0.3750705815923207 0.014118596208148447 0.008752117447769622
0 0.4481645824929407 0.3761998870694523 0.01371520774505849 0.009316770186335404
0 0.4691407825736184 0.3756352343308865 0.02743041549011698 0.008752117447769622
0 0.49072206534893104 0.37549407114624506 0.013311819281968536 0.006775832862789385
0 0.509277934651069 0.3752117447769622 0.01734570391286809 0.007340485601355167
0 0.5611133521581283 0.3750705815923207 0.017749092375958047 0.009316770186335404
0 0.5709963695038321 0.36829474872953133 0.0028237192416296895 0.003105590062111801
0 0.5830980233965308 0.37422360248447206 0.019766034691407825 0.007622811970638058
0 0.6014521984671238 0.3740824392998306 0.01371520774505849 0.009034443817052512
0 0.6210165389269867 0.3750705815923207 0.02379991932230738 0.00818746470920384
0 0.6411859620814845 0.3753529079616036 0.01573215006050827 0.008752117447769622
0 0.6619604679306171 0.3769057029926595 0.005647438483259379 0.0033879164313946925
0 0.7097620008067769 0.37210615471485037 0.024606696248487294 0.01693958215697346
0 0.7331585316659943 0.37365894974590624 0.003630496167809601 0.005928853754940711
0 0.735982250907624 0.3654714850367024 0.004437273093989512 0.003105590062111801
0 0.7466720451795079 0.3730942970073405 0.01371520774505849 0.007622811970638058
0 0.7648245260185559 0.3694240542066629 0.01371520774505849 0.014398644833427442
0 0.781766841468334 0.3728119706380576 0.004033884630899556 0.007058159232072276
0 0.7847922549415087 0.3651891586674195 0.004437273093989512 0.002540937323546019
0 0.8219039935457846 0.37365894974590624 0.0052440500201694235 0.007622811970638058
0 0.8261395724082291 0.365330321852061 0.004033884630899556 0.0033879164313946925
0 0.8317870108914885 0.37238848108413325 0.010488100040338847 0.010163749294184076
0 0.14078257361839452 0.42617165443252397 0.01290843081887858 0.010446075663466968
0 0.1555062525211779 0.4257481648785997 0.011698265429608713 0.009034443817052512
0 0.17406212182331585 0.42193675889328064 0.010891488503428802 0.014963297571993224
0 0.2055264219443324 0.4265951439864483 0.011698265429608713 0.007340485601355167
0 0.22246873739411052 0.4277244494635799 0.013311819281968536 0.007340485601355167
0 0.23578055667607906 0.42701863354037267 0.004437273093989512 0.012140033879164314
0 0.24586526825332797 0.43915866741953696 0.014925373134328358 0.025691699604743084
0 0.31343283582089554 0.42504234895539245 0.016135538523598225 0.00818746470920384
0 0.36304961678096004 0.422360248447205 0.017749092375958047 0.015810276679841896
0 0.3751512706736587 0.4257481648785997 0.003227107704719645 0.00564652738565782
0 0.3783783783783784 0.41756070016939584 0.004033884630899556 0.00282326369282891
0 0.3894715611133522 0.424901185770751 0.01008471157724889 0.007905138339920948
0 0.4056070996369504 0.4254658385093168 0.013311819281968536 0.009034443817052512
0 0.4237595804759984 0.42603049124788256 0.013311819281968536 0.009034443817052512
0 0.43606292860024204 0.42179559570863917 0.008067769261799113 0.014680971202710334
0 0.44675272287212586 0.4246188594014681 0.01008471157724889 0.007340485601355167
0 0.4616780960064542 0.4265951439864483 0.011698265429608713 0.009034443817052512
0 0.4755949979830577 0.42843026538678713 0.0024203307785397336 0.001976284584980237
0 0.5225897539330375 0.4215132693393563 0.011698265429608713 0.014116318464144552
0 0.5344897135941912 0.4212309429700734 0.00645421540943929 0.01355166572557877
0 0.5534489713594192 0.42419536984754375 0.02016942315449778 0.010446075663466968
0 0.5984267849939492 0.4227837380011293 0.01734570391286809 0.01101072840203275
0 0.6161758773699072 0.4234895539243365 0.01008471157724889 0.009034443817052512
0 0.6319080274304155 0.4318181818181818 0.01653892698668818 0.02456239412761152
0 0.6611536910044373 0.4230660643704122 0.03791851553045583 0.007622811970638058
0 0.727107704719645 0.4202428006775833 0.01573215006050827 0.011575381140598532
0 0.7430415490116983 0.423630717108978 0.003227107704719645 0.007058159232072276
0 0.7460669624848729 0.41516092603049126 0.004437273093989512 0.001411631846414455
0 0.7563533682936668 0.42292490118577075 0.012101653892698669 0.009599096555618294
0 0.8136345300524405 0.4213721061547149 0.01371520774505849 0.01101072840203275
0 0.827753126260589 0.42207792207792205 0.015328761597418314 0.00846979107848673
0 0.8473174667204518 0.4225014116318464 0.012505042355788625 0.009316770186335404
0 0.864461476401775 0.4222190852625635 0.01371520774505849 0.010446075663466968
0 0.8775716014521985 0.42405420666290233 0.010891488503428802 0.010163749294184076
0 0.8935054457442517 0.4246188594014681 0.014521984671238403 0.009599096555618294
0 0.1389673255344897 0.4784020327498588 0.012505042355788625 0.009316770186335404
0 0.1563130294473578 0.47910784867306605 0.012505042355788625 0.009599096555618294
0 0.2144009681323114 0.4772727272727273 0.014118596208148447 0.007622811970638058
0 0.23295683743444937 0.4785431959345003 0.01653892698668818 0.007340485601355167
0 0.27853973376361435 0.4775550536420102 0.01573215006050827 0.007058159232072276
0 0.29810407422347723 0.4785431959345003 0.015328761597418314 0.00846979107848673
0 0.31867688584106496 0.475296442687747 0.01936264622831787 0.014963297571993224
0 0.33642597821702297 0.4786843591191417 0.010488100040338847 0.009881422924901186
0 0.3622428398547802 0.48616600790513836 0.003227107704719645 0.006775832862789385
0 0.4146833400564744 0.4733201581027668 0.016942315449778138 0.011575381140598532
0 0.4312222670431626 0.47699040090344436 0.01371520774505849 0.007622811970638058
0 0.44594594594594594 0.4731789949181254 0.014925373134328358 0.014680971202710334
0 0.499798305768455 0.47374364765669114 0.016135538523598225 0.010728402032749858
0 0.5147236789027834 0.47586109542631283 0.0024203307785397336 0.005928853754940711
0 0.5165389269866881 0.4699322416713721 0.003630496167809601 0.003105590062111801
0 0.5262202501008472 0.4748729531338227 0.008471157724889069 0.00846979107848673
0 0.5766438079870916 0.47699040090344436 0.011698265429608713 0.023997741389045736
0 0.5897539330375151 0.47656691134952006 0.004033884630899556 0.00846979107848673
0 0.5925776522791448 0.4697910784867307 0.004033884630899556 0.0033879164313946925
0 0.600847115772489 0.47656691134952006 0.006857603872529245 0.007905138339920948
0 0.6157724889068172 0.47684923771880294 0.010891488503428802 0.00846979107848673
0 0.6345300524405002 0.472755505364201 0.01290843081887858 0.011575381140598532
0 0.6714400968132311 0.47459062676453984 0.003630496167809601 0.006211180124223602
0 0.672448567970956 0.4662619988706945 0.004033884630899556 0.002540937323546019
0 0.6877773295683743 0.47501411631846413 0.023396530859217425 0.006493506493506494
0 0.709358612343687 0.4795313382269904 0.011698265429608713 0.020045172219085264
0 0.7242839854780153 0.4719085262563523 0.012505042355788625 0.005928853754940711
0 0.7398144413069786 0.47219085262563526 0.011294876966518758 0.007622811970638058
0 0.754336425978217 0.4699322416713721 0.009681323114158934 0.01383399209486166
0 0.7688584106494554 0.4712027103331451 0.009681323114158934 0.006211180124223602
0 0.7839854780153288 0.4731789949181254 0.01653892698668818 0.007340485601355167
0 0.8033481242436467 0.46950875211744775 0.00927793465106898 0.012987012987012988
0 0.14078257361839452 0.5341614906832298 0.008874546187979023 0.025409373235460192
0 0.15127067365873337 0.5335968379446641 0.003227107704719645 0.006211180124223602
0 0.15510286405808793 0.5251270468661773 0.003630496167809601 0.002258610954263128
0 0.1661960467930617 0.529785431959345 0.004033884630899556 0.012704686617730096
0 0.18495361032674465 0.5317617165443252 0.026220250100847116 0.00818746470920384
0 0.2515127067365873 0.5316205533596838 0.00927793465106898 0.007905138339920948
0 0.26522791448164584 0.5314793901750423 0.012505042355788625 0.00818746470920384
0 0.2855990318676886 0.5211744776962168 0.01371520774505849 0.010728402032749858
0 0.30798709156918114 0.5225861095426313 0.014925373134328358 0.012987012987012988
0 0.3106091165792658 0.534867306606437 0.004840661557079467 0.001976284584980237
0 0.33682936668011293 0.5283738001129306 0.01855586930213796 0.016092603049124788
0 0.35841064945542556 0.5261151891586674 0.004437273093989512 0.013269339356295878
0 0.3711173860427592 0.529785431959345 0.01371520774505849 0.009316770186335404
0 0.42517144009681324 0.5280914737436476 0.0024203307785397336 0.007058159232072276
0 0.42698668818071805 0.5208921513269339 0.003630496167809601 0.002258610954263128
0 0.43949173053650664 0.5295031055900621 0.01573215006050827 0.00818746470920384
0 0.5102864058087939 0.5237154150197628 0.02016942315449778 0.012987012987012988
0 0.5260185558693021 0.5276679841897233 0.014521984671238403 0.007340485601355167
0 0.5447761194029851 0.5165160926030491 0.004437273093989512 0.005928853754940711
0 0.5478015328761597 0.5179277244494636 0.004033884630899556 0.005364201016374929
0 0.5627269060104881 0.5282326369282891 0.015328761597418314 0.007905138339920948
0 0.5750302541347317 0.5224449463579899 0.007664380798709157 0.01101072840203275
0 0.5903590157321501 0.5266798418972332 0.01573215006050827 0.007622811970638058
0 0.609116579265833 0.5266798418972332 0.014521984671238403 0.008752117447769622
0 0.6294876966518758 0.527244494635799 0.01008471157724889 0.009316770186335404
0 0.6476401774909237 0.519621682665161 0.003630496167809601 0.006493506493506494
0 0.6573215006050827 0.5249858836815359 0.01008471157724889 0.008752117447769622
0 0.6988705123033482 0.51270468661773 0.0028237192416296895 0.003952569169960474
0 0.7047196450181524 0.5134105025409373 0.003227107704719645 0.0036702428006775835
0 0.7073416700282372 0.5148221343873518 0.0012101653892698668 0.0008469791078486731
0 0.7329568374344494 0.5230095990965556 0.016135538523598225 0.012704686617730096
0 0.745461879790238 0.5238565782044043 0.003227107704719645 0.004799548277809147
0 0.7494957644211375 0.5177865612648221 0.004033884630899556 0.00282326369282891
0 0.7565550625252118 0.52343308865048 0.010891488503428802 0.007905138339920948
0 0.8134328358208955 0.5189158667419537 0.004437273093989512 0.012987012987012988
0 0.8249294070189592 0.5224449463579899 0.01290843081887858 0.009881422924901186
0 0.8505445744251714 0.5210333145115754 0.020572811617587738 0.014963297571993224
0 0.871924162968939 0.5189158667419537 0.007664380798709157 0.01129305477131564
0 0.1510689794271884 0.5800395256916996 0.01734570391286809 0.014398644833427442
0 0.16680112948769665 0.5820158102766798 0.0028237192416296895 0.007622811970638058
0 0.17466720451795079 0.5797571993224168 0.011294876966518758 0.003105590062111801
0 0.19160951996772893 0.581733483907397 0.016942315449778138 0.00818746470920384
0 0.2117789431222267 0.571005081874647 0.003227107704719645 0.004799548277809147
0 0.21702299314239612 0.572557876905703 0.004033884630899556 0.006775832862789385
0 0.2299314239612747 0.5831451157538114 0.014521984671238403 0.00818746470920384
0 0.2569584509883017 0.5786278938452851 0.01936264622831787 0.012140033879164314
0 0.2771278741427995 0.5806041784302653 0.01290843081887858 0.008752117447769622
0 0.29386849536103266 0.5890739695087521 0.006857603872529245 0.007622811970638058
0 0.2991125453812021 0.5698757763975155 0.007664380798709157 0.005364201016374929
0 0.35619201290843083 0.5794748729531338 0.015328761597418314 0.01101072840203275
0 0.3807987091569181 0.5789102202145681 0.02743041549011698 0.010446075663466968
0 0.39693424768051633 0.573828345567476 0.004840661557079467 0.015527950310559006
0 0.4483662767244857 0.5760869565217391 0.013311819281968536 0.01383399209486166
0 0.46752722872125857 0.577639751552795 0.014521984671238403 0.009599096555618294
0 0.5229931423961275 0.5783455674760023 0.01653892698668818 0.00818746470920384
0 0.536506655909641 0.5734048560135516 0.004840661557079467 0.012422360248447204
0 0.545179507866075 0.5774985883681536 0.012505042355788625 0.010446075663466968
0 0.5617184348527632 0.5774985883681536 0.01734570391286809 0.007622811970638058
0 0.6077047196450182 0.5797571993224168 0.01573215006050827 0.007622811970638058
0 0.6278741427995159 0.5862507058159232 0.013311819281968536 0.023997741389045736
0 0.6440096813231142 0.5828627893845285 0.013311819281968536 0.018351214003387916
0 0.6593384429205325 0.5749576510446076 0.01008471157724889 0.00818746470920384
0 0.6718434852763211 0.5749576510446076 0.013311819281968536 0.007058159232072276
0 0.6865671641791045 0.5756634669678148 0.010488100040338847 0.007905138339920948
0 0.6982654296087132 0.5759457933370977 0.011294876966518758 0.009034443817052512
0 0.754538120209762 0.5729813664596274 0.003630496167809601 0.006493506493506494
0 0.7577652279144816 0.5650762281197064 0.0028237192416296895 0.002540937323546019
0 0.7676482452601856 0.5745341614906833 0.02016942315449778 0.00846979107848673
0 0.8061718434852764 0.5701581027667985 0.012505042355788625 0.013269339356295878
0 0.8217022993142397 0.5705815923207228 0.01290843081887858 0.01355166572557877
0 0.8398547801532876 0.5749576510446076 0.01371520774505849 0.00818746470920384
0 0.1510689794271884 0.6335403726708074 0.01573215006050827 0.006775832862789385
0 0.16881807180314642 0.6315640880858272 0.014925373134328358 0.010728402032749858
0 0.19039935457845905 0.6307171089779785 0.021782977006857603 0.010163749294184076
0 0.26966518757563535 0.6276115189158668 0.018959257765227916 0.017504234895539244
0 0.291246470350948 0.633399209486166 0.017749092375958047 0.010446075663466968
0 0.3061718434852763 0.6283173348390739 0.008874546187979023 0.014398644833427442
0 0.31787010891488504 0.632128740824393 0.01371520774505849 0.007905138339920948
0 0.33319887051230335 0.6326933935629587 0.015328761597418314 0.00846979107848673
0 0.3473174667204518 0.633681535855449 0.004033884630899556 0.008752117447769622
0 0.34852763210972165 0.6263410502540937 0.004033884630899556 0.002540937323546019
0 0.3582089552238806 0.6329757199322417 0.011294876966518758 0.006775832862789385
0 0.3755546591367487 0.6319875776397516 0.014521984671238403 0.00818746470920384
0 0.390480032271077 0.6326933935629587 0.004033884630899556 0.007340485601355167
0 0.390883420734167 0.6245059288537549 0.004033884630899556 0.0016939582156973462
0 0.4528035498184752 0.6309994353472614 0.01653892698668818 0.028232636928289104
0 0.46571198063735375 0.6301524562394127 0.003630496167809601 0.006775832862789385
0 0.4691407825736184 0.620412196499153 0.0024203307785397336 0.002540937323546019
0 0.4782170229931424 0.6249294184076792 0.0052440500201694235 0.014398644833427442
0 0.49959661153691004 0.6281761716544325 0.02702702702702703 0.009599096555618294
0 0.5254134731746672 0.6329757199322417 0.0028237192416296895 0.002258610954263128
