0 0.1510689794271884 0.22600225861095427 0.031060911657926585 0.02456239412761152
0 0.19685356998789835 0.2323546019198193 0.07099636950383219 0.040654997176736304
0 0.26744655102864057 0.22529644268774704 0.050826946349334406 0.026538678712591756
0 0.29810407422347723 0.23531902879728966 0.003227107704719645 0.002540937323546019
0 0.32977006857603874 0.22557876905702992 0.04235578862444534 0.024280067758328628
0 0.38563937071399756 0.22924901185770752 0.07018959257765228 0.01637492941840768
0 0.4318273497377975 0.21753246753246752 0.007664380798709157 0.011575381140598532
0 0.4473578055667608 0.22910784867306608 0.02501008471157725 0.012704686617730096
0 0.5008067769261799 0.22811970638057594 0.022993142396127472 0.017504234895539244
0 0.535699878983461 0.22317899491812535 0.04195240016135539 0.023433088650479956
0 0.5885437676482452 0.22783738001129306 0.06615570794675273 0.012987012987012988
0 0.5597014925373134 0.21682665160926032 0.0028237192416296895 0.002258610954263128
0 0.6308995562726906 0.23503670242800678 0.007260992335619202 0.012704686617730096
0 0.6839451391690198 0.22332015810276679 0.07866075030254134 0.026538678712591756
0 0.7601855586930214 0.22430830039525693 0.06655909640984267 0.03020892151326934
0 0.8019362646228317 0.23404856013551667 0.008874546187979023 0.012987012987012988
0 0.8582089552238806 0.22755505364201017 0.0891488503428802 0.018633540372670808
0 0.16680112948769665 0.2841614906832298 0.06736587333602259 0.022868435911914172
0 0.21399757966922145 0.27442123094297005 0.031060911657926585 0.024280067758328628
0 0.2892295280354982 0.28289102202145683 0.10972166196046793 0.039525691699604744
0 0.236385639370714 0.26905702992659514 0.003227107704719645 0.00282326369282891
0 0.24808390480032272 0.2761151891586674 0.008067769261799113 0.006211180124223602
0 0.39673255344897135 0.2779503105590062 0.058491327148043566 0.03190287972896669
0 0.4427188382412263 0.28190287972896666 0.035901573215006054 0.008752117447769622
0 0.49939491730536506 0.28712591756070016 0.04759983864461476 0.028232636928289104
0 0.5314643001210165 0.2859966120835686 0.027833803953206938 0.02258610954263128
0 0.5744251714400969 0.2800677583286279 0.05808793868495361 0.01129305477131564
0 0.6440096813231142 0.2738565782044043 0.08027430415490117 0.02258610954263128
0 0.608713190802743 0.26990400903444384 0.004033884630899556 0.002258610954263128
0 0.7200484066155708 0.28091473743647655 0.03227107704719645 0.010728402032749858
0 0.709560306575232 0.27498588368153587 0.0016135538523598225 0.001129305477131564
0 0.7630092779346511 0.2735742518351214 0.04881000403388463 0.02710333145115754
0 0.7916498588140379 0.2676453980801807 0.0028237192416296895 0.002258610954263128
0 0.8138362242839855 0.27865612648221344 0.04477611940298507 0.01355166572557877
0 0.8448971359419121 0.2859966120835686 0.004437273093989512 0.00564652738565782
0 0.8834207341670028 0.27343308865047994 0.0645421540943929 0.021739130434782608
0 0.8695038321903994 0.27625635234330886 0.008471157724889069 0.012704686617730096
0 0.1444130697862041 0.33243929983060416 0.021782977006857603 0.014398644833427442
0 0.16942315449778136 0.3265104460756635 0.03227107704719645 0.02456239412761152
0 0.1920129084308189 0.3362507058159232 0.008067769261799113 0.012987012987012988
0 0.208955223880597 0.3315923207227555 0.020976200080677694 0.014398644833427442
0 0.23517547398144414 0.3318746470920384 0.03307785397337636 0.011575381140598532
0 0.3096006454215409 0.3296160361377753 0.08108108108108109 0.031338226990400904
0 0.36163775716014523 0.3382269904009034 0.0060508269463493344 0.010163749294184076
0 0.38221056877773296 0.3318746470920384 0.02218636546994756 0.01383399209486166
0 0.41750705929810406 0.3307453416149068 0.04679306171843485 0.012140033879164314
0 0.47983057684550223 0.3272162619988707 0.052843888664784185 0.0220214568040655
0 0.5100847115772489 0.32128740824393 0.0028237192416296895 0.00282326369282891
0 0.5157321500605083 0.3315923207227555 0.014118596208148447 0.012704686617730096
0 0.5133118192819686 0.3265104460756635 0.002016942315449778 0.001976284584980237
0 0.5381202097620008 0.33173348390739693 0.03953206938281565 0.011857707509881422
0 0.5943929003630496 0.32608695652173914 0.03993545784590561 0.023715415019762844
0 0.6595401371520775 0.3307453416149068 0.05163372327551432 0.03303218520609825
0 0.7085518354175071 0.3255223037831734 0.043162565550625254 0.023715415019762844
0 0.7507059298104074 0.33130999435347264 0.03953206938281565 0.014398644833427442
0 0.7333602258975394 0.3197346132128741 0.0024203307785397336 0.001976284584980237
0 0.7977006857603872 0.32792207792207795 0.025413473174667203 0.012704686617730096
0 0.8305768455022187 0.3246753246753247 0.04195240016135539 0.02258610954263128
0 0.8229124647035094 0.3246753246753247 0.003227107704719645 0.001129305477131564
0 0.8227107704719645 0.3266516092603049 0.002016942315449778 0.002258610954263128
0 0.8767648245260186 0.33130999435347264 0.0463896732553449 0.01101072840203275
0 0.8555869302137958 0.3191699604743083 0.0016135538523598225 0.001976284584980237
0 0.9342476805163372 0.3359683794466403 0.055667607906413875 0.039525691699604744
0 0.1555062525211779 0.3774703557312253 0.04961678096006454 0.025409373235460192
0 0.2535296490520371 0.3760587238848108 0.11496571198063735 0.025974025974025976
0 0.34388866478418717 0.3812817617165443 0.035901573215006054 0.011575381140598532
0 0.33864461476401775 0.3681535855448899 0.0028237192416296895 0.0033879164313946925
0 0.39330375151270675 0.38226990400903443 0.016942315449778138 0.015810276679841896
0 0.4126663977410246 0.3870694522868436 0.03711173860427592 0.023150762281197064
0 0.4356595401371521 0.38424618859401466 0.015328761597418314 0.00846979107848673
0 0.436264622831787 0.371682665160926 0.002016942315449778 0.001411631846414455
0 0.4582492940701896 0.3747882552230378 0.029043969342476807 0.02456239412761152
0 0.5048406615570795 0.3791643139469226 0.035901573215006054 0.029926595143986448
0 0.5619201290843082 0.3750705815923207 0.05889471561113352 0.027950310559006212
0 0.6286809197256958 0.38085827216261997 0.033481242436466316 0.011857707509881422
0 0.6230334812424365 0.36617730095990964 0.0028237192416296895 0.00282326369282891
0 0.7041145623235175 0.3761998870694523 0.11657926583299717 0.027950310559006212
0 0.7841871722468737 0.3771880293619424 0.04679306171843485 0.019762845849802372
0 0.8315853166599435 0.3857989836250706 0.05203711173860428 0.04206662902315076
0 0.8140379185155304 0.37238848108413325 0.004033884630899556 0.0016939582156973462
0 0.8840258168616377 0.38198757763975155 0.024606696248487294 0.01355166572557877
0 0.9169019766034692 0.3774703557312253 0.04437273093989512 0.023150762281197064
0 0.9035901573215006 0.3663184641445511 0.0024203307785397336 0.002540937323546019
0 0.14118596208148446 0.4352060982495765 0.016135538523598225 0.014398644833427442
0 0.15590964098426785 0.4343591191417278 0.0052440500201694235 0.008752117447769622
0 0.17930617184348527 0.43054771315640883 0.043162565550625254 0.024844720496894408
0 0.16276724485679708 0.42518351214003386 0.002016942315449778 0.00282326369282891
0 0.23759580475998388 0.42603049124788256 0.04033884630899556 0.025409373235460192
0 0.28842275110931825 0.42631281761716544 0.02743041549011698 0.025974025974025976
0 0.3140379185155305 0.4321005081874647 0.018152480839048003 0.012140033879164314
0 0.3380395320693828 0.4295595708639187 0.029850746268656716 0.020045172219085264
0 0.38785800726099234 0.43195934500282324 0.04477611940298507 0.014680971202710334
0 0.4332392093586123 0.4295595708639187 0.042759177087535294 0.023433088650479956
0 0.48850342880193626 0.4301242236024845 0.06776926179911255 0.020609824957651044
0 0.5744251714400969 0.42701863354037267 0.08793868495361033 0.026256352343308864
0 0.6292860024203307 0.4364765669113495 0.0024203307785397336 0.0016939582156973462
0 0.6512706736587334 0.4280067758328628 0.02379991932230738 0.023150762281197064
0 0.6746672045179508 0.4329474872953134 0.033481242436466316 0.013269339356295878
0 0.7246873739411053 0.42843026538678713 0.038321903993545785 0.021739130434782608
0 0.7648245260185559 0.43690005646527386 0.05647438483259379 0.023433088650479956
0 0.8428801936264623 0.42941840767927725 0.07785397337636143 0.025974025974025976
0 0.908632513110125 0.4289949181253529 0.045582896329164985 0.025691699604743084
0 0.14521984671238403 0.48404856013551667 0.023396530859217425 0.01383399209486166
0 0.14360629286002422 0.46936758893280633 0.004033884630899556 0.004234895539243365
0 0.19967728922952804 0.47967250141163187 0.05970149253731343 0.026538678712591756
0 0.27269060104881 0.47684923771880294 0.06696248487293263 0.024280067758328628
0 0.3204921339249697 0.48306041784302656 0.035901573215006054 0.010163749294184076
0 0.31242436466317064 0.47007340485601357 0.008471157724889069 0.004517221908526256
0 0.3444937474788221 0.49421230942970074 0.020976200080677694 0.03472614342179559
0 0.3963291649858814 0.4826369282891022 0.03509479628882614 0.011575381140598532
0 0.4536103267446551 0.4762845849802372 0.04154901169826543 0.025974025974025976
0 0.5056474384832593 0.4751552795031056 0.030254134731746672 0.024844720496894408
0 0.5385235982250908 0.47684923771880294 0.04437273093989512 0.020892151326933936
0 0.5919725695845098 0.48348390739695085 0.06252521177894312 0.013269339356295878
0 0.5661557079467527 0.4717673630717109 0.002016942315449778 0.0016939582156973462
0 0.6607503025413474 0.4754376058723885 0.042759177087535294 0.025409373235460192
0 0.6764824526018556 0.4826369282891022 0.022589753933037516 0.01101072840203275
0 0.708753529649052 0.4771315640880858 0.04437273093989512 0.026538678712591756
0 0.7281161758773699 0.48983625070581593 0.009681323114158934 0.009034443817052512
0 0.772488906817265 0.4761434217955957 0.04437273093989512 0.023433088650479956
0 0.8307785397337636 0.4810841332580463 0.06413876563130294 0.01355166572557877
0 0.8739411052843888 0.48207227555053644 0.0391286809197257 0.014398644833427442
0 0.927793465106898 0.48249576510446074 0.041145623235175476 0.030491247882552232
0 0.14784187172246874 0.5286561264822134 0.043162565550625254 0.028514963297571992
0 0.1871722468737394 0.5337380011293055 0.03065752319483663 0.013269339356295878
0 0.21601452198467125 0.5345849802371542 0.024606696248487294 0.012140033879164314
0 0.2073416700282372 0.5263975155279503 0.0024203307785397336 0.005364201016374929
0 0.2736990722065349 0.5286561264822134 0.051230334812424366 0.025691699604743084
0 0.3063735377168213 0.5282326369282891 0.02864058087938685 0.021456804065499716
0 0.36385639370713996 0.5335968379446641 0.05889471561113352 0.014116318464144552
0 0.4146833400564744 0.5334556747600225 0.045986284792254944 0.013269339356295878
0 0.45461879790237997 0.527244494635799 0.035498184751916094 0.023433088650479956
0 0.4838644614764018 0.5378317334839074 0.006857603872529245 0.009599096555618294
0 0.5274304154901169 0.5282326369282891 0.05929810407422348 0.02258610954263128
0 0.5683743444937475 0.5433370976849238 0.026623638563937072 0.031338226990400904
0 0.6109318273497378 0.531055900621118 0.022993142396127472 0.014116318464144552
0 0.6423961274707544 0.5276679841897233 0.0391286809197257 0.023715415019762844
0 0.6958450988301734 0.5307735742518351 0.04921339249697459 0.0220214568040655
0 0.7051230334812424 0.5304912478825522 0.007260992335619202 0.004517221908526256
0 0.7333602258975394 0.5289384528514963 0.03146430012101654 0.022303783173348392
0 0.7656313029447358 0.5383963862224732 0.053247277127874144 0.038396386222473176
0 0.8233158531665994 0.527244494635799 0.03791851553045583 0.023433088650479956
0 0.8674868898749496 0.5248447204968945 0.043162565550625254 0.025409373235460192
0 0.8489310205728117 0.5217391304347826 0.002016942315449778 0.0016939582156973462
0 0.926986688180718 0.5279503105590062 0.05163372327551432 0.026538678712591756
0 0.14300121016538928 0.5920383963862225 0.019766034691407825 0.032185206098249576
0 0.16014521984671237 0.584274421230943 0.02743041549011698 0.011575381140598532
0 0.2018959257765228 0.584274421230943 0.0609116579265833 0.013269339356295878
0 0.27309398951189995 0.5822981366459627 0.06212182331585317 0.032467532467532464
0 0.31887858007260994 0.5841332580463016 0.038321903993545785 0.012987012987012988
0 0.37938684953610324 0.5926030491247882 0.08592174263816055 0.028232636928289104
0 0.34308188785800725 0.5731225296442688 0.002016942315449778 0.0016939582156973462
0 0.4693424768051634 0.5830039525691699 0.045582896329164985 0.034443817052512704
0 0.5308592174263816 0.5793337097684924 0.03872529245663574 0.023150762281197064
0 0.5784590560709963 0.581733483907397 0.0645421540943929 0.020045172219085264
0 0.627067365873336 0.5777809147374364 0.03428801936264623 0.023433088650479956
0 0.6159741831383623 0.5732636928289102 0.0024203307785397336 0.001976284584980237
0 0.63695038321904 0.5837097684923772 0.021782977006857603 0.010446075663466968
0 0.6698265429608713 0.584274421230943 0.043969342476805166 0.01383399209486166
0 0.6510689794271883 0.5734048560135516 0.0024203307785397336 0.002258610954263128
0 0.6984671238402582 0.5890739695087521 0.0028237192416296895 0.002540937323546019
