0 0.1607503025413473 0.22699040090344438 0.0463896732553449 0.020892151326933936
0 0.18596208148446955 0.234472049689441 0.0024203307785397336 0.001976284584980237
0 0.22025010084711577 0.22755505364201017 0.020976200080677694 0.020327498588368152
0 0.26966518757563535 0.23531902879728966 0.0826946349334409 0.026821005081874648
0 0.4138765631302945 0.22571993224167136 0.16377571601452198 0.018351214003387916
0 0.5110931827349737 0.22134387351778656 0.008874546187979023 0.009599096555618294
0 0.5197660346914078 0.23037831733483907 0.01653892698668818 0.012987012987012988
0 0.6109318273497378 0.23334274421230944 0.1383622428398548 0.03020892151326934
0 0.6841468334005647 0.23094297007340486 0.012101653892698669 0.010163749294184076
0 0.6807180314643001 0.22190852625635235 0.0028237192416296895 0.00282326369282891
0 0.699273900766438 0.2305194805194805 0.01653892698668818 0.009316770186335404
0 0.7396127470754337 0.23150762281197063 0.031060911657926585 0.01129305477131564
0 0.7396127470754337 0.2224731789949181 0.003630496167809601 0.002258610954263128
0 0.8311819281968535 0.23475437605872387 0.10689794271883823 0.028514963297571992
0 0.8319887051230335 0.22233201581027667 0.0028237192416296895 0.001976284584980237
0 0.20129084308188785 0.2824675324675325 0.12020976200080678 0.028514963297571992
0 0.22892295280354982 0.2715979672501412 0.0028237192416296895 0.002258610954263128
0 0.26744655102864057 0.28924336533032186 0.010488100040338847 0.008752117447769622
0 0.34429205324727713 0.2876905702992659 0.10528438886647842 0.026538678712591756
0 0.3259378781766841 0.27060982495765107 0.003227107704719645 0.001976284584980237
0 0.36304961678096004 0.2686335403726708 0.003227107704719645 0.001411631846414455
0 0.4483662767244857 0.2865612648221344 0.07866075030254134 0.03162055335968379
0 0.5592981040742234 0.2780914737436477 0.09398951189995966 0.017504234895539244
0 0.6480435659540137 0.28091473743647655 0.03751512706736587 0.018068887634105024
0 0.7119806373537717 0.28063241106719367 0.0500201694231545 0.018633540372670808
0 0.8073820088745461 0.28204404291360813 0.11093182734973779 0.025409373235460192
0 0.1736587333602259 0.3286278938452851 0.07785397337636143 0.018633540372670808
0 0.23436869705526422 0.3286278938452851 0.04195240016135539 0.015245623941276116
0 0.29487696651875756 0.33272162619988704 0.029850746268656716 0.02456239412761152
0 0.3598225090762404 0.32834556747600224 0.05808793868495361 0.020892151326933936
0 0.390681726502622 0.32058159232072275 0.0028237192416296895 0.001976284584980237
0 0.4037918515530456 0.32171089779785433 0.00645421540943929 0.007622811970638058
0 0.41407825736183945 0.33130999435347264 0.020572811617587738 0.013269339356295878
0 0.5 0.3365330321852061 0.11012505042355789 0.033314511575381144
0 0.49314239612747074 0.32156973461321287 0.0028237192416296895 0.0016939582156973462
0 0.5242033077853974 0.3197346132128741 0.0028237192416296895 0.002540937323546019
0 0.6448164582492941 0.3287690570299266 0.12787414279951592 0.0189158667419537
0 0.627269060104881 0.3197346132128741 0.0024203307785397336 0.003105590062111801
0 0.7678499394917305 0.33130999435347264 0.06736587333602259 0.015527950310559006
0 0.8188785800726099 0.3297571993224167 0.016135538523598225 0.002258610954263128
0 0.2309398951189996 0.38636363636363635 0.18838241226300928 0.031338226990400904
0 0.26401774909237596 0.37140033879164314 0.0028237192416296895 0.002540937323546019
0 0.2962888261395724 0.3715415019762846 0.0028237192416296895 0.002258610954263128
0 0.3884630899556273 0.38015245623941274 0.07260992335619201 0.021174477696216828
0 0.42860024203307784 0.3855166572557877 0.0028237192416296895 0.001976284584980237
0 0.481645824929407 0.37874082439299833 0.06615570794675273 0.017221908526256352
0 0.5742234772085518 0.38537549407114624 0.08834207341670028 0.030491247882552232
0 0.5752319483662768 0.3694240542066629 0.0024203307785397336 0.001976284584980237
0 0.6306978620411456 0.3718238283455675 0.0052440500201694235 0.005081874647092038
0 0.6403791851553046 0.38114059853190285 0.019766034691407825 0.011857707509881422
0 0.7045179507866075 0.3857989836250706 0.08108108108108109 0.027950310559006212
0 0.7791448164582493 0.383399209486166 0.03428801936264623 0.010163749294184076
0 0.7825736183945139 0.37365894974590624 0.003227107704719645 0.001976284584980237
0 0.836425978217023 0.3794466403162055 0.0463896732553449 0.01693958215697346
0 0.12384025816861638 0.4394409937888199 0.003227107704719645 0.006493506493506494
0 0.12827753126260588 0.4388763410502541 0.00645421540943929 0.007622811970638058
0 0.1500605082694635 0.429983060417843 0.02016942315449778 0.021456804065499716
0 0.17406212182331585 0.4295595708639187 0.04961678096006454 0.017221908526256352
0 0.19564340459862847 0.44028797289666854 0.02501008471157725 0.025691699604743084
0 0.23961274707543365 0.4330886504799548 0.029850746268656716 0.023715415019762844
0 0.2942718838241226 0.43125352907961606 0.04961678096006454 0.018351214003387916
0 0.35962081484469544 0.42941840767927725 0.02864058087938685 0.018068887634105024
0 0.39411052843888666 0.42941840767927725 0.04921339249697459 0.017504234895539244
0 0.4356595401371521 0.4254658385093168 0.008067769261799113 0.007905138339920948
0 0.4987898346107301 0.4330886504799548 0.08592174263816055 0.012987012987012988
0 0.5189592577652279 0.4234895539243365 0.0028237192416296895 0.002258610954263128
0 0.5790641387656313 0.4342179559570864 0.0326744655102864 0.012422360248447204
0 0.6778943122226704 0.43379446640316205 0.13029447357805568 0.022868435911914172
0 0.6325131101250504 0.42320722755505363 0.003227107704719645 0.002258610954263128
0 0.781565147236789 0.4280067758328628 0.07704719645018153 0.017504234895539244
0 0.21500605082694635 0.47967250141163187 0.15732150060508268 0.020892151326933936
0 0.22892295280354982 0.4730378317334839 0.0028237192416296895 0.002540937323546019
0 0.27148043565954016 0.47134387351778656 0.004033884630899556 0.002540937323546019
0 0.3063735377168213 0.49195369847543763 0.008471157724889069 0.007058159232072276
0 0.35074626865671643 0.48221343873517786 0.025413473174667203 0.01693958215697346
0 0.37575635336829366 0.48009599096555616 0.051230334812424366 0.017221908526256352
0 0.4396934247680516 0.4774138904573687 0.03227107704719645 0.019762845849802372
0 0.454417103670835 0.4817899491812535 0.01653892698668818 0.011575381140598532
0 0.4889068172650262 0.48334274421230944 0.017749092375958047 0.014116318464144552
0 0.4955627269060105 0.4748729531338227 0.021379588543767647 0.002258610954263128
0 0.5189592577652279 0.48207227555053644 0.052843888664784185 0.016092603049124788
0 0.5510286405808794 0.49209486166007904 0.011294876966518758 0.009034443817052512
0 0.5988301734570391 0.4863071710897798 0.045582896329164985 0.026256352343308864
0 0.6619604679306171 0.47811970638057594 0.04195240016135539 0.017786561264822136
0 0.68152480839048 0.48644833427442125 0.003630496167809601 0.002258610954263128
0 0.7216619604679306 0.4772727272727273 0.022589753933037516 0.0189158667419537
0 0.754336425978217 0.47783738001129306 0.063735377168213 0.018351214003387916
0 0.8221056877773296 0.4810841332580463 0.02581686163775716 0.017504234895539244
0 0.8352158128277531 0.4837662337662338 0.027833803953206938 0.010446075663466968
0 0.863654699475595 0.4829192546583851 0.015328761597418314 0.001976284584980237
0 0.15772488906817264 0.534867306606437 0.03711173860427592 0.01383399209486166
0 0.1617587736990722 0.5249858836815359 0.003227107704719645 0.001976284584980237
0 0.1891891891891892 0.541501976284585 0.011294876966518758 0.00846979107848673
0 0.23295683743444937 0.5316205533596838 0.0318676885841065 0.01355166572557877
0 0.26058894715611136 0.5330321852060983 0.03146430012101654 0.012987012987012988
0 0.30395320693828154 0.5341614906832298 0.020572811617587738 0.01129305477131564
0 0.4070189592577652 0.5374082439299831 0.13957240822912464 0.028514963297571992
0 0.44917305365066557 0.5228684359119141 0.003630496167809601 0.002258610954263128
0 0.5203711173860428 0.5341614906832298 0.035498184751916094 0.012422360248447204
0 0.572206534893102 0.5304912478825522 0.040742234772085516 0.019762845849802372
0 0.6367486889874949 0.5328910220214568 0.052843888664784185 0.016657255787690572
0 0.7638160548608309 0.5337380011293055 0.17870108914885036 0.021739130434782608
0 0.7920532472771279 0.5224449463579899 0.0028237192416296895 0.001976284584980237
0 0.8200887454618798 0.5254093732354602 0.003227107704719645 0.002258610954263128
0 0.18031464300121017 0.5824392998306042 0.07664380798709157 0.020892151326933936
0 0.26200080677692617 0.5858272162619989 0.03509479628882614 0.025974025974025976
0 0.3190802743041549 0.5831451157538114 0.048406615570794675 0.017786561264822136
0 0.39411052843888666 0.5831451157538114 0.05244050020169423 0.017221908526256352
0 0.48063735377168215 0.5811688311688312 0.118192819685357 0.017786561264822136
0 0.5157321500605083 0.5722755505364201 0.004437273093989512 0.0016939582156973462
0 0.608713190802743 0.5920383963862225 0.09842678499394918 0.024280067758328628
0 0.7018959257765228 0.5872388481084133 0.03065752319483663 0.023715415019762844
0 0.8065752319483662 0.5828627893845285 0.15449778136345302 0.017221908526256352
0 0.817870108914885 0.5774985883681536 0.0028237192416296895 0.001976284584980237
0 0.8882613957240822 0.5794748729531338 0.012101653892698669 0.014963297571993224
0 0.19160951996772893 0.6339638622247318 0.09842678499394918 0.01948051948051948
0 0.21883824122630094 0.6274703557312253 0.0028237192416296895 0.003105590062111801
0 0.24606696248487292 0.6376341050254094 0.015328761597418314 0.011575381140598532
0 0.2418313836224284 0.629305477131564 0.003630496167809601 0.00282326369282891
0 0.26220250100847114 0.6363636363636364 0.016135538523598225 0.01129305477131564
0 0.27511093182734975 0.6405985319028797 0.0024203307785397336 0.002258610954263128
