0 0.1472367890278338 0.2274138904573687 0.04033884630899556 0.022868435911914172
0 0.16377571601452198 0.21950875211744778 0.0024203307785397336 0.003105590062111801
0 0.1918112141992739 0.23503670242800678 0.02218636546994756 0.006493506493506494
0 0.19866881807180314 0.21964991530208922 0.002016942315449778 0.002258610954263128
0 0.24041952400161357 0.2300959909655562 0.04437273093989512 0.018068887634105024
0 0.2745058491327148 0.23489553924336534 0.014118596208148447 0.00564652738565782
0 0.345502218636547 0.23178994918125354 0.09963695038321904 0.03162055335968379
0 0.33118192819685355 0.21739130434782608 0.004033884630899556 0.00282326369282891
0 0.4445340863251311 0.23560135516657255 0.07987091569181122 0.03190287972896669
0 0.49213392496974584 0.2365894974590627 0.0024203307785397336 0.0016939582156973462
0 0.5282371924162969 0.22939017504234896 0.02944735780556676 0.017221908526256352
0 0.5709963695038321 0.2295313382269904 0.03428801936264623 0.019762845849802372
0 0.635941912061315 0.23037831733483907 0.0609116579265833 0.018633540372670808
0 0.7496974586526826 0.23122529644268774 0.1327148043565954 0.01693958215697346
0 0.7799515933844292 0.21725014116318464 0.003630496167809601 0.002540937323546019
0 0.20613150463896732 0.2841614906832298 0.15570794675272287 0.04206662902315076
0 0.3051633723275514 0.2847261434217956 0.02702702702702703 0.005928853754940711
0 0.31423961274707546 0.268068887634105 0.0024203307785397336 0.002540937323546019
0 0.35296490520371115 0.27780914737436474 0.033884630899556276 0.020327498588368152
0 0.4118596208148447 0.27936194240542067 0.07341670028237192 0.0189158667419537
0 0.4878983461073013 0.2837380011293055 0.0326744655102864 0.026538678712591756
0 0.5336829366680113 0.2795031055900621 0.03711173860427592 0.019762845849802372
0 0.6131504638967326 0.2855731225296443 0.09197256958450989 0.010446075663466968
0 0.600040338846309 0.2717391304347826 0.0052440500201694235 0.0036702428006775835
0 0.6752722872125857 0.28797289666854886 0.00645421540943929 0.00564652738565782
0 0.7192416296893909 0.28077357425183513 0.0653489310205728 0.017786561264822136
0 0.7948769665187576 0.2888198757763975 0.0681726502622025 0.017504234895539244
0 0.8285599031867689 0.2715979672501412 0.0024203307785397336 0.0016939582156973462
0 0.8674868898749496 0.28063241106719367 0.05203711173860428 0.015810276679841896
0 0.1674062121823316 0.3427442123094297 0.07503025413473174 0.021456804065499716
0 0.20149253731343283 0.3211462450592885 0.002016942315449778 0.001411631846414455
0 0.24304154901169828 0.32834556747600224 0.03751512706736587 0.024280067758328628
0 0.24304154901169828 0.320016939582157 0.003630496167809601 0.004799548277809147
0 0.2662363856393707 0.33582721626199885 0.020976200080677694 0.005928853754940711
0 0.27269060104881 0.3222755505364201 0.0024203307785397336 0.001976284584980237
0 0.3126260588947156 0.32707509881422925 0.04033884630899556 0.022303783173348392
0 0.3949173053650666 0.3315923207227555 0.0927793465106898 0.0189158667419537
0 0.40520371117386045 0.31719367588932806 0.0060508269463493344 0.002540937323546019
0 0.5010084711577248 0.33483907396950874 0.11294876966518758 0.03387916431394692
0 0.5237999193223074 0.3190287972896669 0.004437273093989512 0.0033879164313946925
0 0.5508269463493344 0.32241671372106157 0.002016942315449778 0.002258610954263128
0 0.5921742638160549 0.3318746470920384 0.03711173860427592 0.02456239412761152
0 0.6375554659136748 0.3298983625070582 0.043162565550625254 0.021174477696216828
0 0.7063331988705123 0.3359683794466403 0.07018959257765228 0.02710333145115754
0 0.7571601452198468 0.33794466403162055 0.00645421540943929 0.006211180124223602
0 0.7983057684550222 0.33173348390739693 0.060508269463493344 0.015245623941276116
0 0.14784187172246874 0.38325804630152455 0.03428801936264623 0.02456239412761152
0 0.23779749899152886 0.39158667419536985 0.12061315046389673 0.019762845849802372
0 0.2702702702702703 0.37125917560700167 0.004033884630899556 0.002258610954263128
0 0.3372327551432029 0.38311688311688313 0.03146430012101654 0.024280067758328628
0 0.38039532069382814 0.3804347826086957 0.03711173860427592 0.020609824957651044
0 0.4653085921742638 0.3824110671936759 0.09640984267849939 0.021739130434782608
0 0.5903590157321501 0.38114059853190285 0.1319080274304155 0.0220214568040655
0 0.68192819685357 0.38071710897797856 0.02944735780556676 0.017786561264822136
0 0.7478822105687777 0.3815640880858272 0.05647438483259379 0.021174477696216828
0 0.7741024606696248 0.37267080745341613 0.004033884630899556 0.0016939582156973462
0 0.209156918112142 0.4367588932806324 0.14481645824929407 0.031055900621118012
0 0.2855990318676886 0.44000564652738566 0.004033884630899556 0.0036702428006775835
0 0.3392496974586527 0.4313946922642575 0.0790641387656313 0.020327498588368152
0 0.354780153287616 0.42179559570863917 0.003630496167809601 0.0016939582156973462
0 0.4211375554659137 0.4376058723884811 0.07260992335619201 0.029361942405420668
0 0.45421540943929006 0.41869000564652736 0.010488100040338847 0.00282326369282891
0 0.4927390076643808 0.4318181818181818 0.035901573215006054 0.017786561264822136
0 0.5609116579265833 0.4343591191417278 0.06333198870512304 0.027950310559006212
0 0.5752319483662768 0.41727837380011296 0.004033884630899556 0.001129305477131564
0 0.6216216216216216 0.4374647092038396 0.02581686163775716 0.009316770186335404
0 0.7150060508269463 0.43562958780350086 0.12141992739007665 0.031055900621118012
0 0.6926179911254539 0.4203839638622247 0.0024203307785397336 0.0033879164313946925
0 0.718636546994756 0.4243365330321852 0.0028237192416296895 0.00282326369282891
0 0.8037515127067366 0.43054771315640883 0.026220250100847116 0.021456804065499716
0 0.8487293263412666 0.4339356295878035 0.0500201694231545 0.02710333145115754
0 0.8578055667607907 0.423630717108978 0.0060508269463493344 0.002540937323546019
0 0.8751512706736587 0.441699604743083 0.0028237192416296895 0.001976284584980237
0 0.15449778136345302 0.4841897233201581 0.026623638563937072 0.017504234895539244
0 0.23013311819281967 0.4863071710897798 0.09802339653085922 0.03077357425183512
0 0.28721258572004843 0.4925183512140034 0.004840661557079467 0.007058159232072276
0 0.3444937474788221 0.4823546019198193 0.08390480032271078 0.022868435911914172
0 0.36607503025413474 0.47035573122529645 0.006857603872529245 0.002258610954263128
0 0.4189189189189189 0.48221343873517786 0.050423557886244454 0.019762845849802372
0 0.481645824929407 0.4803783173348391 0.03711173860427592 0.021174477696216828
0 0.5379185155304558 0.4817899491812535 0.0391286809197257 0.021174477696216828
0 0.5431625655506253 0.4719085262563523 0.0028237192416296895 0.003105590062111801
0 0.6234368697055265 0.4904009034443817 0.1044776119402985 0.014680971202710334
0 0.6591367486889875 0.474025974025974 0.004840661557079467 0.0016939582156973462
0 0.7476805163372328 0.4810841332580463 0.11093182734973779 0.02258610954263128
0 0.8144413069786204 0.4912478825522304 0.008067769261799113 0.006211180124223602
0 0.15248083904800322 0.532608695652174 0.03630496167809601 0.021739130434782608
0 0.2325534489713594 0.5309147374364765 0.09560306575231949 0.023997741389045736
0 0.24062121823315852 0.5182100508187465 0.002016942315449778 0.001976284584980237
0 0.2954820492133925 0.5403726708074534 0.006857603872529245 0.00846979107848673
0 0.33884630899556273 0.5320440429136082 0.04437273093989512 0.018351214003387916
0 0.36688180718031466 0.5399491812535291 0.0028237192416296895 0.001976284584980237
0 0.4257765227914482 0.5350084697910785 0.07624041952400161 0.028797289666854884
0 0.5169423154497781 0.5393845285149633 0.07139975796692215 0.03359683794466403
0 0.5609116579265833 0.5429136081309994 0.0052440500201694235 0.005081874647092038
0 0.6484469544171036 0.5345849802371542 0.14804356595401372 0.026256352343308864
0 0.7559499798305769 0.5313382269904009 0.05244050020169423 0.019762845849802372
0 0.8249294070189592 0.53613777526821 0.08471157724889068 0.031055900621118012
0 0.8325937878176685 0.5217391304347826 0.005647438483259379 0.0033879164313946925
0 0.1510689794271884 0.5835686053077357 0.02944735780556676 0.024280067758328628
0 0.2172246873739411 0.5820158102766798 0.07139975796692215 0.022303783173348392
0 0.291044776119403 0.5841332580463016 0.04154901169826543 0.025974025974025976
0 0.3979427188382412 0.5866741953698476 0.14158935054457442 0.03162055335968379
0 0.5048406615570795 0.5870976849237719 0.04154901169826543 0.029079616036137776
0 0.5429608713190803 0.5887916431394692 0.012101653892698669 0.006493506493506494
0 0.5968132311415894 0.5876623376623377 0.06171843485276321 0.029644268774703556
0 0.5945945945945946 0.5755223037831734 0.003227107704719645 0.002540937323546019
0 0.6413876563130294 0.5911914172783738 0.0024203307785397336 0.002258610954263128
