0 0.1555062525211779 0.2267080745341615 0.02702702702702703 0.01637492941840768
0 0.20108914885034287 0.21922642574816487 0.02218636546994756 0.003105590062111801
0 0.19766034691407824 0.22699040090344438 0.015328761597418314 0.015245623941276116
0 0.23215006050826947 0.23503670242800678 0.06333198870512304 0.022868435911914172
0 0.3085921742638161 0.22727272727272727 0.041145623235175476 0.017504234895539244
0 0.4080274304154901 0.23433088650479955 0.12868091972569584 0.029926595143986448
0 0.5100847115772489 0.23531902879728966 0.050423557886244454 0.029644268774703556
0 0.5157321500605083 0.22120271033314512 0.002016942315449778 0.001976284584980237
0 0.5705929810407422 0.22924901185770752 0.025413473174667203 0.01129305477131564
0 0.5736183945139169 0.21852060982495766 0.003227107704719645 0.0016939582156973462
0 0.6510689794271883 0.23094297007340486 0.08229124647035095 0.025974025974025976
0 0.6883824122630092 0.22092038396386224 0.0028237192416296895 0.001411631846414455
0 0.700080677692618 0.2295313382269904 0.01734570391286809 0.010728402032749858
0 0.7260992335619201 0.2279785431959345 0.03227107704719645 0.014963297571993224
0 0.7535296490520371 0.22699040090344438 0.021782977006857603 0.014680971202710334
0 0.8087938684953611 0.2329192546583851 0.04356595401371521 0.028797289666854884
0 0.14905203711173862 0.2811970638057595 0.0318676885841065 0.012422360248447204
0 0.21419927390076643 0.2787972896668549 0.0500201694231545 0.018351214003387916
0 0.28943122226704315 0.2811970638057595 0.06575231948366277 0.012987012987012988
0 0.327349737797499 0.28430265386787124 0.0028237192416296895 0.0016939582156973462
0 0.38039532069382814 0.277244494635799 0.0572811617587737 0.01693958215697346
0 0.436466317063332 0.28049124788255225 0.022589753933037516 0.01101072840203275
0 0.44352561516740624 0.2713156408808583 0.003630496167809601 0.002258610954263128
0 0.4515933844292053 0.2779503105590062 0.014925373134328358 0.016092603049124788
0 0.48668818071803144 0.281055900621118 0.027833803953206938 0.010446075663466968
0 0.49052037111738606 0.2724449463579898 0.0024203307785397336 0.002258610954263128
0 0.5330778539733764 0.2803500846979108 0.019766034691407825 0.010728402032749858
0 0.608309802339653 0.28642010163749293 0.09762000806776926 0.025691699604743084
0 0.772892295280355 0.2769621682665161 0.18475191609519967 0.019198193111236588
0 0.8569987898346108 0.2896668548842462 0.012505042355788625 0.00846979107848673
0 0.20855183541750705 0.33483907396950874 0.1355385235982251 0.032185206098249576
0 0.33400564743848327 0.33243929983060416 0.063735377168213 0.027385657820440428
0 0.43243243243243246 0.33130999435347264 0.09681323114158935 0.011575381140598532
0 0.5235982250907624 0.3290513833992095 0.055667607906413875 0.016657255787690572
0 0.5832997176280759 0.34006211180124224 0.04033884630899556 0.0251270468661773
0 0.6095199677289229 0.3284867306606437 0.01371520774505849 0.014963297571993224
0 0.6877773295683743 0.3290513833992095 0.11133521581282775 0.016092603049124788
0 0.781766841468334 0.3334274421230943 0.03469140782573618 0.028797289666854884
0 0.827954820492134 0.33116883116883117 0.018959257765227916 0.009599096555618294
0 0.18838241226300928 0.38509316770186336 0.09197256958450989 0.032185206098249576
0 0.32109721661960466 0.3791643139469226 0.12585720048406615 0.01637492941840768
0 0.390883420734167 0.3761998870694523 0.012101653892698669 0.014963297571993224
0 0.46954417103670837 0.378317334839074 0.10972166196046793 0.019762845849802372
0 0.4344493747478822 0.37337662337662336 0.0024203307785397336 0.001976284584980237
0 0.4802339653085922 0.3739412761151892 0.0028237192416296895 0.001976284584980237
0 0.5679709560306575 0.37972896668548844 0.03791851553045583 0.01637492941840768
0 0.6238402581686163 0.379587803500847 0.043162565550625254 0.016092603049124788
0 0.7210568777732956 0.3800112930547713 0.10528438886647842 0.01693958215697346
0 0.8307785397337636 0.3780350084697911 0.07220653489310205 0.017504234895539244
0 0.8321903993545785 0.37125917560700167 0.0024203307785397336 0.002258610954263128
0 0.15671641791044777 0.4329474872953134 0.02864058087938685 0.012704686617730096
0 0.22831787010891488 0.42941840767927725 0.08390480032271078 0.018068887634105024
0 0.31222267043162566 0.4323828345567476 0.03630496167809601 0.011575381140598532
0 0.36405808793868494 0.4302653867871259 0.0318676885841065 0.015810276679841896
0 0.418313836224284 0.4309712027103331 0.045986284792254944 0.016657255787690572
0 0.5104881000403388 0.43788819875776397 0.09076240419524001 0.023150762281197064
0 0.5835014118596208 0.4301242236024845 0.05687777329568374 0.017221908526256352
0 0.682129891085115 0.4302653867871259 0.10649455425574829 0.015245623941276116
0 0.7347720855183542 0.44127611518915866 0.013311819281968536 0.007340485601355167
0 0.7946752722872126 0.42828910220214567 0.06615570794675273 0.015810276679841896
0 0.16821298910851148 0.4817899491812535 0.0500201694231545 0.017221908526256352
0 0.22509076240419523 0.4829192546583851 0.029043969342476807 0.010446075663466968
0 0.27410246066962485 0.48348390739695085 0.018959257765227916 0.009316770186335404
0 0.35962081484469544 0.487012987012987 0.11415893505445744 0.029361942405420668
0 0.4247680516337233 0.4829192546583851 0.015328761597418314 0.009316770186335404
0 0.48507462686567165 0.4808018068887634 0.06171843485276321 0.01693958215697346
0 0.590964098426785 0.48546019198193113 0.11294876966518758 0.02456239412761152
0 0.654699475594998 0.48249576510446074 0.012101653892698669 0.007905138339920948
0 0.7037111738604276 0.48023715415019763 0.0318676885841065 0.015810276679841896
0 0.7634126663977411 0.4808018068887634 0.050423557886244454 0.015245623941276116
0 0.8166599435256152 0.4829192546583851 0.033481242436466316 0.010446075663466968
0 0.8190802743041549 0.4731789949181254 0.003630496167809601 0.0016939582156973462
0 0.1680112948769665 0.532608695652174 0.04800322710770472 0.017786561264822136
0 0.24969745865268253 0.5320440429136082 0.07745058491327148 0.015527950310559006
0 0.3239209358612344 0.5354319593450029 0.03469140782573618 0.023433088650479956
0 0.39431222267043164 0.531055900621118 0.07059298104074223 0.01693958215697346
0 0.4302137958854377 0.5388198757763976 0.0028237192416296895 0.001976284584980237
0 0.46954417103670837 0.5328910220214568 0.03146430012101654 0.016657255787690572
0 0.5520371117386043 0.5321852060982496 0.08188785800726099 0.014680971202710334
0 0.6395724082291246 0.5316205533596838 0.04719645018152481 0.015810276679841896
0 0.7166196046793062 0.5344438170525128 0.07301331181928197 0.011857707509881422
0 0.7938684953610327 0.5319028797289667 0.05486083098023396 0.015810276679841896
0 0.8682936668011295 0.5396668548842461 0.07462686567164178 0.02456239412761152
0 0.8678902783380396 0.5227272727272727 0.0028237192416296895 0.002540937323546019
0 0.16417910447761194 0.5820158102766798 0.04679306171843485 0.016657255787690572
0 0.2263009277934651 0.5822981366459627 0.048406615570794675 0.015527950310559006
0 0.2379991932230738 0.5772162619988707 0.003227107704719645 0.001976284584980237
0 0.3235175473981444 0.586815358554489 0.09519967728922953 0.026821005081874648
0 0.4144816458249294 0.5892151326933935 0.0609116579265833 0.03162055335968379
0 0.42154094392900365 0.5756634669678148 0.004033884630899556 0.002258610954263128
0 0.48527632109721663 0.5859683794466403 0.03065752319483663 0.023997741389045736
0 0.563331988705123 0.5903444381705252 0.07139975796692215 0.019762845849802372
0 0.6210165389269867 0.5851214003387917 0.043969342476805166 0.009316770186335404
0 0.6478418717224688 0.5859683794466403 0.014521984671238403 0.008752117447769622
0 0.6438079870915692 0.5760869565217391 0.003227107704719645 0.001976284584980237
0 0.6930213795885438 0.5887916431394692 0.07341670028237192 0.028514963297571992
0 0.7117789431222267 0.5789102202145681 0.002016942315449778 0.002540937323546019
0 0.7829770068576039 0.5811688311688312 0.0645421540943929 0.017786561264822136
0 0.15954013715207746 0.64257481648786 0.040742234772085516 0.02766798418972332
0 0.19947559499798306 0.6393280632411067 0.0391286809197257 0.022868435911914172
0 0.24848729326341268 0.640033879164314 0.06131504638967326 0.03162055335968379
0 0.29588543767648245 0.6349520045172219 0.014925373134328358 0.002258610954263128
0 0.3162565550625252 0.6285996612083569 0.004840661557079467 0.007058159232072276
0 0.3204921339249697 0.6281761716544325 0.003630496167809601 0.006775832862789385
0 0.3479225494150867 0.6434217955957087 0.056070996369503835 0.028232636928289104
0 0.42315449778136344 0.6331168831168831 0.06615570794675273 0.016657255787690572
0 0.5284388866478419 0.6357989836250706 0.1145623235175474 0.012422360248447204
0 0.6252521177894312 0.6332580463015246 0.03227107704719645 0.01693958215697346
0 0.6847519160951997 0.6342461885940147 0.057684550221863654 0.014963297571993224
0 0.7650262202501008 0.64257481648786 0.0681726502622025 0.02710333145115754
0 0.8572004840661557 0.6318464144551101 0.07987091569181122 0.01693958215697346
0 0.8759580475998386 0.6243647656691135 0.003630496167809601 0.001976284584980237
0 0.1708350141185962 0.6950875211744777 0.05526421944332392 0.02766798418972332
0 0.23699072206534894 0.6874647092038396 0.040742234772085516 0.010728402032749858
0 0.33118192819685355 0.6900056465273856 0.10165389269866881 0.028797289666854884
0 0.3523598225090762 0.6770186335403726 0.0028237192416296895 0.0016939582156973462
0 0.4263816054860831 0.6887351778656127 0.04356595401371521 0.023433088650479956
0 0.5217829770068576 0.6869000564652739 0.11738604275917709 0.011857707509881422
0 0.6204114562323517 0.6826651609260305 0.029850746268656716 0.01637492941840768
0 0.6879790237999194 0.6836533032185206 0.06171843485276321 0.014963297571993224
0 0.7398144413069786 0.6797007340485601 0.007260992335619202 0.006493506493506494
0 0.7402178297700686 0.6915584415584416 0.0024203307785397336 0.001976284584980237
