0 0.1438079870915692 0.2608695652173913 0.006857603872529245 0.01693958215697346
0 0.15167406212182333 0.26030491247882553 0.010488100040338847 0.01693958215697346
0 0.21298910851149658 0.262987012987013 0.07260992335619201 0.012140033879164314
0 0.21399757966922145 0.26439864483342745 0.0012101653892698668 0.0008469791078486731
0 0.2529245663574022 0.26016374929418407 0.015328761597418314 0.016657255787690572
0 0.2688584106494554 0.2701863354037267 0.006857603872529245 0.007905138339920948
0 0.30919725695845096 0.2619988706945229 0.05929810407422348 0.012987012987012988
0 0.2944735780556676 0.2662337662337662 0.011294876966518758 0.015245623941276116
0 0.3150463896732553 0.26439864483342745 0.005647438483259379 0.001411631846414455
0 0.36042759177087536 0.2595990965556183 0.04800322710770472 0.017786561264822136
0 0.4025816861637757 0.2660926030491248 0.04356595401371521 0.017786561264822136
0 0.4318273497377975 0.2694805194805195 0.004437273093989512 0.006493506493506494
0 0.4963695038321904 0.262987012987013 0.09560306575231949 0.01101072840203275
0 0.5746268656716418 0.25917560700169395 0.026220250100847116 0.018068887634105024
0 0.5828963291649859 0.25254093732354604 0.003227107704719645 0.004234895539243365
0 0.5982250907624042 0.26256352343308864 0.026623638563937072 0.01129305477131564
0 0.6127470754336426 0.2584697910784867 0.01290843081887858 0.018351214003387916
0 0.6502622025010085 0.26256352343308864 0.060508269463493344 0.010728402032749858
0 0.691407825736184 0.2628458498023715 0.023396530859217425 0.009599096555618294
0 0.736385639370714 0.2597402597402597 0.043162565550625254 0.015810276679841896
0 0.7706736587333602 0.2682100508187465 0.026220250100847116 0.021456804065499716
0 0.7890278338039532 0.2621400338791643 0.020976200080677694 0.010446075663466968
0 0.8202904396934247 0.25818746470920384 0.045582896329164985 0.017786561264822136
0 0.17809600645421542 0.3102766798418972 0.07785397337636143 0.018068887634105024
0 0.27208551835417505 0.3102766798418972 0.06736587333602259 0.017504234895539244
0 0.34288019362646227 0.30999435347261434 0.08874546187979024 0.018068887634105024
0 0.38664784187172246 0.3090062111801242 0.01734570391286809 0.01948051948051948
0 0.40520371117386045 0.3132411067193676 0.022993142396127472 0.011575381140598532
0 0.44695441710367084 0.3138057594579334 0.023396530859217425 0.009881422924901186
0 0.46046793061718433 0.31182947487295315 0.019766034691407825 0.028514963297571992
0 0.48971359419120614 0.30138339920948615 0.003227107704719645 0.003105590062111801
0 0.4943525615167406 0.31394692264257484 0.0060508269463493344 0.009034443817052512
0 0.5112948769665188 0.3090062111801242 0.033481242436466316 0.01948051948051948
0 0.5657523194836628 0.3129587803500847 0.0391286809197257 0.011575381140598532
0 0.5943929003630496 0.3091473743647657 0.027833803953206938 0.019198193111236588
0 0.5857200484066156 0.3138057594579334 0.008874546187979023 0.009316770186335404
0 0.6066962484872933 0.3018068887634105 0.004033884630899556 0.004517221908526256
0 0.6145623235175474 0.31874647092038394 0.01734570391286809 0.020892151326933936
0 0.6385639370713998 0.3125352907961604 0.04356595401371521 0.011857707509881422
0 0.6599435256151674 0.3080180688876341 0.014521984671238403 0.020892151326933936
0 0.7113755546591367 0.31592320722755507 0.050423557886244454 0.031055900621118012
0 0.7620008067769262 0.30787690570299264 0.03630496167809601 0.020609824957651044
0 0.799919322307382 0.3136645962732919 0.04195240016135539 0.009599096555618294
0 0.8582089552238806 0.31719367588932806 0.07785397337636143 0.039243365330321855
0 0.845703912868092 0.2999717673630717 0.0012101653892698668 0.0008469791078486731
0 0.8473174667204518 0.3015245623941276 0.0028237192416296895 0.002258610954263128
0 0.15510286405808793 0.3613777526821005 0.03428801936264623 0.018633540372670808
0 0.2517144009681323 0.36688311688311687 0.12666397741024607 0.03020892151326934
0 0.2109721661960468 0.365330321852061 0.0016135538523598225 0.001129305477131564
0 0.22166196046793063 0.36335403726708076 0.013311819281968536 0.007340485601355167
0 0.3261395724082291 0.36462450592885376 0.02218636546994756 0.010446075663466968
0 0.36688180718031466 0.36462450592885376 0.025413473174667203 0.010446075663466968
0 0.4562323517547398 0.3598249576510446 0.11859620814844696 0.0189158667419537
0 0.5246066962484873 0.36391869000564653 0.024606696248487294 0.010163749294184076
0 0.5603065752319484 0.36377752682100506 0.055667607906413875 0.010446075663466968
0 0.6026623638563937 0.35926030491247885 0.03791851553045583 0.0189158667419537
0 0.5943929003630496 0.35191981931112365 0.0028237192416296895 0.002540937323546019
0 0.63614360629286 0.35064935064935066 0.004840661557079467 0.006211180124223602
0 0.6448164582492941 0.364059853190288 0.007664380798709157 0.008752117447769622
0 0.6742638160548609 0.3629305477131564 0.057684550221863654 0.01101072840203275
0 0.6978620411456232 0.3505081874647092 0.003227107704719645 0.002540937323546019
0 0.7045179507866075 0.36363636363636365 0.007664380798709157 0.009599096555618294
0 0.7111738604275918 0.35827216261998873 0.01371520774505849 0.019762845849802372
0 0.7297297297297297 0.36307171089779783 0.02581686163775716 0.010163749294184076
0 0.7470754336425979 0.35841332580463015 0.029850746268656716 0.01948051948051948
0 0.7555465913674869 0.35191981931112365 0.004033884630899556 0.001976284584980237
0 0.7670431625655506 0.35813099943534726 0.013311819281968536 0.01948051948051948
0 0.764017749092376 0.3629305477131564 0.007260992335619202 0.009881422924901186
0 0.7704719645018152 0.35304912478825523 0.004033884630899556 0.003105590062111801
0 0.7763210972166196 0.3634952004517222 0.006857603872529245 0.008752117447769622
0 0.7833803953206938 0.358695652173913 0.01371520774505849 0.018351214003387916
0 0.8063735377168213 0.37210615471485037 0.03307785397337636 0.02710333145115754
0 0.8019362646228317 0.36278938452851495 0.01936264622831787 0.010163749294184076
0 0.190802743041549 0.4105025409373235 0.09681323114158935 0.019762845849802372
0 0.19060104881000403 0.40273856578204403 0.003630496167809601 0.004234895539243365
0 0.26421944332392094 0.41007905138339923 0.008874546187979023 0.0189158667419537
0 0.28075837031060913 0.4148785996612084 0.02501008471157725 0.010446075663466968
0 0.29487696651875756 0.4109260304912479 0.02016942315449778 0.026821005081874648
0 0.3065752319483663 0.40993788819875776 0.010488100040338847 0.019198193111236588
0 0.33521581282775315 0.40471485036702426 0.004033884630899556 0.003105590062111801
0 0.3412666397741025 0.415725578769057 0.004840661557079467 0.00818746470920384
0 0.3565954013715208 0.4095143986448334 0.033884630899556276 0.021174477696216828
0 0.4298104074223477 0.4097967250141163 0.07139975796692215 0.020045172219085264
0 0.47236789027833803 0.41431394692264256 0.01371520774505849 0.010446075663466968
0 0.4864864864864865 0.41459627329192544 0.02501008471157725 0.010446075663466968
0 0.49757966922146024 0.4096555618294749 0.014118596208148447 0.019762845849802372
0 0.5576845502218637 0.4095143986448334 0.06494554255748286 0.020045172219085264
0 0.591367486889875 0.41431394692264256 0.01290843081887858 0.009881422924901186
0 0.6095199677289229 0.4148785996612084 0.026623638563937072 0.010446075663466968
0 0.6133521581282775 0.41883116883116883 0.0060508269463493344 0.0008469791078486731
0 0.6353368293666801 0.4137492941840768 0.022589753933037516 0.01101072840203275
0 0.6468334005647438 0.40866741953698477 0.01734570391286809 0.020609824957651044
0 0.6718434852763211 0.4137492941840768 0.033481242436466316 0.01101072840203275
0 0.7384025816861638 0.409373235460192 0.06333198870512304 0.019198193111236588
0 0.8136345300524405 0.40894974590626765 0.053247277127874144 0.01948051948051948
0 0.17426381605486083 0.46499153020892153 0.06615570794675273 0.012422360248447204
0 0.21298910851149658 0.46160361377752684 0.009681323114158934 0.018633540372670808
0 0.2299314239612747 0.46202710333145114 0.02501008471157725 0.017786561264822136
0 0.27874142799515933 0.4658385093167702 0.02501008471157725 0.010163749294184076
0 0.30354981847519164 0.46597967250141165 0.03509479628882614 0.009881422924901186
0 0.3525615167406212 0.46202710333145114 0.0645421540943929 0.017786561264822136
0 0.41609519967728925 0.4621682665160926 0.026220250100847116 0.01693958215697346
0 0.4233561920129084 0.45511010728402035 0.003630496167809601 0.00282326369282891
0 0.43041549011698266 0.4665443252399774 0.00645421540943929 0.007622811970638058
0 0.4463493344090359 0.46612083568605306 0.031060911657926585 0.009034443817052512
0 0.4790237999193223 0.45398080180688877 0.004437273093989512 0.00564652738565782
0 0.4872932634126664 0.4662619988706945 0.00645421540943929 0.008752117447769622
0 0.4977813634530052 0.4655561829474873 0.01936264622831787 0.009599096555618294
0 0.5691811214199274 0.46809712027103334 0.09035901573215006 0.01693958215697346
0 0.6399757966922146 0.4611801242236025 0.06333198870512304 0.018351214003387916
0 0.6674062121823315 0.4697910784867307 0.011698265429608713 0.001129305477131564
0 0.6805163372327552 0.4712027103331451 0.005647438483259379 0.007905138339920948
0 0.7049213392496975 0.4654150197628458 0.01734570391286809 0.009881422924901186
0 0.7131908027430416 0.46513269339356295 0.008874546187979023 0.009881422924901186
0 0.7295280354981848 0.46485036702428006 0.0318676885841065 0.01101072840203275
0 0.7519160951996773 0.46569734613212876 0.022589753933037516 0.009316770186335404
0 0.8053650665590965 0.4608977978543196 0.118192819685357 0.0189158667419537
0 0.8713190802743042 0.45976849237718803 0.02743041549011698 0.020609824957651044
0 0.8832190399354578 0.4600508187464709 0.010891488503428802 0.01948051948051948
0 0.8979427188382412 0.46499153020892153 0.02016942315449778 0.010163749294184076
0 0.1809197256958451 0.5119988706945229 0.08350141185962082 0.018351214003387916
0 0.23477208551835418 0.5118577075098815 0.03307785397337636 0.018633540372670808
0 0.25978217022993144 0.5118577075098815 0.01855586930213796 0.018068887634105024
0 0.2603872529245664 0.5042348955392434 0.0028237192416296895 0.00282326369282891
0 0.291044776119403 0.5158102766798419 0.04477611940298507 0.010728402032749858
0 0.31867688584106496 0.5199040090344438 0.0024203307785397336 0.001411631846414455
0 0.34328358208955223 0.5118577075098815 0.01290843081887858 0.018633540372670808
0 0.37494957644211374 0.5121400338791643 0.04800322710770472 0.018068887634105024
0 0.4538120209762001 0.5156691134952005 0.0645421540943929 0.010446075663466968
0 0.4947559499798306 0.5114342179559571 0.03751512706736587 0.0189158667419537
0 0.5219846712384025 0.5215979672501412 0.004840661557079467 0.007058159232072276
0 0.5611133521581283 0.5173630717108978 0.05647438483259379 0.01948051948051948
0 0.6278741427995159 0.5152456239412762 0.08511496571198064 0.024844720496894408
0 0.6770875352964906 0.521880293619424 0.004437273093989512 0.006493506493506494
0 0.7129891085114965 0.5151044607566346 0.0536506655909641 0.01101072840203275
0 0.7404195240016136 0.5230095990965556 0.02218636546994756 0.021739130434782608
0 0.77269060104881 0.5158102766798419 0.030254134731746672 0.009599096555618294
0 0.7783380395320694 0.5118577075098815 0.00927793465106898 0.00282326369282891
0 0.8336022589753933 0.5107284020327498 0.1044776119402985 0.019762845849802372
0 0.15772488906817264 0.5662055335968379 0.03791851553045583 0.011575381140598532
0 0.21903993545784592 0.5667701863354038 0.04356595401371521 0.010446075663466968
0 0.24405002016942315 0.5626764539808018 0.01290843081887858 0.018633540372670808
0 0.299717628075837 0.5630999435347261 0.05405405405405406 0.017786561264822136
0 0.4056070996369504 0.5663466967814794 0.12061315046389673 0.02710333145115754
0 0.5072609923356192 0.5664878599661208 0.03993545784590561 0.011575381140598532
0 0.5951996772892295 0.5625352907961604 0.1464300121016539 0.0189158667419537
0 0.5437676482452601 0.5629587803500847 0.003227107704719645 0.0016939582156973462
0 0.6567164179104478 0.5547713156408809 0.0016135538523598225 0.001129305477131564
0 0.6887858007260992 0.5574534161490683 0.0028237192416296895 0.002540937323546019
0 0.6946349334409035 0.5677583286278939 0.005647438483259379 0.00846979107848673
0 0.7045179507866075 0.5640880858272163 0.018152480839048003 0.02766798418972332
0 0.7420330778539733 0.567476002258611 0.022993142396127472 0.009034443817052512
0 0.7658329971762807 0.567193675889328 0.035901573215006054 0.009599096555618294
0 0.8243243243243243 0.5625352907961604 0.06655909640984267 0.0189158667419537
0 0.8783783783783784 0.5673348390739695 0.024606696248487294 0.009316770186335404
0 0.14683340056474384 0.6144833427442123 0.00645421540943929 0.016657255787690572
0 0.14864864864864866 0.6084133258046301 0.003630496167809601 0.00282326369282891
0 0.15227914481645824 0.6182947487295314 0.0060508269463493344 0.009034443817052512
0 0.16518757563533684 0.6136363636363636 0.022993142396127472 0.018351214003387916
0 0.18878580072609924 0.6175889328063241 0.024203307785397338 0.010446075663466968
0 0.1897942718838241 0.6161773009599096 0.01653892698668818 0.00818746470920384
0 0.2613957240822912 0.6177300959909655 0.08309802339653086 0.010163749294184076
0 0.3408632513110125 0.6150479954827781 0.03711173860427592 0.027385657820440428
0 0.35175473981444133 0.6068605307735743 0.003227107704719645 0.002540937323546019
0 0.3588140379185155 0.6177300959909655 0.008471157724889069 0.009034443817052512
0 0.37797498991528844 0.612789384528515 0.03469140782573618 0.0189158667419537
0 0.4138765631302945 0.6047430830039525 0.003227107704719645 0.003952569169960474
0 0.42174263816054863 0.6171654432523997 0.0060508269463493344 0.009034443817052512
0 0.43303751512706734 0.6170242800677583 0.020572811617587738 0.009881422924901186
0 0.4836627672448568 0.612789384528515 0.053247277127874144 0.0189158667419537
0 0.499798305768455 0.6164596273291926 0.017749092375958047 0.006493506493506494
0 0.5675675675675675 0.6219649915302089 0.07745058491327148 0.021456804065499716
0 0.6167809600645422 0.6060135516657256 0.004033884630899556 0.005364201016374929
0 0.6214199273900767 0.6175889328063241 0.0060508269463493344 0.00818746470920384
0 0.6319080274304155 0.6170242800677583 0.018959257765227916 0.009316770186335404
0 0.6696248487293264 0.6174477696216827 0.021782977006857603 0.00846979107848673
0 0.68192819685357 0.6167419536984754 0.018959257765227916 0.009881422924901186
0 0.6970552642194433 0.611518915866742 0.024203307785397338 0.019762845849802372
0 0.7045179507866075 0.6053077357425184 0.0028237192416296895 0.00282326369282891
0 0.7107704719645018 0.6170242800677583 0.005647438483259379 0.009316770186335404
0 0.7228721258572005 0.616600790513834 0.01936264622831787 0.010163749294184076
0 0.7394110528438886 0.6123658949745906 0.026623638563937072 0.018068887634105024
0 0.7900363049616781 0.6113777526821005 0.04235578862444534 0.01948051948051948
0 0.8158531665994353 0.6202710333145116 0.0028237192416296895 0.0016939582156973462
0 0.1744655102864058 0.6626199887069453 0.07704719645018153 0.021456804065499716
0 0.21198063735377168 0.656832298136646 0.0028237192416296895 0.0036702428006775835
0 0.21742638160548608 0.6686900056465274 0.00645421540943929 0.008752117447769622
0 0.23154497781363453 0.6678430265386787 0.02501008471157725 0.01101072840203275
0 0.28297700685760385 0.668548842461886 0.0318676885841065 0.009599096555618294
0 0.31787010891488504 0.6681253529079616 0.03791851553045583 0.010446075663466968
0 0.3346107301331182 0.6565499717673631 0.004437273093989512 0.004234895539243365
0 0.33945139169019767 0.6684076792772445 0.004437273093989512 0.009316770186335404
0 0.3642597821702299 0.6715132693393563 0.04517950786607503 0.018351214003387916
0 0.3872529245663574 0.6630434782608695 0.011294876966518758 0.01948051948051948
0 0.40520371117386045 0.6678430265386787 0.02702702702702703 0.010446075663466968
0 0.4191206131504639 0.6629023150762281 0.016942315449778138 0.019762845849802372
0 0.4509883017345704 0.6653020892151327 0.045986284792254944 0.015527950310559006
0 0.4411052843888665 0.6668548842461886 0.01734570391286809 0.006211180124223602
0 0.46046793061718433 0.656832298136646 0.002016942315449778 0.0008469791078486731
0 0.5074626865671642 0.6640316205533597 0.022589753933037516 0.01693958215697346
0 0.5151270673658733 0.6588085827216262 0.004033884630899556 0.0036702428006775835
0 0.5199677289229528 0.668548842461886 0.004840661557079467 0.00846979107848673
0 0.5324727712787414 0.6669960474308301 0.020976200080677694 0.01101072840203275
0 0.5951996772892295 0.6626199887069453 0.06413876563130294 0.020327498588368152
0 0.6290843081887858 0.6678430265386787 0.012505042355788625 0.009316770186335404
0 0.6561113352158128 0.6672783738001129 0.045582896329164985 0.01101072840203275
0 0.6799112545381202 0.6629023150762281 0.011698265429608713 0.019198193111236588
0 0.7135941912061315 0.6672783738001129 0.05647438483259379 0.010446075663466968
0 0.7476805163372328 0.6716544325239977 0.0028237192416296895 0.0016939582156973462
