0 0.1500605082694635 0.22529644268774704 0.05970149253731343 0.0220214568040655
0 0.1383622428398548 0.22910784867306608 0.009681323114158934 0.017221908526256352
0 0.21782977006857604 0.22811970638057594 0.03146430012101654 0.032185206098249576
0 0.26099233561920127 0.22656691134952003 0.05405405405405406 0.02456239412761152
0 0.2379991932230738 0.22317899491812535 0.0024203307785397336 0.003105590062111801
0 0.318273497377975 0.23221343873517786 0.014521984671238403 0.015527950310559006
0 0.3535699878983461 0.23122529644268774 0.05526421944332392 0.012987012987012988
0 0.40661557079467525 0.23249576510446077 0.04517950786607503 0.013269339356295878
0 0.38563937071399756 0.22106154714850368 0.0016135538523598225 0.002258610954263128
0 0.4570391286809197 0.23249576510446077 0.016135538523598225 0.013269339356295878
0 0.4759983864461476 0.22924901185770752 0.01936264622831787 0.028797289666854884
0 0.5123033481242436 0.22713156408808582 0.04195240016135539 0.023997741389045736
0 0.5457845905607099 0.2316487859966121 0.033884630899556276 0.014398644833427442
0 0.536103267446551 0.220214568040655 0.0016135538523598225 0.0016939582156973462
0 0.6036708350141186 0.2236024844720497 0.026220250100847116 0.02766798418972332
0 0.6405808793868495 0.2264257481648786 0.06696248487293263 0.026538678712591756
0 0.6238402581686163 0.21174477696216826 0.002016942315449778 0.002258610954263128
0 0.6887858007260992 0.23630717108977978 0.050423557886244454 0.04121964991530209
0 0.6861637757160145 0.22783738001129306 0.004840661557079467 0.002258610954263128
0 0.7408229124647036 0.22939017504234896 0.030254134731746672 0.021174477696216828
0 0.7946752722872126 0.2279785431959345 0.08390480032271078 0.023433088650479956
0 0.7983057684550222 0.22967250141163184 0.01290843081887858 0.01101072840203275
0 0.8652682533279549 0.237012987012987 0.055667607906413875 0.0251270468661773
0 0.8947156111335216 0.21894409937888198 0.007260992335619202 0.012140033879164314
0 0.9021782977006858 0.22995482778091475 0.021379588543767647 0.011575381140598532
0 0.13331988705123032 0.28585544889892717 0.025413473174667203 0.023433088650479956
0 0.1306978620411456 0.2776679841897233 0.0024203307785397336 0.002540937323546019
0 0.18132311415893507 0.2841614906832298 0.07382008874546188 0.037549407114624504
0 0.24384832593787817 0.2768210050818746 0.020572811617587738 0.027950310559006212
0 0.2845905607099637 0.264257481648786 0.0391286809197257 0.005081874647092038
0 0.2779346510689794 0.2782326369282891 0.012101653892698669 0.0189158667419537
0 0.31565147236789026 0.27526821005081875 0.07382008874546188 0.026538678712591756
0 0.38321903993545786 0.2816205533596838 0.023396530859217425 0.015527950310559006
0 0.4017749092375958 0.27936194240542067 0.01855586930213796 0.029079616036137776
0 0.44150867285195644 0.27526821005081875 0.033481242436466316 0.028797289666854884
0 0.46994755949979833 0.28289102202145683 0.024203307785397338 0.010163749294184076
0 0.509076240419524 0.2875494071146245 0.05163372327551432 0.025691699604743084
0 0.5586930213795885 0.2826086956521739 0.02016942315449778 0.01355166572557877
0 0.5943929003630496 0.28839638622247316 0.0681726502622025 0.0251270468661773
0 0.6379588543767648 0.2833145115753811 0.02702702702702703 0.014398644833427442
0 0.68192819685357 0.2816205533596838 0.020572811617587738 0.01383399209486166
0 0.7045179507866075 0.2766798418972332 0.033481242436466316 0.025409373235460192
0 0.7577652279144816 0.27780914737436474 0.06171843485276321 0.024280067758328628
0 0.8261395724082291 0.277244494635799 0.04679306171843485 0.020327498588368152
0 0.8747478822105688 0.2824675324675325 0.04719645018152481 0.013269339356295878
0 0.8537716821298911 0.2723037831733484 0.002016942315449778 0.001411631846414455
0 0.8674868898749496 0.27851496329757197 0.004437273093989512 0.003105590062111801
0 0.9217426381605486 0.2779503105590062 0.05405405405405406 0.020609824957651044
0 0.12303348124243646 0.3274985883681536 0.03307785397337636 0.023715415019762844
0 0.1837434449374748 0.3411914172783738 0.10609116579265833 0.027950310559006212
0 0.2789431222267043 0.32792207792207795 0.06575231948366277 0.021739130434782608
0 0.2656313029447358 0.32933370976849236 0.008471157724889069 0.016092603049124788
0 0.3479225494150867 0.3265104460756635 0.07139975796692215 0.021174477696216828
0 0.4300121016538927 0.32735742518351213 0.04679306171843485 0.027385657820440428
0 0.48971359419120614 0.3365330321852061 0.07260992335619201 0.012422360248447204
0 0.5425574828559904 0.3344155844155844 0.03872529245663574 0.012140033879164314
0 0.5794675272287213 0.33258046301524563 0.027833803953206938 0.01129305477131564
0 0.5978217022993142 0.33667419536984755 0.0024203307785397336 0.0036702428006775835
0 0.6339249697458653 0.326369282891022 0.0326744655102864 0.025409373235460192
0 0.6712384025816862 0.3284867306606437 0.023396530859217425 0.021739130434782608
0 0.7035094796288827 0.33328627893845286 0.03953206938281565 0.017786561264822136
0 0.7793465106897943 0.32608695652173914 0.07583703106091166 0.025409373235460192
0 0.8235175473981444 0.3338509316770186 0.011698265429608713 0.007622811970638058
0 0.8670835014118596 0.3359683794466403 0.052843888664784185 0.021456804065499716
0 0.9160951996772893 0.3300395256916996 0.04679306171843485 0.020327498588368152
0 0.9667204517950787 0.3298983625070582 0.06575231948366277 0.02456239412761152
0 0.12081484469544171 0.3818464144551101 0.020572811617587738 0.01383399209486166
0 0.1526825332795482 0.38099943534726144 0.04235578862444534 0.018351214003387916
0 0.21339249697458654 0.38071710897797856 0.03711173860427592 0.01948051948051948
0 0.26946349334409037 0.378317334839074 0.07099636950383219 0.023715415019762844
0 0.31988705123033484 0.37888198757763975 0.029043969342476807 0.020327498588368152
0 0.37898346107301334 0.3825522303783173 0.05687777329568374 0.037267080745341616
0 0.4509883017345704 0.3771880293619424 0.04195240016135539 0.026538678712591756
0 0.47660346914078255 0.3880575945793337 0.0028237192416296895 0.003105590062111801
0 0.5076643807987091 0.370412196499153 0.035901573215006054 0.0033879164313946925
0 0.5046389673255345 0.3815640880858272 0.008874546187979023 0.018351214003387916
0 0.5310609116579266 0.3845285149632976 0.04477611940298507 0.01129305477131564
0 0.5665590964098427 0.3948334274421231 0.026220250100847116 0.03020892151326934
0 0.6133521581282775 0.3774703557312253 0.030254134731746672 0.02710333145115754
0 0.6329164985881404 0.37323546019198195 0.0016135538523598225 0.0016939582156973462
0 0.6762807583703107 0.37987012987012986 0.08834207341670028 0.021739130434782608
0 0.7319483662767244 0.3805759457933371 0.0326744655102864 0.021456804065499716
0 0.7505042355788625 0.3818464144551101 0.018152480839048003 0.01383399209486166
0 0.781766841468334 0.38382269904009036 0.04517950786607503 0.01101072840203275
0 0.8188785800726099 0.3865047995482778 0.00645421540943929 0.009599096555618294
0 0.8398547801532876 0.38283455674760025 0.024203307785397338 0.012987012987012988
0 0.872327551432029 0.37775268210050816 0.040742234772085516 0.020892151326933936
0 0.9217426381605486 0.38311688311688313 0.02501008471157725 0.01355166572557877
0 0.9233561920129084 0.36900056465273856 0.0024203307785397336 0.00282326369282891
0 0.12847922549415086 0.43478260869565216 0.01653892698668818 0.014116318464144552
0 0.16377571601452198 0.4295595708639187 0.05163372327551432 0.020609824957651044
0 0.21601452198467125 0.4388763410502541 0.026220250100847116 0.022303783173348392
0 0.25857200484066156 0.42843026538678713 0.05808793868495361 0.023997741389045736
0 0.30133118192819686 0.4302653867871259 0.01290843081887858 0.0016939582156973462
0 0.3327954820492134 0.43280632411067194 0.04517950786607503 0.015810276679841896
0 0.3949173053650666 0.4292772444946358 0.08229124647035095 0.026821005081874648
0 0.46672045179507865 0.43252399774138905 0.020976200080677694 0.012422360248447204
0 0.5002016942315449 0.42758328627893843 0.04356595401371521 0.023433088650479956
0 0.48850342880193626 0.42377188029361945 0.0024203307785397336 0.002258610954263128
0 0.5673658733360226 0.4298418972332016 0.04235578862444534 0.022868435911914172
0 0.5828963291649859 0.44000564652738566 0.0016135538523598225 0.001411631846414455
0 0.6016538926986689 0.4361942405420666 0.03428801936264623 0.01355166572557877
0 0.654497781363453 0.42941840767927725 0.03428801936264623 0.019762845849802372
0 0.7099636950383219 0.42913608130999437 0.08955223880597014 0.0220214568040655
0 0.7799515933844292 0.4407114624505929 0.04881000403388463 0.026538678712591756
0 0.8350141185962081 0.43365330321852064 0.020976200080677694 0.012422360248447204
0 0.8572004840661557 0.4311123658949746 0.024203307785397338 0.030491247882552232
0 0.9076240419524002 0.4295595708639187 0.063735377168213 0.0251270468661773
0 0.12827753126260588 0.48531902879728966 0.017749092375958047 0.015245623941276116
0 0.1609519967728923 0.4850367024280068 0.04679306171843485 0.014116318464144552
0 0.2073416700282372 0.4836250705815923 0.050826946349334406 0.031055900621118012
0 0.18616377571601453 0.475296442687747 0.0028237192416296895 0.003105590062111801
0 0.23961274707543365 0.48955392433653305 0.00645421540943929 0.010163749294184076
0 0.27833803953206937 0.48616600790513836 0.053247277127874144 0.012422360248447204
0 0.31867688584106496 0.48249576510446074 0.023396530859217425 0.01693958215697346
0 0.3781766841468334 0.4786843591191417 0.058491327148043566 0.025691699604743084
0 0.4757966922146027 0.4892715979672501 0.09802339653085922 0.042348955392433656
0 0.5683743444937475 0.480660643704122 0.05163372327551432 0.023433088650479956
0 0.6256555062525212 0.4858836815358554 0.06696248487293263 0.012422360248447204
0 0.6803146430012101 0.4808018068887634 0.0463896732553449 0.021456804065499716
0 0.727107704719645 0.49491812535290797 0.056070996369503835 0.029926595143986448
0 0.7972972972972973 0.4792490118577075 0.04154901169826543 0.026821005081874648
0 0.8598225090762405 0.4808018068887634 0.0609116579265833 0.023715415019762844
0 0.13856393707139975 0.5307735742518351 0.026220250100847116 0.024844720496894408
0 0.16881807180314642 0.5359966120835686 0.043969342476805166 0.015527950310559006
0 0.1954417103670835 0.5237154150197628 0.0028237192416296895 0.0033879164313946925
0 0.2244856797095603 0.5333145115753811 0.05526421944332392 0.020327498588368152
0 0.3152480839048003 0.5347261434217956 0.09076240419524001 0.033314511575381144
0 0.4219443323920936 0.5302089215132694 0.07987091569181122 0.025409373235460192
0 0.4475594997983058 0.5280914737436476 0.002016942315449778 0.003105590062111801
0 0.5102864058087939 0.5367024280067758 0.048406615570794675 0.012422360248447204
0 0.5659540137152077 0.5383963862224732 0.05647438483259379 0.034443817052512704
0 0.5494150867285196 0.5273856578204404 0.0024203307785397336 0.002258610954263128
0 0.6353368293666801 0.5324675324675324 0.04437273093989512 0.030491247882552232
0 0.6936264622831787 0.5358554488989271 0.038321903993545785 0.014116318464144552
0 0.7240822912464704 0.5379728966685489 0.022589753933037516 0.009881422924901186
0 0.7531262605889472 0.5374082439299831 0.03307785397337636 0.01101072840203275
0 0.7910447761194029 0.5368435911914172 0.05244050020169423 0.028514963297571992
0 0.8440903590157322 0.5369847543760587 0.052843888664784185 0.012422360248447204
0 0.8200887454618798 0.5263975155279503 0.0024203307785397336 0.001976284584980237
0 0.8922952803549818 0.5383963862224732 0.02016942315449778 0.01129305477131564
0 0.9120613150463897 0.5396668548842461 0.01936264622831787 0.007622811970638058
0 0.936668011294877 0.5352907961603613 0.028237192416296894 0.019198193111236588
0 0.15207745058491326 0.5846979107848673 0.041145623235175476 0.01355166572557877
0 0.22166196046793063 0.5804630152456239 0.10044372730939895 0.021456804065499716
0 0.3249294070189593 0.5844155844155844 0.06575231948366277 0.014680971202710334
0 0.4225494150867285 0.5848390739695087 0.08430818878580072 0.014398644833427442
0 0.4770068576038725 0.5924618859401468 0.030254134731746672 0.0251270468661773
0 0.5072609923356192 0.586815358554489 0.019766034691407825 0.01101072840203275
0 0.5564743848325938 0.5821569734613213 0.07785397337636143 0.019762845849802372
0 0.627470754336426 0.5841332580463016 0.02379991932230738 0.01355166572557877
0 0.6486486486486487 0.5907679277244494 0.02743041549011698 0.020045172219085264
0 0.6704316256555063 0.5896386222473179 0.029850746268656716 0.018351214003387916
0 0.7446551028640581 0.5811688311688312 0.11698265429608713 0.022868435911914172
0 0.8075837031060912 0.5899209486166008 0.004840661557079467 0.002540937323546019
