0 0.15207745058491326 0.20920383963862224 0.020976200080677694 0.018068887634105024
0 0.1700282371924163 0.2096273291925466 0.0326744655102864 0.016657255787690572
0 0.1881807180314643 0.2096273291925466 0.0052440500201694235 0.016657255787690572
0 0.19443323920935862 0.21357989836250707 0.007260992335619202 0.008752117447769622
0 0.20835014118596207 0.21922642574816487 0.018152480839048003 0.021174477696216828
0 0.2624041952400161 0.20793337097684925 0.03670835014118596 0.01948051948051948
0 0.28418717224687373 0.2171089779785432 0.002016942315449778 0.001129305477131564
0 0.3519564340459863 0.20821569734613213 0.07624041952400161 0.0189158667419537
0 0.3674868898749496 0.2096273291925466 0.0016135538523598225 0.001411631846414455
0 0.38039532069382814 0.2171089779785432 0.008067769261799113 0.001129305477131564
0 0.39854780153287617 0.2121682665160926 0.021782977006857603 0.01101072840203275
0 0.4082291246470351 0.20228684359119142 0.003227107704719645 0.006493506493506494
0 0.42759177087535294 0.21174477696216826 0.021782977006857603 0.01129305477131564
0 0.4826542960871319 0.21160361377752682 0.03751512706736587 0.012140033879164314
0 0.4955627269060105 0.21696781479390176 0.0028237192416296895 0.0008469791078486731
0 0.509479628882614 0.20680406549971767 0.016135538523598225 0.020609824957651044
0 0.5171440096813231 0.19875776397515527 0.003227107704719645 0.004517221908526256
0 0.5312626058894716 0.2121682665160926 0.02581686163775716 0.010446075663466968
0 0.5326744655102864 0.21696781479390176 0.007664380798709157 0.0008469791078486731
0 0.563735377168213 0.21259175607001693 0.04235578862444534 0.010163749294184076
0 0.5929810407422348 0.21908526256352343 0.00645421540943929 0.006775832862789385
0 0.6595401371520775 0.2069452286843591 0.07987091569181122 0.020892151326933936
0 0.691004437273094 0.21668548842461885 0.004033884630899556 0.0008469791078486731
0 0.6976603469140783 0.21682665160926032 0.008471157724889069 0.001129305477131564
0 0.7220653489310206 0.21047430830039526 0.04759983864461476 0.026256352343308864
0 0.753731343283582 0.21259175607001693 0.02218636546994756 0.009034443817052512
0 0.7573618394513917 0.21682665160926032 0.010891488503428802 0.001129305477131564
0 0.7722872125857201 0.21894409937888198 0.004437273093989512 0.006493506493506494
0 0.8049616780960065 0.21132128740824394 0.035901573215006054 0.011575381140598532
0 0.8495361032674466 0.21188594014680973 0.0645421540943929 0.010446075663466968
0 0.15167406212182333 0.2627046866177301 0.021782977006857603 0.012140033879164314
0 0.16861637757160144 0.262987012987013 0.015328761597418314 0.01101072840203275
0 0.18797902379991932 0.26595143986448333 0.021782977006857603 0.018068887634105024
0 0.2008874546187979 0.25889328063241107 0.00645421540943929 0.019198193111236588
0 0.20371117386042759 0.2508469791078487 0.0016135538523598225 0.002540937323546019
0 0.20673658733360226 0.26383399209486164 0.003630496167809601 0.009316770186335404
0 0.23053650665590963 0.26312817617165446 0.04235578862444534 0.010728402032749858
0 0.26058894715611136 0.2587521174477696 0.02743041549011698 0.0189158667419537
0 0.2734973779749899 0.25818746470920384 0.008067769261799113 0.01948051948051948
0 0.28297700685760385 0.26355166572557875 0.01008471157724889 0.009316770186335404
0 0.2936668011294877 0.26877470355731226 0.01855586930213796 0.019198193111236588
0 0.33319887051230335 0.2597402597402597 0.015328761597418314 0.02710333145115754
0 0.3446954417103671 0.26312817617165446 0.014925373134328358 0.010163749294184076
0 0.3751512706736587 0.26312817617165446 0.05405405405405406 0.010163749294184076
0 0.445139169019766 0.2649632975719932 0.043162565550625254 0.017786561264822136
0 0.4755949979830577 0.2651044607566347 0.023396530859217425 0.01693958215697346
0 0.49213392496974584 0.26228119706380576 0.012101653892698669 0.010728402032749858
0 0.518152480839048 0.2618577075098814 0.040742234772085516 0.011575381140598532
0 0.5385235982250908 0.24985883681535856 0.003227107704719645 0.005081874647092038
0 0.5554659136748689 0.26228119706380576 0.029043969342476807 0.010728402032749858
0 0.5790641387656313 0.2576228119706381 0.027833803953206938 0.020045172219085264
0 0.590964098426785 0.25042348955392435 0.0024203307785397336 0.0016939582156973462
0 0.5947962888261396 0.25945793337097683 0.007664380798709157 0.01637492941840768
0 0.609318273497378 0.26228119706380576 0.021379588543767647 0.010728402032749858
0 0.6744655102864058 0.25705815923207226 0.06131504638967326 0.021174477696216828
0 0.7041145623235175 0.24957651044607565 0.0028237192416296895 0.0016939582156973462
0 0.7065348931020573 0.2577639751552795 0.002016942315449778 0.001129305477131564
0 0.7081484469544171 0.262987012987013 0.004437273093989512 0.008752117447769622
0 0.7323517547398144 0.2619988706945229 0.04477611940298507 0.010728402032749858
0 0.7557482855990318 0.26171654432524 0.03993545784590561 0.01129305477131564
0 0.7599838644614764 0.26665725578769056 0.008874546187979023 0.001411631846414455
0 0.7799515933844292 0.2660926030491248 0.003630496167809601 0.001976284584980237
0 0.8047599838644615 0.24576510446075664 0.0500201694231545 0.005364201016374929
0 0.8132311415893505 0.25734048560135514 0.009681323114158934 0.0189158667419537
0 0.8346107301331182 0.2567758328627894 0.04517950786607503 0.020609824957651044
0 0.846107301331182 0.2607284020327499 0.01573215006050827 0.00818746470920384
0 0.17063331988705124 0.30957086391869 0.060508269463493344 0.020045172219085264
0 0.20935861234368697 0.3197346132128741 0.004840661557079467 0.007058159232072276
0 0.2561516740621218 0.3136645962732919 0.06696248487293263 0.011857707509881422
0 0.33219039935457845 0.31126482213438733 0.06010488100040339 0.029644268774703556
0 0.37394110528438884 0.30957086391869 0.03227107704719645 0.01948051948051948
0 0.39874949576442115 0.3204404291360813 0.007664380798709157 0.007905138339920948
0 0.45663574021782977 0.313382269904009 0.08793868495361033 0.011857707509881422
0 0.5399354578459056 0.30886504799548276 0.03993545784590561 0.020327498588368152
0 0.5601048810004033 0.30138339920948615 0.003630496167809601 0.0036702428006775835
0 0.563735377168213 0.313382269904009 0.006857603872529245 0.010728402032749858
0 0.572811617587737 0.3138057594579334 0.012101653892698669 0.010446075663466968
0 0.6058894715611134 0.31309994353472614 0.05244050020169423 0.01129305477131564
0 0.664179104477612 0.3094297007340486 0.03428801936264623 0.018633540372670808
0 0.7099636950383219 0.31309994353472614 0.029043969342476807 0.01129305477131564
0 0.7317466720451795 0.30999435347261434 0.03227107704719645 0.028797289666854884
0 0.763614360629286 0.3132411067193676 0.04356595401371521 0.01101072840203275
0 0.7914481645824929 0.308300395256917 0.021782977006857603 0.020892151326933936
0 0.790439693424768 0.3008187464709204 0.0028237192416296895 0.001976284584980237
0 0.8233158531665994 0.31281761716544326 0.04517950786607503 0.011857707509881422
0 0.1619604679306172 0.3632128740824393 0.04235578862444534 0.012704686617730096
0 0.18031464300121017 0.3599661208356861 0.0016135538523598225 0.0016939582156973462
0 0.21117386042759176 0.3588368153585545 0.05929810407422348 0.0220214568040655
0 0.1954417103670835 0.35079051383399207 0.0028237192416296895 0.0036702428006775835
0 0.2827753126260589 0.36335403726708076 0.04195240016135539 0.012422360248447204
0 0.26764824526018555 0.3575663466967815 0.00927793465106898 0.015527950310559006
0 0.3027430415490117 0.36801242236024845 0.01573215006050827 0.017786561264822136
0 0.354578459056071 0.35940146809712026 0.05808793868495361 0.020327498588368152
0 0.4253731343283582 0.36335403726708076 0.04477611940298507 0.012422360248447204
0 0.4463493344090359 0.3643421795595709 0.01008471157724889 0.009881422924901186
0 0.4526018555869302 0.358695652173913 0.016942315449778138 0.021174477696216828
0 0.4530052440500202 0.34754376058723885 0.0024203307785397336 0.001129305477131564
0 0.4838644614764018 0.3589779785431959 0.06171843485276321 0.020609824957651044
0 0.527632109721662 0.351072840203275 0.003227107704719645 0.0036702428006775835
0 0.5445744251714401 0.364059853190288 0.024203307785397338 0.010446075663466968
0 0.5871319080274304 0.36250705815923207 0.02379991932230738 0.01355166572557877
0 0.6081081081081081 0.3660361377752682 0.025413473174667203 0.020609824957651044
0 0.6157724889068172 0.3514963297571993 0.0028237192416296895 0.0016939582156973462
0 0.6387656313029447 0.3577075098814229 0.040742234772085516 0.023150762281197064
0 0.6897942718838241 0.36024844720496896 0.03469140782573618 0.026538678712591756
0 0.7521177894312223 0.358695652173913 0.05687777329568374 0.021174477696216828
0 0.13977410246066962 0.4020327498588368 0.0028237192416296895 0.005081874647092038
0 0.16518757563533684 0.41544325239977414 0.04235578862444534 0.011575381140598532
0 0.21843485276321098 0.41318464144551104 0.07139975796692215 0.029644268774703556
0 0.25554659136748686 0.4109260304912479 0.014925373134328358 0.020045172219085264
0 0.27329568374344493 0.4155844155844156 0.019766034691407825 0.01129305477131564
0 0.29407018959257764 0.4153020892151327 0.03146430012101654 0.01129305477131564
0 0.3071803146430012 0.41106719367588934 0.013311819281968536 0.019762845849802372
0 0.3108108108108108 0.40358554488989273 0.003630496167809601 0.0036702428006775835
0 0.3154497781363453 0.4153020892151327 0.007260992335619202 0.010728402032749858
0 0.33763614360629285 0.4158667419536985 0.04033884630899556 0.032185206098249576
0 0.40116982654296085 0.41417278373800115 0.035901573215006054 0.012987012987012988
0 0.4134731746672045 0.40400903444381703 0.003227107704719645 0.002258610954263128
0 0.4203307785397338 0.4153020892151327 0.008067769261799113 0.010163749294184076
0 0.43828156514723676 0.4096555618294749 0.03509479628882614 0.021456804065499716
0 0.4856797095603066 0.4150197628458498 0.02581686163775716 0.010728402032749858
0 0.5058491327148044 0.41022021456804064 0.035498184751916094 0.020327498588368152
0 0.5189592577652279 0.4020327498588368 0.0028237192416296895 0.00282326369282891
0 0.5359015732150061 0.41445511010728403 0.027833803953206938 0.011857707509881422
0 0.5411456232351755 0.3996329757199322 0.002016942315449778 0.0008469791078486731
0 0.5560709963695039 0.41022021456804064 0.030254134731746672 0.019762845849802372
0 0.6121419927390077 0.41007905138339923 0.04477611940298507 0.020045172219085264
0 0.681726502622025 0.4096555618294749 0.06857603872529246 0.020892151326933936
0 0.7656313029447358 0.4090909090909091 0.07987091569181122 0.021456804065499716
0 0.7995159338442921 0.4117730095990966 0.003227107704719645 0.001976284584980237
0 0.8394513916901977 0.40894974590626765 0.07099636950383219 0.021174477696216828
0 0.18354175070592982 0.4611801242236025 0.08229124647035095 0.020609824957651044
0 0.22952803549818476 0.4709203839638622 0.0016135538523598225 0.001129305477131564
0 0.2809600645421541 0.46174477696216826 0.06655909640984267 0.01948051948051948
0 0.38684953610326744 0.4654150197628458 0.10568777732956837 0.026821005081874648
0 0.46571198063735375 0.4608977978543196 0.014925373134328358 0.01948051948051948
0 0.46873739411052845 0.4515810276679842 0.0016135538523598225 0.0008469791078486731
0 0.4937474788221057 0.4608977978543196 0.050826946349334406 0.01948051948051948
0 0.5016135538523598 0.470214568040655 0.010891488503428802 0.001411631846414455
0 0.5613150463896732 0.46174477696216826 0.04477611940298507 0.017786561264822136
0 0.590560709963695 0.4522868435911914 0.003227107704719645 0.0033879164313946925
0 0.6101250504235579 0.4645680406549972 0.027833803953206938 0.012140033879164314
0 0.6659943525615167 0.4603331451157538 0.053247277127874144 0.020609824957651044
0 0.7305365066559096 0.4640033879164314 0.04437273093989512 0.013269339356295878
0 0.7591770875352964 0.4600508187464709 0.02581686163775716 0.020045172219085264
0 0.7662363856393707 0.45299265951439865 0.004437273093989512 0.004799548277809147
0 0.7732956837434449 0.4652738565782044 0.008067769261799113 0.010163749294184076
0 0.7985074626865671 0.47134387351778656 0.04881000403388463 0.0251270468661773
0 0.844695441710367 0.46513269339356295 0.017749092375958047 0.010446075663466968
0 0.8642597821702299 0.4647092038396386 0.027833803953206938 0.010728402032749858
0 0.16659943525615167 0.5117165443252399 0.03469140782573618 0.020045172219085264
0 0.22972972972972974 0.5115753811405985 0.04881000403388463 0.020327498588368152
0 0.2529245663574022 0.5122811970638057 0.009681323114158934 0.0189158667419537
0 0.2569584509883017 0.5050818746470921 0.0024203307785397336 0.0033879164313946925
0 0.2946752722872126 0.5156691134952005 0.07382008874546188 0.012140033879164314
0 0.382008874546188 0.5119988706945229 0.05486083098023396 0.01948051948051948
0 0.40217829770068575 0.5213156408808582 0.007260992335619202 0.0008469791078486731
0 0.40943929003630497 0.5118577075098815 0.01371520774505849 0.019762845849802372
0 0.42759177087535294 0.5227272727272727 0.004840661557079467 0.005928853754940711
0 0.4933440903590157 0.5117165443252399 0.09116579265832997 0.020045172219085264
0 0.5397337636143607 0.516798418972332 0.008874546187979023 0.009881422924901186
0 0.5546591367486889 0.5173630717108978 0.011294876966518758 0.008752117447769622
0 0.5790641387656313 0.5163749294184077 0.04235578862444534 0.010728402032749858
0 0.5891488503428802 0.5148221343873518 0.01653892698668818 0.007058159232072276
0 0.6367486889874949 0.5128458498023716 0.035901573215006054 0.028514963297571992
0 0.6823315853166599 0.5125635234330886 0.014925373134328358 0.017786561264822136
0 0.7085518354175071 0.51270468661773 0.04800322710770472 0.018633540372670808
0 0.7214602662363856 0.5156691134952005 0.01653892698668818 0.005928853754940711
0 0.72650262202501 0.5052230378317335 0.0024203307785397336 0.003105590062111801
0 0.7337636143606293 0.5172219085262564 0.008067769261799113 0.009034443817052512
0 0.7410246066962485 0.5166572557876906 0.01371520774505849 0.010728402032749858
0 0.7989108511496571 0.5118577075098815 0.0681726502622025 0.020327498588368152
0 0.8233158531665994 0.5214568040654998 0.010488100040338847 0.001129305477131564
0 0.15832997176280758 0.5660643704121965 0.02379991932230738 0.011857707509881422
0 0.20875352964905203 0.5663466967814794 0.07946752722872126 0.01129305477131564
0 0.1855586930213796 0.5632411067193676 0.0016135538523598225 0.001129305477131564
0 0.20108914885034287 0.5619706380575946 0.0060508269463493344 0.003105590062111801
0 0.26401774909237596 0.5614059853190287 0.033481242436466316 0.021174477696216828
0 0.2892295280354982 0.5731225296442688 0.005647438483259379 0.007905138339920948
0 0.3172650262202501 0.5618294748729531 0.01653892698668818 0.019762845849802372
0 0.3408632513110125 0.5622529644268774 0.04033884630899556 0.01948051948051948
0 0.3654699475594998 0.5669113495200452 0.022589753933037516 0.010163749294184076
0 0.3785800726099234 0.5741106719367589 0.018152480839048003 0.021739130434782608
0 0.43404598628479224 0.5663466967814794 0.04759983864461476 0.01129305477131564
0 0.45966115369100446 0.5619706380575946 0.01653892698668818 0.01948051948051948
0 0.5223880597014925 0.5619706380575946 0.06857603872529246 0.020609824957651044
0 0.5562726906010488 0.5614059853190287 0.011294876966518758 0.020609824957651044
0 0.5699878983461073 0.5673348390739695 0.01936264622831787 0.009316770186335404
0 0.5740217829770069 0.5749576510446076 0.02743041549011698 0.023433088650479956
0 0.6075030254134732 0.5622529644268774 0.010488100040338847 0.01948051948051948
0 0.6099233561920129 0.5556182947487295 0.0024203307785397336 0.00282326369282891
0 0.6153691004437273 0.5680406549971767 0.0052440500201694235 0.007905138339920948
0 0.6353368293666801 0.5625352907961604 0.04195240016135539 0.01948051948051948
0 0.6845502218636547 0.562394127611519 0.014521984671238403 0.019198193111236588
0 0.708753529649052 0.562394127611519 0.04356595401371521 0.019762845849802372
0 0.7595804759983864 0.5704404291360813 0.02581686163775716 0.018351214003387916
0 0.77269060104881 0.5669113495200452 0.011698265429608713 0.010728402032749858
0 0.7858007260992336 0.567193675889328 0.008067769261799113 0.009599096555618294
0 0.8110125050423558 0.5667701863354038 0.04477611940298507 0.01101072840203275
0 0.8378378378378378 0.5667701863354038 0.015328761597418314 0.010446075663466968
0 0.17930617184348527 0.6147656691134952 0.06413876563130294 0.028514963297571992
0 0.20814844695441712 0.6047430830039525 0.004033884630899556 0.004517221908526256
0 0.21379588543767647 0.6182947487295314 0.007260992335619202 0.009599096555618294
0 0.2299314239612747 0.6246470920383964 0.029043969342476807 0.026256352343308864
0 0.27490923759580477 0.6170242800677583 0.07220653489310205 0.012704686617730096
0 0.3075837031060912 0.6198475437605873 0.021379588543767647 0.006493506493506494
0 0.3565954013715208 0.6151891586674195 0.03630496167809601 0.03162055335968379
0 0.4336425978217023 0.6130717108977979 0.07018959257765228 0.01948051948051948
0 0.41306978620411455 0.6136363636363636 0.0016135538523598225 0.0008469791078486731
0 0.46409842678499397 0.6068605307735743 0.004437273093989512 0.003105590062111801
0 0.46994755949979833 0.6177300959909655 0.008067769261799113 0.010163749294184076
0 0.47862041145623235 0.6126482213438735 0.014925373134328358 0.020327498588368152
0 0.48325937878176684 0.6050254093732355 0.004033884630899556 0.0033879164313946925
0 0.4881000403388463 0.6177300959909655 0.00645421540943929 0.010163749294184076
0 0.5040338846308996 0.6174477696216827 0.024606696248487294 0.010728402032749858
0 0.5264219443323921 0.6174477696216827 0.023396530859217425 0.010728402032749858
0 0.54497781363453 0.6218238283455675 0.0024203307785397336 0.001976284584980237
