0 0.14864864864864866 0.22656691134952003 0.02379991932230738 0.023433088650479956
0 0.18697055264219442 0.23221343873517786 0.018152480839048003 0.01383399209486166
0 0.22246873739411052 0.22628458498023715 0.05526421944332392 0.023433088650479956
0 0.24808390480032272 0.23630717108977978 0.005647438483259379 0.010163749294184076
0 0.2888261395724082 0.2354601919819311 0.06131504638967326 0.021456804065499716
0 0.36062928600242034 0.2329192546583851 0.08632513110125051 0.03670242800677583
0 0.41488503428801937 0.2391304347826087 0.004437273093989512 0.007340485601355167
0 0.41750705929810406 0.23461321287408243 0.0016135538523598225 0.001129305477131564
0 0.4334409035901573 0.23207227555053642 0.01653892698668818 0.01355166572557877
0 0.44937474788221055 0.2329192546583851 0.017749092375958047 0.011857707509881422
0 0.4846712384025817 0.23221343873517786 0.056070996369503835 0.012140033879164314
0 0.5421540943929004 0.2285431959345003 0.028237192416296894 0.021739130434782608
0 0.5617184348527632 0.2339073969508752 0.022993142396127472 0.011575381140598532
0 0.5629286002420331 0.22106154714850368 0.0028237192416296895 0.002258610954263128
0 0.5883420734167003 0.22713156408808582 0.0391286809197257 0.0251270468661773
0 0.618192819685357 0.2339073969508752 0.02379991932230738 0.010446075663466968
0 0.6514723678902783 0.23193111236589498 0.04195240016135539 0.016092603049124788
0 0.7299314239612748 0.23348390739695088 0.08430818878580072 0.0378317334839074
0 0.7807583703106091 0.23376623376623376 0.02218636546994756 0.009034443817052512
0 0.8100040338846309 0.22882552230378317 0.03307785397337636 0.020609824957651044
0 0.8505445744251714 0.2316487859966121 0.025413473174667203 0.010446075663466968
0 0.891085114965712 0.2289666854884246 0.050826946349334406 0.0220214568040655
0 0.17486889874949577 0.27540937323546016 0.09156918112141993 0.025691699604743084
0 0.2236789027833804 0.282326369282891 0.0052440500201694235 0.006775832862789385
0 0.24223477208551836 0.2824675324675325 0.02864058087938685 0.011575381140598532
0 0.2581686163775716 0.2826086956521739 0.005647438483259379 0.00282326369282891
0 0.26421944332392094 0.2837380011293055 0.004033884630899556 0.006211180124223602
0 0.282170229931424 0.2761151891586674 0.030254134731746672 0.0220214568040655
0 0.3338039532069383 0.27851496329757197 0.03751512706736587 0.03190287972896669
0 0.37898346107301334 0.27837380011293056 0.03751512706736587 0.024280067758328628
0 0.36809197256958454 0.26905702992659514 0.0028237192416296895 0.0016939582156973462
0 0.4255748285599032 0.282326369282891 0.01290843081887858 0.014680971202710334
0 0.4653085921742638 0.2875494071146245 0.06978620411456232 0.039243365330321855
0 0.49052037111738606 0.2725861095426313 0.004840661557079467 0.001976284584980237
0 0.518152480839048 0.277244494635799 0.03670835014118596 0.025974025974025976
0 0.5718031464300121 0.28585544889892717 0.04961678096006454 0.04488989271597967
0 0.663775716014522 0.2761151891586674 0.09802339653085922 0.024280067758328628
0 0.7244856797095603 0.2859966120835686 0.02501008471157725 0.019762845849802372
0 0.753731343283582 0.2831733483907397 0.03509479628882614 0.009599096555618294
0 0.7468737394110528 0.2715979672501412 0.0028237192416296895 0.00282326369282891
0 0.7811617587736991 0.29178430265386784 0.021379588543767647 0.03190287972896669
0 0.8336022589753933 0.27639751552795033 0.043162565550625254 0.025409373235460192
0 0.21379588543767647 0.3370976849237719 0.14683340056474384 0.04009034443817053
0 0.3281565147236789 0.33145115753811405 0.026220250100847116 0.012422360248447204
0 0.3830173457039129 0.3337097684923772 0.03428801936264623 0.011857707509881422
0 0.46571198063735375 0.32919254658385094 0.12787414279951592 0.0220214568040655
0 0.5429608713190803 0.3349802371541502 0.02581686163775716 0.007622811970638058
0 0.5853166599435257 0.3297571993224167 0.05244050020169423 0.023715415019762844
0 0.6244453408632513 0.33356860530773574 0.026623638563937072 0.013269339356295878
0 0.6169826542960871 0.32241671372106157 0.002016942315449778 0.00282326369282891
0 0.6780960064542154 0.3328627893845285 0.03469140782573618 0.012987012987012988
0 0.673053650665591 0.31832298136645965 0.0028237192416296895 0.002540937323546019
0 0.7208551835417507 0.33328627893845286 0.04679306171843485 0.01101072840203275
0 0.7634126663977411 0.3290513833992095 0.04154901169826543 0.021739130434782608
0 0.8039532069382815 0.3298983625070582 0.05405405405405406 0.022303783173348392
0 0.8438886647841872 0.32891022021456806 0.03146430012101654 0.020892151326933936
0 0.8352158128277531 0.32481648785996614 0.002016942315449778 0.001976284584980237
0 0.8868495361032674 0.33582721626199885 0.04800322710770472 0.037549407114624504
0 0.8654699475594998 0.3243929983060418 0.002016942315449778 0.0016939582156973462
0 0.13392496974586526 0.38438735177865613 0.01371520774505849 0.013269339356295878
0 0.14481645824929407 0.38523433088650477 0.005647438483259379 0.011575381140598532
0 0.1661960467930617 0.38015245623941274 0.03469140782573618 0.021739130434782608
0 0.1510689794271884 0.37422360248447206 0.002016942315449778 0.002540937323546019
0 0.2109721661960468 0.3790231507622812 0.028237192416296894 0.022303783173348392
0 0.24324324324324326 0.378317334839074 0.033884630899556276 0.030491247882552232
0 0.291044776119403 0.3771880293619424 0.03509479628882614 0.025974025974025976
0 0.28075837031060913 0.36773009599096557 0.0024203307785397336 0.001411631846414455
0 0.3499394917305365 0.38297571993224166 0.04154901169826543 0.013269339356295878
0 0.3890681726502622 0.37789384528514963 0.03509479628882614 0.021739130434782608
0 0.42416296893908834 0.37972896668548844 0.03751512706736587 0.018068887634105024
0 0.49757966922146024 0.37874082439299833 0.07624041952400161 0.02456239412761152
0 0.5397337636143607 0.38325804630152455 0.021782977006857603 0.013269339356295878
0 0.5843081887858007 0.37789384528514963 0.06494554255748286 0.025691699604743084
0 0.6510689794271883 0.3836815358554489 0.04356595401371521 0.012987012987012988
0 0.6881807180314643 0.3804347826086957 0.03065752319483663 0.020045172219085264
0 0.7392093586123437 0.3790231507622812 0.052843888664784185 0.022868435911914172
0 0.7966922146026624 0.38509316770186336 0.02016942315449778 0.012987012987012988
0 0.8281565147236789 0.38410502540937325 0.04195240016135539 0.012140033879164314
0 0.8574021782977007 0.38015245623941274 0.022993142396127472 0.020045172219085264
0 0.8755546591367487 0.3814229249011858 0.033481242436466316 0.019762845849802372
0 0.1427995159338443 0.4329474872953134 0.041145623235175476 0.01383399209486166
0 0.21339249697458654 0.4323828345567476 0.10891488503428802 0.018351214003387916
0 0.2928600242033078 0.42758328627893843 0.026623638563937072 0.022868435911914172
0 0.3289632916498588 0.43478260869565216 0.04881000403388463 0.01129305477131564
0 0.32109721661960466 0.4193958215697346 0.003227107704719645 0.002540937323546019
0 0.38664784187172246 0.43478260869565216 0.033481242436466316 0.009034443817052512
0 0.3795885437676482 0.4201016374929418 0.003227107704719645 0.0033879164313946925
0 0.45966115369100446 0.4333709768492377 0.07462686567164178 0.014116318464144552
0 0.537111738604276 0.43492377188029363 0.09560306575231949 0.03359683794466403
0 0.5919725695845098 0.43873517786561267 0.007664380798709157 0.01129305477131564
0 0.5954013715207745 0.4322416713721062 0.0016135538523598225 0.001129305477131564
0 0.626663977410246 0.43351214003387917 0.04235578862444534 0.014398644833427442
0 0.6780960064542154 0.43068887634105024 0.0645421540943929 0.020609824957651044
0 0.7212585720048407 0.4343591191417278 0.03791851553045583 0.012704686617730096
0 0.7948769665187576 0.43068887634105024 0.10770471964501815 0.022868435911914172
0 0.7474788221056877 0.4309712027103331 0.0024203307785397336 0.001976284584980237
0 0.8432835820895522 0.4277244494635799 0.002016942315449778 0.001129305477131564
0 0.8900766438079871 0.4295595708639187 0.0391286809197257 0.023433088650479956
0 0.9308188785800726 0.43252399774138905 0.025413473174667203 0.002258610954263128
0 0.16498588140379186 0.4808018068887634 0.09116579265832997 0.024280067758328628
0 0.23033481242436465 0.4878599661208357 0.04195240016135539 0.012422360248447204
0 0.21258572004840662 0.4754376058723885 0.0024203307785397336 0.00282326369282891
0 0.2613957240822912 0.48983625070581593 0.0024203307785397336 0.0016939582156973462
0 0.29386849536103266 0.4803783173348391 0.02379991932230738 0.022868435911914172
0 0.3108108108108108 0.48616600790513836 0.022993142396127472 0.011857707509881422
0 0.39310205728116177 0.48320158102766797 0.10528438886647842 0.022303783173348392
0 0.45320693828156516 0.49110671936758893 0.01008471157724889 0.014963297571993224
0 0.481645824929407 0.4901185770750988 0.042759177087535294 0.023150762281197064
0 0.5127067365873336 0.4867306606437041 0.01855586930213796 0.010728402032749858
0 0.5294473578055667 0.4860248447204969 0.02218636546994756 0.01101072840203275
0 0.5550625252117789 0.49082439299830605 0.041145623235175476 0.020609824957651044
0 0.5867285195643405 0.4916713721061547 0.0060508269463493344 0.007058159232072276
0 0.6367486889874949 0.4922360248447205 0.07462686567164178 0.029079616036137776
0 0.7016942315449778 0.48433088650479955 0.02218636546994756 0.016092603049124788
0 0.7260992335619201 0.4776962168266516 0.028237192416296894 0.024280067758328628
0 0.7872125857200484 0.4795313382269904 0.09076240419524001 0.023433088650479956
0 0.8709156918112142 0.4848955392433653 0.048406615570794675 0.01383399209486166
0 0.9108511496571198 0.487012987012987 0.021782977006857603 0.012422360248447204
0 0.9421137555465914 0.48207227555053644 0.040742234772085516 0.023433088650479956
0 0.14784187172246874 0.5314793901750423 0.06575231948366277 0.026256352343308864
0 0.24687373941105284 0.5283738001129306 0.09681323114158935 0.026256352343308864
0 0.3138362242839855 0.5351496329757199 0.04356595401371521 0.03359683794466403
0 0.3567970956030658 0.5341614906832298 0.020572811617587738 0.015245623941276116
0 0.3765631302944736 0.53613777526821 0.022993142396127472 0.012422360248447204
0 0.4211375554659137 0.5357142857142857 0.06776926179911255 0.014398644833427442
0 0.4899152884227511 0.5337380011293055 0.06736587333602259 0.023433088650479956
0 0.5590964098426785 0.5333145115753811 0.03065752319483663 0.031055900621118012
0 0.553852359822509 0.5230095990965556 0.003227107704719645 0.002540937323546019
0 0.5964098426784994 0.5362789384528515 0.038321903993545785 0.012704686617730096
0 0.653892698668818 0.5321852060982496 0.04517950786607503 0.0220214568040655
0 0.6897942718838241 0.5331733483907397 0.028237192416296894 0.01948051948051948
0 0.7267043162565551 0.5337380011293055 0.02218636546994756 0.012704686617730096
0 0.7666397741024606 0.5304912478825522 0.0318676885841065 0.0220214568040655
0 0.8126260588947156 0.5303500846979108 0.06171843485276321 0.0251270468661773
0 0.7890278338039532 0.5263975155279503 0.0016135538523598225 0.001411631846414455
0 0.8737394110528439 0.5375494071146245 0.029043969342476807 0.01129305477131564
0 0.8854376764824526 0.5333145115753811 0.0016135538523598225 0.001129305477131564
0 0.9205324727712787 0.5392433653303218 0.0645421540943929 0.012987012987012988
0 0.15490116982654295 0.5838509316770186 0.05647438483259379 0.03274985883681536
0 0.18334005647438484 0.5774985883681536 0.002016942315449778 0.001976284584980237
0 0.20330778539733763 0.581451157538114 0.041145623235175476 0.02456239412761152
0 0.2624041952400161 0.5863918690005646 0.0326744655102864 0.012987012987012988
0 0.2589753933037515 0.5731225296442688 0.004033884630899556 0.00282326369282891
0 0.32654296087131907 0.580180688876341 0.05929810407422348 0.025409373235460192
0 0.3872529245663574 0.5846979107848673 0.021782977006857603 0.014116318464144552
0 0.4257765227914482 0.5940146809712027 0.05687777329568374 0.032185206098249576
0 0.4878983461073013 0.5862507058159232 0.035901573215006054 0.013269339356295878
0 0.4844695441710367 0.573828345567476 0.004033884630899556 0.003105590062111801
0 0.5389269866881807 0.5856860530773574 0.020976200080677694 0.01383399209486166
0 0.5540540540540541 0.5862507058159232 0.0060508269463493344 0.01101072840203275
0 0.5806776926179911 0.5813099943534726 0.04477611940298507 0.02258610954263128
0 0.5601048810004033 0.5774985883681536 0.002016942315449778 0.003105590062111801
0 0.6353368293666801 0.5818746470920384 0.02743041549011698 0.021456804065499716
0 0.6532876159741832 0.5796160361377752 0.014118596208148447 0.020327498588368152
0 0.6597418313836224 0.586815358554489 0.01573215006050827 0.012704686617730096
0 0.6744655102864058 0.5889328063241107 0.003227107704719645 0.00282326369282891
0 0.7020976200080677 0.5704404291360813 0.03428801936264623 0.0036702428006775835
0 0.6976603469140783 0.5824392998306042 0.018959257765227916 0.018633540372670808
0 0.7337636143606293 0.5858272162619989 0.05970149253731343 0.012987012987012988
0 0.7206534893102057 0.5796160361377752 0.002016942315449778 0.001129305477131564
0 0.7710770471964502 0.5849802371541502 0.01734570391286809 0.012422360248447204
0 0.7668414683340057 0.5753811405985318 0.0016135538523598225 0.0016939582156973462
0 0.8146430012101654 0.5844155844155844 0.02944735780556676 0.011857707509881422
0 0.8594191206131505 0.5856860530773574 0.06010488100040339 0.013269339356295878
0 0.890681726502622 0.5763692828910221 0.0016135538523598225 0.001411631846414455
0 0.9060104881000404 0.5862507058159232 0.016135538523598225 0.001976284584980237
0 0.1345300524405002 0.6404573687182383 0.024606696248487294 0.023997741389045736
0 0.16438079870915692 0.6338226990400904 0.035901573215006054 0.021456804065499716
0 0.1990722065348931 0.6314229249011858 0.0463896732553449 0.025691699604743084
0 0.23618394513916902 0.6331168831168831 0.02702702702702703 0.021739130434782608
0 0.3100040338846309 0.6324110671936759 0.06252521177894312 0.023715415019762844
0 0.3303751512706737 0.6284584980237155 0.0016135538523598225 0.002258610954263128
0 0.40943929003630497 0.6318464144551101 0.08874546187979024 0.025409373235460192
0 0.46147640177490923 0.6366459627329193 0.02581686163775716 0.012987012987012988
0 0.5118999596611536 0.6319875776397516 0.07664380798709157 0.023997741389045736
0 0.5605082694634933 0.639751552795031 0.002016942315449778 0.0016939582156973462
