0 0.16599435256151673 0.2245906267645398 0.025413473174667203 0.025691699604743084
0 0.18697055264219442 0.2323546019198193 0.011698265429608713 0.01637492941840768
0 0.23315853166599435 0.22656691134952003 0.012101653892698669 0.01948051948051948
0 0.24405002016942315 0.2329192546583851 0.004033884630899556 0.005081874647092038
0 0.25978217022993144 0.22684923771880294 0.012101653892698669 0.01948051948051948
0 0.2835820895522388 0.22811970638057594 0.02501008471157725 0.01693958215697346
0 0.3412666397741025 0.23094297007340486 0.024203307785397338 0.012987012987012988
0 0.3489310205728116 0.21852060982495766 0.003227107704719645 0.005081874647092038
0 0.37232755143202906 0.2251552795031056 0.029850746268656716 0.028514963297571992
0 0.41427995159338443 0.23023715415019763 0.01371520774505849 0.014398644833427442
0 0.44876966518757566 0.2316487859966121 0.05687777329568374 0.012704686617730096
0 0.5082694634933441 0.22939017504234896 0.016135538523598225 0.00818746470920384
0 0.5147236789027834 0.2245906267645398 0.0024203307785397336 0.001411631846414455
0 0.5734167002823719 0.2204968944099379 0.05203711173860428 0.028797289666854884
0 0.63614360629286 0.2224731789949181 0.03065752319483663 0.025974025974025976
0 0.6787010891488503 0.23080180688876342 0.012505042355788625 0.00818746470920384
0 0.7238805970149254 0.2354601919819311 0.03751512706736587 0.021456804065499716
0 0.7732956837434449 0.2264257481648786 0.02501008471157725 0.011857707509881422
0 0.8120209762000806 0.23503670242800678 0.026623638563937072 0.023433088650479956
0 0.8069786204114562 0.2305194805194805 0.0028237192416296895 0.0008469791078486731
0 0.15671641791044777 0.2707509881422925 0.035901573215006054 0.029361942405420668
0 0.2099636950383219 0.2816205533596838 0.012505042355788625 0.009316770186335404
0 0.2519160951996773 0.28303218520609824 0.027833803953206938 0.007058159232072276
0 0.27410246066962485 0.28303218520609824 0.01734570391286809 0.005928853754940711
0 0.3130294473578056 0.2745623941276115 0.012101653892698669 0.021739130434782608
0 0.32331585316659944 0.2738565782044043 0.0012101653892698668 0.002258610954263128
0 0.32432432432432434 0.2816205533596838 0.003227107704719645 0.006493506493506494
0 0.3323920935861234 0.2795031055900621 0.007260992335619202 0.012987012987012988
0 0.36163775716014523 0.2821852060982496 0.008471157724889069 0.012140033879164314
0 0.3741427995159338 0.2816205533596838 0.008471157724889069 0.005928853754940711
0 0.3929003630496168 0.2855731225296443 0.023396530859217425 0.020045172219085264
0 0.41407825736183945 0.2841614906832298 0.003630496167809601 0.001976284584980237
0 0.46329164985881405 0.27188029361942406 0.03428801936264623 0.024280067758328628
0 0.5237999193223074 0.28486730660643705 0.03428801936264623 0.029926595143986448
0 0.5530455828963292 0.27498588368153587 0.023396530859217425 0.02710333145115754
0 0.6026623638563937 0.27428006775832864 0.029850746268656716 0.01948051948051948
0 0.653892698668818 0.2738565782044043 0.03065752319483663 0.0220214568040655
0 0.672045179507866 0.2768210050818746 0.003227107704719645 0.014398644833427442
0 0.7103670835014119 0.27343308865047994 0.028237192416296894 0.028514963297571992
0 0.7333602258975394 0.2826086956521739 0.014521984671238403 0.007340485601355167
0 0.735982250907624 0.274703557312253 0.0028237192416296895 0.00282326369282891
0 0.7591770875352964 0.2780914737436477 0.029850746268656716 0.021456804065499716
0 0.8100040338846309 0.277244494635799 0.022589753933037516 0.014116318464144552
0 0.14521984671238403 0.3242518351214003 0.016942315449778138 0.032467532467532464
0 0.15429608713190804 0.3321569734613213 0.002016942315449778 0.007058159232072276
0 0.15974183138362244 0.3277809147374365 0.012101653892698669 0.020327498588368152
0 0.17043162565550626 0.3198757763975155 0.0012101653892698668 0.001129305477131564
0 0.17164179104477612 0.3339920948616601 0.003630496167809601 0.006775832862789385
0 0.1801129487696652 0.33328627893845286 0.013311819281968536 0.00818746470920384
0 0.19685356998789835 0.3266516092603049 0.02016942315449778 0.01693958215697346
0 0.26321097216619604 0.32495765104460755 0.04719645018152481 0.03500846979107849
0 0.3408632513110125 0.3246753246753247 0.03469140782573618 0.02710333145115754
0 0.3338039532069383 0.32891022021456806 0.0028237192416296895 0.001129305477131564
0 0.39673255344897135 0.3255223037831734 0.0052440500201694235 0.021456804065499716
0 0.41609519967728925 0.3373800112930548 0.02944735780556676 0.020892151326933936
0 0.46409842678499397 0.326369282891022 0.007664380798709157 0.024844720496894408
0 0.49959661153691004 0.32622811970638055 0.058491327148043566 0.027385657820440428
0 0.5568777732956838 0.32622811970638055 0.012505042355788625 0.023433088650479956
0 0.5677692617991126 0.33455674760022586 0.004437273093989512 0.007905138339920948
0 0.5707946752722872 0.3272162619988707 0.007260992335619202 0.005081874647092038
0 0.5772488906817265 0.3351214003387916 0.007260992335619202 0.012422360248447204
0 0.6256555062525212 0.3352625635234331 0.024203307785397338 0.009881422924901186
0 0.6498588140379186 0.33272162619988704 0.02501008471157725 0.014398644833427442
0 0.6813231141589351 0.3402032749858837 0.02016942315449778 0.019762845849802372
0 0.6877773295683743 0.32735742518351213 0.0024203307785397336 0.004234895539243365
0 0.7004840661557079 0.3334274421230943 0.018152480839048003 0.010728402032749858
0 0.7148043565954014 0.339356295878035 0.008874546187979023 0.024844720496894408
0 0.7484872932634127 0.32396950875211744 0.0028237192416296895 0.004799548277809147
0 0.7498991528842275 0.3349802371541502 0.004033884630899556 0.00818746470920384
0 0.7587736990722065 0.3344155844155844 0.010488100040338847 0.005928853754940711
0 0.7771278741427995 0.33201581027667987 0.02218636546994756 0.012422360248447204
0 0.8196853569987899 0.3231225296442688 0.010488100040338847 0.028514963297571992
0 0.8249294070189592 0.3296160361377753 0.0016135538523598225 0.004234895539243365
0 0.8271480435659541 0.3191699604743083 0.0012101653892698668 0.0008469791078486731
0 0.827551432029044 0.3166290231507623 0.0012101653892698668 0.0036702428006775835
0 0.8422751109318274 0.3242518351214003 0.02743041549011698 0.026256352343308864
0 0.14158935054457442 0.36363636363636365 0.0016135538523598225 0.002258610954263128
0 0.15288422751109318 0.37422360248447206 0.024203307785397338 0.029079616036137776
0 0.16841468334005646 0.3747882552230378 0.008471157724889069 0.026821005081874648
0 0.1744655102864058 0.37549407114624506 0.0060508269463493344 0.025974025974025976
0 0.1801129487696652 0.3921513269339356 0.01734570391286809 0.023715415019762844
0 0.20371117386042759 0.3849520045172219 0.02501008471157725 0.008752117447769622
0 0.22730939895118998 0.3739412761151892 0.019766034691407825 0.029644268774703556
0 0.28176684146833403 0.38325804630152455 0.031060911657926585 0.009316770186335404
0 0.3098023396530859 0.383399209486166 0.022589753933037516 0.010163749294184076
0 0.3293666801129488 0.3920101637492942 0.003630496167809601 0.002540937323546019
0 0.15449778136345302 0.4280067758328628 0.01371520774505849 0.020892151326933936
0 0.17244856797095603 0.4267363071710898 0.018152480839048003 0.018351214003387916
0 0.17144009681323114 0.42504234895539245 0.005647438483259379 0.001411631846414455
0 0.19120613150463897 0.42814793901750425 0.015328761597418314 0.016657255787690572
0 0.20229931423961275 0.42828910220214567 0.010891488503428802 0.020892151326933936
0 0.21419927390076643 0.4321005081874647 0.00645421540943929 0.018351214003387916
0 0.22851956434045986 0.4292772444946358 0.014925373134328358 0.016092603049124788
0 0.24203307785397338 0.43280632411067194 0.016135538523598225 0.019198193111236588
0 0.26058894715611136 0.4323828345567476 0.003227107704719645 0.001976284584980237
0 0.26401774909237596 0.4373235460191982 0.0028237192416296895 0.0016939582156973462
0 0.28075837031060913 0.42292490118577075 0.0024203307785397336 0.0016939582156973462
0 0.28963291649858813 0.4343591191417278 0.016942315449778138 0.020609824957651044
0 0.30597014925373134 0.43690005646527386 0.012505042355788625 0.009881422924901186
0 0.318273497377975 0.43562958780350086 0.008874546187979023 0.009599096555618294
0 0.32876159741831384 0.44226425748164877 0.011294876966518758 0.025691699604743084
0 0.3402581686163776 0.42857142857142855 0.019766034691407825 0.025974025974025976
0 0.36143606292860025 0.43873517786561267 0.02501008471157725 0.012987012987012988
0 0.39753933037515127 0.4352060982495765 0.011698265429608713 0.01101072840203275
0 0.41750705929810406 0.42758328627893843 0.03307785397337636 0.023433088650479956
0 0.4346510689794272 0.4257481648785997 0.013311819281968536 0.025974025974025976
0 0.44876966518757566 0.4298418972332016 0.014118596208148447 0.023433088650479956
0 0.49616780960064544 0.4277244494635799 0.03146430012101654 0.024280067758328628
0 0.5217829770068576 0.4354884246188594 0.021379588543767647 0.00818746470920384
0 0.5645421540943929 0.4332298136645963 0.02218636546994756 0.031338226990400904
0 0.5822912464703509 0.4364765669113495 0.0060508269463493344 0.00282326369282891
0 0.5921742638160549 0.43802936194240544 0.010488100040338847 0.01948051948051948
0 0.617789431222267 0.43591191417278374 0.03751512706736587 0.01129305477131564
0 0.6464300121016539 0.4278656126482213 0.014118596208148447 0.0251270468661773
0 0.682129891085115 0.4298418972332016 0.012101653892698669 0.0189158667419537
0 0.6964501815248084 0.42715979672501414 0.024606696248487294 0.026538678712591756
0 0.7027027027027027 0.42828910220214567 0.005647438483259379 0.0033879164313946925
0 0.7119806373537717 0.43379446640316205 0.008067769261799113 0.008752117447769622
0 0.7525211778943123 0.4373235460191982 0.020572811617587738 0.01693958215697346
0 0.7684550221863655 0.43915866741953696 0.009681323114158934 0.020609824957651044
0 0.781766841468334 0.4352060982495765 0.014521984671238403 0.01101072840203275
0 0.7958854376764825 0.435347261434218 0.012101653892698669 0.006775832862789385
0 0.8081887858007261 0.435347261434218 0.010891488503428802 0.00846979107848673
0 0.8229124647035094 0.43125352907961606 0.024203307785397338 0.027385657820440428
0 0.8428801936264623 0.4405702992659514 0.003630496167809601 0.001976284584980237
0 0.1674062121823316 0.4771315640880858 0.02501008471157725 0.0220214568040655
0 0.19060104881000403 0.4829192546583851 0.014118596208148447 0.015527950310559006
0 0.2055264219443324 0.4810841332580463 0.012505042355788625 0.015810276679841896
0 0.22771278741427994 0.4813664596273292 0.02702702702702703 0.019762845849802372
0 0.25514320290439696 0.48122529644268774 0.018959257765227916 0.016092603049124788
0 0.2781363453005244 0.48461321287408243 0.02864058087938685 0.010446075663466968
0 0.29043969342476805 0.4767080745341615 0.004033884630899556 0.003105590062111801
0 0.29608713190802743 0.4860248447204969 0.005647438483259379 0.00818746470920384
0 0.3043565954013715 0.4867306606437041 0.013311819281968536 0.015245623941276116
0 0.35599031867688585 0.4813664596273292 0.03670835014118596 0.02710333145115754
0 0.4005647438483259 0.4906832298136646 0.016942315449778138 0.020892151326933936
0 0.3993545784590561 0.4792490118577075 0.004840661557079467 0.003105590062111801
0 0.4213392496974587 0.48531902879728966 0.012505042355788625 0.007340485601355167
0 0.43606292860024204 0.487012987012987 0.017749092375958047 0.01355166572557877
0 0.47498991528842277 0.47289666854884244 0.007664380798709157 0.021456804065499716
0 0.4963695038321904 0.4775550536420102 0.021379588543767647 0.031338226990400904
0 0.5131101250504235 0.48644833427442125 0.012101653892698669 0.017504234895539244
0 0.5584913271480436 0.47699040090344436 0.04154901169826543 0.03077357425183512
0 0.6125453812020977 0.47882552230378317 0.0326744655102864 0.029361942405420668
0 0.6583299717628076 0.4775550536420102 0.012101653892698669 0.03190287972896669
0 0.6813231141589351 0.4871541501976285 0.03307785397337636 0.017221908526256352
0 0.7287212585720049 0.4872953133822699 0.012505042355788625 0.014116318464144552
0 0.7434449374747882 0.48898927159796723 0.02016942315449778 0.00846979107848673
0 0.7716821298910851 0.4881422924901186 0.03146430012101654 0.010163749294184076
0 0.7581686163775716 0.4826369282891022 0.0012101653892698668 0.0008469791078486731
0 0.8102057281161759 0.4881422924901186 0.00927793465106898 0.005081874647092038
0 0.8225090762404196 0.475296442687747 0.009681323114158934 0.027385657820440428
0 0.8515530455828964 0.47656691134952006 0.011294876966518758 0.02766798418972332
0 0.8688987494957644 0.4767080745341615 0.023396530859217425 0.02456239412761152
0 0.14965711980637353 0.5263975155279503 0.016942315449778138 0.028514963297571992
0 0.16256555062525213 0.5269621682665161 0.020976200080677694 0.029644268774703556
0 0.1744655102864058 0.5266798418972332 0.01573215006050827 0.029079616036137776
0 0.18152480839048002 0.5278091473743648 0.01290843081887858 0.028514963297571992
0 0.20653489310205728 0.5431959345002824 0.053247277127874144 0.020327498588368152
0 0.24062121823315852 0.5295031055900621 0.01653892698668818 0.026256352343308864
0 0.2966922146026624 0.5333145115753811 0.043162565550625254 0.015245623941276116
0 0.32553448971359417 0.5347261434217956 0.009681323114158934 0.012987012987012988
0 0.3402581686163776 0.5382552230378317 0.019766034691407825 0.00818746470920384
0 0.35175473981444133 0.5369847543760587 0.011294876966518758 0.00846979107848673
0 0.36930213795885436 0.5376905702992659 0.02379991932230738 0.012704686617730096
0 0.3892698668818072 0.5454545454545454 0.005647438483259379 0.009034443817052512
0 0.4173053650665591 0.5338791643139469 0.01008471157724889 0.01637492941840768
0 0.43686970552642196 0.5287972896668549 0.03872529245663574 0.026538678712591756
0 0.46571198063735375 0.5385375494071146 0.02218636546994756 0.020045172219085264
0 0.5046389673255345 0.5333145115753811 0.02501008471157725 0.014116318464144552
0 0.5478015328761597 0.538961038961039 0.016942315449778138 0.007905138339920948
0 0.5885437676482452 0.5368435911914172 0.028237192416296894 0.01101072840203275
0 0.6179911254538121 0.5340203274985884 0.02743041549011698 0.018351214003387916
0 0.6665994352561517 0.5431959345002824 0.03751512706736587 0.018633540372670808
0 0.7111738604275918 0.5319028797289667 0.06131504638967326 0.025409373235460192
0 0.7480839048003227 0.5406549971767363 0.00927793465106898 0.004517221908526256
0 0.7710770471964502 0.5405138339920948 0.030254134731746672 0.008752117447769622
0 0.800726099233562 0.5307735742518351 0.010488100040338847 0.006775832862789385
0 0.8073820088745461 0.5405138339920948 0.0060508269463493344 0.005928853754940711
0 0.8202904396934247 0.5393845285149633 0.021379588543767647 0.00818746470920384
0 0.15409439290036306 0.5734048560135516 0.0024203307785397336 0.00846979107848673
0 0.1581282775312626 0.577639751552795 0.004840661557079467 0.010163749294184076
0 0.18334005647438484 0.5825804630152456 0.033481242436466316 0.021174477696216828
0 0.21520774505849133 0.5865330321852061 0.031060911657926585 0.014398644833427442
0 0.25312626058894716 0.5899209486166008 0.01008471157724889 0.005928853754940711
0 0.26220250100847114 0.5838509316770186 0.017749092375958047 0.02710333145115754
0 0.3120209762000807 0.5787690570299266 0.033481242436466316 0.025409373235460192
0 0.33198870512303347 0.5866741953698476 0.008874546187979023 0.010163749294184076
0 0.3446954417103671 0.568746470920384 0.0028237192416296895 0.007622811970638058
0 0.3499394917305365 0.5707227555053642 0.0028237192416296895 0.005928853754940711
0 0.37777329568374346 0.5820158102766798 0.010891488503428802 0.023433088650479956
0 0.3874546187979024 0.5739695087521175 0.002016942315449778 0.001129305477131564
0 0.39693424768051633 0.5837097684923772 0.01936264622831787 0.017221908526256352
0 0.4374747882210569 0.5882269904009034 0.057684550221863654 0.012140033879164314
0 0.48507462686567165 0.5831451157538114 0.018152480839048003 0.023433088650479956
0 0.5167406212182332 0.5825804630152456 0.04517950786607503 0.022303783173348392
0 0.5540540540540541 0.5882269904009034 0.026220250100847116 0.010446075663466968
0 0.5754336425978217 0.597261434217956 0.003630496167809601 0.007058159232072276
0 0.6030657523194837 0.577922077922078 0.003227107704719645 0.005081874647092038
0 0.608309802339653 0.5789102202145681 0.0024203307785397336 0.005928853754940711
0 0.6238402581686163 0.5862507058159232 0.018959257765227916 0.014963297571993224
0 0.6389673255344898 0.5791925465838509 0.003227107704719645 0.005364201016374929
0 0.6460266236385639 0.5800395256916996 0.002016942315449778 0.005364201016374929
0 0.6607503025413474 0.5852625635234331 0.011294876966518758 0.029361942405420668
0 0.672448567970956 0.5928853754940712 0.0024203307785397336 0.0016939582156973462
