0 0.13695038321903993 0.2555053642010164 0.002016942315449778 0.006211180124223602
0 0.14219443323920936 0.2553642010163749 0.003630496167809601 0.004799548277809147
0 0.15611133521581283 0.2648221343873518 0.012101653892698669 0.02710333145115754
0 0.17103670835014118 0.27428006775832864 0.010488100040338847 0.011575381140598532
0 0.1811214199273901 0.26877470355731226 0.009681323114158934 0.019762845849802372
0 0.19241629689390882 0.2586109542631282 0.0024203307785397336 0.006211180124223602
0 0.20028237192416296 0.27498588368153587 0.008471157724889069 0.010163749294184076
0 0.2382008874546188 0.2689158667419537 0.012505042355788625 0.02456239412761152
0 0.254941508672852 0.2758328627893845 0.021782977006857603 0.010163749294184076
0 0.2734973779749899 0.2756916996047431 0.009681323114158934 0.009881422924901186
0 0.3098023396530859 0.27625635234330886 0.011294876966518758 0.01101072840203275
0 0.3291649858814038 0.27738565782044045 0.022589753933037516 0.009881422924901186
0 0.34630899556272693 0.2725861095426313 0.00927793465106898 0.017221908526256352
0 0.3580072609923356 0.2715979672501412 0.008471157724889069 0.019198193111236588
0 0.37333602258975396 0.2758328627893845 0.020572811617587738 0.010163749294184076
0 0.40298507462686567 0.27526821005081875 0.011294876966518758 0.010728402032749858
0 0.4070189592577652 0.26905702992659514 0.004840661557079467 0.001129305477131564
0 0.4164985881403792 0.27710333145115756 0.01008471157724889 0.008752117447769622
0 0.4235578862444534 0.27428006775832864 0.0016135538523598225 0.001411631846414455
0 0.4279951593384429 0.27639751552795033 0.010488100040338847 0.00846979107848673
0 0.4390883420734167 0.2844438170525127 0.014118596208148447 0.026821005081874648
0 0.48668818071803144 0.27710333145115756 0.006857603872529245 0.009316770186335404
0 0.4947559499798306 0.27625635234330886 0.008471157724889069 0.009881422924901186
0 0.5034288019362646 0.2766798418972332 0.0024203307785397336 0.006775832862789385
0 0.5054457442517144 0.26905702992659514 0.0016135538523598225 0.002258610954263128
0 0.5112948769665188 0.2735742518351214 0.008471157724889069 0.015245623941276116
0 0.5213795885437676 0.2723037831733484 0.00927793465106898 0.016092603049124788
0 0.5484066155707946 0.27540937323546016 0.011698265429608713 0.009881422924901186
0 0.582089552238806 0.27625635234330886 0.01371520774505849 0.008752117447769622
0 0.5968132311415894 0.2769621682665161 0.01008471157724889 0.007905138339920948
0 0.6062928600242034 0.27738565782044045 0.009681323114158934 0.00818746470920384
0 0.6232351754739814 0.2737154150197628 0.016135538523598225 0.016092603049124788
0 0.6585316659943525 0.2776679841897233 0.0028237192416296895 0.004799548277809147
0 0.6688180718031465 0.27780914737436474 0.009681323114158934 0.006775832862789385
0 0.691407825736184 0.27851496329757197 0.0024203307785397336 0.005928853754940711
0 0.6920129084308189 0.26877470355731226 0.0012101653892698668 0.001129305477131564
0 0.7008874546187979 0.27526821005081875 0.007664380798709157 0.014116318464144552
0 0.7075433642597821 0.28514963297571994 0.003227107704719645 0.004517221908526256
0 0.7121823315853166 0.2673630717108978 0.0028237192416296895 0.005081874647092038
0 0.7166196046793062 0.26693958215697344 0.0028237192416296895 0.004234895539243365
0 0.7299314239612748 0.2779503105590062 0.01008471157724889 0.009316770186335404
0 0.745663574021783 0.27837380011293056 0.01653892698668818 0.007905138339920948
0 0.753731343283582 0.27089215132693395 0.0012101653892698668 0.001411631846414455
0 0.7613957240822913 0.27442123094297005 0.011698265429608713 0.015810276679841896
0 0.7922549415086728 0.2652456239412761 0.01371520774505849 0.002540937323546019
0 0.7894312222670432 0.2727272727272727 0.007260992335619202 0.012987012987012988
0 0.799919322307382 0.2761151891586674 0.010488100040338847 0.009034443817052512
0 0.8128277531262605 0.27117447769621683 0.01371520774505849 0.017221908526256352
0 0.827349737797499 0.2735742518351214 0.02016942315449778 0.015245623941276116
0 0.8438886647841872 0.2811970638057595 0.0016135538523598225 0.001129305477131564
0 0.8616377571601452 0.2732919254658385 0.01855586930213796 0.015810276679841896
0 0.8745461879790238 0.27752682100508186 0.008067769261799113 0.007340485601355167
0 0.882210568777733 0.28063241106719367 0.0016135538523598225 0.001129305477131564
0 0.13473174667204518 0.32481648785996614 0.011294876966518758 0.016657255787690572
0 0.14521984671238403 0.3235460191981931 0.009681323114158934 0.020892151326933936
0 0.16256555062525213 0.3300395256916996 0.022589753933037516 0.009034443817052512
0 0.18031464300121017 0.32481648785996614 0.010488100040338847 0.01948051948051948
0 0.19160951996772893 0.33046301524562394 0.017749092375958047 0.01101072840203275
0 0.24405002016942315 0.3266516092603049 0.010488100040338847 0.00846979107848673
0 0.25554659136748686 0.32284020327498586 0.00927793465106898 0.016657255787690572
0 0.26603469140782576 0.32269904009034445 0.008471157724889069 0.019198193111236588
0 0.27148043565954016 0.3286278938452851 0.004033884630899556 0.006211180124223602
0 0.27410246066962485 0.32128740824393 0.0012101653892698668 0.0016939582156973462
0 0.27934651068979427 0.334274421230943 0.011698265429608713 0.021456804065499716
0 0.29689390883420735 0.32495765104460755 0.01936264622831787 0.017504234895539244
0 0.35034288019362647 0.32622811970638055 0.01573215006050827 0.009316770186335404
0 0.36143606292860025 0.32679277244494637 0.003227107704719645 0.005928853754940711
0 0.363654699475595 0.3181818181818182 0.0012101653892698668 0.00282326369282891
0 0.3701089148850343 0.3246753246753247 0.007664380798709157 0.014116318464144552
0 0.3799919322307382 0.32382834556747603 0.010488100040338847 0.015245623941276116
0 0.4060104881000403 0.3166290231507623 0.002016942315449778 0.004799548277809147
0 0.40923759580476 0.3167701863354037 0.0028237192416296895 0.005081874647092038
0 0.42214602662363854 0.3234048560135517 0.00927793465106898 0.015527950310559006
0 0.4308188785800726 0.3307453416149068 0.011294876966518758 0.016092603049124788
0 0.4417103670835014 0.32820440429136083 0.008067769261799113 0.00818746470920384
0 0.4473578055667608 0.3294748729531338 0.003227107704719645 0.00564652738565782
0 0.45683743444937475 0.32481648785996614 0.010891488503428802 0.014963297571993224
0 0.4858814037918516 0.3235460191981931 0.012505042355788625 0.015245623941276116
0 0.5016135538523598 0.32806324110671936 0.018959257765227916 0.00846979107848673
0 0.5155304558289633 0.32806324110671936 0.008874546187979023 0.009034443817052512
0 0.5264219443323921 0.32834556747600224 0.010488100040338847 0.007340485601355167
0 0.5383219039935457 0.3284867306606437 0.00927793465106898 0.00818746470920384
0 0.5516337232755143 0.32580463015245625 0.014118596208148447 0.01355166572557877
0 0.5625252117789431 0.32891022021456806 0.008471157724889069 0.007905138339920948
0 0.572609923356192 0.3201581027667984 0.0028237192416296895 0.005081874647092038
0 0.5770471964501815 0.3197346132128741 0.0028237192416296895 0.0036702428006775835
0 0.5808793868495361 0.3318746470920384 0.0016135538523598225 0.001411631846414455
0 0.6046793061718435 0.3156408808582722 0.012101653892698669 0.0016939582156973462
0 0.6022589753933038 0.3231225296442688 0.005647438483259379 0.013269339356295878
0 0.6167809600645422 0.3234048560135517 0.015328761597418314 0.016657255787690572
0 0.6244453408632513 0.32058159232072275 0.0016135538523598225 0.001411631846414455
0 0.6294876966518758 0.3266516092603049 0.01008471157724889 0.010163749294184076
0 0.6619604679306171 0.32735742518351213 0.015328761597418314 0.009881422924901186
0 0.6853569987898346 0.3265104460756635 0.029043969342476807 0.009316770186335404
0 0.7263009277934651 0.327639751552795 0.0028237192416296895 0.007058159232072276
0 0.7297297297297297 0.320016939582157 0.0016135538523598225 0.001411631846414455
0 0.736385639370714 0.32298136645962733 0.006857603872529245 0.014116318464144552
0 0.7660346914078258 0.33300395256917 0.01936264622831787 0.022868435911914172
0 0.7799515933844292 0.33272162619988704 0.014925373134328358 0.021739130434782608
0 0.8033481242436467 0.32707509881422925 0.030254134731746672 0.009316770186335404
0 0.8221056877773296 0.32735742518351213 0.009681323114158934 0.008752117447769622
0 0.8380395320693829 0.3337097684923772 0.004437273093989512 0.006211180124223602
0 0.8674868898749496 0.32594579333709767 0.014118596208148447 0.008752117447769622
0 0.13331988705123032 0.3719649915302089 0.00927793465106898 0.017786561264822136
0 0.145421540943929 0.37662337662337664 0.01008471157724889 0.009034443817052512
0 0.15732150060508268 0.3780350084697911 0.008874546187979023 0.007905138339920948
0 0.16680112948769665 0.3780350084697911 0.007664380798709157 0.00846979107848673
0 0.17567567567567569 0.3780350084697911 0.01008471157724889 0.020892151326933936
0 0.1845502218636547 0.3784584980237154 0.00927793465106898 0.00818746470920384
0 0.1962484872932634 0.37337662337662336 0.007664380798709157 0.017221908526256352
0 0.22791448164582492 0.37648221343873517 0.01371520774505849 0.009881422924901186
0 0.2434449374747882 0.3760587238848108 0.007664380798709157 0.009034443817052512
0 0.25655506252521176 0.3725296442687747 0.015328761597418314 0.0189158667419537
0 0.2712787414279952 0.3728119706380576 0.010891488503428802 0.015527950310559006
0 0.28136345300524407 0.38283455674760025 0.011698265429608713 0.020327498588368152
0 0.32109721661960466 0.3769057029926595 0.009681323114158934 0.010163749294184076
0 0.3327954820492134 0.37761151891586675 0.010488100040338847 0.00818746470920384
0 0.34489713594191207 0.37859966120835686 0.010488100040338847 0.00846979107848673
0 0.3582089552238806 0.383399209486166 0.01371520774505849 0.021456804065499716
0 0.39854780153287617 0.37775268210050816 0.0024203307785397336 0.006775832862789385
0 0.4110528438886648 0.3790231507622812 0.011294876966518758 0.008752117447769622
0 0.42315449778136344 0.38311688311688313 0.008874546187979023 0.018068887634105024
0 0.43263412666397744 0.37789384528514963 0.008471157724889069 0.008752117447769622
0 0.4429205324727713 0.378317334839074 0.007260992335619202 0.00846979107848673
0 0.4530052440500202 0.37859966120835686 0.008874546187979023 0.00846979107848673
0 0.463695038321904 0.37874082439299833 0.010891488503428802 0.007622811970638058
0 0.47539330375151273 0.37634105025409376 0.00927793465106898 0.015810276679841896
0 0.4878983461073013 0.3750705815923207 0.0060508269463493344 0.016092603049124788
0 0.49697458652682536 0.38438735177865613 0.012101653892698669 0.018351214003387916
0 0.536506655909641 0.3759175607001694 0.009681323114158934 0.016092603049124788
0 0.5473981444130698 0.384669678147939 0.014521984671238403 0.01948051948051948
0 0.5780556676079064 0.3730942970073405 0.009681323114158934 0.014398644833427442
0 0.5881403791851553 0.3771880293619424 0.010488100040338847 0.007340485601355167
0 0.6006454215409439 0.3738001129305477 0.009681323114158934 0.015245623941276116
0 0.6153691004437273 0.378317334839074 0.01573215006050827 0.00846979107848673
0 0.6294876966518758 0.3760587238848108 0.006857603872529245 0.014680971202710334
0 0.6680112948769665 0.3749294184076793 0.011294876966518758 0.012422360248447204
0 0.6674062121823315 0.37549407114624506 0.0060508269463493344 0.001129305477131564
0 0.6855586930213796 0.37775268210050816 0.02379991932230738 0.00846979107848673
0 0.7018959257765228 0.37450592885375494 0.009681323114158934 0.016092603049124788
0 0.7303348124243647 0.3725296442687747 0.01008471157724889 0.016092603049124788
0 0.746268656716418 0.3739412761151892 0.009681323114158934 0.017221908526256352
0 0.7609923356192013 0.37422360248447206 0.014118596208148447 0.018351214003387916
0 0.7678499394917305 0.3728119706380576 0.0012101653892698668 0.001976284584980237
0 0.7779346510689794 0.3746470920383964 0.013311819281968536 0.018633540372670808
0 0.7847922549415087 0.3740824392998306 0.0012101653892698668 0.001129305477131564
0 0.791246470350948 0.3848108413325805 0.007664380798709157 0.018068887634105024
0 0.7995159338442921 0.38015245623941274 0.008067769261799113 0.00818746470920384
0 0.808995562726906 0.3769057029926595 0.008471157724889069 0.019198193111236588
0 0.8253327954820492 0.38099943534726144 0.0016135538523598225 0.001411631846414455
0 0.8396530859217426 0.37224731789949184 0.01008471157724889 0.018351214003387916
0 0.8503428801936265 0.3753529079616036 0.009681323114158934 0.0189158667419537
0 0.8626462283178701 0.37761151891586675 0.011698265429608713 0.012140033879164314
0 0.8757563533682937 0.3753529079616036 0.011294876966518758 0.015527950310559006
0 0.8882613957240822 0.3753529079616036 0.009681323114158934 0.011575381140598532
0 0.9072206534893102 0.3738001129305477 0.01936264622831787 0.014116318464144552
0 0.9251714400968132 0.37295313382269907 0.01008471157724889 0.012987012987012988
0 0.1355385235982251 0.42419536984754375 0.008874546187979023 0.016657255787690572
0 0.14784187172246874 0.42871259175607 0.00927793465106898 0.009316770186335404
0 0.15792658329971762 0.4292772444946358 0.01008471157724889 0.010446075663466968
0 0.1663977410246067 0.4288537549407115 0.008471157724889069 0.010163749294184076
0 0.17527228721258573 0.4298418972332016 0.008471157724889069 0.00818746470920384
0 0.19019766034691407 0.42391304347826086 0.01734570391286809 0.020045172219085264
0 0.23416700282371924 0.42193675889328064 0.010891488503428802 0.016657255787690572
0 0.24384832593787817 0.42730095990965555 0.008471157724889069 0.00818746470920384
0 0.2535296490520371 0.427442123094297 0.0052440500201694235 0.007905138339920948
0 0.26321097216619604 0.4288537549407115 0.00927793465106898 0.009034443817052512
0 0.2779346510689794 0.42843026538678713 0.016135538523598225 0.007622811970638058
0 0.29306171843485274 0.4345002823263693 0.0028237192416296895 0.005081874647092038
0 0.31323114158935056 0.42617165443252397 0.01008471157724889 0.010446075663466968
0 0.32432432432432434 0.4243365330321852 0.010488100040338847 0.010728402032749858
0 0.33118192819685355 0.4363354037267081 0.00645421540943929 0.006493506493506494
0 0.35941912061315046 0.43562958780350086 0.008874546187979023 0.019198193111236588
0 0.36849536103267444 0.4311123658949746 0.0052440500201694235 0.007905138339920948
0 0.3810004033884631 0.4308300395256917 0.01653892698668818 0.007905138339920948
0 0.39330375151270675 0.43125352907961606 0.0024203307785397336 0.004799548277809147
0 0.39431222267043164 0.4257481648785997 0.0012101653892698668 0.002258610954263128
0 0.40338846308995563 0.4256070016939582 0.010488100040338847 0.014963297571993224
0 0.42154094392900365 0.4298418972332016 0.016942315449778138 0.010446075663466968
0 0.46208148446954417 0.4258893280632411 0.014925373134328358 0.014398644833427442
0 0.4671238402581686 0.42264257481648787 0.0016135538523598225 0.0016939582156973462
0 0.4759983864461476 0.4288537549407115 0.007260992335619202 0.009034443817052512
0 0.5114965711980637 0.4243365330321852 0.02501008471157725 0.019762845849802372
0 0.5274304154901169 0.42603049124788256 0.006857603872529245 0.014116318464144552
0 0.564340459862848 0.4352060982495765 0.008067769261799113 0.017221908526256352
0 0.5736183945139169 0.43040654997176736 0.004033884630899556 0.007058159232072276
0 0.5879386849536103 0.43562958780350086 0.024606696248487294 0.019762845849802372
0 0.6028640580879386 0.429983060417843 0.004437273093989512 0.007905138339920948
0 0.6109318273497378 0.4295595708639187 0.011698265429608713 0.00818746470920384
0 0.627672448567971 0.42941840767927725 0.014521984671238403 0.00846979107848673
0 0.6425978217022993 0.4302653867871259 0.012101653892698669 0.007905138339920948
0 0.6540943929003631 0.43040654997176736 0.007664380798709157 0.009316770186335404
0 0.6891891891891891 0.43167701863354035 0.021379588543767647 0.018068887634105024
0 0.7031060911657927 0.4323828345567476 0.00645421540943929 0.007622811970638058
0 0.7267043162565551 0.42871259175607 0.008471157724889069 0.013269339356295878
0 0.7390076643807987 0.42913608130999437 0.008874546187979023 0.015245623941276116
0 0.7507059298104074 0.4311123658949746 0.008874546187979023 0.006775832862789385
0 0.7801532876159741 0.4258893280632411 0.012101653892698669 0.013269339356295878
0 0.7964905203711173 0.4264539808018069 0.011698265429608713 0.012140033879164314
0 0.8130294473578056 0.42715979672501414 0.012505042355788625 0.010163749294184076
0 0.8459056070996369 0.4264539808018069 0.02016942315449778 0.018351214003387916
0 0.8622428398547801 0.43167701863354035 0.00927793465106898 0.009034443817052512
0 0.8705123033481242 0.4313946922642575 0.0024203307785397336 0.006211180124223602
0 0.8707139975796693 0.42377188029361945 0.0012101653892698668 0.0016939582156973462
0 0.8795885437676483 0.43788819875776397 0.014118596208148447 0.021456804065499716
0 0.8949173053650665 0.4298418972332016 0.012505042355788625 0.014398644833427442
0 0.9045986284792255 0.43054771315640883 0.00927793465106898 0.015245623941276116
0 0.1409842678499395 0.4786843591191417 0.013311819281968536 0.009316770186335404
0 0.15147236789027835 0.4704968944099379 0.0012101653892698668 0.0008469791078486731
0 0.1518757563533683 0.47910784867306605 0.002016942315449778 0.00564652738565782
0 0.16115369100443727 0.475296442687747 0.00927793465106898 0.016092603049124788
0 0.17144009681323114 0.47501411631846413 0.010488100040338847 0.016092603049124788
0 0.22246873739411052 0.4743083003952569 0.043969342476805166 0.01693958215697346
0 0.2527228721258572 0.4761434217955957 0.007664380798709157 0.014963297571993224
0 0.2827753126260589 0.4762845849802372 0.008067769261799113 0.017504234895539244
0 0.3021379588543768 0.47910784867306605 0.021782977006857603 0.009034443817052512
0 0.32331585316659944 0.4762845849802372 0.010891488503428802 0.017504234895539244
0 0.3327954820492134 0.4730378317334839 0.0016135538523598225 0.001411631846414455
0 0.3336022589753933 0.4810841332580463 0.003227107704719645 0.006211180124223602
0 0.3446954417103671 0.4803783173348391 0.00927793465106898 0.007622811970638058
0 0.35034288019362647 0.4717673630717109 0.003630496167809601 0.003952569169960474
0 0.3574021782977007 0.47882552230378317 0.010488100040338847 0.007340485601355167
0 0.39310205728116177 0.46809712027103334 0.002016942315449778 0.004517221908526256
0 0.3971359419120613 0.4678147939017504 0.0028237192416296895 0.003952569169960474
0 0.41488503428801937 0.4761434217955957 0.014118596208148447 0.015527950310559006
0 0.42940701895925776 0.4847543760587239 0.013311819281968536 0.019762845849802372
0 0.4409035901573215 0.4798136645962733 0.008874546187979023 0.00818746470920384
0 0.45038321903993545 0.4764257481648786 0.0060508269463493344 0.014963297571993224
0 0.46329164985881405 0.4792490118577075 0.01573215006050827 0.008752117447769622
0 0.4790237999193223 0.48404856013551667 0.010891488503428802 0.017221908526256352
0 0.5072609923356192 0.47882552230378317 0.012505042355788625 0.009034443817052512
0 0.5215812827753126 0.4805194805194805 0.010488100040338847 0.00846979107848673
0 0.5338846308995563 0.4779785431959345 0.011698265429608713 0.014680971202710334
0 0.5768455022186365 0.4775550536420102 0.012101653892698669 0.01383399209486166
0 0.5996369503832191 0.48771880293619424 0.02864058087938685 0.023433088650479956
0 0.6133521581282775 0.47459062676453984 0.0012101653892698668 0.002258610954263128
0 0.6226300927793466 0.48023715415019763 0.008471157724889069 0.006775832862789385
0 0.6315046389673256 0.47261434217955955 0.002016942315449778 0.004517221908526256
0 0.635941912061315 0.47247317899491814 0.002016942315449778 0.005928853754940711
0 0.6575231948366277 0.4754376058723885 0.007260992335619202 0.012422360248447204
0 0.6716417910447762 0.4767080745341615 0.010488100040338847 0.012704686617730096
0 0.6791044776119403 0.48023715415019763 0.002016942315449778 0.001129305477131564
0 0.6887858007260992 0.47656691134952006 0.011698265429608713 0.010728402032749858
0 0.7010891488503429 0.4782608695652174 0.009681323114158934 0.00846979107848673
0 0.7107704719645018 0.4784020327498588 0.005647438483259379 0.016092603049124788
0 0.7210568777732956 0.4839073969508752 0.002016942315449778 0.001129305477131564
0 0.7388059701492538 0.47684923771880294 0.008471157724889069 0.015245623941276116
0 0.7505042355788625 0.4803783173348391 0.011698265429608713 0.018351214003387916
0 0.7593787817668415 0.47783738001129306 0.007664380798709157 0.015527950310559006
0 0.7736990722065349 0.480660643704122 0.02016942315449778 0.008752117447769622
0 0.8112141992739008 0.47939017504234893 0.010488100040338847 0.00846979107848673
0 0.8204921339249698 0.47289666854884244 0.0016135538523598225 0.002258610954263128
0 0.8217022993142397 0.48009599096555616 0.0024203307785397336 0.006493506493506494
0 0.8352158128277531 0.4798136645962733 0.008471157724889069 0.00818746470920384
0 0.8753529649052038 0.484472049689441 0.01371520774505849 0.020892151326933936
0 0.8926986688180718 0.4779785431959345 0.026623638563937072 0.007905138339920948
0 0.9136748688987495 0.4771315640880858 0.010488100040338847 0.006775832862789385
0 0.1345300524405002 0.5290796160361377 0.013311819281968536 0.009034443817052512
0 0.14481645824929407 0.5303500846979108 0.003227107704719645 0.005928853754940711
0 0.15893505445744252 0.525974025974026 0.015328761597418314 0.015810276679841896
0 0.18878580072609924 0.5279503105590062 0.007260992335619202 0.01693958215697346
0 0.1980637353771682 0.5278091473743648 0.009681323114158934 0.017221908526256352
0 0.208955223880597 0.5319028797289667 0.008874546187979023 0.00846979107848673
0 0.2418313836224284 0.5239977413890458 0.01008471157724889 0.01355166572557877
0 0.2561516740621218 0.528514963297572 0.015328761597418314 0.009034443817052512
0 0.2690601048810004 0.5351496329757199 0.008874546187979023 0.017221908526256352
0 0.2801532876159742 0.5304912478825522 0.00927793465106898 0.007905138339920948
0 0.30395320693828154 0.5296442687747036 0.033481242436466316 0.014680971202710334
0 0.31686163775716014 0.5263975155279503 0.0012101653892698668 0.001976284584980237
0 0.3281565147236789 0.5320440429136082 0.011698265429608713 0.007058159232072276
0 0.3400564743848326 0.5328910220214568 0.009681323114158934 0.007622811970638058
0 0.3499394917305365 0.5383963862224732 0.0028237192416296895 0.005081874647092038
0 0.37878176684146836 0.5282326369282891 0.010488100040338847 0.014680971202710334
0 0.3926986688180718 0.531055900621118 0.01008471157724889 0.006775832862789385
0 0.40318676885841065 0.5304912478825522 0.0060508269463493344 0.007340485601355167
0 0.40964098426784995 0.5239977413890458 0.002016942315449778 0.0016939582156973462
0 0.4100443727309399 0.5311970638057595 0.002016942315449778 0.005928853754940711
0 0.42759177087535294 0.5378317334839074 0.024203307785397338 0.023150762281197064
0 0.47398144413069787 0.528514963297572 0.014521984671238403 0.007905138339920948
0 0.49072206534893104 0.5247035573122529 0.018152480839048003 0.017221908526256352
0 0.5072609923356192 0.5295031055900621 0.008471157724889069 0.007058159232072276
0 0.517950786607503 0.5263975155279503 0.011294876966518758 0.016092603049124788
0 0.5599031867688584 0.5268210050818747 0.008874546187979023 0.015810276679841896
0 0.5697862041145624 0.5299265951439864 0.00927793465106898 0.007340485601355167
0 0.5958047599838645 0.5293619424054207 0.010488100040338847 0.009034443817052512
0 0.6060911657926583 0.5268210050818747 0.007664380798709157 0.014680971202710334
0 0.6189995966115369 0.5306324110671937 0.018959257765227916 0.007622811970638058
0 0.6333198870512303 0.5279503105590062 0.007260992335619202 0.014116318464144552
0 0.6472367890278338 0.528514963297572 0.018959257765227916 0.014680971202710334
0 0.6885841064945543 0.5200451722190853 0.0024203307785397336 0.006211180124223602
0 0.6936264622831787 0.5200451722190853 0.002016942315449778 0.005081874647092038
0 0.7059298104074223 0.5383963862224732 0.004033884630899556 0.002258610954263128
0 0.7107704719645018 0.5303500846979108 0.01290843081887858 0.023997741389045736
0 0.7234772085518354 0.529785431959345 0.01008471157724889 0.007622811970638058
0 0.736385639370714 0.5283738001129306 0.00927793465106898 0.00818746470920384
0 0.7466720451795079 0.5282326369282891 0.008874546187979023 0.007340485601355167
0 0.7730939895119 0.5241389045736872 0.014118596208148447 0.01383399209486166
0 0.7870108914885035 0.5282326369282891 0.012101653892698669 0.006775832862789385
0 0.7985074626865671 0.5283738001129306 0.011698265429608713 0.007058159232072276
0 0.8257361839451391 0.5293619424054207 0.011294876966518758 0.021456804065499716
0 0.8376361436062929 0.5296442687747036 0.01008471157724889 0.006775832862789385
0 0.8485276321097217 0.5290796160361377 0.0052440500201694235 0.006775832862789385
0 0.8582089552238806 0.5345849802371542 0.012505042355788625 0.017221908526256352
0 0.8652682533279549 0.5191981931112366 0.003227107704719645 0.005081874647092038
0 0.8691004437273094 0.5191981931112366 0.002016942315449778 0.006211180124223602
0 0.9064138765631303 0.5262563523433089 0.033884630899556276 0.01355166572557877
0 0.12767244856797097 0.5772162619988707 0.00927793465106898 0.017221908526256352
0 0.13674868898749495 0.5821569734613213 0.0024203307785397336 0.005081874647092038
0 0.14501815248083905 0.5813099943534726 0.0052440500201694235 0.007340485601355167
0 0.15348931020572812 0.580180688876341 0.006857603872529245 0.007340485601355167
0 0.16599435256151673 0.5780632411067194 0.014925373134328358 0.01383399209486166
0 0.18414683340056473 0.5760869565217391 0.018959257765227916 0.016092603049124788
0 0.21924162968939087 0.5694522868435912 0.003630496167809601 0.006775832862789385
0 0.22327551432029044 0.5701581027667985 0.002016942315449778 0.005364201016374929
0 0.23840258168616377 0.5773574251835122 0.010488100040338847 0.01355166572557877
0 0.24848729326341268 0.5821569734613213 0.0024203307785397336 0.006211180124223602
0 0.24848729326341268 0.5758046301524562 0.0016135538523598225 0.001411631846414455
0 0.2589753933037515 0.5830039525691699 0.008874546187979023 0.007905138339920948
0 0.2734973779749899 0.5821569734613213 0.00645421540943929 0.001129305477131564
0 0.29164985881403793 0.5794748729531338 0.012101653892698669 0.01101072840203275
0 0.3011294876966519 0.5760869565217391 0.002016942315449778 0.002540937323546019
0 0.3017345703912868 0.5822981366459627 0.0024203307785397336 0.004799548277809147
0 0.30939895118999594 0.581451157538114 0.004840661557079467 0.005928853754940711
0 0.31787010891488504 0.5813099943534726 0.009681323114158934 0.007905138339920948
0 0.3467123840258169 0.5760869565217391 0.010891488503428802 0.01101072840203275
0 0.3598225090762404 0.5852625635234331 0.010488100040338847 0.017504234895539244
0 0.37051230334812424 0.580180688876341 0.01008471157724889 0.007905138339920948
0 0.38483259378781765 0.5811688311688312 0.014521984671238403 0.00818746470920384
0 0.4005647438483259 0.5806041784302653 0.010488100040338847 0.007622811970638058
0 0.4118596208148447 0.5762281197063805 0.007260992335619202 0.014680971202710334
0 0.42053247277127875 0.5858272162619989 0.002016942315449778 0.003952569169960474
0 0.42759177087535294 0.567193675889328 0.0016135538523598225 0.004517221908526256
0 0.4320290439693425 0.5667701863354038 0.0016135538523598225 0.0036702428006775835
0 0.4616780960064542 0.5741106719367589 0.014118596208148447 0.014963297571993224
0 0.47196450181524807 0.5797571993224168 0.009681323114158934 0.008752117447769622
0 0.48305768455022186 0.5798983625070582 0.0052440500201694235 0.007340485601355167
0 0.49314239612747074 0.5803218520609825 0.008471157724889069 0.007058159232072276
0 0.5074626865671642 0.5810276679841897 0.016135538523598225 0.007340485601355167
0 0.537111738604276 0.5735460191981931 0.002016942315449778 0.001976284584980237
0 0.5377168212989109 0.5803218520609825 0.0024203307785397336 0.006493506493506494
0 0.5475998386446148 0.5804630152456239 0.01008471157724889 0.00846979107848673
0 0.5788624445340863 0.5804630152456239 0.01855586930213796 0.00846979107848673
0 0.5851149657119806 0.575098814229249 0.0012101653892698668 0.001129305477131564
0 0.599838644614764 0.5818746470920384 0.01371520774505849 0.00846979107848673
0 0.6095199677289229 0.5821569734613213 0.0024203307785397336 0.005081874647092038
0 0.6103267446551028 0.575098814229249 0.0016135538523598225 0.00282326369282891
0 0.6179911254538121 0.5824392998306042 0.008067769261799113 0.007340485601355167
0 0.6262605889471561 0.5904856013551666 0.013311819281968536 0.023433088650479956
0 0.6774909237595804 0.5746753246753247 0.020572811617587738 0.014963297571993224
0 0.7117789431222267 0.588085827216262 0.01734570391286809 0.02766798418972332
0 0.7244856797095603 0.581733483907397 0.009681323114158934 0.00818746470920384
0 0.745260185558693 0.5742518351214003 0.002016942315449778 0.00282326369282891
0 0.7460669624848729 0.5828627893845285 0.0028237192416296895 0.006493506493506494
0 0.7565550625252118 0.5821569734613213 0.00927793465106898 0.007340485601355167
0 0.77349737797499 0.5784867306606437 0.019766034691407825 0.014116318464144552
0 0.8017345703912868 0.5825804630152456 0.011698265429608713 0.021174477696216828
0 0.8110125050423558 0.5824392998306042 0.0060508269463493344 0.007905138339920948
0 0.8208955223880597 0.5815923207227555 0.010488100040338847 0.006775832862789385
0 0.8321903993545785 0.5811688311688312 0.010488100040338847 0.007622811970638058
0 0.845703912868092 0.580180688876341 0.0052440500201694235 0.001129305477131564
0 0.8576038725292456 0.5774985883681536 0.007260992335619202 0.015527950310559006
0 0.8666801129487697 0.581733483907397 0.010891488503428802 0.00818746470920384
0 0.8787817668414684 0.5818746470920384 0.01008471157724889 0.006775832862789385
0 0.8898749495764421 0.5818746470920384 0.00645421540943929 0.007340485601355167
0 0.8983461073013311 0.5811688311688312 0.008874546187979023 0.007058159232072276
0 0.13574021782977008 0.6161773009599096 0.010891488503428802 0.001411631846414455
0 0.13674868898749495 0.6238001129305477 0.004033884630899556 0.014398644833427442
0 0.14925373134328357 0.6252117447769622 0.008067769261799113 0.013269339356295878
0 0.16296893908834206 0.6370694522868436 0.0024203307785397336 0.005928853754940711
0 0.18797902379991932 0.6329757199322417 0.014521984671238403 0.019198193111236588
0 0.1918112141992739 0.6260587238848109 0.0012101653892698668 0.0008469791078486731
0 0.2035094796288826 0.6276115189158668 0.007664380798709157 0.017504234895539244
0 0.21782977006857604 0.6329757199322417 0.012101653892698669 0.009034443817052512
0 0.2678499394917305 0.6288819875776398 0.029043969342476807 0.014398644833427442
0 0.30899556272690604 0.6318464144551101 0.010488100040338847 0.009599096555618294
0 0.31867688584106496 0.6298701298701299 0.007260992335619202 0.01355166572557877
0 0.33864461476401775 0.6404573687182383 0.031060911657926585 0.02456239412761152
0 0.3537716821298911 0.6317052512704686 0.009681323114158934 0.006493506493506494
0 0.390883420734167 0.637210615471485 0.010488100040338847 0.019198193111236588
0 0.40116982654296085 0.6312817617165444 0.0052440500201694235 0.007340485601355167
0 0.40984267849939493 0.6312817617165444 0.010488100040338847 0.006211180124223602
0 0.4219443323920936 0.6280350084697911 0.011294876966518758 0.01383399209486166
0 0.43384429205324726 0.632128740824393 0.007664380798709157 0.009034443817052512
0 0.44917305365066557 0.6291643139469226 0.020572811617587738 0.014963297571993224
0 0.45562726906010487 0.6260587238848109 0.0012101653892698668 0.001411631846414455
0 0.4671238402581686 0.632128740824393 0.011294876966518758 0.006775832862789385
0 0.4800322710770472 0.6332580463015246 0.009681323114158934 0.00846979107848673
0 0.5320693828156515 0.6305759457933371 0.024203307785397338 0.008752117447769622
0 0.5484066155707946 0.6304347826086957 0.008471157724889069 0.007905138339920948
0 0.5580879386849537 0.6302936194240542 0.008471157724889069 0.009316770186335404
0 0.5673658733360226 0.6332580463015246 0.002016942315449778 0.002258610954263128
