0 0.1526825332795482 0.22600225861095427 0.018152480839048003 0.023433088650479956
0 0.1708350141185962 0.22769621682665162 0.012505042355788625 0.012140033879164314
0 0.1801129487696652 0.2295313382269904 0.01008471157724889 0.007905138339920948
0 0.18737394110528438 0.22134387351778656 0.003630496167809601 0.0033879164313946925
0 0.19140782573618395 0.22981366459627328 0.0052440500201694235 0.006775832862789385
0 0.20108914885034287 0.23376623376623376 0.014925373134328358 0.025409373235460192
0 0.21419927390076643 0.22811970638057594 0.012101653892698669 0.009034443817052512
0 0.23941105284388867 0.22868435911914173 0.04235578862444534 0.007905138339920948
0 0.2964905203711174 0.22106154714850368 0.01855586930213796 0.023715415019762844
0 0.30879386849536106 0.22699040090344438 0.00927793465106898 0.014116318464144552
0 0.3253327954820492 0.22332015810276679 0.018152480839048003 0.024844720496894408
0 0.3721258572004841 0.22092038396386224 0.007664380798709157 0.0036702428006775835
0 0.37595804759983864 0.23150762281197063 0.009681323114158934 0.01129305477131564
0 0.37696651875756354 0.22346132128740825 0.0012101653892698668 0.0008469791078486731
0 0.3852359822509076 0.22910784867306608 0.007260992335619202 0.009316770186335404
0 0.4334409035901573 0.2285431959345003 0.014118596208148447 0.009881422924901186
0 0.48769665187575634 0.22628458498023715 0.021782977006857603 0.015527950310559006
0 0.5213795885437676 0.22811970638057594 0.043162565550625254 0.009599096555618294
0 0.5709963695038321 0.22755505364201017 0.007664380798709157 0.005081874647092038
0 0.582492940701896 0.21979107848673066 0.014521984671238403 0.029079616036137776
0 0.6411859620814845 0.2339073969508752 0.06171843485276321 0.022868435911914172
0 0.6758773699072207 0.22628458498023715 0.012505042355788625 0.0189158667419537
0 0.6895925776522791 0.22233201581027667 0.02218636546994756 0.027950310559006212
0 0.7226704316256555 0.2285431959345003 0.018152480839048003 0.00818746470920384
0 0.745461879790238 0.22162619988706944 0.042759177087535294 0.025974025974025976
0 0.15933844292053248 0.2811970638057595 0.02501008471157725 0.01129305477131564
0 0.17708753529649052 0.279785431959345 0.014521984671238403 0.010728402032749858
0 0.18797902379991932 0.2745623941276115 0.014521984671238403 0.023997741389045736
0 0.19685356998789835 0.28642010163749293 0.016135538523598225 0.0189158667419537
0 0.21036708350141187 0.282326369282891 0.007664380798709157 0.0033879164313946925
0 0.22609923356192013 0.2816205533596838 0.01734570391286809 0.00818746470920384
0 0.24102460669624848 0.28063241106719367 0.01008471157724889 0.00846979107848673
0 0.25776522791448164 0.2768210050818746 0.022589753933037516 0.026821005081874648
0 0.31444130697862044 0.274703557312253 0.04235578862444534 0.026538678712591756
0 0.3719241629689391 0.27413890457368717 0.048406615570794675 0.021456804065499716
0 0.4072206534893102 0.279785431959345 0.02379991932230738 0.011857707509881422
0 0.427390076643808 0.2800677583286279 0.01653892698668818 0.01129305477131564
0 0.44473578055667606 0.27413890457368717 0.035901573215006054 0.020327498588368152
0 0.4764017749092376 0.2728684359119142 0.022589753933037516 0.01948051948051948
0 0.5375151270673659 0.27442123094297005 0.03993545784590561 0.021456804065499716
0 0.5945945945945946 0.27399774138904576 0.017749092375958047 0.03359683794466403
0 0.5947962888261396 0.28303218520609824 0.0028237192416296895 0.0008469791078486731
0 0.618596208148447 0.2821852060982496 0.025413473174667203 0.009316770186335404
0 0.6373537716821299 0.2821852060982496 0.01371520774505849 0.007058159232072276
0 0.654296087131908 0.28049124788255225 0.029043969342476807 0.010446075663466968
0 0.6807180314643001 0.28147939017504237 0.025413473174667203 0.007340485601355167
0 0.7208551835417507 0.2720214568040655 0.016942315449778138 0.027385657820440428
0 0.7414279951593384 0.28091473743647655 0.020976200080677694 0.007905138339920948
0 0.7559499798305769 0.2789384528514963 0.008874546187979023 0.014680971202710334
0 0.7650262202501008 0.2789384528514963 0.00927793465106898 0.014680971202710334
0 0.8164582492940702 0.27413890457368717 0.041145623235175476 0.029926595143986448
0 0.14864864864864866 0.3232636928289102 0.011698265429608713 0.02766798418972332
0 0.1581282775312626 0.33243929983060416 0.008874546187979023 0.007058159232072276
0 0.16760790641387657 0.3318746470920384 0.008471157724889069 0.007058159232072276
0 0.17668414683340056 0.33328627893845286 0.008067769261799113 0.012140033879164314
0 0.19019766034691407 0.33201581027667987 0.01573215006050827 0.010163749294184076
0 0.22932634126663978 0.32834556747600224 0.013311819281968536 0.021456804065499716
0 0.24485679709560307 0.3232636928289102 0.033884630899556276 0.029361942405420668
0 0.2537313432835821 0.32481648785996614 0.005647438483259379 0.004799548277809147
0 0.26744655102864057 0.3318746470920384 0.016942315449778138 0.009316770186335404
0 0.32755143202904397 0.3306041784302654 0.04195240016135539 0.010728402032749858
0 0.345703912868092 0.32241671372106157 0.004033884630899556 0.0033879164313946925
0 0.36506655909640984 0.33145115753811405 0.029850746268656716 0.009034443817052512
0 0.39007664380798707 0.33116883116883117 0.01290843081887858 0.014680971202710334
0 0.4443323920935861 0.3234048560135517 0.0609116579265833 0.027385657820440428
0 0.4780153287615974 0.322557876905703 0.026623638563937072 0.023433088650479956
0 0.4987898346107301 0.33032185206098247 0.013311819281968536 0.00564652738565782
0 0.5096813231141589 0.33018068887634106 0.014118596208148447 0.015527950310559006
0 0.5613150463896732 0.3315923207227555 0.02702702702702703 0.006493506493506494
0 0.6079064138765631 0.3321569734613213 0.01371520774505849 0.010446075663466968
0 0.6492537313432836 0.32269904009034445 0.03993545784590561 0.026538678712591756
0 0.6738604275917709 0.33681535855448896 0.02944735780556676 0.018068887634105024
0 0.7025010084711577 0.33229813664596275 0.02864058087938685 0.00846979107848673
0 0.7343686970552642 0.33173348390739693 0.0326744655102864 0.007340485601355167
0 0.780960064542154 0.3256634669678148 0.01290843081887858 0.011575381140598532
0 0.7981040742234772 0.32919254658385094 0.01573215006050827 0.009034443817052512
0 0.7981040742234772 0.3219932241671372 0.007664380798709157 0.005364201016374929
0 0.809600645421541 0.3328627893845285 0.014521984671238403 0.019198193111236588
0 0.8662767244856797 0.3188876341050254 0.051230334812424366 0.03585544889892716
0 0.14622831787010893 0.37125917560700167 0.021379588543767647 0.031055900621118012
0 0.16438079870915692 0.37337662337662336 0.030254134731746672 0.0251270468661773
0 0.15611133521581283 0.3781761716544325 0.0016135538523598225 0.012704686617730096
0 0.19967728922952804 0.3718238283455675 0.003227107704719645 0.002258610954263128
0 0.20250100847115773 0.3839638622247318 0.007260992335619202 0.010163749294184076
0 0.208955223880597 0.3855166572557877 0.004033884630899556 0.005364201016374929
0 0.23215006050826947 0.37987012987012986 0.03993545784590561 0.012704686617730096
0 0.24647035094796288 0.383399209486166 0.0024203307785397336 0.0033879164313946925
0 0.2962888261395724 0.37224731789949184 0.022993142396127472 0.021174477696216828
0 0.3261395724082291 0.3752117447769622 0.033481242436466316 0.023150762281197064
0 0.37232755143202906 0.37577639751552794 0.017749092375958047 0.028232636928289104
0 0.400161355385236 0.37549407114624506 0.03953206938281565 0.025974025974025976
0 0.3860427591770875 0.384669678147939 0.007260992335619202 0.007622811970638058
0 0.46853569987898347 0.38099943534726144 0.051230334812424366 0.014963297571993224
0 0.4981847519160952 0.3877752682100508 0.02016942315449778 0.026256352343308864
0 0.5346914078257362 0.3825522303783173 0.008471157724889069 0.00564652738565782
0 0.5524405002016942 0.37351778656126483 0.030254134731746672 0.03613777526821005
0 0.6022589753933038 0.36984754376058726 0.01936264622831787 0.028797289666854884
0 0.6198063735377168 0.38071710897797856 0.014925373134328358 0.009316770186335404
0 0.6232351754739814 0.3740824392998306 0.007260992335619202 0.006775832862789385
0 0.6387656313029447 0.38410502540937325 0.033481242436466316 0.039243365330321855
0 0.6603469140782574 0.37351778656126483 0.012101653892698669 0.024280067758328628
0 0.6692214602662364 0.38735177865612647 0.022589753933037516 0.018068887634105024
0 0.7156111335215812 0.3812817617165443 0.035498184751916094 0.008752117447769622
0 0.7414279951593384 0.3802936194240542 0.008874546187979023 0.006775832862789385
0 0.7525211778943123 0.38763410502540935 0.012505042355788625 0.024844720496894408
0 0.7642194433239209 0.37422360248447206 0.025413473174667203 0.023433088650479956
0 0.8087938684953611 0.37662337662337664 0.04033884630899556 0.020327498588368152
0 0.8418717224687374 0.3890457368718238 0.003227107704719645 0.00282326369282891
0 0.15429608713190804 0.42518351214003386 0.0318676885841065 0.030491247882552232
0 0.17103670835014118 0.42391304347826086 0.016942315449778138 0.03020892151326934
0 0.181726502622025 0.42518351214003386 0.018152480839048003 0.031055900621118012
0 0.1964501815248084 0.43252399774138905 0.005647438483259379 0.0016939582156973462
0 0.22287212585720048 0.44042913608131 0.04235578862444534 0.02766798418972332
0 0.2920532472771279 0.423630717108978 0.04437273093989512 0.02456239412761152
0 0.3215006050826946 0.4318181818181818 0.012101653892698669 0.00818746470920384
0 0.32956837434449376 0.43774703557312256 0.016135538523598225 0.022303783173348392
0 0.34187172246873737 0.4265951439864483 0.02379991932230738 0.024844720496894408
0 0.36506655909640984 0.4408526256352343 0.003227107704719645 0.004234895539243365
0 0.40419524001613555 0.42292490118577075 0.04437273093989512 0.024844720496894408
0 0.445542557482856 0.43690005646527386 0.014925373134328358 0.0251270468661773
0 0.46430012101653895 0.42377188029361945 0.03872529245663574 0.031055900621118012
0 0.5169423154497781 0.42377188029361945 0.018959257765227916 0.025974025974025976
0 0.5391286809197257 0.4308300395256917 0.01734570391286809 0.01355166572557877
0 0.5897539330375151 0.42701863354037267 0.03953206938281565 0.026256352343308864
0 0.6331181928196854 0.4342179559570864 0.024606696248487294 0.01355166572557877
0 0.6702299314239613 0.42179559570863917 0.01734570391286809 0.028797289666854884
0 0.6865671641791045 0.4212309429700734 0.029043969342476807 0.025974025974025976
0 0.6750705929810408 0.41544325239977414 0.0012101653892698668 0.0008469791078486731
0 0.7204517950786608 0.422360248447205 0.016942315449778138 0.0220214568040655
0 0.7347720855183542 0.43040654997176736 0.008471157724889069 0.004799548277809147
0 0.7505042355788625 0.42941840767927725 0.02218636546994756 0.012422360248447204
0 0.772085518354175 0.4254658385093168 0.012101653892698669 0.032185206098249576
0 0.800726099233562 0.42941840767927725 0.01290843081887858 0.01355166572557877
0 0.8116175877369908 0.4322416713721062 0.011294876966518758 0.0220214568040655
0 0.8237192416296893 0.42913608130999437 0.016942315449778138 0.01129305477131564
0 0.8285599031867689 0.4230660643704122 0.003227107704719645 0.003105590062111801
0 0.8523598225090763 0.4364765669113495 0.03307785397337636 0.025409373235460192
0 0.15026220250100847 0.4805194805194805 0.013311819281968536 0.012422360248447204
0 0.1809197256958451 0.4841897233201581 0.010891488503428802 0.006775832862789385
0 0.1936264622831787 0.48320158102766797 0.010488100040338847 0.00818746470920384
0 0.2117789431222267 0.48334274421230944 0.024203307785397338 0.010163749294184076
0 0.22972972972972974 0.484472049689441 0.008471157724889069 0.002258610954263128
0 0.2462686567164179 0.4754376058723885 0.01734570391286809 0.023715415019762844
0 0.2525211778943122 0.474025974025974 0.004033884630899556 0.00282326369282891
0 0.2581686163775716 0.48531902879728966 0.004840661557079467 0.006775832862789385
0 0.2753126260588947 0.4841897233201581 0.02379991932230738 0.011857707509881422
0 0.3098023396530859 0.48249576510446074 0.041145623235175476 0.014680971202710334
0 0.3465106897942719 0.4858836815358554 0.020976200080677694 0.01355166572557877
0 0.382008874546188 0.4771315640880858 0.016135538523598225 0.026538678712591756
0 0.4035901573215006 0.48306041784302656 0.026220250100847116 0.009599096555618294
0 0.4265832997176281 0.47939017504234893 0.024606696248487294 0.012987012987012988
0 0.4485679709560307 0.4878599661208357 0.004033884630899556 0.002258610954263128
0 0.4755949979830577 0.47346132128740825 0.016942315449778138 0.029926595143986448
0 0.5064542154094392 0.48334274421230944 0.03670835014118596 0.009034443817052512
0 0.517345703912868 0.47600225861095424 0.0052440500201694235 0.003952569169960474
0 0.5248083904800322 0.47374364765669114 0.01855586930213796 0.028232636928289104
0 0.5252117789431222 0.4847543760587239 0.004840661557079467 0.00564652738565782
0 0.5338846308995563 0.47586109542631283 0.0028237192416296895 0.002540937323546019
0 0.5401371520774506 0.48404856013551667 0.005647438483259379 0.00818746470920384
0 0.5556676079064139 0.48320158102766797 0.021379588543767647 0.013269339356295878
0 0.6014521984671238 0.4808018068887634 0.026623638563937072 0.010728402032749858
0 0.6252521177894312 0.4829192546583851 0.01855586930213796 0.006493506493506494
0 0.6377571601452199 0.47501411631846413 0.016942315449778138 0.020609824957651044
0 0.6603469140782574 0.4867306606437041 0.03065752319483663 0.01693958215697346
0 0.7103670835014119 0.4710615471485037 0.02016942315449778 0.029079616036137776
0 0.7450584913271481 0.47374364765669114 0.01936264622831787 0.024844720496894408
0 0.7626058894715612 0.4823546019198193 0.01573215006050827 0.011575381140598532
0 0.7676482452601856 0.47346132128740825 0.003227107704719645 0.00282326369282891
0 0.7783380395320694 0.48122529644268774 0.014925373134328358 0.016092603049124788
0 0.8071803146430012 0.48348390739695085 0.045986284792254944 0.01383399209486166
0 0.8005244050020169 0.4738848108413326 0.0052440500201694235 0.0036702428006775835
0 0.8126260588947156 0.47247317899491814 0.004437273093989512 0.004799548277809147
0 0.14885034288019364 0.5307735742518351 0.01936264622831787 0.012422360248447204
0 0.1619604679306172 0.5388198757763976 0.011698265429608713 0.026256352343308864
0 0.18132311415893507 0.5321852060982496 0.02218636546994756 0.010163749294184076
0 0.20149253731343283 0.5290796160361377 0.018152480839048003 0.014116318464144552
0 0.21762807583703106 0.5437605872388481 0.026220250100847116 0.02710333145115754
0 0.27732956837434447 0.532326369282891 0.011698265429608713 0.013269339356295878
0 0.3055667607906414 0.5350084697910785 0.045582896329164985 0.010163749294184076
0 0.35760387252924564 0.5351496329757199 0.01008471157724889 0.007058159232072276
0 0.3662767244856797 0.5248447204968945 0.014521984671238403 0.02766798418972332
0 0.4136748688987495 0.5335968379446641 0.019766034691407825 0.009034443817052512
0 0.4515933844292053 0.5330321852060983 0.05445744251714401 0.038396386222473176
0 0.5145219846712384 0.5341614906832298 0.01573215006050827 0.009599096555618294
0 0.5312626058894716 0.5237154150197628 0.03953206938281565 0.028232636928289104
0 0.5147236789027834 0.5300677583286278 0.0024203307785397336 0.001976284584980237
0 0.5607099636950383 0.5317617165443252 0.012101653892698669 0.008752117447769622
0 0.5885437676482452 0.5313382269904009 0.04033884630899556 0.011857707509881422
0 0.6155707946752723 0.5324675324675324 0.008067769261799113 0.002258610954263128
0 0.6306978620411456 0.531055900621118 0.014118596208148447 0.014116318464144552
0 0.6442113755546591 0.5330321852060983 0.01371520774505849 0.010163749294184076
0 0.6528842275110932 0.5314793901750423 0.013311819281968536 0.01101072840203275
0 0.6643807987091569 0.5335968379446641 0.009681323114158934 0.006211180124223602
0 0.6797095603065753 0.5343026538678712 0.01936264622831787 0.014398644833427442
0 0.7127874142799516 0.541501976284585 0.021782977006857603 0.02766798418972332
0 0.7101653892698668 0.5247035573122529 0.007664380798709157 0.005364201016374929
0 0.727914481645825 0.5345849802371542 0.01008471157724889 0.005928853754940711
0 0.7478822105687777 0.5381140598531903 0.02743041549011698 0.020892151326933936
0 0.8160548608309802 0.5306324110671937 0.05889471561113352 0.042631281761716544
0 0.8525615167406212 0.5258328627893846 0.01734570391286809 0.029079616036137776
0 0.1619604679306172 0.5913325804630153 0.02944735780556676 0.022303783173348392
0 0.18071803146430013 0.585544889892716 0.010488100040338847 0.007905138339920948
0 0.19483662767244858 0.5876623376623377 0.01290843081887858 0.007058159232072276
0 0.20956030657523195 0.5859683794466403 0.038321903993545785 0.0471485036702428
0 0.19342476805163372 0.5818746470920384 0.002016942315449778 0.00282326369282891
0 0.27047196450181527 0.5748164878599661 0.01653892698668818 0.03387916431394692
0 0.2845905607099637 0.5861095426312818 0.010891488503428802 0.006775832862789385
0 0.300121016538927 0.5862507058159232 0.01855586930213796 0.007058159232072276
0 0.3043565954013715 0.5774985883681536 0.0052440500201694235 0.005364201016374929
0 0.3190802743041549 0.573828345567476 0.021782977006857603 0.032467532467532464
0 0.3138362242839855 0.5862507058159232 0.004033884630899556 0.007058159232072276
0 0.33057684550221866 0.581451157538114 0.00927793465106898 0.01383399209486166
0 0.3588140379185155 0.5834274421230943 0.03509479628882614 0.007058159232072276
0 0.4080274304154901 0.5732636928289102 0.02864058087938685 0.03698475437605872
0 0.4288019362646228 0.5856860530773574 0.009681323114158934 0.00818746470920384
0 0.445542557482856 0.5900621118012422 0.024606696248487294 0.020892151326933936
0 0.5012101653892699 0.5803218520609825 0.02379991932230738 0.016092603049124788
0 0.5592981040742234 0.5821569734613213 0.022993142396127472 0.01129305477131564
0 0.5617184348527632 0.573828345567476 0.0028237192416296895 0.001976284584980237
0 0.5867285195643405 0.5773574251835122 0.040742234772085516 0.03896103896103896
0 0.5724082291246471 0.5845567476002259 0.004033884630899556 0.005364201016374929
0 0.6317063331988705 0.5758046301524562 0.01371520774505849 0.026821005081874648
0 0.6514723678902783 0.5852625635234331 0.021782977006857603 0.01129305477131564
0 0.6508672851956434 0.5791925465838509 0.0012101653892698668 0.0008469791078486731
0 0.662767244856797 0.5924618859401468 0.02016942315449778 0.025691699604743084
0 0.6764824526018556 0.5748164878599661 0.01855586930213796 0.028232636928289104
0 0.7051230334812424 0.5828627893845285 0.03953206938281565 0.011575381140598532
0 0.7313432835820896 0.5866741953698476 0.0024203307785397336 0.0016939582156973462
