0 0.15308592174263816 0.2648221343873518 0.026220250100847116 0.004517221908526256
0 0.15248083904800322 0.27442123094297005 0.005647438483259379 0.014680971202710334
0 0.17648245260185558 0.27103331451157536 0.01573215006050827 0.01637492941840768
0 0.19604679306171843 0.27343308865047994 0.01936264622831787 0.013269339356295878
0 0.26744655102864057 0.2780914737436477 0.023396530859217425 0.019762845849802372
0 0.2987091569181121 0.27300959909655564 0.033481242436466316 0.01129305477131564
0 0.3325937878176684 0.27300959909655564 0.03428801936264623 0.019762845849802372
0 0.36345300524405 0.27300959909655564 0.016135538523598225 0.007340485601355167
0 0.39511899959661156 0.27540937323546016 0.05526421944332392 0.010446075663466968
0 0.43707139975796694 0.2766798418972332 0.020572811617587738 0.00564652738565782
0 0.4590560709963695 0.274703557312253 0.016135538523598225 0.010163749294184076
0 0.481645824929407 0.2727272727272727 0.021782977006857603 0.010728402032749858
0 0.5221863654699476 0.27625635234330886 0.026220250100847116 0.01101072840203275
0 0.5296490520371118 0.275974025974026 0.005647438483259379 0.004234895539243365
0 0.5484066155707946 0.27300959909655564 0.018959257765227916 0.019762845849802372
0 0.6192012908430818 0.27540937323546016 0.07260992335619201 0.012140033879164314
0 0.699273900766438 0.2727272727272727 0.040742234772085516 0.01637492941840768
0 0.7293263412666398 0.2717391304347826 0.00645421540943929 0.014398644833427442
0 0.7535296490520371 0.27428006775832864 0.042759177087535294 0.012140033879164314
0 0.7845905607099637 0.2717391304347826 0.016135538523598225 0.011575381140598532
0 0.827551432029044 0.2723037831733484 0.058491327148043566 0.01948051948051948
0 0.16881807180314642 0.3256634669678148 0.06655909640984267 0.0251270468661773
0 0.2226704316256555 0.3211462450592885 0.03711173860427592 0.016092603049124788
0 0.26119402985074625 0.32185206098249575 0.0326744655102864 0.010728402032749858
0 0.2972972972972973 0.32185206098249575 0.0500201694231545 0.017504234895539244
0 0.38483259378781765 0.3255223037831734 0.042759177087535294 0.024280067758328628
0 0.40863251311012505 0.32806324110671936 0.003227107704719645 0.007905138339920948
0 0.4138765631302945 0.31719367588932806 0.005647438483259379 0.0036702428006775835
0 0.4526018555869302 0.3246753246753247 0.07745058491327148 0.019198193111236588
0 0.537111738604276 0.3246753246753247 0.0052440500201694235 0.010728402032749858
0 0.5391286809197257 0.31620553359683795 0.0052440500201694235 0.004517221908526256
0 0.5467930617184349 0.3287690570299266 0.012505042355788625 0.005364201016374929
0 0.5540540540540541 0.32608695652173914 0.00927793465106898 0.009599096555618294
0 0.6349334409035902 0.3256634669678148 0.06131504638967326 0.016657255787690572
0 0.7103670835014119 0.3241106719367589 0.016135538523598225 0.009034443817052512
0 0.7341670028237193 0.32396950875211744 0.01936264622831787 0.014398644833427442
0 0.7553448971359419 0.3256634669678148 0.021379588543767647 0.011575381140598532
0 0.809600645421541 0.32396950875211744 0.02743041549011698 0.012704686617730096
0 0.8354175070592981 0.32594579333709767 0.024203307785397338 0.006493506493506494
0 0.8582089552238806 0.32142857142857145 0.006857603872529245 0.015527950310559006
0 0.8755546591367487 0.33116883116883117 0.02218636546994756 0.011857707509881422
0 0.8709156918112142 0.32679277244494637 0.008874546187979023 0.007058159232072276
0 0.1444130697862041 0.382128740824393 0.029850746268656716 0.023997741389045736
0 0.19665187575635337 0.37140033879164314 0.06897942718838242 0.021739130434782608
0 0.22347720855183542 0.37634105025409376 0.003227107704719645 0.0033879164313946925
0 0.2956837434449375 0.3715415019762846 0.04517950786607503 0.01637492941840768
0 0.3253327954820492 0.3781761716544325 0.003630496167809601 0.007622811970638058
0 0.33198870512303347 0.36829474872953133 0.004033884630899556 0.004234895539243365
0 0.3412666397741025 0.37888198757763975 0.014521984671238403 0.006211180124223602
0 0.354780153287616 0.3849520045172219 0.02218636546994756 0.023997741389045736
0 0.40399354578459057 0.37662337662337664 0.012505042355788625 0.021456804065499716
0 0.43404598628479224 0.379587803500847 0.028237192416296894 0.010446075663466968
0 0.4554255748285599 0.37662337662337664 0.011294876966518758 0.01693958215697346
0 0.4838644614764018 0.3771880293619424 0.0536506655909641 0.01637492941840768
0 0.5211778943122227 0.3865047995482778 0.024203307785397338 0.019762845849802372
0 0.5457845905607099 0.3769057029926595 0.020976200080677694 0.01693958215697346
0 0.6038725292456636 0.3781761716544325 0.020976200080677694 0.011575381140598532
0 0.6244453408632513 0.37761151891586675 0.016135538523598225 0.014963297571993224
0 0.6432029043969343 0.378317334839074 0.01734570391286809 0.00846979107848673
0 0.6811214199273901 0.3771880293619424 0.024606696248487294 0.006775832862789385
0 0.7045179507866075 0.37987012987012986 0.024606696248487294 0.006493506493506494
0 0.7287212585720049 0.37704686617730093 0.020572811617587738 0.011575381140598532
0 0.780960064542154 0.37676453980801805 0.01936264622831787 0.009881422924901186
0 0.7900363049616781 0.3780350084697911 0.0028237192416296895 0.003952569169960474
0 0.7936668011294877 0.3804347826086957 0.002016942315449778 0.003105590062111801
0 0.8029447357805567 0.37859966120835686 0.018152480839048003 0.006775832862789385
0 0.8198870512303348 0.38283455674760025 0.02218636546994756 0.015245623941276116
0 0.8162565550625253 0.3663184641445511 0.0028237192416296895 0.004234895539243365
0 0.8386446147640177 0.37761151891586675 0.004840661557079467 0.00818746470920384
0 0.8448971359419121 0.36829474872953133 0.0052440500201694235 0.005364201016374929
0 0.8608309802339653 0.379587803500847 0.03146430012101654 0.01101072840203275
0 0.8840258168616377 0.3752117447769622 0.0060508269463493344 0.012422360248447204
0 0.18253327954820492 0.42419536984754375 0.10609116579265833 0.022868435911914172
0 0.25211778943122226 0.42518351214003386 0.004840661557079467 0.024844720496894408
0 0.2900363049616781 0.4295595708639187 0.004840661557079467 0.007058159232072276
0 0.2928600242033078 0.41770186335403725 0.004840661557079467 0.006493506493506494
0 0.3055667607906414 0.42857142857142855 0.014118596208148447 0.006775832862789385
0 0.3765631302944736 0.42419536984754375 0.022993142396127472 0.014963297571993224
0 0.3935054457442517 0.42391304347826086 0.013311819281968536 0.014398644833427442
0 0.4116579265832997 0.424901185770751 0.018152480839048003 0.01129305477131564
0 0.4790237999193223 0.42758328627893843 0.026220250100847116 0.021174477696216828
0 0.5016135538523598 0.4257481648785997 0.008471157724889069 0.014116318464144552
0 0.4987898346107301 0.4191134952004517 0.002016942315449778 0.001411631846414455
0 0.5227914481645825 0.42941840767927725 0.03065752319483663 0.005081874647092038
0 0.5736183945139169 0.4289949181253529 0.007260992335619202 0.007622811970638058
0 0.6064945542557483 0.4311123658949746 0.03751512706736587 0.010728402032749858
0 0.6286809197256958 0.43153585544889894 0.004437273093989512 0.007622811970638058
0 0.6530859217426381 0.42857142857142855 0.042759177087535294 0.018068887634105024
0 0.63614360629286 0.41981931112365894 0.004033884630899556 0.002258610954263128
0 0.7020976200080677 0.43040654997176736 0.0060508269463493344 0.010446075663466968
0 0.7115772488906817 0.4322416713721062 0.012101653892698669 0.00564652738565782
0 0.7083501411859621 0.41854884246188595 0.004840661557079467 0.004234895539243365
0 0.7188382412263009 0.42871259175607 0.008874546187979023 0.010446075663466968
0 0.7583703106091165 0.43379446640316205 0.010488100040338847 0.009316770186335404
0 0.800726099233562 0.4278656126482213 0.08955223880597014 0.020045172219085264
0 0.7650262202501008 0.43774703557312256 0.002016942315449778 0.0008469791078486731
0 0.8259378781766842 0.4289949181253529 0.011698265429608713 0.0036702428006775835
0 0.8662767244856797 0.4313946922642575 0.014118596208148447 0.002258610954263128
0 0.1308995562726906 0.47247317899491814 0.022993142396127472 0.014963297571993224
0 0.15167406212182333 0.4730378317334839 0.016942315449778138 0.016092603049124788
0 0.18676885841064947 0.4767080745341615 0.04517950786607503 0.010446075663466968
0 0.24162968939088342 0.4772727272727273 0.011294876966518758 0.001976284584980237
0 0.26946349334409037 0.4805194805194805 0.02581686163775716 0.012987012987012988
0 0.299717628075837 0.4826369282891022 0.022589753933037516 0.00818746470920384
0 0.336022589753933 0.4816487859966121 0.042759177087535294 0.010163749294184076
0 0.36829366680112946 0.4829192546583851 0.02581686163775716 0.010446075663466968
0 0.38684953610326744 0.4946357989836251 0.014521984671238403 0.006211180124223602
0 0.3935054457442517 0.4891304347826087 0.013311819281968536 0.013269339356295878
0 0.4100443727309399 0.4810841332580463 0.02379991932230738 0.010728402032749858
0 0.4757966922146027 0.48870694522868435 0.022993142396127472 0.019762845849802372
0 0.5215812827753126 0.48009599096555616 0.06131504638967326 0.017221908526256352
0 0.5645421540943929 0.4892715979672501 0.022993142396127472 0.012422360248447204
0 0.5611133521581283 0.484472049689441 0.008874546187979023 0.004517221908526256
0 0.6135538523598225 0.4798136645962733 0.022589753933037516 0.01383399209486166
0 0.6401774909237595 0.47896668548842464 0.02581686163775716 0.01101072840203275
0 0.6712384025816862 0.4816487859966121 0.03469140782573618 0.006211180124223602
0 0.7141992739007664 0.48009599096555616 0.04800322710770472 0.014398644833427442
0 0.7468737394110528 0.4860248447204969 0.024606696248487294 0.016092603049124788
0 0.7498991528842275 0.47967250141163187 0.0024203307785397336 0.0016939582156973462
0 0.7714804356595402 0.4837662337662338 0.0052440500201694235 0.00818746470920384
0 0.8217022993142397 0.47684923771880294 0.04356595401371521 0.019762845849802372
0 0.844695441710367 0.4776962168266516 0.007260992335619202 0.017504234895539244
0 0.8612343686970553 0.48658949745906266 0.02016942315449778 0.014963297571993224
0 0.8569987898346108 0.480660643704122 0.007664380798709157 0.004799548277809147
0 0.9136748688987495 0.4798136645962733 0.07664380798709157 0.013269339356295878
0 0.9715611133521581 0.48207227555053644 0.02218636546994756 0.002540937323546019
0 0.13150463896732553 0.5344438170525128 0.014521984671238403 0.0033879164313946925
0 0.14743848325937878 0.5254093732354602 0.02702702702702703 0.019762845849802372
0 0.17144009681323114 0.5337380011293055 0.017749092375958047 0.017221908526256352
0 0.163574021782977 0.5385375494071146 0.0012101653892698668 0.0008469791078486731
0 0.18596208148446955 0.5230095990965556 0.004033884630899556 0.014398644833427442
0 0.21339249697458654 0.5254093732354602 0.04356595401371521 0.01637492941840768
0 0.2648245260185559 0.5347261434217956 0.004437273093989512 0.011857707509881422
0 0.2987091569181121 0.5280914737436476 0.025413473174667203 0.016657255787690572
0 0.32977006857603874 0.5337380011293055 0.04719645018152481 0.009881422924901186
0 0.37575635336829366 0.53613777526821 0.04154901169826543 0.01637492941840768
0 0.417910447761194 0.5320440429136082 0.045986284792254944 0.007058159232072276
0 0.5034288019362646 0.5299265951439864 0.0653489310205728 0.019762845849802372
0 0.545582896329165 0.5375494071146245 0.007664380798709157 0.002258610954263128
0 0.5893505445744252 0.5283738001129306 0.03146430012101654 0.020045172219085264
0 0.6212182331585316 0.5309147374364765 0.04195240016135539 0.020609824957651044
0 0.6835417507059298 0.532608695652174 0.03993545784590561 0.017786561264822136
0 0.7035094796288827 0.5273856578204404 0.004033884630899556 0.006775832862789385
0 0.7313432835820896 0.5343026538678712 0.007260992335619202 0.01101072840203275
0 0.7412263009277935 0.5244212309429701 0.0028237192416296895 0.001411631846414455
0 0.746268656716418 0.5295031055900621 0.008067769261799113 0.014398644833427442
0 0.7886244453408633 0.5331733483907397 0.022589753933037516 0.016092603049124788
0 0.8102057281161759 0.53613777526821 0.018152480839048003 0.010728402032749858
0 0.8289632916498588 0.5371259175607002 0.015328761597418314 0.009881422924901186
0 0.15066559096409843 0.5742518351214003 0.043969342476805166 0.017504234895539244
0 0.19846712384025816 0.577922077922078 0.0500201694231545 0.01355166572557877
0 0.27390076643807987 0.5784867306606437 0.024203307785397338 0.015810276679841896
0 0.3017345703912868 0.5758046301524562 0.014521984671238403 0.01948051948051948
0 0.3281565147236789 0.5782044042913608 0.03428801936264623 0.01637492941840768
0 0.3854376764824526 0.5824392998306042 0.004437273093989512 0.007340485601355167
0 0.390681726502622 0.5735460191981931 0.006857603872529245 0.004234895539243365
0 0.4100443727309399 0.5851214003387917 0.019766034691407825 0.008752117447769622
0 0.45219846712384026 0.5869565217391305 0.020976200080677694 0.010728402032749858
0 0.4856797095603066 0.5862507058159232 0.03953206938281565 0.01383399209486166
0 0.5607099636950383 0.5883681535855448 0.02743041549011698 0.011857707509881422
0 0.6113352158128278 0.5869565217391305 0.06010488100040339 0.010728402032749858
0 0.6663977410246067 0.58399209486166 0.04437273093989512 0.017221908526256352
0 0.7156111335215812 0.5825804630152456 0.017749092375958047 0.012704686617730096
0 0.735982250907624 0.5832862789384529 0.014925373134328358 0.014116318464144552
0 0.7609923356192013 0.5852625635234331 0.022993142396127472 0.011857707509881422
0 0.14239612747075434 0.6283173348390739 0.04679306171843485 0.01383399209486166
0 0.17749092375958048 0.6319875776397516 0.014521984671238403 0.006493506493506494
0 0.21964501815248083 0.6257763975155279 0.057684550221863654 0.015527950310559006
0 0.2648245260185559 0.6318464144551101 0.033481242436466316 0.01129305477131564
0 0.29245663574021785 0.63085827216262 0.01855586930213796 0.012140033879164314
0 0.36244453408632515 0.6342461885940147 0.050423557886244454 0.01948051948051948
0 0.37676482452601856 0.6297289666854884 0.0016135538523598225 0.003105590062111801
0 0.4223477208551835 0.6331168831168831 0.042759177087535294 0.015527950310559006
0 0.45582896329164985 0.6343873517786561 0.017749092375958047 0.014116318464144552
0 0.5439693424768052 0.6298701298701299 0.0826946349334409 0.018633540372670808
0 0.6167809600645422 0.6349520045172219 0.011294876966518758 0.003952569169960474
0 0.636345300524405 0.6352343308865048 0.03428801936264623 0.02258610954263128
0 0.663775716014522 0.6315640880858272 0.00927793465106898 0.014116318464144552
0 0.6994755949979831 0.6332580463015246 0.07018959257765228 0.01637492941840768
0 0.7388059701492538 0.6357989836250706 0.0052440500201694235 0.006211180124223602
0 0.7414279951593384 0.6260587238848109 0.004033884630899556 0.002540937323546019
0 0.7565550625252118 0.6345285149632975 0.030254134731746672 0.014398644833427442
0 0.7805566760790641 0.6369282891022021 0.026623638563937072 0.009034443817052512
0 0.8223073820088745 0.6348108413325805 0.00927793465106898 0.017786561264822136
0 0.873336022589754 0.6379164313946922 0.07664380798709157 0.012140033879164314
0 0.9275917708753529 0.6405985319028797 0.02702702702702703 0.006775832862789385
0 0.9653085921742638 0.6376341050254094 0.03953206938281565 0.017221908526256352
0 0.127269060104881 0.6788537549407114 0.014118596208148447 0.016092603049124788
0 0.1500605082694635 0.6801242236024845 0.016135538523598225 0.018633540372670808
0 0.17204517950786608 0.6842179559570863 0.018152480839048003 0.01383399209486166
0 0.2490923759580476 0.6809712027103332 0.06171843485276321 0.024844720496894408
0 0.23235175473981445 0.681253529079616 0.005647438483259379 0.010728402032749858
0 0.28580072609923357 0.6847826086956522 0.01573215006050827 0.01101072840203275
0 0.30334812424364666 0.6840767927724449 0.02016942315449778 0.01129305477131564
0 0.37938684953610324 0.6802653867871259 0.0326744655102864 0.015527950310559006
0 0.39753933037515127 0.6837944664031621 0.020572811617587738 0.01129305477131564
0 0.4263816054860831 0.6798418972332015 0.03469140782573618 0.018068887634105024
0 0.49072206534893104 0.6856295878035008 0.01573215006050827 0.021174477696216828
0 0.5185558693021379 0.6856295878035008 0.03993545784590561 0.011575381140598532
0 0.5560709963695039 0.681253529079616 0.018152480839048003 0.012987012987012988
0 0.5792658329971763 0.6843591191417279 0.01936264622831787 0.01693958215697346
0 0.600242033077854 0.6870412196499153 0.017749092375958047 0.014398644833427442
0 0.672448567970956 0.6909937888198758 0.03630496167809601 0.01948051948051948
0 0.6956434045986285 0.6859119141727837 0.004437273093989512 0.007622811970638058
0 0.7029043969342477 0.6760304912478825 0.003630496167809601 0.004234895539243365
0 0.7291246470350948 0.6813946922642575 0.05526421944332392 0.020045172219085264
0 0.7767244856797095 0.6861942405420667 0.030254134731746672 0.011575381140598532
0 0.8027430415490117 0.6857707509881423 0.01290843081887858 0.028797289666854884
0 0.8420734167002824 0.6856295878035008 0.004437273093989512 0.009881422924901186
0 0.8483259378781767 0.6805477131564088 0.00645421540943929 0.005928853754940711
0 0.8646631706333199 0.6884528514963297 0.021379588543767647 0.007622811970638058
0 0.13412666397741024 0.7226143421795596 0.025413473174667203 0.00818746470920384
0 0.13392496974586526 0.7316487859966121 0.01936264622831787 0.009316770186335404
0 0.16821298910851148 0.7298136645962733 0.05808793868495361 0.01637492941840768
0 0.20976200080677693 0.7329192546583851 0.021782977006857603 0.02258610954263128
0 0.22166196046793063 0.7268492377188029 0.004437273093989512 0.005928853754940711
0 0.2428398547801533 0.7322134387351779 0.029850746268656716 0.010446075663466968
0 0.2902379991932231 0.730378317334839 0.019766034691407825 0.00282326369282891
0 0.32553448971359417 0.7293901750423489 0.02743041549011698 0.01383399209486166
0 0.36062928600242034 0.7285431959345002 0.04356595401371521 0.017221908526256352
0 0.41085114965711983 0.7340485601355167 0.007664380798709157 0.01129305477131564
0 0.4154901169826543 0.722755505364201 0.004840661557079467 0.003952569169960474
0 0.4247680516337233 0.7348955392433654 0.01855586930213796 0.019762845849802372
0 0.4764017749092376 0.7346132128740824 0.03711173860427592 0.01355166572557877
0 0.5223880597014925 0.735742518351214 0.04679306171843485 0.012422360248447204
0 0.5599031867688584 0.7367306606437041 0.02016942315449778 0.009881422924901186
0 0.5556676079064139 0.7282608695652174 0.003630496167809601 0.00818746470920384
0 0.6079064138765631 0.7368718238283456 0.021782977006857603 0.011857707509881422
0 0.708753529649052 0.7319311123658949 0.060508269463493344 0.018351214003387916
0 0.7139975796692215 0.7326369282891022 0.02016942315449778 0.009034443817052512
0 0.7644211375554659 0.7322134387351779 0.05163372327551432 0.01948051948051948
0 0.8519564340459863 0.7340485601355167 0.03711173860427592 0.015810276679841896
0 0.8987494957644211 0.7363071710897798 0.063735377168213 0.014116318464144552
