0 0.14925373134328357 0.2161208356860531 0.03146430012101654 0.016092603049124788
0 0.1865671641791045 0.21513269339356295 0.05687777329568374 0.020892151326933936
0 0.2898346107301331 0.2217673630717109 0.07946752722872126 0.0251270468661773
0 0.2763210972166196 0.21230942970073405 0.003227107704719645 0.002258610954263128
0 0.3567970956030658 0.20934500282326368 0.0028237192416296895 0.001976284584980237
0 0.3707139975796692 0.22063805759457933 0.029043969342476807 0.009316770186335404
0 0.41528842275110933 0.22134387351778656 0.025413473174667203 0.009034443817052512
0 0.4709560306575232 0.21936758893280633 0.04800322710770472 0.015245623941276116
0 0.5114965711980637 0.22162619988706944 0.02501008471157725 0.00846979107848673
0 0.5514320290439694 0.21640316205533597 0.05163372327551432 0.017786561264822136
0 0.5784590560709963 0.22007340485601354 0.011294876966518758 0.001976284584980237
0 0.6317063331988705 0.21852060982495766 0.07341670028237192 0.015810276679841896
0 0.6885841064945543 0.21795595708639187 0.009681323114158934 0.02710333145115754
0 0.7113755546591367 0.22092038396386224 0.022993142396127472 0.010446075663466968
0 0.7450584913271481 0.22134387351778656 0.04195240016135539 0.009599096555618294
0 0.800726099233562 0.22430830039525693 0.035498184751916094 0.016092603049124788
0 0.8124243646631706 0.21103896103896103 0.003227107704719645 0.004234895539243365
0 0.8307785397337636 0.22190852625635235 0.019766034691407825 0.009034443817052512
0 0.8511496571198064 0.2217673630717109 0.008067769261799113 0.001411631846414455
0 0.1801129487696652 0.2670807453416149 0.08027430415490117 0.019198193111236588
0 0.2615974183138362 0.26778656126482214 0.04477611940298507 0.021739130434782608
0 0.3208955223880597 0.26778656126482214 0.019766034691407825 0.017786561264822136
0 0.3797902379991932 0.268068887634105 0.09318273497377975 0.017221908526256352
0 0.3852359822509076 0.2611518915866742 0.003227107704719645 0.00282326369282891
0 0.45966115369100446 0.26877470355731226 0.02944735780556676 0.01693958215697346
0 0.5082694634933441 0.27188029361942406 0.060508269463493344 0.010163749294184076
0 0.5582896329164986 0.2720214568040655 0.035498184751916094 0.009881422924901186
0 0.6012505042355789 0.27060982495765107 0.04477611940298507 0.009881422924901186
0 0.6522791448164582 0.2694805194805195 0.022589753933037516 0.026821005081874648
0 0.6875756353368294 0.2717391304347826 0.0463896732553449 0.009881422924901186
0 0.7739007664380799 0.27117447769621683 0.07462686567164178 0.011575381140598532
0 0.8198870512303348 0.27117447769621683 0.010891488503428802 0.001976284584980237
0 0.17849939491730538 0.3188876341050254 0.0891488503428802 0.025691699604743084
0 0.16276724485679708 0.30660643704121965 0.0028237192416296895 0.0033879164313946925
0 0.25131101250504234 0.3178994918125353 0.04921339249697459 0.01637492941840768
0 0.2716821298910851 0.3101355166572558 0.0028237192416296895 0.001976284584980237
0 0.30677692617991126 0.32142857142857145 0.050423557886244454 0.009881422924901186
0 0.3372327551432029 0.3210050818746471 0.012101653892698669 0.032185206098249576
0 0.3553852359822509 0.3235460191981931 0.003227107704719645 0.0033879164313946925
0 0.38886647841871724 0.31846414455110106 0.033884630899556276 0.01637492941840768
0 0.41770875352964904 0.3157820440429136 0.025413473174667203 0.021174477696216828
0 0.44473578055667606 0.32284020327498586 0.025413473174667203 0.008752117447769622
0 0.5026220250100847 0.31592320722755507 0.03630496167809601 0.0220214568040655
0 0.5322710770471965 0.32185206098249575 0.022993142396127472 0.010163749294184076
0 0.5554659136748689 0.3219932241671372 0.024203307785397338 0.008752117447769622
0 0.6077047196450182 0.3160643704121965 0.02944735780556676 0.021739130434782608
0 0.635941912061315 0.3221343873517787 0.021379588543767647 0.010163749294184076
0 0.6587333602258976 0.32128740824393 0.020976200080677694 0.009034443817052512
0 0.7390076643807987 0.32058159232072275 0.08874546187979024 0.025691699604743084
0 0.763210972166196 0.314652738565782 0.003227107704719645 0.004799548277809147
0 0.7979023799919323 0.32298136645962733 0.029043969342476807 0.007905138339920948
0 0.8370310609116579 0.3231225296442688 0.022589753933037516 0.01101072840203275
0 0.16760790641387657 0.3718238283455675 0.04800322710770472 0.01129305477131564
0 0.19221460266236384 0.3601072840203275 0.002016942315449778 0.002540937323546019
0 0.20693828156514724 0.37267080745341613 0.02016942315449778 0.009034443817052512
0 0.2319483662767245 0.3719649915302089 0.029850746268656716 0.009881422924901186
0 0.24162968939088342 0.36363636363636365 0.003227107704719645 0.004517221908526256
0 0.27390076643807987 0.37238848108413325 0.048406615570794675 0.009034443817052512
0 0.34751916095199675 0.3730942970073405 0.03993545784590561 0.01101072840203275
0 0.33098023396530857 0.36024844720496896 0.0028237192416296895 0.00282326369282891
0 0.43142396127470756 0.3730942970073405 0.07624041952400161 0.009881422924901186
0 0.44029850746268656 0.36250705815923207 0.0028237192416296895 0.0033879164313946925
0 0.48527632109721663 0.370412196499153 0.02501008471157725 0.015810276679841896
0 0.5062525211778943 0.3753529079616036 0.003227107704719645 0.002540937323546019
0 0.5506252521177895 0.36801242236024845 0.02581686163775716 0.014963297571993224
0 0.5768455022186365 0.3675889328063241 0.02016942315449778 0.017504234895539244
0 0.6010488100040339 0.37365894974590624 0.02581686163775716 0.009316770186335404
0 0.6198063735377168 0.3804347826086957 0.003630496167809601 0.007622811970638058
0 0.6498588140379186 0.3644833427442123 0.008874546187979023 0.009034443817052512
0 0.6772892295280355 0.37662337662337664 0.023396530859217425 0.017504234895539244
0 0.7246873739411053 0.3728119706380576 0.07785397337636143 0.01101072840203275
0 0.7985074626865671 0.37789384528514963 0.06333198870512304 0.01948051948051948
0 0.8331988705123033 0.3800112930547713 0.003630496167809601 0.009599096555618294
0 0.191004437273094 0.42207792207792205 0.10609116579265833 0.020327498588368152
0 0.24707543364259782 0.4113495200451722 0.0028237192416296895 0.002258610954263128
0 0.2672448567970956 0.42377188029361945 0.04235578862444534 0.009034443817052512
0 0.28620411456232353 0.43195934500282324 0.004437273093989512 0.007905138339920948
0 0.345502218636547 0.41869000564652736 0.056070996369503835 0.017504234895539244
0 0.3937071399757967 0.42207792207792205 0.04759983864461476 0.010163749294184076
0 0.45240016135538524 0.42758328627893843 0.06252521177894312 0.01948051948051948
0 0.5340863251311012 0.4230660643704122 0.04679306171843485 0.009881422924901186
0 0.5734167002823719 0.42108977978543194 0.02702702702702703 0.01383399209486166
0 0.6306978620411456 0.4244776962168266 0.0318676885841065 0.009881422924901186
0 0.6718434852763211 0.42391304347826086 0.043162565550625254 0.009316770186335404
0 0.7067365873336022 0.42405420666290233 0.03146430012101654 0.009599096555618294
0 0.1974586526825333 0.470214568040655 0.11657926583299717 0.018351214003387916
0 0.14300121016538928 0.4614624505928854 0.004437273093989512 0.0036702428006775835
0 0.24868898749495763 0.46386222473178995 0.0028237192416296895 0.00282326369282891
0 0.3051633723275514 0.47501411631846413 0.09156918112141993 0.03077357425183512
0 0.36062928600242034 0.46414455110107283 0.009681323114158934 0.007905138339920948
0 0.40217829770068575 0.4704968944099379 0.028237192416296894 0.020609824957651044
0 0.4411052843888665 0.47374364765669114 0.04154901169826543 0.009599096555618294
0 0.5207745058491328 0.468944099378882 0.05647438483259379 0.020327498588368152
0 0.5929810407422348 0.47501411631846413 0.03146430012101654 0.01101072840203275
0 0.6115369100443727 0.46414455110107283 0.003227107704719645 0.0033879164313946925
0 0.635538523598225 0.46922642574816487 0.04800322710770472 0.023715415019762844
0 0.6859620814844696 0.4704968944099379 0.00927793465106898 0.026256352343308864
0 0.7238805970149254 0.4738848108413326 0.04154901169826543 0.010446075663466968
0 0.7993142396127471 0.4696499153020892 0.06575231948366277 0.018351214003387916
0 0.1863654699475595 0.5242800677583286 0.09197256958450989 0.010163749294184076
0 0.29043969342476805 0.5207509881422925 0.06776926179911255 0.021739130434782608
0 0.3338039532069383 0.5235742518351214 0.02218636546994756 0.009881422924901186
0 0.3785800726099234 0.5203274985883681 0.027833803953206938 0.019198193111236588
0 0.41427995159338443 0.525691699604743 0.03953206938281565 0.009034443817052512
0 0.44231544977813636 0.5225861095426313 0.01008471157724889 0.032185206098249576
0 0.4616780960064542 0.532608695652174 0.0052440500201694235 0.009316770186335404
0 0.5046389673255345 0.5248447204968945 0.03065752319483663 0.010728402032749858
0 0.5490116982654296 0.5254093732354602 0.05405405405405406 0.009599096555618294
0 0.5907624041952401 0.5203274985883681 0.02864058087938685 0.017504234895539244
0 0.6488503428801936 0.5214568040654998 0.035901573215006054 0.017504234895539244
0 0.6986688180718031 0.5208921513269339 0.028237192416296894 0.018633540372670808
0 0.7418313836224284 0.5255505364201016 0.04759983864461476 0.009881422924901186
0 0.7787414279951593 0.5254093732354602 0.025413473174667203 0.009599096555618294
0 0.8325937878176685 0.5204686617730095 0.0500201694231545 0.021739130434782608
0 0.1700282371924163 0.5789102202145681 0.05929810407422348 0.016657255787690572
0 0.22025010084711577 0.5717108977978543 0.035498184751916094 0.025974025974025976
0 0.2581686163775716 0.5704404291360813 0.04033884630899556 0.017221908526256352
0 0.3225090762404195 0.5711462450592886 0.02944735780556676 0.015810276679841896
0 0.36587333602258976 0.5714285714285714 0.05405405405405406 0.017504234895539244
0 0.400161355385236 0.5794748729531338 0.02016942315449778 0.015527950310559006
0 0.4116579265832997 0.5804630152456239 0.006857603872529245 0.0033879164313946925
0 0.4707543364259782 0.5714285714285714 0.08067769261799113 0.019762845849802372
0 0.573215006050827 0.571005081874647 0.07422347720855184 0.0189158667419537
0 0.6524808390480032 0.571005081874647 0.033481242436466316 0.017786561264822136
0 0.6930213795885438 0.5755223037831734 0.04437273093989512 0.009881422924901186
0 0.7569584509883017 0.5691699604743083 0.0391286809197257 0.02258610954263128
0 0.8172650262202501 0.5756634669678148 0.07987091569181122 0.01129305477131564
0 0.1645824929407019 0.6216826651609261 0.050826946349334406 0.021456804065499716
0 0.2559499798305768 0.6208356860530774 0.08108108108108109 0.020892151326933936
0 0.3098023396530859 0.6226708074534162 0.02581686163775716 0.01383399209486166
0 0.3598225090762404 0.623235460191982 0.07018959257765228 0.014963297571993224
0 0.4245663574021783 0.6223884810841332 0.008471157724889069 0.027950310559006212
0 0.4582492940701896 0.6212591756070017 0.021782977006857603 0.020609824957651044
0 0.5147236789027834 0.6259175607001694 0.08067769261799113 0.01129305477131564
0 0.5631302944735781 0.6259175607001694 0.020976200080677694 0.009599096555618294
0 0.6113352158128278 0.6219649915302089 0.0318676885841065 0.017504234895539244
0 0.6809197256958451 0.6259175607001694 0.09681323114158935 0.01129305477131564
0 0.735982250907624 0.6223884810841332 0.013311819281968536 0.027950310559006212
0 0.7507059298104074 0.6331168831168831 0.005647438483259379 0.007058159232072276
0 0.7896329164985881 0.6263410502540937 0.035901573215006054 0.01101072840203275
0 0.8229124647035094 0.620694522868436 0.01936264622831787 0.021174477696216828
0 0.8471157724889068 0.6274703557312253 0.024203307785397338 0.00818746470920384
0 0.1389673255344897 0.661914172783738 0.0028237192416296895 0.004234895539243365
0 0.15127067365873337 0.6760304912478825 0.026623638563937072 0.012140033879164314
0 0.21520774505849133 0.6765951439864484 0.045582896329164985 0.010446075663466968
0 0.28519564340459863 0.6775832862789385 0.04517950786607503 0.010728402032749858
0 0.3691004437273094 0.6747600225861096 0.12020976200080678 0.015245623941276116
0 0.4257765227914482 0.6650197628458498 0.0028237192416296895 0.004234895539243365
0 0.44473578055667606 0.6780067758328628 0.024606696248487294 0.008752117447769622
0 0.5342880193626462 0.6746188594014682 0.10286405808793868 0.029079616036137776
0 0.535699878983461 0.6633258046301524 0.0024203307785397336 0.0036702428006775835
0 0.5986284792254941 0.6740542066629023 0.02581686163775716 0.01383399209486166
0 0.6518757563533683 0.6741953698475438 0.033884630899556276 0.029361942405420668
0 0.7283178701089149 0.6710897797854319 0.06736587333602259 0.0220214568040655
0 0.14965711980637353 0.7209203839638623 0.03146430012101654 0.01948051948051948
0 0.2101653892698669 0.721485036702428 0.08309802339653086 0.020609824957651044
0 0.30939895118999594 0.7293901750423489 0.045986284792254944 0.016657255787690572
0 0.3291649858814038 0.7144268774703557 0.003227107704719645 0.004234895539243365
0 0.3592174263816055 0.7269904009034444 0.04800322710770472 0.011857707509881422
0 0.3864461476401775 0.7251552795031055 0.010488100040338847 0.001976284584980237
0 0.4243646631706333 0.728119706380576 0.03630496167809601 0.010728402032749858
0 0.49737797498991526 0.7269904009034444 0.10326744655102864 0.010163749294184076
0 0.44917305365066557 0.7165443252399775 0.0028237192416296895 0.00282326369282891
0 0.5254134731746672 0.7179559570863918 0.0028237192416296895 0.005081874647092038
0 0.5669624848729327 0.7337662337662337 0.02864058087938685 0.021456804065499716
0 0.6165792658329972 0.7238848108413326 0.02218636546994756 0.030491247882552232
0 0.6565147236789027 0.7220496894409938 0.056070996369503835 0.0189158667419537
0 0.7047196450181524 0.7274138904573687 0.03953206938281565 0.010446075663466968
0 0.7617991125453812 0.7248729531338227 0.03751512706736587 0.020609824957651044
0 0.8249294070189592 0.7250141163184641 0.04356595401371521 0.01637492941840768
