0 0.15590964098426785 0.21301524562394128 0.02944735780556676 0.026821005081874648
0 0.1845502218636547 0.21428571428571427 0.026220250100847116 0.015245623941276116
0 0.19887051230334812 0.21485036702428006 0.02581686163775716 0.01693958215697346
0 0.2101653892698669 0.2161208356860531 0.02581686163775716 0.014398644833427442
0 0.2573618394513917 0.2121682665160926 0.04437273093989512 0.021739130434782608
0 0.3227107704719645 0.20863918690005648 0.060508269463493344 0.02766798418972332
0 0.3799919322307382 0.21089779785431959 0.026623638563937072 0.029361942405420668
0 0.3870512303348124 0.21852060982495766 0.020572811617587738 0.010163749294184076
0 0.3979427188382412 0.2124505928853755 0.006857603872529245 0.004234895539243365
0 0.4223477208551835 0.21329757199322416 0.053247277127874144 0.021174477696216828
0 0.47680516337232753 0.2149915302089215 0.050826946349334406 0.03472614342179559
0 0.5318676885841065 0.21188594014680973 0.03509479628882614 0.026821005081874648
0 0.5627269060104881 0.217673630717109 0.035498184751916094 0.014116318464144552
0 0.5931827349737797 0.21428571428571427 0.02864058087938685 0.0220214568040655
0 0.6131504638967326 0.21795595708639187 0.033884630899556276 0.012422360248447204
0 0.6413876563130294 0.20228684359119142 0.004033884630899556 0.006493506493506494
0 0.6393707139975797 0.21725014116318464 0.02016942315449778 0.014963297571993224
0 0.6881807180314643 0.21132128740824394 0.06696248487293263 0.02456239412761152
0 0.7236789027833804 0.22092038396386224 0.003227107704719645 0.002540937323546019
0 0.7466720451795079 0.2155561829474873 0.029043969342476807 0.018351214003387916
0 0.7672448567970956 0.20948616600790515 0.03872529245663574 0.026538678712591756
0 0.7634126663977411 0.2134387351778656 0.0012101653892698668 0.003952569169960474
0 0.7900363049616781 0.21682665160926032 0.02379991932230738 0.014680971202710334
0 0.8031464300121016 0.2171089779785432 0.01855586930213796 0.010163749294184076
0 0.8077853973376361 0.20228684359119142 0.0052440500201694235 0.003105590062111801
0 0.8414683340056475 0.21795595708639187 0.04356595401371521 0.011857707509881422
0 0.8654699475594998 0.2165443252399774 0.011698265429608713 0.012422360248447204
0 0.16034691407825735 0.2682100508187465 0.0391286809197257 0.042348955392433656
0 0.1843485276321097 0.27004517221908525 0.03469140782573618 0.01383399209486166
0 0.17043162565550626 0.26044607566346695 0.0028237192416296895 0.003105590062111801
0 0.24162968939088342 0.27710333145115756 0.07422347720855184 0.03303218520609825
0 0.318273497377975 0.26877470355731226 0.06131504638967326 0.012422360248447204
0 0.3279548204921339 0.25254093732354604 0.0024203307785397336 0.003105590062111801
0 0.37353771682129894 0.2627046866177301 0.03953206938281565 0.025691699604743084
0 0.37676482452601856 0.2490118577075099 0.0016135538523598225 0.001129305477131564
0 0.3894715611133522 0.2519762845849802 0.002016942315449778 0.004234895539243365
0 0.44150867285195644 0.26538678712591757 0.07866075030254134 0.03896103896103896
0 0.4445340863251311 0.2562111801242236 0.0024203307785397336 0.004234895539243365
0 0.5030254134731746 0.2713156408808583 0.06938281565147236 0.040654997176736304
0 0.5328761597418313 0.27555053642010163 0.016135538523598225 0.019762845849802372
0 0.5716014521984671 0.2627046866177301 0.03227107704719645 0.022303783173348392
0 0.5873336022589754 0.2627046866177301 0.03469140782573618 0.023433088650479956
0 0.6389673255344898 0.26312817617165446 0.03469140782573618 0.029361942405420668
0 0.6565147236789027 0.2684923771880294 0.019766034691407825 0.011857707509881422
0 0.6823315853166599 0.2676453980801807 0.04154901169826543 0.012422360248447204
0 0.6954417103670835 0.2619988706945229 0.004033884630899556 0.0016939582156973462
0 0.7303348124243647 0.26355166572557875 0.02702702702702703 0.0189158667419537
0 0.7388059701492538 0.2519762845849802 0.038321903993545785 0.0036702428006775835
0 0.7628075837031061 0.26129305477131565 0.07099636950383219 0.026256352343308864
0 0.7930617184348527 0.2802089215132693 0.022589753933037516 0.017221908526256352
0 0.8243243243243243 0.265527950310559 0.014925373134328358 0.012140033879164314
0 0.845502218636547 0.2662337662337662 0.03872529245663574 0.012422360248447204
0 0.19503832190399353 0.3219932241671372 0.13594191206131503 0.03698475437605872
0 0.25756353368293666 0.32792207792207795 0.01734570391286809 0.017221908526256352
0 0.318273497377975 0.3092885375494071 0.05970149253731343 0.029079616036137776
0 0.3642597821702299 0.3277809147374365 0.033884630899556276 0.03500846979107849
0 0.4025816861637757 0.3186053077357425 0.055667607906413875 0.016092603049124788
0 0.445340863251311 0.32382834556747603 0.0016135538523598225 0.001129305477131564
0 0.47660346914078255 0.3197346132128741 0.0609116579265833 0.013269339356295878
0 0.48063735377168215 0.30039525691699603 0.003630496167809601 0.0033879164313946925
0 0.5296490520371118 0.3221343873517787 0.03065752319483663 0.014116318464144552
0 0.5403388463089955 0.3135234330886505 0.02702702702702703 0.020609824957651044
0 0.5917708753529649 0.3116883116883117 0.08793868495361033 0.02710333145115754
0 0.6696248487293264 0.3219932241671372 0.06292860024203308 0.04319593450028233
0 0.7166196046793062 0.31535855448898925 0.01653892698668818 0.01355166572557877
0 0.7158128277531263 0.3186053077357425 0.002016942315449778 0.001411631846414455
0 0.7309398951189996 0.31620553359683795 0.02743041549011698 0.015245623941276116
0 0.7501008471157725 0.31846414455110106 0.013311819281968536 0.006775832862789385
0 0.8124243646631706 0.3156408808582722 0.11617587736990723 0.0378317334839074
0 0.8489310205728117 0.29983060417843027 0.0028237192416296895 0.004517221908526256
0 0.8826139572408229 0.3132411067193676 0.03791851553045583 0.023997741389045736
0 0.15490116982654295 0.36716544325239975 0.03307785397337636 0.016092603049124788
0 0.16438079870915692 0.3708356860530774 0.0012101653892698668 0.001411631846414455
0 0.18293666801129488 0.36377752682100506 0.031060911657926585 0.021174477696216828
0 0.21319080274304156 0.3663184641445511 0.018152480839048003 0.016657255787690572
0 0.21964501815248083 0.35615471485036704 0.021379588543767647 0.002540937323546019
0 0.23396530859217426 0.36377752682100506 0.035498184751916094 0.02456239412761152
0 0.291044776119403 0.3632128740824393 0.02944735780556676 0.029079616036137776
0 0.31807180314643 0.36575381140598534 0.0536506655909641 0.02456239412761152
0 0.3523598225090762 0.3790231507622812 0.045582896329164985 0.03190287972896669
0 0.4110528438886648 0.3681535855448899 0.03711173860427592 0.015810276679841896
0 0.4372730939895119 0.36984754376058726 0.017749092375958047 0.00846979107848673
0 0.48063735377168215 0.36801242236024845 0.0754336425978217 0.03698475437605872
0 0.5300524405002017 0.37027103331451156 0.03711173860427592 0.012140033879164314
0 0.5536506655909641 0.37238848108413325 0.0028237192416296895 0.00282326369282891
0 0.5855183541750706 0.36335403726708076 0.031060911657926585 0.021456804065499716
0 0.6294876966518758 0.36123658949745907 0.06655909640984267 0.027385657820440428
0 0.6026623638563937 0.35714285714285715 0.003227107704719645 0.009599096555618294
0 0.6248487293263413 0.34867306606437043 0.004033884630899556 0.002258610954263128
0 0.6869705526421944 0.3620835686053077 0.05405405405405406 0.026821005081874648
0 0.7371924162968939 0.36180124223602483 0.025413473174667203 0.023433088650479956
0 0.7991125453812021 0.36885940146809715 0.11214199273900767 0.036420101637492944
0 0.7670431625655506 0.37422360248447206 0.006857603872529245 0.001976284584980237
0 0.8751512706736587 0.3619424054206663 0.030254134731746672 0.026538678712591756
0 0.16256555062525213 0.41699604743083 0.04356595401371521 0.031055900621118012
0 0.22751109318273496 0.4268774703557312 0.07422347720855184 0.04630152456239413
0 0.26603469140782576 0.42970073404856013 0.014925373134328358 0.01129305477131564
0 0.3029447357805567 0.4160079051383399 0.03307785397337636 0.026256352343308864
0 0.33057684550221866 0.415725578769057 0.035901573215006054 0.0251270468661773
0 0.3249294070189593 0.4059853190287973 0.0028237192416296895 0.004517221908526256
0 0.3580072609923356 0.4205251270468662 0.03751512706736587 0.01383399209486166
0 0.38342073416700284 0.4178430265386787 0.02944735780556676 0.024844720496894408
0 0.3983461073013312 0.4222190852625635 0.027833803953206938 0.014963297571993224
0 0.4045986284792255 0.4085262563523433 0.010488100040338847 0.01355166572557877
0 0.463896732553449 0.4147374364765669 0.07018959257765228 0.02766798418972332
0 0.5244050020169423 0.415725578769057 0.03227107704719645 0.026821005081874648
0 0.54538120209762 0.43266516092603047 0.03953206938281565 0.03472614342179559
0 0.5617184348527632 0.4295595708639187 0.01734570391286809 0.015527950310559006
0 0.600443727309399 0.4147374364765669 0.03428801936264623 0.025409373235460192
0 0.6317063331988705 0.429983060417843 0.06131504638967326 0.031055900621118012
0 0.6887858007260992 0.4171372106154715 0.043969342476805166 0.02456239412761152
0 0.7156111335215812 0.4160079051383399 0.022589753933037516 0.01948051948051948
0 0.7440500201694231 0.4209486166007905 0.02379991932230738 0.011857707509881422
0 0.7892295280354982 0.4138904573687182 0.07301331181928197 0.025974025974025976
0 0.8186768858410649 0.41981931112365894 0.014925373134328358 0.007340485601355167
0 0.845703912868092 0.4213721061547149 0.01734570391286809 0.012704686617730096
0 0.8598225090762405 0.43167701863354035 0.045582896329164985 0.028797289666854884
0 0.1498588140379185 0.4699322416713721 0.03670835014118596 0.017221908526256352
0 0.17809600645421542 0.46852060982495763 0.02944735780556676 0.020609824957651044
0 0.22246873739411052 0.468944099378882 0.056070996369503835 0.02258610954263128
0 0.2932634126663977 0.47063805759457933 0.06292860024203308 0.04291360813099943
0 0.33945139169019767 0.4772727272727273 0.030254134731746672 0.0251270468661773
0 0.4112545381202098 0.46499153020892153 0.11738604275917709 0.030491247882552232
0 0.4755949979830577 0.47261434217955955 0.03307785397337636 0.012987012987012988
0 0.46591367486889873 0.45976849237718803 0.0024203307785397336 0.0036702428006775835
0 0.5286405808793868 0.46795595708639187 0.04961678096006454 0.023433088650479956
0 0.5713997579669221 0.46809712027103334 0.03509479628882614 0.02766798418972332
0 0.5826946349334409 0.47247317899491814 0.019766034691407825 0.01101072840203275
0 0.5744251714400969 0.47134387351778656 0.0016135538523598225 0.0008469791078486731
0 0.6304961678096006 0.46852060982495763 0.020976200080677694 0.01948051948051948
0 0.6708350141185963 0.4645680406549972 0.100040338846309 0.026256352343308864
0 0.6413876563130294 0.4579333709768492 0.0016135538523598225 0.001129305477131564
0 0.7597821702299314 0.4709203839638622 0.05526421944332392 0.04178430265386787
0 0.8013311819281969 0.4665443252399774 0.04154901169826543 0.020609824957651044
0 0.8170633319887052 0.4827780914737436 0.018959257765227916 0.01129305477131564
0 0.14239612747075434 0.5184923771880293 0.045986284792254944 0.027385657820440428
0 0.16599435256151673 0.516798418972332 0.026220250100847116 0.03020892151326934
0 0.19846712384025816 0.5204686617730095 0.063735377168213 0.03359683794466403
0 0.24586526825332797 0.5176453980801807 0.057684550221863654 0.022868435911914172
0 0.2613957240822912 0.5314793901750423 0.01936264622831787 0.017221908526256352
0 0.299919322307382 0.5122811970638057 0.0318676885841065 0.03190287972896669
0 0.32432432432432434 0.5146809712027103 0.05970149253731343 0.026538678712591756
0 0.3699072206534893 0.5213156408808582 0.029850746268656716 0.016657255787690572
0 0.3949173053650666 0.5271033314511575 0.06131504638967326 0.02258610954263128
0 0.4257765227914482 0.5287972896668549 0.038321903993545785 0.033314511575381144
0 0.4164985881403792 0.5064935064935064 0.0028237192416296895 0.003952569169960474
0 0.4526018555869302 0.5237154150197628 0.004033884630899556 0.004517221908526256
0 0.472569584509883 0.5059288537549407 0.02218636546994756 0.014116318464144552
0 0.4899152884227511 0.5179277244494636 0.033481242436466316 0.020045172219085264
0 0.5056474384832593 0.5059288537549407 0.02944735780556676 0.0033879164313946925
0 0.5167406212182332 0.5149632975719932 0.02581686163775716 0.023715415019762844
0 0.5443727309398951 0.5201863354037267 0.038321903993545785 0.016657255787690572
0 0.5697862041145624 0.5238565782044043 0.013311819281968536 0.007058159232072276
0 0.6268656716417911 0.5213156408808582 0.08874546187979024 0.015527950310559006
0 0.6974586526825333 0.5207509881422925 0.063735377168213 0.04940711462450593
0 0.7164179104477612 0.506634669678148 0.003227107704719645 0.004799548277809147
0 0.7345703912868092 0.5221626199887069 0.012101653892698669 0.007058159232072276
0 0.7388059701492538 0.5052230378317335 0.0060508269463493344 0.004234895539243365
0 0.7513110125050424 0.5134105025409373 0.02702702702702703 0.0251270468661773
0 0.7779346510689794 0.5163749294184077 0.04235578862444534 0.0220214568040655
0 0.7952803549818476 0.5263975155279503 0.0052440500201694235 0.005364201016374929
