0 0.14663170633319886 0.2662337662337662 0.0060508269463493344 0.023715415019762844
0 0.18475191609519967 0.26665725578769056 0.022589753933037516 0.025691699604743084
0 0.2117789431222267 0.26651609260304915 0.022589753933037516 0.025409373235460192
0 0.2799515933844292 0.27315076228119706 0.05889471561113352 0.03867871259175607
0 0.3227107704719645 0.27555053642010163 0.02016942315449778 0.03162055335968379
0 0.33864461476401775 0.2689158667419537 0.007664380798709157 0.016092603049124788
0 0.34288019362646227 0.2803500846979108 0.01290843081887858 0.038396386222473176
0 0.38463089955627267 0.2672219085262564 0.02379991932230738 0.026256352343308864
0 0.4354578459056071 0.269339356295878 0.010891488503428802 0.018633540372670808
0 0.45683743444937475 0.27060982495765107 0.026220250100847116 0.023433088650479956
0 0.48325937878176684 0.2761151891586674 0.020976200080677694 0.032185206098249576
0 0.5028237192416297 0.27004517221908525 0.01653892698668818 0.020045172219085264
0 0.5252117789431222 0.2686335403726708 0.015328761597418314 0.022303783173348392
0 0.5480032271077048 0.2663749294184077 0.024606696248487294 0.02456239412761152
0 0.6200080677692618 0.2670807453416149 0.06696248487293263 0.025409373235460192
0 0.6813231141589351 0.26792772444946356 0.008874546187979023 0.024844720496894408
0 0.700080677692618 0.2707509881422925 0.01734570391286809 0.019198193111236588
0 0.7384025816861638 0.2691981931112366 0.04800322710770472 0.021174477696216828
0 0.7866075030254135 0.27032749858836813 0.015328761597418314 0.018351214003387916
0 0.8047599838644615 0.26778656126482214 0.01290843081887858 0.017221908526256352
0 0.8412666397741024 0.269339356295878 0.03993545784590561 0.020892151326933936
0 0.8737394110528439 0.2696216826651609 0.009681323114158934 0.002258610954263128
0 0.1591367486889875 0.3166290231507623 0.043969342476805166 0.023433088650479956
0 0.17022993142396128 0.30688876341050253 0.003227107704719645 0.0016939582156973462
0 0.19483662767244858 0.32029926595143987 0.022589753933037516 0.018351214003387916
0 0.21924162968939087 0.326369282891022 0.019766034691407825 0.03274985883681536
0 0.2781363453005244 0.3181818181818182 0.04719645018152481 0.025409373235460192
0 0.29164985881403793 0.3091473743647657 0.003227107704719645 0.0016939582156973462
0 0.3110125050423558 0.3190287972896669 0.01855586930213796 0.021456804065499716
0 0.35155304558289635 0.3190287972896669 0.024606696248487294 0.019762845849802372
0 0.39653085921742637 0.31747600225861095 0.060508269463493344 0.025691699604743084
0 0.44776119402985076 0.31874647092038394 0.005647438483259379 0.023715415019762844
0 0.47983057684550223 0.3177583286278938 0.04235578862444534 0.023997741389045736
0 0.5074626865671642 0.31747600225861095 0.01290843081887858 0.0189158667419537
0 0.5254134731746672 0.3176171654432524 0.020572811617587738 0.01693958215697346
0 0.6028640580879386 0.32029926595143987 0.08834207341670028 0.021739130434782608
0 0.6704316256555063 0.31719367588932806 0.01936264622831787 0.025691699604743084
0 0.7014925373134329 0.32185206098249575 0.04195240016135539 0.03500846979107849
0 0.7341670028237193 0.32086391869000563 0.011294876966518758 0.018351214003387916
0 0.7511093182734974 0.32185206098249575 0.02581686163775716 0.020327498588368152
0 0.7884227511093183 0.3197346132128741 0.025413473174667203 0.017786561264822136
0 0.8013311819281969 0.3085827216261999 0.002016942315449778 0.0016939582156973462
0 0.8059701492537313 0.3201581027667984 0.004033884630899556 0.017504234895539244
0 0.8154497781363453 0.3157820440429136 0.011698265429608713 0.022868435911914172
0 0.86385639370714 0.31931112365894976 0.07624041952400161 0.0220214568040655
0 0.9130697862041146 0.3176171654432524 0.024606696248487294 0.023150762281197064
0 0.9302137958854376 0.33145115753811405 0.0024203307785397336 0.007340485601355167
0 0.14784187172246874 0.37012987012987014 0.027833803953206938 0.020327498588368152
0 0.15066559096409843 0.3595426312817617 0.003630496167809601 0.001976284584980237
0 0.19967728922952804 0.3673066064370412 0.06938281565147236 0.02710333145115754
0 0.2529245663574022 0.36151891586674195 0.003227107704719645 0.001976284584980237
0 0.25655506252521176 0.37238848108413325 0.004840661557079467 0.015810276679841896
0 0.2757160145219847 0.37111801242236025 0.02218636546994756 0.01948051948051948
0 0.3225090762404195 0.3769057029926595 0.018152480839048003 0.029926595143986448
0 0.3313836224283985 0.3579898362507058 0.003630496167809601 0.002258610954263128
0 0.3370310609116579 0.370412196499153 0.004437273093989512 0.018633540372670808
0 0.3523598225090762 0.37210615471485037 0.020572811617587738 0.017504234895539244
0 0.39108511496571197 0.3675889328063241 0.05203711173860428 0.02766798418972332
0 0.4308188785800726 0.3718238283455675 0.03469140782573618 0.01693958215697346
0 0.4755949979830577 0.3746470920383964 0.01855586930213796 0.019198193111236588
0 0.4981847519160952 0.3739412761151892 0.016942315449778138 0.017221908526256352
0 0.5338846308995563 0.3699887069452287 0.014925373134328358 0.017221908526256352
0 0.5665590964098427 0.367871259175607 0.043969342476805166 0.025974025974025976
0 0.600040338846309 0.37125917560700167 0.01734570391286809 0.017504234895539244
0 0.6123436869705526 0.36900056465273856 0.008067769261799113 0.018633540372670808
0 0.6425978217022993 0.36702428006775834 0.042759177087535294 0.023150762281197064
0 0.6797095603065753 0.36900056465273856 0.007260992335619202 0.0016939582156973462
0 0.708753529649052 0.37323546019198195 0.021782977006857603 0.019198193111236588
0 0.7420330778539733 0.36928289102202144 0.01734570391286809 0.023715415019762844
0 0.763210972166196 0.3719649915302089 0.01936264622831787 0.016092603049124788
0 0.7878176684146834 0.3687182382834557 0.016942315449778138 0.020327498588368152
0 0.8102057281161759 0.3818464144551101 0.019766034691407825 0.0409373235460192
0 0.836425978217023 0.3697063805759458 0.02864058087938685 0.017786561264822136
0 0.8529649052037112 0.3554488989271598 0.002016942315449778 0.0016939582156973462
0 0.8592174263816055 0.37210615471485037 0.003227107704719645 0.014116318464144552
0 0.872730939895119 0.384669678147939 0.01734570391286809 0.04601919819311124
0 0.9017749092375958 0.36914172783738003 0.03751512706736587 0.021174477696216828
0 0.1500605082694635 0.4278656126482213 0.01855586930213796 0.026821005081874648
0 0.17386042759177087 0.4201016374929418 0.028237192416296894 0.023150762281197064
0 0.19503832190399353 0.42857142857142855 0.014925373134328358 0.029926595143986448
0 0.20471964501815249 0.4095143986448334 0.0028237192416296895 0.001976284584980237
0 0.2117789431222267 0.42292490118577075 0.004840661557079467 0.014680971202710334
0 0.23033481242436465 0.42320722755505363 0.01936264622831787 0.020327498588368152
0 0.2517144009681323 0.43125352907961606 0.02016942315449778 0.03585544889892716
0 0.2952803549818475 0.4246188594014681 0.023396530859217425 0.018068887634105024
0 0.34630899556272693 0.4205251270468662 0.043162565550625254 0.021739130434782608
0 0.39975796692214605 0.42193675889328064 0.04921339249697459 0.01948051948051948
0 0.43707139975796694 0.4202428006775833 0.02218636546994756 0.023433088650479956
0 0.4683340056474385 0.423630717108978 0.02016942315449778 0.01948051948051948
0 0.48870512303348124 0.4227837380011293 0.019766034691407825 0.017786561264822136
0 0.5280354981847519 0.4212309429700734 0.05808793868495361 0.018633540372670808
0 0.5711980637353772 0.43054771315640883 0.003227107704719645 0.00846979107848673
0 0.6050826946349335 0.4227837380011293 0.04921339249697459 0.020609824957651044
0 0.6456232351754739 0.4191134952004517 0.027833803953206938 0.022868435911914172
0 0.6789027833803953 0.42941840767927725 0.017749092375958047 0.029926595143986448
0 0.690802743041549 0.4189723320158103 0.007664380798709157 0.021456804065499716
0 0.7049213392496975 0.42207792207792205 0.020572811617587738 0.018068887634105024
0 0.7222670431625655 0.4278656126482213 0.011698265429608713 0.029644268774703556
0 0.7311415893505446 0.41078486730660646 0.002016942315449778 0.0016939582156973462
0 0.7365873336022589 0.4233483907396951 0.003227107704719645 0.016657255787690572
0 0.754538120209762 0.422360248447205 0.018152480839048003 0.018633540372670808
0 0.772892295280355 0.43591191417278374 0.01936264622831787 0.044607566346696784
0 0.7970956030657523 0.41078486730660646 0.003227107704719645 0.0016939582156973462
0 0.8102057281161759 0.41981931112365894 0.019766034691407825 0.024844720496894408
0 0.8448971359419121 0.4222190852625635 0.020572811617587738 0.017786561264822136
0 0.8537716821298911 0.40894974590626765 0.0028237192416296895 0.001976284584980237
0 0.8769665187575635 0.41953698475437606 0.03227107704719645 0.025974025974025976
0 0.15853166599435256 0.4771315640880858 0.04921339249697459 0.028797289666854884
0 0.20935861234368697 0.4720496894409938 0.048406615570794675 0.030491247882552232
0 0.26764824526018555 0.4720496894409938 0.018152480839048003 0.025974025974025976
0 0.263816054860831 0.46075663466967814 0.0024203307785397336 0.0016939582156973462
0 0.2964905203711174 0.4733201581027668 0.029850746268656716 0.0189158667419537
0 0.3130294473578056 0.45948616600790515 0.0024203307785397336 0.002540937323546019
0 0.31847519160952 0.4723320158102767 0.004437273093989512 0.017504234895539244
0 0.3473174667204518 0.48306041784302656 0.041145623235175476 0.04178430265386787
0 0.40863251311012505 0.4730378317334839 0.04437273093989512 0.018351214003387916
0 0.44473578055667606 0.46908526256352345 0.021379588543767647 0.02456239412761152
0 0.490923759580476 0.4720496894409938 0.02743041549011698 0.024844720496894408
0 0.5344897135941912 0.47134387351778656 0.06857603872529246 0.021174477696216828
0 0.5594997983057685 0.4590626764539808 0.0024203307785397336 0.0016939582156973462
0 0.5857200484066156 0.4731789949181254 0.016942315449778138 0.020892151326933936
0 0.6179911254538121 0.4719085262563523 0.04033884630899556 0.017786561264822136
0 0.6496571198063735 0.4786843591191417 0.003630496167809601 0.001411631846414455
0 0.6657926583299718 0.47219085262563526 0.004437273093989512 0.023433088650479956
0 0.6744655102864058 0.47134387351778656 0.014521984671238403 0.022303783173348392
0 0.7041145623235175 0.48348390739695085 0.01573215006050827 0.03811405985319029
0 0.7150060508269463 0.461038961038961 0.0028237192416296895 0.00282326369282891
0 0.7188382412263009 0.472755505364201 0.003227107704719645 0.014398644833427442
0 0.7309398951189996 0.47035573122529645 0.011294876966518758 0.018633540372670808
0 0.7517144009681324 0.4719085262563523 0.030254134731746672 0.017786561264822136
0 0.7888261395724082 0.472755505364201 0.01573215006050827 0.017221908526256352
0 0.8160548608309802 0.4717673630717109 0.035498184751916094 0.018068887634105024
0 0.8394513916901977 0.46795595708639187 0.005647438483259379 0.018351214003387916
0 0.8519564340459863 0.472755505364201 0.014521984671238403 0.016657255787690572
0 0.8684953610326744 0.4710615471485037 0.016135538523598225 0.015527950310559006
0 0.890681726502622 0.47035573122529645 0.02016942315449778 0.020892151326933936
0 0.9056070996369504 0.4810841332580463 0.004033884630899556 0.00846979107848673
0 0.14703509479628882 0.5204686617730095 0.019766034691407825 0.01948051948051948
0 0.16821298910851148 0.5176453980801807 0.03065752319483663 0.025691699604743084
0 0.20229931423961275 0.5210333145115754 0.038321903993545785 0.0189158667419537
0 0.2593787817668415 0.5184923771880293 0.03469140782573618 0.022868435911914172
0 0.26321097216619604 0.5080463015245624 0.003630496167809601 0.002540937323546019
0 0.2864058087938685 0.5213156408808582 0.01371520774505849 0.018351214003387916
0 0.3027430415490117 0.5208921513269339 0.018959257765227916 0.018068887634105024
0 0.3245260185558693 0.5213156408808582 0.020572811617587738 0.017786561264822136
0 0.3479225494150867 0.5269621682665161 0.021379588543767647 0.029079616036137776
0 0.39774102460669625 0.5230095990965556 0.045986284792254944 0.01948051948051948
0 0.4356595401371521 0.5201863354037267 0.02501008471157725 0.022868435911914172
0 0.463493344090359 0.5230095990965556 0.014521984671238403 0.03020892151326934
0 0.4848729326341267 0.5223037831733484 0.02016942315449778 0.017504234895539244
0 0.4991932230738201 0.5211744776962168 0.007664380798709157 0.020892151326933936
0 0.5147236789027834 0.5214568040654998 0.024203307785397338 0.019762845849802372
0 0.5528438886647842 0.5251270468661773 0.02218636546994756 0.030491247882552232
0 0.5863251311012505 0.519621682665161 0.04154901169826543 0.023997741389045736
0 0.6306978620411456 0.5232919254658385 0.01734570391286809 0.016657255787690572
0 0.654497781363453 0.5228684359119141 0.021379588543767647 0.017504234895539244
0 0.6869705526421944 0.5097402597402597 0.003227107704719645 0.001976284584980237
0 0.690802743041549 0.5241389045736872 0.0028237192416296895 0.016657255787690572
0 0.709358612343687 0.5208921513269339 0.031060911657926585 0.023150762281197064
0 0.7579669221460267 0.5211744776962168 0.03791851553045583 0.020892151326933936
0 0.7940701895925777 0.5201863354037267 0.035901573215006054 0.021174477696216828
0 0.8247277127874143 0.5296442687747036 0.0028237192416296895 0.002258610954263128
0 0.8374344493747479 0.519621682665161 0.016135538523598225 0.021739130434782608
0 0.8612343686970553 0.519621682665161 0.028237192416296894 0.023433088650479956
0 0.8674868898749496 0.5079051383399209 0.003630496167809601 0.002258610954263128
0 0.8842275110931828 0.5223037831733484 0.01371520774505849 0.019198193111236588
0 0.14320290439693426 0.568746470920384 0.016135538523598225 0.025691699604743084
0 0.15933844292053248 0.5708639186900056 0.015328761597418314 0.01637492941840768
0 0.17103670835014118 0.5605590062111802 0.0024203307785397336 0.001976284584980237
0 0.17668414683340056 0.5724167137210615 0.004033884630899556 0.017786561264822136
0 0.18676885841064947 0.5676171654432524 0.008067769261799113 0.023433088650479956
0 0.20028237192416296 0.5683229813664596 0.019766034691407825 0.023715415019762844
0 0.19685356998789835 0.5580180688876341 0.0024203307785397336 0.001976284584980237
0 0.2353771682129891 0.5704404291360813 0.045582896329164985 0.018351214003387916
0 0.2624041952400161 0.5676171654432524 0.01008471157724889 0.022868435911914172
0 0.3041549011698265 0.5693111236589498 0.017749092375958047 0.022303783173348392
0 0.32432432432432434 0.5726990400903444 0.021782977006857603 0.018351214003387916
0 0.34429205324727713 0.5702992659514399 0.018959257765227916 0.023150762281197064
0 0.37353771682129894 0.5810276679841897 0.03227107704719645 0.03670242800677583
0 0.40943929003630497 0.5772162619988707 0.0024203307785397336 0.009881422924901186
0 0.4352561516740621 0.5684641445511011 0.00645421540943929 0.021739130434782608
0 0.4764017749092376 0.5722755505364201 0.03227107704719645 0.018633540372670808
0 0.5060508269463493 0.5736871823828346 0.021379588543767647 0.018633540372670808
0 0.5266236385639371 0.5777809147374364 0.01573215006050827 0.03020892151326934
0 0.5588947156111336 0.5742518351214003 0.018152480839048003 0.019198193111236588
0 0.5790641387656313 0.5707227555053642 0.019766034691407825 0.020609824957651044
0 0.600242033077854 0.5691699604743083 0.01936264622831787 0.024844720496894408
0 0.6232351754739814 0.5786278938452851 0.004033884630899556 0.009316770186335404
0 0.6432029043969343 0.5820158102766798 0.018152480839048003 0.035290796160361376
0 0.6714400968132311 0.5708639186900056 0.02944735780556676 0.024280067758328628
0 0.6966518757563533 0.5735460191981931 0.017749092375958047 0.016092603049124788
0 0.7297297297297297 0.5731225296442688 0.02016942315449778 0.018633540372670808
0 0.7507059298104074 0.5728402032749859 0.01855586930213796 0.018633540372670808
0 0.7843888664784188 0.5722755505364201 0.018959257765227916 0.018068887634105024
0 0.8033481242436467 0.5711462450592886 0.011698265429608713 0.019198193111236588
0 0.8186768858410649 0.5724167137210615 0.01734570391286809 0.020045172219085264
0 0.8473174667204518 0.5708639186900056 0.03428801936264623 0.024844720496894408
0 0.8592174263816055 0.5633822699040091 0.004033884630899556 0.001976284584980237
0 0.8735377168212989 0.5724167137210615 0.013311819281968536 0.022868435911914172
0 0.13150463896732553 0.6095426312817617 0.0016135538523598225 0.002258610954263128
0 0.13533682936668012 0.6215415019762845 0.004437273093989512 0.014963297571993224
0 0.15510286405808793 0.6199887069452287 0.02379991932230738 0.017504234895539244
0 0.2035094796288826 0.6173066064370413 0.05687777329568374 0.025691699604743084
0 0.25574828559903184 0.6222473178994918 0.017749092375958047 0.01693958215697346
0 0.2827753126260589 0.6218238283455675 0.03630496167809601 0.020045172219085264
0 0.3073820088745462 0.6211180124223602 0.020976200080677694 0.021456804065499716
0 0.34288019362646227 0.6215415019762845 0.005647438483259379 0.027385657820440428
0 0.345502218636547 0.6113777526821005 0.0028237192416296895 0.001976284584980237
0 0.3620411456232352 0.6226708074534162 0.021379588543767647 0.01948051948051948
0 0.38342073416700284 0.6181535855448899 0.019766034691407825 0.023433088650479956
0 0.4128680919725696 0.6222473178994918 0.014925373134328358 0.01693958215697346
0 0.4300121016538927 0.6230942970073405 0.017749092375958047 0.032185206098249576
0 0.46672045179507865 0.620412196499153 0.01936264622831787 0.022303783173348392
0 0.4846712384025817 0.6226708074534162 0.01573215006050827 0.016657255787690572
0 0.5195643404598629 0.622953133822699 0.04759983864461476 0.018351214003387916
0 0.5607099636950383 0.6194240542066629 0.01855586930213796 0.021456804065499716
0 0.5901573215006051 0.6278938452851497 0.03953206938281565 0.030491247882552232
0 0.645421540943929 0.6208356860530774 0.06292860024203308 0.023150762281197064
0 0.709358612343687 0.6201298701298701 0.05526421944332392 0.023433088650479956
0 0.7513110125050424 0.6252117447769622 0.01008471157724889 0.04206662902315076
0 0.7634126663977411 0.6195652173913043 0.019766034691407825 0.020045172219085264
0 0.7958854376764825 0.6218238283455675 0.041145623235175476 0.022868435911914172
0 0.8212989108511497 0.6236589497459063 0.016135538523598225 0.014680971202710334
0 0.8442920532472771 0.6226708074534162 0.021782977006857603 0.017221908526256352
0 0.8650665590964098 0.6331168831168831 0.0028237192416296895 0.01101072840203275
0 0.1653892698668818 0.6678430265386787 0.055667607906413875 0.025691699604743084
0 0.17970956030657523 0.6582439299830605 0.0028237192416296895 0.001976284584980237
0 0.22246873739411052 0.6719367588932806 0.05445744251714401 0.021456804065499716
0 0.2712787414279952 0.6692546583850931 0.038321903993545785 0.023997741389045736
0 0.30233965308592176 0.6710897797854319 0.01008471157724889 0.002258610954263128
0 0.3190802743041549 0.6740542066629023 0.020976200080677694 0.017786561264822136
0 0.34227511093182733 0.6751835121400339 0.020572811617587738 0.020609824957651044
0 0.3674868898749496 0.6739130434782609 0.01855586930213796 0.01693958215697346
0 0.40742234772085517 0.6736307171089779 0.05889471561113352 0.018068887634105024
0 0.43807987091569184 0.6732072275550537 0.014521984671238403 0.039243365330321855
0 0.45885437676482455 0.6843591191417279 0.003630496167809601 0.009599096555618294
0 0.48527632109721663 0.6725014116318464 0.026623638563937072 0.019762845849802372
0 0.518152480839048 0.6705251270468662 0.0326744655102864 0.02258610954263128
0 0.526825332795482 0.6605025409373235 0.003227107704719645 0.001976284584980237
0 0.5623235175473982 0.6709486166007905 0.0500201694231545 0.022303783173348392
0 0.6046793061718435 0.6754658385093167 0.016942315449778138 0.016657255787690572
0 0.6260588947156112 0.6750423489553924 0.023396530859217425 0.018068887634105024
0 0.6510689794271883 0.6826651609260305 0.01936264622831787 0.034443817052512704
0 0.6710367083501412 0.6847826086956522 0.018152480839048003 0.03867871259175607
0 0.7133924969745865 0.6719367588932806 0.058491327148043566 0.023150762281197064
0 0.7922549415086728 0.6716544325239977 0.06212182331585317 0.024280067758328628
0 0.8398547801532876 0.6610671936758893 0.003227107704719645 0.001976284584980237
0 0.8436869705526422 0.6743365330321852 0.0028237192416296895 0.017221908526256352
0 0.8582089552238806 0.6701016374929418 0.014118596208148447 0.02456239412761152
0 0.1327148043565954 0.7073687182382834 0.0024203307785397336 0.002540937323546019
0 0.14017749092375958 0.722755505364201 0.0052440500201694235 0.018068887634105024
0 0.15288422751109318 0.7224731789949181 0.017749092375958047 0.018633540372670808
0 0.2008874546187979 0.72656691134952 0.026623638563937072 0.021174477696216828
0 0.20250100847115773 0.7099096555618295 0.004033884630899556 0.003105590062111801
0 0.25574828559903184 0.7216261998870694 0.07422347720855184 0.02710333145115754
0 0.33319887051230335 0.7257199322416714 0.035498184751916094 0.01948051948051948
0 0.35074626865671643 0.7148503670242801 0.002016942315449778 0.002258610954263128
0 0.3580072609923356 0.7268492377188029 0.0060508269463493344 0.017786561264822136
0 0.3775716014521985 0.7274138904573687 0.021782977006857603 0.018351214003387916
0 0.40540540540540543 0.7340485601355167 0.01936264622831787 0.033314511575381144
0 0.4509883017345704 0.7272727272727273 0.021782977006857603 0.019762845849802372
0 0.4893102057281162 0.7284020327498588 0.020976200080677694 0.021456804065499716
0 0.5050423557886244 0.7238848108413326 0.015328761597418314 0.02258610954263128
0 0.5385235982250908 0.7260022586109542 0.050826946349334406 0.020609824957651044
0 0.5826946349334409 0.724308300395257 0.027833803953206938 0.025691699604743084
0 0.600847115772489 0.7258610954263128 0.008471157724889069 0.0016939582156973462
0 0.6107301331181928 0.715132693393563 0.0016135538523598225 0.002258610954263128
0 0.6151674062121824 0.7271315640880859 0.003227107704719645 0.016092603049124788
0 0.6323114158935055 0.7267080745341615 0.018959257765227916 0.01693958215697346
0 0.6690197660346914 0.7278373800112931 0.022993142396127472 0.03274985883681536
0 0.6899959661153691 0.7274138904573687 0.013311819281968536 0.016092603049124788
0 0.7446551028640581 0.7248729531338227 0.053247277127874144 0.0251270468661773
0 0.8257361839451391 0.7234613212874083 0.09197256958450989 0.029079616036137776
