0 0.1591367486889875 0.18845285149632976 0.012505042355788625 0.001411631846414455
0 0.16438079870915692 0.19932241671372106 0.002016942315449778 0.00282326369282891
0 0.16417910447761194 0.2137210615471485 0.0016135538523598225 0.001129305477131564
0 0.16438079870915692 0.217673630717109 0.002016942315449778 0.002258610954263128
0 0.16478418717224688 0.2044042913608131 0.002016942315449778 0.0033879164313946925
0 0.1645824929407019 0.20722755505364202 0.0016135538523598225 0.001129305477131564
0 0.1645824929407019 0.20878035008469792 0.0016135538523598225 0.001411631846414455
0 0.16498588140379186 0.20172219085262563 0.0016135538523598225 0.001411631846414455
0 0.16942315449778136 0.18831168831168832 0.007260992335619202 0.001129305477131564
0 0.19987898346107302 0.2127329192546584 0.04235578862444534 0.03359683794466403
0 0.18233158531665994 0.19282891022021456 0.0024203307785397336 0.00564652738565782
0 0.26119402985074625 0.2236024844720497 0.022993142396127472 0.0378317334839074
0 0.27753126260588945 0.20609824957651043 0.004840661557079467 0.034443817052512704
0 0.30677692617991126 0.21456804065499718 0.043162565550625254 0.02766798418972332
0 0.3237192416296894 0.19875776397515527 0.004437273093989512 0.004517221908526256
0 0.3446954417103671 0.21894409937888198 0.022993142396127472 0.022303783173348392
0 0.41488503428801937 0.21301524562394128 0.01573215006050827 0.027385657820440428
0 0.43263412666397744 0.21513269339356295 0.021379588543767647 0.021456804065499716
0 0.47236789027833803 0.2077922077922078 0.05244050020169423 0.03670242800677583
0 0.5603065752319484 0.21626199887069453 0.04033884630899556 0.026538678712591756
0 0.5978217022993142 0.21640316205533597 0.02743041549011698 0.022303783173348392
0 0.6296893908834207 0.2171089779785432 0.03065752319483663 0.020327498588368152
0 0.6758773699072207 0.21626199887069453 0.05687777329568374 0.025409373235460192
0 0.7382008874546188 0.21527385657820441 0.02016942315449778 0.018351214003387916
0 0.7609923356192013 0.21428571428571427 0.01734570391286809 0.05307735742518351
0 0.799919322307382 0.21442687747035574 0.003227107704719645 0.01948051948051948
0 0.8033481242436467 0.19706380575945792 0.008471157724889069 0.0033879164313946925
0 0.8235175473981444 0.2096273291925466 0.025413473174667203 0.03698475437605872
0 0.16518757563533684 0.26383399209486164 0.01734570391286809 0.0251270468661773
0 0.19483662767244858 0.268068887634105 0.035498184751916094 0.05223037831733484
0 0.23840258168616377 0.2567758328627894 0.03469140782573618 0.03585544889892716
0 0.29225494150867287 0.26171654432524 0.024606696248487294 0.023150762281197064
0 0.3164582492940702 0.2577639751552795 0.018152480839048003 0.03500846979107849
0 0.42053247277127875 0.2607284020327499 0.06655909640984267 0.03867871259175607
0 0.5080677692617991 0.26453980801806887 0.038321903993545785 0.025974025974025976
0 0.5379185155304558 0.2641163184641446 0.018152480839048003 0.02456239412761152
0 0.5556676079064139 0.2621400338791643 0.01008471157724889 0.025691699604743084
0 0.573215006050827 0.26778656126482214 0.021782977006857603 0.020045172219085264
0 0.6500605082694635 0.2658102766798419 0.020572811617587738 0.035290796160361376
0 0.654296087131908 0.24731789949181254 0.0016135538523598225 0.001129305477131564
0 0.6924162968939088 0.2605872388481084 0.06171843485276321 0.03613777526821005
0 0.7289229528035498 0.26778656126482214 0.004033884630899556 0.018351214003387916
0 0.7291246470350948 0.2484472049689441 0.002016942315449778 0.0033879164313946925
0 0.7563533682936668 0.26665725578769056 0.03146430012101654 0.021739130434782608
0 0.780960064542154 0.2686335403726708 0.017749092375958047 0.0251270468661773
0 0.8156514723678903 0.2745623941276115 0.03307785397337636 0.05561829474872953
0 0.1663977410246067 0.327639751552795 0.022993142396127472 0.0471485036702428
0 0.1952400161355385 0.31931112365894976 0.03227107704719645 0.025409373235460192
0 0.20713997579669222 0.30095990965556185 0.003630496167809601 0.0033879164313946925
0 0.2353771682129891 0.31945228684359117 0.026220250100847116 0.021739130434782608
0 0.2615974183138362 0.3132411067193676 0.024606696248487294 0.034161490683229816
0 0.3414683340056474 0.31804065499717676 0.022993142396127472 0.028514963297571992
0 0.37051230334812424 0.3232636928289102 0.021379588543767647 0.0378317334839074
0 0.4497781363453005 0.31634669678147936 0.024203307785397338 0.029079616036137776
0 0.4715611133521581 0.3170525127046866 0.01371520774505849 0.02258610954263128
0 0.49515933844292054 0.30844155844155846 0.01734570391286809 0.035290796160361376
0 0.5667607906413876 0.3156408808582722 0.02016942315449778 0.028797289666854884
0 0.5937878176684147 0.3157820440429136 0.023396530859217425 0.018351214003387916
0 0.6224283985478015 0.32086391869000563 0.028237192416296894 0.05505364201016375
0 0.7166196046793062 0.31084133258046304 0.0681726502622025 0.037267080745341616
0 0.7855990318676885 0.3051948051948052 0.0326744655102864 0.04743083003952569
0 0.8138362242839855 0.3177583286278938 0.01573215006050827 0.022868435911914172
0 0.8360225897539331 0.3142292490118577 0.014925373134328358 0.02766798418972332
0 0.8491327148043566 0.31733483907396953 0.01855586930213796 0.024280067758328628
0 0.8646631706333199 0.3190287972896669 0.018152480839048003 0.023715415019762844
0 0.8864461476401775 0.3156408808582722 0.014925373134328358 0.02710333145115754
0 0.16518757563533684 0.364059853190288 0.020572811617587738 0.02456239412761152
0 0.190802743041549 0.3685770750988142 0.015328761597418314 0.05505364201016375
0 0.25131101250504234 0.36236589497459065 0.021782977006857603 0.03867871259175607
0 0.28378378378378377 0.36038961038961037 0.043162565550625254 0.03472614342179559
0 0.36486486486486486 0.3643421795595709 0.018152480839048003 0.029079616036137776
0 0.40641387656313027 0.36674195369847545 0.0609116579265833 0.025409373235460192
0 0.5038321903993546 0.3608130999435347 0.02743041549011698 0.03557312252964427
0 0.4943525615167406 0.36702428006775834 0.003630496167809601 0.0220214568040655
0 0.5461879790237999 0.3606719367588933 0.04759983864461476 0.03811405985319029
0 0.5883420734167003 0.366600790513834 0.019766034691407825 0.04997176736307171
0 0.6159741831383623 0.3812817617165443 0.00645421540943929 0.0251270468661773
0 0.6672045179507866 0.36716544325239975 0.02581686163775716 0.027385657820440428
0 0.6789027833803953 0.35248447204968947 0.0024203307785397336 0.001411631846414455
0 0.7022993142396128 0.36151891586674195 0.033884630899556276 0.039243365330321855
0 0.7162162162162162 0.34966120835686054 0.0028237192416296895 0.003105590062111801
0 0.7535296490520371 0.3610954263128176 0.042759177087535294 0.03670242800677583
0 0.15893505445744252 0.4205251270468662 0.016135538523598225 0.060135516657255784
0 0.1734570391286809 0.40654997176736307 0.003227107704719645 0.032185206098249576
0 0.20794675272287214 0.41643139469226426 0.04881000403388463 0.025974025974025976
0 0.25110931827349736 0.41883116883116883 0.025413473174667203 0.022303783173348392
0 0.28620411456232353 0.4117730095990966 0.019766034691407825 0.03472614342179559
0 0.3253327954820492 0.415725578769057 0.04235578862444534 0.028514963297571992
0 0.3523598225090762 0.4160079051383399 0.01573215006050827 0.023433088650479956
0 0.3751512706736587 0.4134669678147939 0.021782977006857603 0.03472614342179559
0 0.38422751109318276 0.40556182947487296 0.0012101653892698668 0.002540937323546019
0 0.4671238402581686 0.4191134952004517 0.05405405405405406 0.023433088650479956
0 0.5346914078257362 0.4116318464144551 0.027833803953206938 0.034443817052512704
0 0.5463896732553449 0.41770186335403725 0.014925373134328358 0.021739130434782608
0 0.6163775716014522 0.41699604743083 0.06131504638967326 0.032185206098249576
0 0.7144009681323115 0.41318464144551104 0.045986284792254944 0.035290796160361376
0 0.7525211778943123 0.4213721061547149 0.01734570391286809 0.018351214003387916
0 0.7755143202904397 0.41417278373800115 0.02944735780556676 0.03387916431394692
0 0.7993142396127471 0.41883116883116883 0.018959257765227916 0.021174477696216828
0 0.8229124647035094 0.4199604743083004 0.01371520774505849 0.023997741389045736
0 0.845098830173457 0.4209486166007905 0.02581686163775716 0.020327498588368152
0 0.8664784187172246 0.4129023150762281 0.01290843081887858 0.03303218520609825
0 0.8757563533682937 0.4023150762281197 0.0024203307785397336 0.002258610954263128
0 0.9050020169423154 0.42165443252399776 0.052843888664784185 0.018351214003387916
0 0.1734570391286809 0.46922642574816487 0.021782977006857603 0.059853190287972896
0 0.21742638160548608 0.4662619988706945 0.0645421540943929 0.025691699604743084
0 0.3128277531262606 0.49308300395256915 0.03993545784590561 0.07820440429136082
0 0.3075837031060912 0.5273856578204404 0.003630496167809601 0.005081874647092038
0 0.3523598225090762 0.4688029361942405 0.06171843485276321 0.02456239412761152
0 0.3844292053247277 0.46795595708639187 0.017749092375958047 0.023433088650479956
0 0.45038321903993545 0.4623094297007341 0.02379991932230738 0.03867871259175607
0 0.5078660750302542 0.4652738565782044 0.08390480032271078 0.039525691699604744
0 0.6081081081081081 0.47007340485601357 0.01734570391286809 0.019198193111236588
0 0.6345300524405002 0.470214568040655 0.016135538523598225 0.05110107284020327
0 0.6859620814844696 0.470214568040655 0.024606696248487294 0.026256352343308864
0 0.7656313029447358 0.47247317899491814 0.05808793868495361 0.05957086391869001
0 0.8200887454618798 0.47007340485601357 0.03307785397337636 0.026538678712591756
0 0.8515530455828964 0.47219085262563526 0.022589753933037516 0.021739130434782608
0 0.8705123033481242 0.4717673630717109 0.016135538523598225 0.019198193111236588
0 0.9025816861637758 0.47162619988706944 0.01734570391286809 0.001976284584980237
0 0.16417910447761194 0.5103049124788255 0.01855586930213796 0.039243365330321855
0 0.2156111335215813 0.5180688876341051 0.0754336425978217 0.026538678712591756
0 0.30939895118999594 0.529785431959345 0.0016135538523598225 0.0008469791078486731
0 0.34429205324727713 0.5151044607566346 0.014118596208148447 0.03020892151326934
0 0.373134328358209 0.5183512140033879 0.0500201694231545 0.025409373235460192
0 0.40520371117386045 0.5221626199887069 0.014925373134328358 0.023433088650479956
0 0.4673255344897136 0.5180688876341051 0.018152480839048003 0.025974025974025976
0 0.5072609923356192 0.5163749294184077 0.04881000403388463 0.028797289666854884
0 0.5484066155707946 0.5266798418972332 0.022993142396127472 0.03698475437605872
0 0.5933844292053247 0.5201863354037267 0.04759983864461476 0.027385657820440428
0 0.6403791851553046 0.514257481648786 0.043969342476805166 0.03190287972896669
0 0.7379991932230738 0.5180688876341051 0.06575231948366277 0.026538678712591756
0 0.8015328761597418 0.5207509881422925 0.053247277127874144 0.023997741389045736
0 0.8469140782573619 0.5165160926030491 0.022993142396127472 0.03303218520609825
0 0.17164179104477612 0.5622529644268774 0.035901573215006054 0.045454545454545456
0 0.21641791044776118 0.5698757763975155 0.04961678096006454 0.03020892151326934
0 0.2561516740621218 0.5695934500282326 0.023396530859217425 0.023997741389045736
0 0.27833803953206937 0.5697346132128741 0.016135538523598225 0.021456804065499716
0 0.3707139975796692 0.5612648221343873 0.035498184751916094 0.04009034443817053
0 0.3565954013715208 0.5639469226425748 0.003227107704719645 0.032467532467532464
0 0.38684953610326744 0.549407114624506 0.0016135538523598225 0.0016939582156973462
0 0.4191206131504639 0.5643704121964992 0.04195240016135539 0.039525691699604744
0 0.46853569987898347 0.5688876341050254 0.04961678096006454 0.028797289666854884
0 0.5060508269463493 0.5640880858272163 0.02218636546994756 0.03500846979107849
0 0.5770471964501815 0.5660643704121965 0.03509479628882614 0.037267080745341616
0 0.6131504638967326 0.571005081874647 0.0500201694231545 0.025691699604743084
0 0.6551028640580879 0.5813099943534726 0.02501008471157725 0.03670242800677583
0 0.6859620814844696 0.5657820440429137 0.02864058087938685 0.034443817052512704
0 0.7154094392900363 0.5715697346132129 0.035901573215006054 0.023997741389045736
0 0.7855990318676885 0.5739695087521175 0.08672851956434045 0.023715415019762844
0 0.845300524405002 0.5959909655561829 0.008471157724889069 0.020892151326933936
0 0.900564743848326 0.5693111236589498 0.05687777329568374 0.03585544889892716
0 0.17466720451795079 0.6157538114059853 0.033884630899556276 0.04009034443817053
0 0.24707543364259782 0.6150479954827781 0.052843888664784185 0.03867871259175607
0 0.3279548204921339 0.6182947487295314 0.016135538523598225 0.028232636928289104
0 0.3652682533279548 0.6177300959909655 0.045582896329164985 0.03162055335968379
0 0.41064945542557485 0.6212591756070017 0.03469140782573618 0.0251270468661773
0 0.4515933844292053 0.6250705815923208 0.01573215006050827 0.0016939582156973462
0 0.5076643807987091 0.6161773009599096 0.04961678096006454 0.035290796160361376
0 0.5510286405808794 0.6226708074534162 0.01936264622831787 0.022868435911914172
0 0.5828963291649859 0.6202710333145116 0.029043969342476807 0.024844720496894408
0 0.5705929810407422 0.6142010163749294 0.002016942315449778 0.004234895539243365
0 0.6409842678499394 0.6202710333145116 0.033884630899556276 0.028232636928289104
0 0.6813231141589351 0.6216826651609261 0.04033884630899556 0.02258610954263128
0 0.7162162162162162 0.623235460191982 0.018959257765227916 0.021739130434782608
0 0.7424364663170633 0.6170242800677583 0.019766034691407825 0.034161490683229816
0 0.7525211778943123 0.6053077357425184 0.0028237192416296895 0.00282326369282891
0 0.7702702702702703 0.6240824392998306 0.014925373134328358 0.0189158667419537
0 0.7968939088342073 0.6239412761151891 0.022993142396127472 0.0220214568040655
0 0.8212989108511497 0.6245059288537549 0.01936264622831787 0.019198193111236588
0 0.8543767648245261 0.6151891586674195 0.04356595401371521 0.03557312252964427
0 0.881403791851553 0.6105307735742518 0.00645421540943929 0.005364201016374929
0 0.8860427591770875 0.6233766233766234 0.01573215006050827 0.021456804065499716
0 0.9102460669624849 0.6245059288537549 0.024606696248487294 0.020327498588368152
0 0.1799112545381202 0.6686900056465274 0.028237192416296894 0.027950310559006212
0 0.20592981040742234 0.6719367588932806 0.022993142396127472 0.019762845849802372
0 0.23073820088745461 0.6653020892151327 0.024203307785397338 0.036420101637492944
0 0.3031464300121017 0.6703839638622248 0.01734570391286809 0.027385657820440428
0 0.33985478015328763 0.6709486166007905 0.058491327148043566 0.026256352343308864
0 0.38221056877773296 0.6730660643704122 0.011698265429608713 0.028797289666854884
0 0.4247680516337233 0.6664313946922643 0.05486083098023396 0.040372670807453416
0 0.45340863251311014 0.6564088085827217 0.003227107704719645 0.002258610954263128
0 0.481645824929407 0.6712309429700734 0.03953206938281565 0.022303783173348392
0 0.5344897135941912 0.6708074534161491 0.01371520774505849 0.0016939582156973462
0 0.5804759983864461 0.6647374364765669 0.02581686163775716 0.036420101637492944
0 0.6058894715611134 0.6702428006775832 0.022589753933037516 0.023150762281197064
0 0.6313029447357805 0.6726425748164878 0.022589753933037516 0.020609824957651044
0 0.6760790641387656 0.6809712027103332 0.05647438483259379 0.040654997176736304
0 0.7444534086325131 0.6737718802936195 0.01734570391286809 0.020045172219085264
0 0.7714804356595402 0.6747600225861096 0.019766034691407825 0.05138339920948617
0 0.8285599031867689 0.6662902315076228 0.03630496167809601 0.037267080745341616
0 0.8785800726099233 0.6665725578769057 0.048406615570794675 0.03613777526821005
0 0.20330778539733763 0.7179559570863918 0.04517950786607503 0.028797289666854884
0 0.2434449374747882 0.7204968944099379 0.024606696248487294 0.025974025974025976
0 0.2628075837031061 0.7279785431959345 0.003630496167809601 0.0036702428006775835
