0 0.14138765631302944 0.21527385657820441 0.014925373134328358 0.014398644833427442
0 0.1617587736990722 0.21569734613212874 0.02581686163775716 0.015245623941276116
0 0.17769261799112546 0.21428571428571427 0.012505042355788625 0.015810276679841896
0 0.19564340459862847 0.2062394127611519 0.0024203307785397336 0.001976284584980237
0 0.2035094796288826 0.21470920383963862 0.014118596208148447 0.016092603049124788
0 0.23699072206534894 0.22190852625635235 0.05203711173860428 0.018633540372670808
0 0.2769261799112545 0.21527385657820441 0.02702702702702703 0.01948051948051948
0 0.31847519160952 0.21287408243929984 0.030254134731746672 0.017504234895539244
0 0.36506655909640984 0.21259175607001693 0.04356595401371521 0.018068887634105024
0 0.4070189592577652 0.21682665160926032 0.004033884630899556 0.007905138339920948
0 0.4189189189189189 0.21668548842461885 0.021379588543767647 0.01101072840203275
0 0.43848325937878174 0.21823828345567475 0.01936264622831787 0.007905138339920948
0 0.4445340863251311 0.21414455110107283 0.004033884630899556 0.006493506493506494
0 0.49314239612747074 0.2155561829474873 0.057684550221863654 0.01948051948051948
0 0.5494150867285196 0.22120271033314512 0.011294876966518758 0.01948051948051948
0 0.5738200887454619 0.21301524562394128 0.03670835014118596 0.020045172219085264
0 0.5889471561113352 0.20680406549971767 0.005647438483259379 0.004799548277809147
0 0.6028640580879386 0.21739130434782608 0.013311819281968536 0.010163749294184076
0 0.6228317870108915 0.2121682665160926 0.02501008471157725 0.015527950310559006
0 0.6357402178297701 0.221485036702428 0.011294876966518758 0.015527950310559006
0 0.63614360629286 0.2161208356860531 0.0016135538523598225 0.001411631846414455
0 0.6655909640984268 0.21315640880858272 0.016135538523598225 0.015245623941276116
0 0.6932230738200887 0.22007340485601354 0.040742234772085516 0.016657255787690572
0 0.7198467123840259 0.21329757199322416 0.011698265429608713 0.002540937323546019
0 0.7450584913271481 0.2171089779785432 0.021782977006857603 0.01129305477131564
0 0.7609923356192013 0.21626199887069453 0.008471157724889069 0.009034443817052512
0 0.772488906817265 0.21823828345567475 0.015328761597418314 0.006775832862789385
0 0.8053650665590965 0.2121682665160926 0.051230334812424366 0.02456239412761152
0 0.13533682936668012 0.26157538114059853 0.010891488503428802 0.016092603049124788
0 0.14764017749092376 0.27315076228119706 0.01290843081887858 0.0189158667419537
0 0.17527228721258573 0.26453980801806887 0.012505042355788625 0.01637492941840768
0 0.18334005647438484 0.2595990965556183 0.003630496167809601 0.004799548277809147
0 0.1845502218636547 0.2684923771880294 0.0028237192416296895 0.006775832862789385
0 0.19322307382008874 0.2684923771880294 0.014521984671238403 0.010163749294184076
0 0.2291246470350948 0.27103331451157536 0.024203307785397338 0.019198193111236588
0 0.24687373941105284 0.26129305477131565 0.009681323114158934 0.01948051948051948
0 0.2583703106091166 0.26143421795595706 0.01653892698668818 0.020327498588368152
0 0.26663977410246065 0.256352343308865 0.004840661557079467 0.003952569169960474
0 0.2712787414279952 0.26651609260304915 0.0012101653892698668 0.002258610954263128
0 0.2745058491327148 0.26750423489553926 0.007664380798709157 0.01101072840203275
0 0.2763210972166196 0.2508469791078487 0.004033884630899556 0.004799548277809147
0 0.3017345703912868 0.2608695652173913 0.04517950786607503 0.024844720496894408
0 0.34409035901573215 0.2571993224167137 0.0024203307785397336 0.002258610954263128
0 0.34610730133118195 0.2670807453416149 0.004033884630899556 0.009599096555618294
0 0.35699878983461075 0.26750423489553926 0.010488100040338847 0.008752117447769622
0 0.3991528842275111 0.2651044607566347 0.038321903993545785 0.015810276679841896
0 0.43303751512706734 0.26312817617165446 0.02864058087938685 0.02258610954263128
0 0.4784187172246874 0.26439864483342745 0.02743041549011698 0.029644268774703556
0 0.48870512303348124 0.2597402597402597 0.004437273093989512 0.005081874647092038
0 0.5106897942718839 0.262987012987013 0.004033884630899556 0.021739130434782608
0 0.5286405808793868 0.26341050254093734 0.0318676885841065 0.0220214568040655
0 0.5889471561113352 0.2717391304347826 0.05163372327551432 0.022303783173348392
0 0.627067365873336 0.25607001693958215 0.010891488503428802 0.010728402032749858
0 0.6268656716417911 0.26778656126482214 0.0024203307785397336 0.0036702428006775835
0 0.6676079064138766 0.26355166572557875 0.026623638563937072 0.01948051948051948
0 0.6742638160548609 0.2556465273856578 0.0052440500201694235 0.0036702428006775835
0 0.6835417507059298 0.2639751552795031 0.004437273093989512 0.017504234895539244
0 0.6867688584106495 0.26242236024844723 0.007664380798709157 0.01948051948051948
0 0.7125857200484066 0.26693958215697344 0.01573215006050827 0.009881422924901186
0 0.7323517547398144 0.2658102766798419 0.010891488503428802 0.013269339356295878
0 0.7523194836627672 0.2608695652173913 0.02743041549011698 0.021456804065499716
0 0.7743041549011698 0.26044607566346695 0.014925373134328358 0.021174477696216828
0 0.7843888664784188 0.2694805194805195 0.003630496167809601 0.001976284584980237
0 0.7968939088342073 0.2607284020327499 0.019766034691407825 0.017786561264822136
0 0.7896329164985881 0.25056465273856576 0.0012101653892698668 0.001976284584980237
0 0.8160548608309802 0.2651044607566347 0.016942315449778138 0.010728402032749858
0 0.8323920935861234 0.2723037831733484 0.003630496167809601 0.002540937323546019
0 0.8491327148043566 0.26383399209486164 0.01936264622831787 0.021739130434782608
0 0.8418717224687374 0.25479954827780915 0.003227107704719645 0.001976284584980237
0 0.8608309802339653 0.264257481648786 0.009681323114158934 0.021456804065499716
0 0.1290843081887858 0.3138057594579334 0.004840661557079467 0.020609824957651044
0 0.14885034288019364 0.3145115753811406 0.011294876966518758 0.015245623941276116
0 0.17567567567567569 0.31747600225861095 0.04235578862444534 0.009881422924901186
0 0.1734570391286809 0.31493506493506496 0.0016135538523598225 0.003105590062111801
0 0.2208551835417507 0.314652738565782 0.02379991932230738 0.0189158667419537
0 0.2589753933037515 0.3126764539808018 0.04356595401371521 0.029644268774703556
0 0.30133118192819686 0.3191699604743083 0.005647438483259379 0.008752117447769622
0 0.32029043969342474 0.31804065499717676 0.03146430012101654 0.01101072840203275
0 0.3525615167406212 0.3181818181818182 0.005647438483259379 0.009034443817052512
0 0.3688987494957644 0.3176171654432524 0.024606696248487294 0.010163749294184076
0 0.3926986688180718 0.3186053077357425 0.018152480839048003 0.009881422924901186
0 0.42597821702299316 0.3191699604743083 0.016135538523598225 0.009316770186335404
0 0.4233561920129084 0.31592320722755507 0.002016942315449778 0.0016939582156973462
0 0.47196450181524807 0.3181818181818182 0.024203307785397338 0.020892151326933936
0 0.49294070189592576 0.3154997176736307 0.017749092375958047 0.018351214003387916
0 0.5034288019362646 0.3061829474872953 0.004840661557079467 0.00818746470920384
0 0.5326744655102864 0.3166290231507623 0.04961678096006454 0.014963297571993224
0 0.5689794271883825 0.31507622811970637 0.012505042355788625 0.0033879164313946925
0 0.5847115772488907 0.31535855448898925 0.002016942315449778 0.001129305477131564
0 0.6133521581282775 0.3186053077357425 0.05929810407422348 0.01101072840203275
0 0.5976200080677693 0.314652738565782 0.0012101653892698668 0.0008469791078486731
0 0.600443727309399 0.31535855448898925 0.002016942315449778 0.0016939582156973462
0 0.6464300121016539 0.3170525127046866 0.01573215006050827 0.018068887634105024
0 0.6970552642194433 0.320016939582157 0.022589753933037516 0.012704686617730096
0 0.7283178701089149 0.32029926595143987 0.03751512706736587 0.013269339356295878
0 0.7611940298507462 0.3197346132128741 0.029043969342476807 0.014398644833427442
0 0.7884227511093183 0.3181818181818182 0.014925373134328358 0.01129305477131564
0 0.7890278338039532 0.3027950310559006 0.004033884630899556 0.007058159232072276
0 0.8053650665590965 0.32156973461321287 0.010891488503428802 0.020892151326933936
0 0.8164582492940702 0.31211180124223603 0.01290843081887858 0.021739130434782608
0 0.8442920532472771 0.3181818181818182 0.012101653892698669 0.010728402032749858
0 0.8588140379185155 0.31592320722755507 0.014521984671238403 0.034443817052512704
0 0.13049616780960063 0.36716544325239975 0.01734570391286809 0.012140033879164314
0 0.17022993142396128 0.3632128740824393 0.04033884630899556 0.01948051948051948
0 0.19887051230334812 0.3642010163749294 0.014521984671238403 0.018068887634105024
0 0.2319483662767245 0.37323546019198195 0.01371520774505849 0.018068887634105024
0 0.23719241629689392 0.35686053077357427 0.003227107704719645 0.001129305477131564
0 0.24122630092779346 0.365330321852061 0.004840661557079467 0.015810276679841896
0 0.2607906413876563 0.36900056465273856 0.026220250100847116 0.012422360248447204
0 0.2962888261395724 0.36490683229813664 0.040742234772085516 0.020045172219085264
0 0.34590560709963697 0.3644833427442123 0.027833803953206938 0.018068887634105024
0 0.3918918918918919 0.36688311688311687 0.027833803953206938 0.016657255787690572
0 0.43404598628479224 0.370412196499153 0.026623638563937072 0.011857707509881422
0 0.4649052037111739 0.3644833427442123 0.038321903993545785 0.020892151326933936
0 0.5233965308592174 0.365330321852061 0.027833803953206938 0.017504234895539244
0 0.545582896329165 0.36829474872953133 0.012505042355788625 0.010446075663466968
0 0.5653489310205728 0.36278938452851495 0.022993142396127472 0.028232636928289104
0 0.581887858007261 0.36674195369847545 0.010891488503428802 0.01129305477131564
0 0.5925776522791448 0.367871259175607 0.01290843081887858 0.011857707509881422
0 0.6032674465510286 0.36885940146809715 0.0052440500201694235 0.009881422924901186
0 0.6048810004033884 0.3585544889892716 0.0028237192416296895 0.006775832862789385
0 0.6208148446954417 0.36900056465273856 0.02581686163775716 0.010728402032749858
0 0.6379588543767648 0.3687182382834557 0.013311819281968536 0.012987012987012988
0 0.6791044776119403 0.3684359119141728 0.02864058087938685 0.03557312252964427
0 0.7188382412263009 0.3695652173913043 0.03146430012101654 0.012987012987012988
0 0.7553448971359419 0.36702428006775834 0.007664380798709157 0.019762845849802372
0 0.7763210972166196 0.3695652173913043 0.02702702702702703 0.012422360248447204
0 0.7753126260588947 0.35587238848108416 0.0024203307785397336 0.004799548277809147
0 0.800322710770472 0.36278938452851495 0.02581686163775716 0.024280067758328628
0 0.15066559096409843 0.41544325239977414 0.057684550221863654 0.021739130434782608
0 0.18616377571601453 0.4160079051383399 0.010891488503428802 0.017221908526256352
0 0.2200484066155708 0.4201016374929418 0.012505042355788625 0.012422360248447204
0 0.23033481242436465 0.41953698475437606 0.007260992335619202 0.012987012987012988
0 0.24041952400161357 0.4168548842461886 0.01371520774505849 0.017786561264822136
0 0.2509076240419524 0.410643704121965 0.005647438483259379 0.005928853754940711
0 0.2507059298104074 0.4193958215697346 0.0052440500201694235 0.01101072840203275
0 0.2702702702702703 0.4161490683229814 0.028237192416296894 0.01637492941840768
0 0.31242436466317064 0.41826651609260307 0.02218636546994756 0.012704686617730096
0 0.3299717628075837 0.41953698475437606 0.017749092375958047 0.011857707509881422
0 0.3263412666397741 0.4147374364765669 0.0024203307785397336 0.0016939582156973462
0 0.3444937474788221 0.4199604743083004 0.014521984671238403 0.013269339356295878
0 0.38483259378781765 0.41699604743083 0.03307785397337636 0.019198193111236588
0 0.40520371117386045 0.41544325239977414 0.006857603872529245 0.018351214003387916
0 0.4116579265832997 0.40767927724449465 0.002016942315449778 0.0033879164313946925
0 0.41306978620411455 0.41981931112365894 0.004033884630899556 0.010728402032749858
0 0.4227511093182735 0.4189723320158103 0.010488100040338847 0.014116318464144552
0 0.4530052440500202 0.4153020892151327 0.045986284792254944 0.0220214568040655
0 0.49939491730536506 0.4165725578769057 0.024203307785397338 0.018351214003387916
0 0.5328761597418313 0.41826651609260307 0.011294876966518758 0.015527950310559006
0 0.5421540943929004 0.4215132693393563 0.004840661557079467 0.007340485601355167
0 0.5490116982654296 0.42292490118577075 0.015328761597418314 0.010163749294184076
0 0.5435659540137152 0.41431394692264256 0.002016942315449778 0.001976284584980237
0 0.554255748285599 0.4178430265386787 0.0016135538523598225 0.001129305477131564
0 0.6040742234772085 0.42814793901750425 0.05445744251714401 0.0251270468661773
0 0.6409842678499394 0.4148785996612084 0.026623638563937072 0.020609824957651044
0 0.6756756756756757 0.4212309429700734 0.004033884630899556 0.00846979107848673
0 0.6756756756756757 0.41219649915302087 0.003227107704719645 0.005081874647092038
0 0.6883824122630092 0.41981931112365894 0.01734570391286809 0.01129305477131564
0 0.7240822912464704 0.42080745341614906 0.0024203307785397336 0.001976284584980237
0 0.7303348124243647 0.4147374364765669 0.01008471157724889 0.019762845849802372
0 0.745461879790238 0.41981931112365894 0.014521984671238403 0.011857707509881422
0 0.7692617991125453 0.41869000564652736 0.028237192416296894 0.011857707509881422
0 0.7966922146026624 0.4230660643704122 0.004033884630899556 0.003105590062111801
0 0.8227107704719645 0.41643139469226426 0.003630496167809601 0.014116318464144552
0 0.836829366680113 0.4096555618294749 0.020572811617587738 0.003952569169960474
0 0.8360225897539331 0.41826651609260307 0.0028237192416296895 0.013269339356295878
0 0.12989108511496572 0.4645680406549972 0.023396530859217425 0.018351214003387916
0 0.14925373134328357 0.4738848108413326 0.01290843081887858 0.020045172219085264
0 0.15994352561516742 0.4699322416713721 0.0052440500201694235 0.01101072840203275
0 0.1591367486889875 0.45835686053077357 0.0028237192416296895 0.004234895539243365
0 0.1791044776119403 0.4686617730095991 0.02501008471157725 0.014116318464144552
0 0.2029043969342477 0.4709203839638622 0.004840661557079467 0.002258610954263128
0 0.20250100847115773 0.46414455110107283 0.003227107704719645 0.0016939582156973462
0 0.263816054860831 0.46513269339356295 0.08390480032271078 0.022868435911914172
0 0.2263009277934651 0.47656691134952006 0.008874546187979023 0.012987012987012988
0 0.24969745865268253 0.4645680406549972 0.003227107704719645 0.013269339356295878
0 0.3315853166599435 0.4697910784867307 0.02016942315449778 0.011857707509881422
0 0.35619201290843083 0.468944099378882 0.02743041549011698 0.012987012987012988
0 0.3628479225494151 0.46160361377752684 0.002016942315449778 0.001129305477131564
0 0.3894715611133522 0.47007340485601357 0.01734570391286809 0.011857707509881422
0 0.4126663977410246 0.475296442687747 0.012101653892698669 0.018351214003387916
0 0.42839854780153286 0.46908526256352345 0.01855586930213796 0.015527950310559006
0 0.4536103267446551 0.47261434217955955 0.033481242436466316 0.03613777526821005
0 0.4967728922952804 0.4654150197628458 0.02944735780556676 0.017786561264822136
0 0.5516337232755143 0.46696781479390176 0.05445744251714401 0.019198193111236588
0 0.5530455828963292 0.4575098814229249 0.004033884630899556 0.004799548277809147
0 0.5923759580475998 0.47035573122529645 0.018959257765227916 0.012422360248447204
0 0.6173860427591771 0.46499153020892153 0.03428801936264623 0.023715415019762844
0 0.6655909640984268 0.46809712027103334 0.04921339249697459 0.018068887634105024
0 0.6920129084308189 0.461038961038961 0.003630496167809601 0.003952569169960474
0 0.6934247680516338 0.47148503670242803 0.005647438483259379 0.007905138339920948
0 0.7043162565550625 0.46950875211744775 0.012101653892698669 0.01129305477131564
0 0.7166196046793062 0.4675324675324675 0.01734570391286809 0.01693958215697346
0 0.7406212182331585 0.4731789949181254 0.02501008471157725 0.010728402032749858
0 0.7557482855990318 0.461038961038961 0.003630496167809601 0.010163749294184076
0 0.7676482452601856 0.46852060982495763 0.01371520774505849 0.01101072840203275
0 0.13251311012505043 0.5200451722190853 0.02702702702702703 0.014116318464144552
0 0.15772488906817264 0.5148221343873518 0.028237192416296894 0.020609824957651044
0 0.14602662363856395 0.5035290796160361 0.0016135538523598225 0.001976284584980237
0 0.1891891891891892 0.5182100508187465 0.03065752319483663 0.01101072840203275
0 0.2498991528842275 0.5160926030491247 0.03428801936264623 0.032185206098249576
0 0.28156514723678905 0.5186335403726708 0.029043969342476807 0.009034443817052512
0 0.3410649455425575 0.5152456239412762 0.04881000403388463 0.02258610954263128
0 0.4056070996369504 0.5160926030491247 0.043162565550625254 0.020892151326933936
0 0.4354578459056071 0.519621682665161 0.00927793465106898 0.009316770186335404
0 0.45240016135538524 0.5156691134952005 0.021379588543767647 0.020045172219085264
0 0.4580475998386446 0.5081874647092038 0.0028237192416296895 0.0033879164313946925
0 0.47196450181524807 0.5194805194805194 0.01290843081887858 0.009599096555618294
0 0.4893102057281162 0.5203274985883681 0.017749092375958047 0.014680971202710334
0 0.517345703912868 0.5110107284020328 0.0052440500201694235 0.00282326369282891
0 0.5189592577652279 0.5208921513269339 0.0060508269463493344 0.011857707509881422
0 0.5328761597418313 0.5206098249576511 0.016135538523598225 0.009034443817052512
0 0.5623235175473982 0.5183512140033879 0.016135538523598225 0.020327498588368152
0 0.5782573618394514 0.5215979672501412 0.014118596208148447 0.010446075663466968
0 0.5845098830173457 0.5084697910784868 0.004840661557079467 0.00282326369282891
0 0.5935861234368697 0.5214568040654998 0.008471157724889069 0.012987012987012988
0 0.6105284388866479 0.5166572557876906 0.020572811617587738 0.017504234895539244
0 0.6258572004840661 0.5119988706945229 0.0060508269463493344 0.023997741389045736
0 0.6401774909237595 0.5050818746470921 0.004033884630899556 0.010163749294184076
0 0.6468334005647438 0.5052230378317335 0.0052440500201694235 0.012140033879164314
0 0.6514723678902783 0.5237154150197628 0.004840661557079467 0.003952569169960474
