0 0.16054860830980233 0.2663749294184077 0.014521984671238403 0.016092603049124788
0 0.17386042759177087 0.27498588368153587 0.004033884630899556 0.002258610954263128
0 0.22952803549818476 0.2658102766798419 0.00645421540943929 0.028514963297571992
0 0.24021782977006859 0.2723037831733484 0.011698265429608713 0.008752117447769622
0 0.27188382412263007 0.269339356295878 0.041145623235175476 0.01637492941840768
0 0.34610730133118195 0.2696216826651609 0.009681323114158934 0.020327498588368152
0 0.3622428398547802 0.27399774138904576 0.01936264622831787 0.007058159232072276
0 0.38422751109318276 0.2683512140033879 0.012505042355788625 0.016657255787690572
0 0.4400968132311416 0.2673630717108978 0.03227107704719645 0.021456804065499716
0 0.4824526018555869 0.27555053642010163 0.05244050020169423 0.029361942405420668
0 0.5665590964098427 0.27442123094297005 0.045582896329164985 0.03387916431394692
0 0.6306978620411456 0.27188029361942406 0.02379991932230738 0.009599096555618294
0 0.6587333602258976 0.26877470355731226 0.016135538523598225 0.01637492941840768
0 0.7033077853973376 0.2725861095426313 0.014925373134328358 0.00818746470920384
0 0.7158128277531263 0.27216261998870694 0.00927793465106898 0.007340485601355167
0 0.7406212182331585 0.2682100508187465 0.03227107704719645 0.018068887634105024
0 0.7831787010891489 0.2670807453416149 0.004437273093989512 0.020327498588368152
0 0.8015328761597418 0.27032749858836813 0.02501008471157725 0.00818746470920384
0 0.8235175473981444 0.27526821005081875 0.010891488503428802 0.020892151326933936
0 0.17507059298104075 0.31846414455110106 0.04356595401371521 0.018633540372670808
0 0.20229931423961275 0.3231225296442688 0.011698265429608713 0.007622811970638058
0 0.2146026623638564 0.32185206098249575 0.010488100040338847 0.01637492941840768
0 0.22791448164582492 0.3272162619988707 0.004033884630899556 0.0033879164313946925
0 0.3206938281565147 0.31804065499717676 0.05970149253731343 0.020609824957651044
0 0.3924969745865268 0.31620553359683795 0.010488100040338847 0.02258610954263128
0 0.41306978620411455 0.3284867306606437 0.03227107704719645 0.023997741389045736
0 0.4673255344897136 0.32523997741389044 0.02379991932230738 0.012987012987012988
0 0.4903186768858411 0.325098814229249 0.012505042355788625 0.01383399209486166
0 0.5381202097620008 0.32792207792207795 0.029043969342476807 0.026821005081874648
0 0.5972166196046793 0.3232636928289102 0.026220250100847116 0.023715415019762844
0 0.6298910851149657 0.32622811970638055 0.033481242436466316 0.01101072840203275
0 0.654497781363453 0.32171089779785433 0.012505042355788625 0.016092603049124788
0 0.7154094392900363 0.3219932241671372 0.018152480839048003 0.020609824957651044
0 0.7379991932230738 0.3232636928289102 0.020572811617587738 0.018633540372670808
0 0.7474788221056877 0.3219932241671372 0.005647438483259379 0.005364201016374929
0 0.7527228721258572 0.3306041784302654 0.014521984671238403 0.020327498588368152
0 0.7696651875756353 0.33130999435347264 0.003227107704719645 0.003105590062111801
0 0.8047599838644615 0.3219932241671372 0.010488100040338847 0.012704686617730096
0 0.8170633319887052 0.3221343873517787 0.010891488503428802 0.018633540372670808
0 0.826946349334409 0.3287690570299266 0.004033884630899556 0.003105590062111801
0 0.1581282775312626 0.36617730095990964 0.016942315449778138 0.021456804065499716
0 0.18878580072609924 0.3706945228684359 0.03872529245663574 0.009599096555618294
0 0.24687373941105284 0.36688311688311687 0.004840661557079467 0.021739130434782608
0 0.27148043565954016 0.3774703557312253 0.03711173860427592 0.02766798418972332
0 0.3313836224283985 0.37337662337662336 0.024606696248487294 0.016657255787690572
0 0.3481242436466317 0.3750705815923207 0.011294876966518758 0.006493506493506494
0 0.36809197256958454 0.3750705815923207 0.024606696248487294 0.00818746470920384
0 0.3916901976603469 0.37732919254658387 0.029043969342476807 0.027385657820440428
0 0.41589350544574427 0.3804347826086957 0.004840661557079467 0.003105590062111801
0 0.47519160951996775 0.3708356860530774 0.01371520774505849 0.016657255787690572
0 0.48608309802339655 0.378317334839074 0.004033884630899556 0.00282326369282891
0 0.5246066962484873 0.3694240542066629 0.018152480839048003 0.0189158667419537
0 0.5385235982250908 0.37295313382269907 0.008874546187979023 0.007905138339920948
0 0.5762404195240016 0.37295313382269907 0.01008471157724889 0.00846979107848673
0 0.5956030657523195 0.37238848108413325 0.02702702702702703 0.014116318464144552
0 0.6466317063331989 0.3718238283455675 0.03065752319483663 0.014116318464144552
0 0.6710367083501412 0.37238848108413325 0.01653892698668818 0.00846979107848673
0 0.6833400564743848 0.37238848108413325 0.009681323114158934 0.007905138339920948
0 0.700282371924163 0.3708356860530774 0.022589753933037516 0.01101072840203275
0 0.7517144009681324 0.36688311688311687 0.013311819281968536 0.021739130434782608
0 0.7730939895119 0.37140033879164314 0.02379991932230738 0.00818746470920384
0 0.7920532472771279 0.3695652173913043 0.014118596208148447 0.011857707509881422
0 0.16881807180314642 0.4230660643704122 0.052843888664784185 0.027950310559006212
0 0.23275514320290439 0.41981931112365894 0.014521984671238403 0.018633540372670808
0 0.26643807987091567 0.42066629023150764 0.052843888664784185 0.01355166572557877
0 0.30153287615974184 0.42715979672501414 0.003630496167809601 0.00282326369282891
0 0.35417507059298103 0.42080745341614906 0.01290843081887858 0.0251270468661773
0 0.37575635336829366 0.4181253529079616 0.02379991932230738 0.01693958215697346
0 0.3914885034288019 0.41854884246188595 0.004437273093989512 0.016092603049124788
0 0.44050020169423154 0.4212309429700734 0.010488100040338847 0.015810276679841896
0 0.46127470754336425 0.4201016374929418 0.030254134731746672 0.017504234895539244
0 0.48608309802339655 0.4215132693393563 0.014521984671238403 0.014680971202710334
0 0.536304961678096 0.42320722755505363 0.02702702702702703 0.01129305477131564
0 0.5580879386849537 0.4215132693393563 0.011698265429608713 0.015245623941276116
0 0.6135538523598225 0.4234895539243365 0.028237192416296894 0.009034443817052512
0 0.6391690197660347 0.41967814793901753 0.013311819281968536 0.016657255787690572
0 0.6833400564743848 0.41953698475437606 0.015328761597418314 0.023150762281197064
0 0.6994755949979831 0.42518351214003386 0.01371520774505849 0.00846979107848673
0 0.7107704719645018 0.4201016374929418 0.004033884630899556 0.014680971202710334
0 0.7196450181524808 0.4202428006775833 0.004033884630899556 0.01383399209486166
0 0.7791448164582493 0.4202428006775833 0.057684550221863654 0.016657255787690572
0 0.81847519160952 0.4205251270468662 0.015328761597418314 0.015527950310559006
0 0.15066559096409843 0.4640033879164314 0.010891488503428802 0.004234895539243365
0 0.1472367890278338 0.47289666854884244 0.004033884630899556 0.010163749294184076
0 0.15792658329971762 0.472755505364201 0.01008471157724889 0.006493506493506494
0 0.21641791044776118 0.4767080745341615 0.024606696248487294 0.018351214003387916
0 0.24949576442113755 0.475296442687747 0.03670835014118596 0.020609824957651044
0 0.2702702702702703 0.472755505364201 0.003227107704719645 0.004799548277809147
0 0.27228721258572003 0.46696781479390176 0.00645421540943929 0.00282326369282891
0 0.28620411456232353 0.47148503670242803 0.01734570391286809 0.01693958215697346
0 0.3354175070592981 0.4712027103331451 0.013311819281968536 0.0220214568040655
0 0.34630899556272693 0.47783738001129306 0.0052440500201694235 0.006493506493506494
0 0.37051230334812424 0.4738848108413326 0.05203711173860428 0.017221908526256352
0 0.39774102460669625 0.46485036702428006 0.007260992335619202 0.004234895539243365
0 0.40843081887858007 0.4764257481648786 0.019766034691407825 0.007622811970638058
0 0.4298104074223477 0.4772727272727273 0.008471157724889069 0.009316770186335404
0 0.4834610730133118 0.47134387351778656 0.025413473174667203 0.022303783173348392
0 0.5316659943525616 0.4704968944099379 0.011294876966518758 0.020609824957651044
0 0.5447761194029851 0.4754376058723885 0.01008471157724889 0.009034443817052512
0 0.5615167406212183 0.4764257481648786 0.02016942315449778 0.008752117447769622
0 0.5578862444534086 0.4655561829474873 0.008874546187979023 0.0033879164313946925
0 0.5683743444937475 0.48249576510446074 0.014521984671238403 0.019198193111236588
0 0.6058894715611134 0.4710615471485037 0.003227107704719645 0.021739130434782608
0 0.627067365873336 0.4784020327498588 0.03670835014118596 0.023997741389045736
0 0.6897942718838241 0.474025974025974 0.015328761597418314 0.012987012987012988
0 0.7004840661557079 0.47035573122529645 0.003630496167809601 0.020327498588368152
0 0.7220653489310206 0.47557876905702995 0.033884630899556276 0.010446075663466968
0 0.781766841468334 0.47557876905702995 0.022589753933037516 0.010446075663466968
0 0.8077853973376361 0.4764257481648786 0.02944735780556676 0.008752117447769622
0 0.8255344897135942 0.4772727272727273 0.0052440500201694235 0.004234895539243365
0 0.8398547801532876 0.4717673630717109 0.022589753933037516 0.015245623941276116
0 0.16236385639370715 0.5201863354037267 0.026220250100847116 0.018351214003387916
0 0.18495361032674465 0.5231507622811971 0.013311819281968536 0.010163749294184076
0 0.23941105284388867 0.5237154150197628 0.020572811617587738 0.01355166572557877
0 0.26058894715611136 0.5228684359119141 0.012101653892698669 0.012987012987012988
0 0.3085921742638161 0.5262563523433089 0.02581686163775716 0.031055900621118012
0 0.3646631706333199 0.5225861095426313 0.024203307785397338 0.01637492941840768
0 0.38584106494554254 0.5244212309429701 0.014118596208148447 0.009316770186335404
0 0.4400968132311416 0.5221626199887069 0.04517950786607503 0.0189158667419537
0 0.46954417103670837 0.5227272727272727 0.01290843081887858 0.018351214003387916
0 0.4828559903186769 0.5350084697910785 0.008874546187979023 0.010163749294184076
0 0.5405405405405406 0.5227272727272727 0.03065752319483663 0.021174477696216828
0 0.5613150463896732 0.5251270468661773 0.00927793465106898 0.01637492941840768
0 0.6081081081081081 0.5275268210050819 0.011698265429608713 0.01101072840203275
0 0.6264622831787011 0.5248447204968945 0.022589753933037516 0.017504234895539244
0 0.6871722468737395 0.5247035573122529 0.03670835014118596 0.018351214003387916
0 0.7470754336425979 0.5221626199887069 0.021782977006857603 0.022868435911914172
0 0.7730939895119 0.5286561264822134 0.03751512706736587 0.0251270468661773
0 0.8041549011698266 0.52343308865048 0.012505042355788625 0.015810276679841896
0 0.1619604679306172 0.5707227555053642 0.012505042355788625 0.021739130434782608
0 0.181726502622025 0.571005081874647 0.02218636546994756 0.021174477696216828
0 0.19322307382008874 0.5684641445511011 0.00645421540943929 0.005364201016374929
0 0.20149253731343283 0.5786278938452851 0.013311819281968536 0.017786561264822136
0 0.21500605082694635 0.5811688311688312 0.004033884630899556 0.003105590062111801
0 0.245461879790238 0.5721343873517787 0.00927793465106898 0.014963297571993224
0 0.2583703106091166 0.5718520609824957 0.007664380798709157 0.016092603049124788
0 0.2771278741427995 0.5835686053077357 0.005647438483259379 0.0033879164313946925
0 0.3555869302137959 0.5749576510446076 0.043969342476805166 0.031338226990400904
0 0.38140379185155304 0.575098814229249 0.0060508269463493344 0.00846979107848673
0 0.4407018959257765 0.571005081874647 0.051230334812424366 0.022868435911914172
0 0.472771278741428 0.5694522868435912 0.01290843081887858 0.01637492941840768
0 0.5425574828559904 0.5736871823828346 0.04921339249697459 0.014680971202710334
0 0.5804759983864461 0.5724167137210615 0.016942315449778138 0.020045172219085264
0 0.6187979023799919 0.5734048560135516 0.004033884630899556 0.019762845849802372
0 0.6278741427995159 0.5707227555053642 0.0060508269463493344 0.004234895539243365
0 0.6264622831787011 0.5774985883681536 0.003227107704719645 0.005364201016374929
0 0.6442113755546591 0.5711462450592886 0.020976200080677694 0.01693958215697346
0 0.663170633319887 0.5758046301524562 0.01290843081887858 0.00818746470920384
0 0.7154094392900363 0.5742518351214003 0.018959257765227916 0.026538678712591756
0 0.7515127067365873 0.580180688876341 0.0500201694231545 0.018068887634105024
0 0.7349737797498992 0.560841332580463 0.011294876966518758 0.004234895539243365
0 0.7968939088342073 0.5835686053077357 0.008471157724889069 0.007340485601355167
0 0.16397741024606696 0.6256352343308865 0.01573215006050827 0.014116318464144552
0 0.17789431222267044 0.6260587238848109 0.011294876966518758 0.009316770186335404
0 0.20169423154497781 0.6259175607001694 0.03146430012101654 0.009599096555618294
0 0.2254941508672852 0.6260587238848109 0.00645421540943929 0.010446075663466968
0 0.2825736183945139 0.6328345567476003 0.011698265429608713 0.031338226990400904
0 0.2989108511496571 0.6242236024844721 0.011294876966518758 0.010163749294184076
0 0.30899556272690604 0.6199887069452287 0.00645421540943929 0.018633540372670808
0 0.32230738200887454 0.6252117447769622 0.016135538523598225 0.007622811970638058
0 0.38342073416700284 0.6269057029926595 0.025413473174667203 0.009881422924901186
0 0.4062121823315853 0.6240824392998306 0.01371520774505849 0.014398644833427442
0 0.472771278741428 0.6208356860530774 0.04033884630899556 0.020327498588368152
0 0.49757966922146024 0.626764539808018 0.004437273093989512 0.006775832862789385
0 0.5032271077047197 0.6149068322981367 0.00927793465106898 0.003952569169960474
0 0.5072609923356192 0.6264822134387352 0.00927793465106898 0.00564652738565782
0 0.5203711173860428 0.6247882552230378 0.014521984671238403 0.01637492941840768
0 0.5790641387656313 0.6276115189158668 0.033481242436466316 0.026538678712591756
0 0.6175877369907221 0.629305477131564 0.03469140782573618 0.023715415019762844
0 0.6409842678499394 0.6300112930547713 0.01290843081887858 0.004799548277809147
0 0.6395724082291246 0.6161773009599096 0.006857603872529245 0.004799548277809147
0 0.6694231544977813 0.6331168831168831 0.045582896329164985 0.016092603049124788
0 0.7347720855183542 0.6263410502540937 0.02379991932230738 0.01948051948051948
0 0.754134731746672 0.6252117447769622 0.021379588543767647 0.020609824957651044
0 0.7658329971762807 0.6221061547148503 0.0052440500201694235 0.004799548277809147
0 0.7704719645018152 0.6309994353472614 0.01371520774505849 0.01693958215697346
0 0.7864058087938685 0.6318464144551101 0.0052440500201694235 0.00282326369282891
0 0.809600645421541 0.6277526821005082 0.016942315449778138 0.01383399209486166
0 0.8253327954820492 0.6254940711462451 0.010488100040338847 0.021174477696216828
0 0.8360225897539331 0.6341050254093732 0.004437273093989512 0.0033879164313946925
