0 0.14743848325937878 0.26341050254093734 0.010891488503428802 0.018633540372670808
0 0.16135538523598225 0.2658102766798419 0.01290843081887858 0.00818746470920384
0 0.17507059298104075 0.2651044607566347 0.012101653892698669 0.010163749294184076
0 0.20209762000806777 0.26665725578769056 0.03630496167809601 0.022868435911914172
0 0.2382008874546188 0.2713156408808583 0.006857603872529245 0.009599096555618294
0 0.2843888664784187 0.26566911349520045 0.03227107704719645 0.011857707509881422
0 0.33884630899556273 0.2641163184641446 0.01290843081887858 0.012704686617730096
0 0.35397337636143605 0.2641163184641446 0.013311819281968536 0.009316770186335404
0 0.3672851956434046 0.2714568040654997 0.020572811617587738 0.021174477696216828
0 0.3894715611133522 0.2713156408808583 0.02702702702702703 0.020892151326933936
0 0.41064945542557485 0.26566911349520045 0.011294876966518758 0.009034443817052512
0 0.4298104074223477 0.26312817617165446 0.011698265429608713 0.010163749294184076
0 0.48426784993949173 0.26538678712591757 0.030254134731746672 0.01129305477131564
0 0.5137152077450585 0.2627046866177301 0.014925373134328358 0.016092603049124788
0 0.5344897135941912 0.2651044607566347 0.028237192416296894 0.010728402032749858
0 0.5645421540943929 0.26439864483342745 0.026220250100847116 0.011575381140598532
0 0.6151674062121824 0.27428006775832864 0.023396530859217425 0.023433088650479956
0 0.6339249697458653 0.26792772444946356 0.012505042355788625 0.00846979107848673
0 0.6680112948769665 0.26679841897233203 0.04517950786607503 0.010163749294184076
0 0.7394110528438886 0.26171654432524 0.028237192416296894 0.017504234895539244
0 0.7696651875756353 0.26383399209486164 0.028237192416296894 0.015527950310559006
0 0.7916498588140379 0.2670807453416149 0.010891488503428802 0.007905138339920948
0 0.8463089955627269 0.2673630717108978 0.02743041549011698 0.009599096555618294
0 0.8791851553045583 0.2651044607566347 0.02379991932230738 0.01129305477131564
0 0.15147236789027835 0.3156408808582722 0.027833803953206938 0.011857707509881422
0 0.17587736990722067 0.31634669678147936 0.01371520774505849 0.009316770186335404
0 0.20068576038725291 0.313382269904009 0.030254134731746672 0.01637492941840768
0 0.2390076643807987 0.31592320722755507 0.03993545784590561 0.011857707509881422
0 0.2672448567970956 0.3170525127046866 0.012505042355788625 0.009034443817052512
0 0.29265832997176283 0.3255223037831734 0.006857603872529245 0.010728402032749858
0 0.3491327148043566 0.3147939017504235 0.04719645018152481 0.01693958215697346
0 0.4255748285599032 0.314652738565782 0.03146430012101654 0.014398644833427442
0 0.4562323517547398 0.31733483907396953 0.023396530859217425 0.009599096555618294
0 0.4701492537313433 0.3102766798418972 0.003630496167809601 0.0016939582156973462
0 0.4836627672448568 0.3170525127046866 0.023396530859217425 0.011857707509881422
0 0.5312626058894716 0.31804065499717676 0.012101653892698669 0.009316770186335404
0 0.5469947559499798 0.3190287972896669 0.012101653892698669 0.021456804065499716
0 0.6070996369503833 0.3176171654432524 0.022589753933037516 0.009599096555618294
0 0.6343283582089553 0.31521739130434784 0.022993142396127472 0.014398644833427442
0 0.6488503428801936 0.3125352907961604 0.003630496167809601 0.002258610954263128
0 0.6694231544977813 0.31719367588932806 0.031060911657926585 0.014963297571993224
0 0.7396127470754337 0.31648785996612083 0.026220250100847116 0.009599096555618294
0 0.7571601452198468 0.3094297007340486 0.003227107704719645 0.0016939582156973462
0 0.7648245260185559 0.3147939017504235 0.008874546187979023 0.014116318464144552
0 0.7698668818071803 0.3145115753811406 0.006857603872529245 0.012422360248447204
0 0.15671641791044777 0.3620835686053077 0.027833803953206938 0.016092603049124788
0 0.18192819685356998 0.37224731789949184 0.015328761597418314 0.021739130434782608
0 0.20169423154497781 0.36688311688311687 0.022589753933037516 0.009316770186335404
0 0.23315853166599435 0.3644833427442123 0.020976200080677694 0.012422360248447204
0 0.2934651068979427 0.3709768492377188 0.021379588543767647 0.020327498588368152
0 0.3160548608309802 0.36773009599096557 0.021379588543767647 0.008752117447769622
0 0.35155304558289635 0.3706945228684359 0.03751512706736587 0.025409373235460192
0 0.41851553045582895 0.36688311688311687 0.014925373134328358 0.009316770186335404
0 0.4372730939895119 0.37422360248447206 0.02016942315449778 0.020609824957651044
0 0.46571198063735375 0.3684359119141728 0.0318676885841065 0.009034443817052512
0 0.5439693424768052 0.3673066064370412 0.04154901169826543 0.014680971202710334
0 0.6226300927793466 0.3673066064370412 0.012505042355788625 0.010728402032749858
0 0.6375554659136748 0.37422360248447206 0.021379588543767647 0.023433088650479956
0 0.6540943929003631 0.36829474872953133 0.011698265429608713 0.009316770186335404
0 0.6837434449374747 0.3685770750988142 0.02743041549011698 0.009881422924901186
0 0.7609923356192013 0.36702428006775834 0.01653892698668818 0.01129305477131564
0 0.7829770068576039 0.36773009599096557 0.014521984671238403 0.009881422924901186
0 0.7993142396127471 0.36829474872953133 0.018959257765227916 0.011575381140598532
0 0.8142396127470755 0.36928289102202144 0.0060508269463493344 0.007905138339920948
0 0.8194836627672448 0.3589779785431959 0.0028237192416296895 0.001976284584980237
0 0.8338039532069382 0.36688311688311687 0.010488100040338847 0.016092603049124788
0 0.8436869705526422 0.36928289102202144 0.01573215006050827 0.009599096555618294
0 0.8775716014521985 0.36702428006775834 0.040742234772085516 0.01693958215697346
0 0.15429608713190804 0.4161490683229814 0.02702702702702703 0.011857707509881422
0 0.15732150060508268 0.40711462450592883 0.004033884630899556 0.0016939582156973462
0 0.24969745865268253 0.4161490683229814 0.04033884630899556 0.015245623941276116
0 0.32956837434449376 0.41727837380011296 0.020976200080677694 0.011857707509881422
0 0.3491327148043566 0.4181253529079616 0.010891488503428802 0.009034443817052512
0 0.35962081484469544 0.41854884246188595 0.006857603872529245 0.007058159232072276
0 0.37676482452601856 0.4148785996612084 0.012101653892698669 0.016092603049124788
0 0.3961274707543364 0.4162902315076228 0.01371520774505849 0.012140033879164314
0 0.4126663977410246 0.41544325239977414 0.017749092375958047 0.014963297571993224
0 0.42960871319080274 0.41854884246188595 0.008874546187979023 0.007622811970638058
0 0.45018152480839047 0.4234895539243365 0.02581686163775716 0.0220214568040655
0 0.481847519160952 0.4230660643704122 0.010891488503428802 0.012140033879164314
0 0.5413473174667205 0.41544325239977414 0.042759177087535294 0.016092603049124788
0 0.6512706736587334 0.4158667419536985 0.05445744251714401 0.011857707509881422
0 0.690399354578459 0.415725578769057 0.01734570391286809 0.008752117447769622
0 0.7121823315853166 0.4161490683229814 0.02864058087938685 0.009599096555618294
0 0.7436466317063332 0.4148785996612084 0.012505042355788625 0.014398644833427442
0 0.8233158531665994 0.41671372106154714 0.050826946349334406 0.01637492941840768
0 0.13372327551432028 0.4668266516092603 0.013311819281968536 0.01101072840203275
0 0.1417910447761194 0.45976849237718803 0.003630496167809601 0.001976284584980237
0 0.14965711980637353 0.4655561829474873 0.009681323114158934 0.009599096555618294
0 0.19705526421944333 0.47162619988706944 0.018959257765227916 0.020045172219085264
0 0.2156111335215813 0.46710897797854317 0.019766034691407825 0.01101072840203275
0 0.23557886244453408 0.47261434217955955 0.02016942315449778 0.019198193111236588
0 0.25877369907220654 0.4688029361942405 0.02218636546994756 0.009316770186335404
0 0.27974989915288423 0.468944099378882 0.010891488503428802 0.010163749294184076
0 0.3007260992335619 0.4686617730095991 0.019766034691407825 0.012422360248447204
0 0.3872529245663574 0.46710897797854317 0.02501008471157725 0.014398644833427442
0 0.45320693828156516 0.4733201581027668 0.02218636546994756 0.021174477696216828
0 0.48305768455022186 0.4782608695652174 0.04154901169826543 0.025409373235460192
0 0.5296490520371118 0.4767080745341615 0.009681323114158934 0.011575381140598532
0 0.5881403791851553 0.4686617730095991 0.03469140782573618 0.011857707509881422
0 0.6222267043162566 0.4665443252399774 0.024606696248487294 0.01383399209486166
0 0.6972569584509883 0.4644268774703557 0.0463896732553449 0.01693958215697346
0 0.7779346510689794 0.47289666854884244 0.025413473174667203 0.02766798418972332
0 0.8110125050423558 0.47162619988706944 0.033481242436466316 0.016657255787690572
0 0.8749495764421138 0.4709203839638622 0.02501008471157725 0.0220214568040655
0 0.13957240822912464 0.5179277244494636 0.01855586930213796 0.012140033879164314
0 0.1565147236789028 0.5189158667419537 0.012101653892698669 0.009599096555618294
0 0.17749092375958048 0.5160926030491247 0.02743041549011698 0.01637492941840768
0 0.26603469140782576 0.5166572557876906 0.018959257765227916 0.011857707509881422
0 0.3491327148043566 0.5190570299265952 0.030254134731746672 0.011575381140598532
0 0.3937071399757967 0.5203274985883681 0.045986284792254944 0.010163749294184076
0 0.4919322307382009 0.5203274985883681 0.018959257765227916 0.011857707509881422
0 0.5108914885034288 0.5204686617730095 0.010891488503428802 0.008752117447769622
0 0.5248083904800322 0.5201863354037267 0.01371520774505849 0.009316770186335404
0 0.5461879790237999 0.5210333145115754 0.02743041549011698 0.007622811970638058
0 0.5784590560709963 0.5203274985883681 0.015328761597418314 0.00846979107848673
0 0.5956030657523195 0.5172219085262564 0.00927793465106898 0.014116318464144552
0 0.6024606696248487 0.516798418972332 0.00927793465106898 0.014963297571993224
0 0.6141589350544574 0.5273856578204404 0.019766034691407825 0.0220214568040655
0 0.672045179507866 0.5156691134952005 0.021782977006857603 0.01383399209486166
0 0.6883824122630092 0.5182100508187465 0.010891488503428802 0.008752117447769622
0 0.7039128680919726 0.5179277244494636 0.014521984671238403 0.011575381140598532
0 0.7212585720048407 0.5184923771880293 0.01290843081887858 0.01101072840203275
0 0.7379991932230738 0.5237154150197628 0.003630496167809601 0.002258610954263128
0 0.8005244050020169 0.5121400338791643 0.024606696248487294 0.002258610954263128
0 0.7972972972972973 0.5206098249576511 0.012505042355788625 0.011857707509881422
0 0.8106091165792658 0.5151044607566346 0.0028237192416296895 0.001411631846414455
0 0.8162565550625253 0.5214568040654998 0.01008471157724889 0.007905138339920948
0 0.8285599031867689 0.5210333145115754 0.01371520774505849 0.008752117447769622
0 0.845098830173457 0.5190570299265952 0.011294876966518758 0.012140033879164314
0 0.8668818071803146 0.5290796160361377 0.012101653892698669 0.009034443817052512
0 0.1438079870915692 0.5640880858272163 0.013311819281968536 0.019762845849802372
0 0.15611133521581283 0.5684641445511011 0.010488100040338847 0.009881422924901186
0 0.17668414683340056 0.5678994918125353 0.02016942315449778 0.010446075663466968
0 0.19665187575635337 0.5678994918125353 0.01734570391286809 0.011575381140598532
0 0.2063331988705123 0.5678994918125353 0.002016942315449778 0.001411631846414455
0 0.2244856797095603 0.5683229813664596 0.03509479628882614 0.01129305477131564
0 0.2656313029447358 0.5732636928289102 0.010891488503428802 0.010446075663466968
0 0.31686163775716014 0.5677583286278939 0.014118596208148447 0.010728402032749858
0 0.39229528035498185 0.5678994918125353 0.025413473174667203 0.011575381140598532
0 0.4126663977410246 0.568746470920384 0.012101653892698669 0.009316770186335404
0 0.42597821702299316 0.5697346132128741 0.011294876966518758 0.007905138339920948
0 0.445542557482856 0.5673348390739695 0.021379588543767647 0.012704686617730096
0 0.5191609519967729 0.5688876341050254 0.012101653892698669 0.009599096555618294
0 0.5352964905203711 0.5697346132128741 0.01371520774505849 0.019198193111236588
0 0.6032674465510286 0.5707227555053642 0.01573215006050827 0.009881422924901186
0 0.6290843081887858 0.567476002258611 0.02379991932230738 0.014680971202710334
0 0.6561113352158128 0.5702992659514399 0.022993142396127472 0.010163749294184076
0 0.6744655102864058 0.5647939017504235 0.004033884630899556 0.002540937323546019
0 0.6893908834207342 0.5698757763975155 0.023396530859217425 0.009881422924901186
0 0.7892295280354982 0.5756634669678148 0.08511496571198064 0.020892151326933936
0 0.846107301331182 0.5729813664596274 0.010891488503428802 0.006493506493506494
0 0.8646631706333199 0.5700169395821569 0.008471157724889069 0.012987012987012988
0 0.8797902379991932 0.5762281197063805 0.023396530859217425 0.02710333145115754
0 0.9074223477208552 0.5739695087521175 0.0028237192416296895 0.002258610954263128
0 0.1500605082694635 0.6185770750988142 0.016135538523598225 0.018068887634105024
0 0.16377571601452198 0.6226708074534162 0.008067769261799113 0.00818746470920384
0 0.22872125857200484 0.6195652173913043 0.017749092375958047 0.011575381140598532
0 0.24606696248487292 0.6199887069452287 0.012101653892698669 0.009034443817052512
0 0.263412666397741 0.6174477696216827 0.008874546187979023 0.012987012987012988
0 0.3307785397337636 0.6177300959909655 0.01290843081887858 0.015245623941276116
0 0.35599031867688585 0.6263410502540937 0.02944735780556676 0.020609824957651044
0 0.43303751512706734 0.6188594014680971 0.010891488503428802 0.010163749294184076
0 0.4427188382412263 0.6212591756070017 0.008471157724889069 0.009316770186335404
0 0.46752722872125857 0.6188594014680971 0.010488100040338847 0.00282326369282891
0 0.5022186365469947 0.6198475437605873 0.023396530859217425 0.010446075663466968
0 0.5233965308592174 0.6185770750988142 0.008471157724889069 0.012422360248447204
0 0.5395320693828156 0.6180124223602484 0.02218636546994756 0.012987012987012988
0 0.5601048810004033 0.6197063805759458 0.01734570391286809 0.009599096555618294
0 0.6427995159338443 0.6184359119141728 0.045582896329164985 0.016657255787690572
0 0.6772892295280355 0.6214003387916431 0.01290843081887858 0.007905138339920948
0 0.6980637353771683 0.6283173348390739 0.026220250100847116 0.01948051948051948
0 0.7628075837031061 0.6185770750988142 0.023396530859217425 0.014116318464144552
0 0.7864058087938685 0.6201298701298701 0.011698265429608713 0.008752117447769622
0 0.799919322307382 0.6185770750988142 0.009681323114158934 0.012987012987012988
0 0.8106091165792658 0.6201298701298701 0.012505042355788625 0.009316770186335404
0 0.854780153287616 0.6226708074534162 0.01371520774505849 0.008752117447769622
0 0.8721258572004841 0.6246470920383964 0.010488100040338847 0.00818746470920384
0 0.15469947559499797 0.6695369847543761 0.027833803953206938 0.01101072840203275
0 0.17809600645421542 0.6703839638622248 0.011698265429608713 0.009316770186335404
0 0.20754336425978218 0.6674195369847544 0.02944735780556676 0.012422360248447204
0 0.24062121823315852 0.6684076792772445 0.031060911657926585 0.010446075663466968
0 0.26401774909237596 0.668548842461886 0.01008471157724889 0.010163749294184076
0 0.29386849536103266 0.674901185770751 0.0028237192416296895 0.001976284584980237
0 0.3563937071399758 0.668266516092603 0.01008471157724889 0.011857707509881422
0 0.3890681726502622 0.6726425748164878 0.0681726502622025 0.03077357425183512
0 0.5006050826946349 0.6722190852625636 0.08148446954417103 0.010728402032749858
0 0.6139572408229125 0.6701016374929418 0.045986284792254944 0.011575381140598532
0 0.6988705123033482 0.6693958215697347 0.04235578862444534 0.015810276679841896
0 0.7307382008874547 0.672360248447205 0.011698265429608713 0.008752117447769622
0 0.7515127067365873 0.6760304912478825 0.02581686163775716 0.016657255787690572
0 0.809197256958451 0.6717955957086392 0.03146430012101654 0.009881422924901186
0 0.8200887454618798 0.6624788255223037 0.004840661557079467 0.002540937323546019
0 0.8759580475998386 0.668548842461886 0.03751512706736587 0.014680971202710334
0 0.17043162565550626 0.717673630717109 0.043969342476805166 0.015810276679841896
0 0.20492133924969747 0.7254376058723885 0.01371520774505849 0.0189158667419537
0 0.26744655102864057 0.7188029361942405 0.01371520774505849 0.01355166572557877
0 0.300121016538927 0.7188029361942405 0.04759983864461476 0.010728402032749858
0 0.34751916095199675 0.7233201581027668 0.0028237192416296895 0.0016939582156973462
0 0.4253731343283582 0.7223320158102767 0.05526421944332392 0.029079616036137776
0 0.5197660346914078 0.7180971202710333 0.02702702702702703 0.011575381140598532
0 0.5601048810004033 0.7269904009034444 0.04154901169826543 0.0220214568040655
0 0.63654699475595 0.7207792207792207 0.04517950786607503 0.018068887634105024
0 0.7099636950383219 0.724308300395257 0.007260992335619202 0.007622811970638058
0 0.7248890681726503 0.7213438735177866 0.014521984671238403 0.011857707509881422
0 0.7482855990318676 0.7223320158102767 0.01290843081887858 0.00818746470920384
0 0.7660346914078258 0.7220496894409938 0.012101653892698669 0.009316770186335404
0 0.790843081887858 0.721485036702428 0.031060911657926585 0.010446075663466968
0 0.8168616377571601 0.7228966685488425 0.011294876966518758 0.005928853754940711
0 0.8329971762807584 0.7238848108413326 0.02501008471157725 0.007905138339920948
0 0.8590157321500606 0.7223320158102767 0.024606696248487294 0.01383399209486166
0 0.8985478015328762 0.7313664596273292 0.012505042355788625 0.009881422924901186
