0 0.15046389673255345 0.2137210615471485 0.015328761597418314 0.01693958215697346
0 0.1772892295280355 0.2155561829474873 0.038321903993545785 0.010446075663466968
0 0.20471964501815249 0.22557876905702992 0.01573215006050827 0.030491247882552232
0 0.24768051633723276 0.21569734613212874 0.022589753933037516 0.012422360248447204
0 0.27934651068979427 0.21569734613212874 0.03751512706736587 0.01129305477131564
0 0.33521581282775315 0.2149915302089215 0.02581686163775716 0.01101072840203275
0 0.34852763210972165 0.205957086391869 0.003227107704719645 0.001411631846414455
0 0.36849536103267444 0.21259175607001693 0.035901573215006054 0.014680971202710334
0 0.40782573618394513 0.21414455110107283 0.01371520774505849 0.010446075663466968
0 0.4245663574021783 0.2149915302089215 0.018959257765227916 0.009881422924901186
0 0.43787817668414686 0.21287408243929984 0.003630496167809601 0.014680971202710334
0 0.445542557482856 0.22586109542631283 0.018152480839048003 0.032185206098249576
0 0.4889068172650262 0.21357989836250707 0.02581686163775716 0.016092603049124788
0 0.5020169423154498 0.20708639186900057 0.0028237192416296895 0.002540937323546019
0 0.5286405808793868 0.2165443252399774 0.04961678096006454 0.01129305477131564
0 0.5550625252117789 0.20638057594579334 0.003227107704719645 0.002258610954263128
0 0.5609116579265833 0.21386222473178995 0.007664380798709157 0.01383399209486166
0 0.5740217829770069 0.21583850931677018 0.012101653892698669 0.011575381140598532
0 0.5903590157321501 0.21315640880858272 0.018152480839048003 0.015810276679841896
0 0.6337232755143203 0.21513269339356295 0.016942315449778138 0.012422360248447204
0 0.6605486083098023 0.21485036702428006 0.03509479628882614 0.011857707509881422
0 0.6950383219039935 0.21541501976284586 0.03227107704719645 0.011857707509881422
0 0.717628075837031 0.21541501976284586 0.012101653892698669 0.010163749294184076
0 0.7337636143606293 0.2137210615471485 0.02016942315449778 0.015810276679841896
0 0.753731343283582 0.21541501976284586 0.021379588543767647 0.012422360248447204
0 0.7730939895119 0.2140033879164314 0.01573215006050827 0.014680971202710334
0 0.8037515127067366 0.21541501976284586 0.04477611940298507 0.01129305477131564
0 0.7845905607099637 0.20821569734613213 0.004033884630899556 0.0036702428006775835
0 0.16034691407825735 0.26468097120271034 0.0326744655102864 0.016092603049124788
0 0.18495361032674465 0.26468097120271034 0.014118596208148447 0.010446075663466968
0 0.20028237192416296 0.2663749294184077 0.014925373134328358 0.01101072840203275
0 0.24062121823315852 0.26383399209486164 0.018959257765227916 0.015527950310559006
0 0.2755143202904397 0.26750423489553926 0.016942315449778138 0.0189158667419537
0 0.28963291649858813 0.2670807453416149 0.01290843081887858 0.009034443817052512
0 0.3303751512706737 0.2652456239412761 0.03630496167809601 0.016657255787690572
0 0.35720048406615573 0.2672219085262564 0.018959257765227916 0.011575381140598532
0 0.36708350141185964 0.25945793337097683 0.003227107704719645 0.002258610954263128
0 0.37373941105284386 0.26595143986448333 0.00927793465106898 0.010163749294184076
0 0.41670028237192414 0.2670807453416149 0.02016942315449778 0.012422360248447204
0 0.4298104074223477 0.2670807453416149 0.014118596208148447 0.009599096555618294
0 0.44332392093586126 0.2676453980801807 0.011294876966518758 0.00846979107848673
0 0.46006454215409437 0.2649632975719932 0.018959257765227916 0.014963297571993224
0 0.5121016538926987 0.26566911349520045 0.07704719645018153 0.015245623941276116
0 0.5746268656716418 0.26468097120271034 0.012505042355788625 0.010446075663466968
0 0.5954013715207745 0.265527950310559 0.028237192416296894 0.009881422924901186
0 0.6353368293666801 0.26439864483342745 0.03146430012101654 0.016657255787690572
0 0.6605486083098023 0.26595143986448333 0.01573215006050827 0.010163749294184076
0 0.6940298507462687 0.26341050254093734 0.020572811617587738 0.01693958215697346
0 0.7029043969342477 0.2576228119706381 0.003630496167809601 0.002540937323546019
0 0.7490923759580476 0.26538678712591757 0.08632513110125051 0.015810276679841896
0 0.8245260185558693 0.26383399209486164 0.041145623235175476 0.017786561264822136
0 0.8527632109721662 0.26595143986448333 0.014521984671238403 0.011857707509881422
0 0.8707139975796693 0.27004517221908525 0.003630496167809601 0.001411631846414455
0 0.15389269866881808 0.3147939017504235 0.011698265429608713 0.015245623941276116
0 0.17970956030657523 0.31634669678147936 0.043162565550625254 0.012704686617730096
0 0.20371117386042759 0.3067476002258611 0.004033884630899556 0.001976284584980237
0 0.22065348931020573 0.31535855448898925 0.033884630899556276 0.014116318464144552
0 0.2390076643807987 0.30886504799548276 0.003630496167809601 0.003952569169960474
0 0.2519160951996773 0.32834556747600224 0.024606696248487294 0.03162055335968379
0 0.3110125050423558 0.3157820440429136 0.04921339249697459 0.016657255787690572
0 0.33501411859620817 0.3101355166572558 0.003630496167809601 0.002540937323546019
0 0.3416700282371924 0.3169113495200452 0.007260992335619202 0.012704686617730096
0 0.3755546591367487 0.3101355166572558 0.004033884630899556 0.002540937323546019
0 0.3751512706736587 0.3181818181818182 0.003227107704719645 0.010728402032749858
0 0.381807180314643 0.3166290231507623 0.008471157724889069 0.012140033879164314
0 0.41064945542557485 0.31648785996612083 0.010488100040338847 0.012422360248447204
0 0.44594594594594594 0.3177583286278938 0.057684550221863654 0.012704686617730096
0 0.48628479225494153 0.3156408808582722 0.02218636546994756 0.020892151326933936
0 0.5147236789027834 0.32622811970638055 0.004033884630899556 0.00818746470920384
0 0.5298507462686567 0.31804065499717676 0.011698265429608713 0.012704686617730096
0 0.5603065752319484 0.3177583286278938 0.045986284792254944 0.012140033879164314
0 0.5947962888261396 0.31733483907396953 0.014118596208148447 0.010728402032749858
0 0.6323114158935055 0.32269904009034445 0.012505042355788625 0.024280067758328628
0 0.6518757563533683 0.31648785996612083 0.02581686163775716 0.014116318464144552
0 0.6881807180314643 0.31719367588932806 0.04437273093989512 0.0251270468661773
0 0.7226704316256555 0.32707509881422925 0.02218636546994756 0.04206662902315076
0 0.7555465913674869 0.3290513833992095 0.021782977006857603 0.03359683794466403
0 0.7753126260588947 0.31804065499717676 0.01290843081887858 0.008752117447769622
0 0.7882210568777733 0.3177583286278938 0.009681323114158934 0.007622811970638058
0 0.8083904800322711 0.314652738565782 0.02743041549011698 0.017786561264822136
0 0.15994352561516742 0.36645962732919257 0.02218636546994756 0.012987012987012988
0 0.17849939491730538 0.3663184641445511 0.02218636546994756 0.01101072840203275
0 0.20108914885034287 0.3644833427442123 0.021379588543767647 0.014680971202710334
0 0.24102460669624848 0.36575381140598534 0.01008471157724889 0.012140033879164314
0 0.26966518757563535 0.36617730095990964 0.0463896732553449 0.012422360248447204
0 0.3299717628075837 0.3654714850367024 0.03227107704719645 0.015527950310559006
0 0.36809197256958454 0.36589497459062675 0.01573215006050827 0.01693958215697346
0 0.39027833803953205 0.36773009599096557 0.027833803953206938 0.011575381140598532
0 0.4156918112141993 0.36702428006775834 0.018959257765227916 0.01129305477131564
0 0.45784590560709965 0.36773009599096557 0.04517950786607503 0.01101072840203275
0 0.4981847519160952 0.3675889328063241 0.003227107704719645 0.010728402032749858
0 0.49959661153691004 0.3588368153585545 0.003630496167809601 0.002258610954263128
0 0.5086728519564341 0.36688311688311687 0.011294876966518758 0.014398644833427442
0 0.5292456635740218 0.37662337662337664 0.003227107704719645 0.006211180124223602
0 0.5312626058894716 0.37238848108413325 0.0016135538523598225 0.0016939582156973462
0 0.5528438886647842 0.36589497459062675 0.014118596208148447 0.014116318464144552
0 0.5693828156514724 0.3675889328063241 0.018152480839048003 0.010728402032749858
0 0.5835014118596208 0.3651891586674195 0.010891488503428802 0.016092603049124788
0 0.6242436466317063 0.36561264822134387 0.02702702702702703 0.015810276679841896
0 0.6494554255748286 0.3663184641445511 0.017749092375958047 0.011575381140598532
0 0.6895925776522791 0.36674195369847545 0.022993142396127472 0.01355166572557877
0 0.7146026623638564 0.3675889328063241 0.018959257765227916 0.012422360248447204
0 0.7319483662767244 0.36773009599096557 0.014925373134328358 0.01101072840203275
0 0.7440500201694231 0.3650479954827781 0.0060508269463493344 0.015810276679841896
0 0.7769261799112546 0.37210615471485037 0.014521984671238403 0.020327498588368152
0 0.8039532069382815 0.3663184641445511 0.03146430012101654 0.014963297571993224
0 0.8225090762404196 0.36716544325239975 0.004033884630899556 0.014398644833427442
0 0.8487293263412666 0.36900056465273856 0.045986284792254944 0.01637492941840768
0 0.16599435256151673 0.41770186335403725 0.03993545784590561 0.013269339356295878
0 0.22206534893102056 0.41459627329192544 0.033481242436466316 0.018351214003387916
0 0.22468737394110527 0.4481931112365895 0.0016135538523598225 0.001411631846414455
0 0.2436466317063332 0.4168548842461886 0.012101653892698669 0.01101072840203275
0 0.254538120209762 0.4171372106154715 0.008067769261799113 0.012140033879164314
0 0.2680516337232755 0.4181253529079616 0.018152480839048003 0.011857707509881422
0 0.3120209762000807 0.41699604743083 0.02379991932230738 0.023150762281197064
0 0.3525615167406212 0.4162902315076228 0.03065752319483663 0.018351214003387916
0 0.37353771682129894 0.41826651609260307 0.016942315449778138 0.012140033879164314
0 0.4060104881000403 0.41953698475437606 0.020572811617587738 0.014116318464144552
0 0.41972569584509883 0.4103613777526821 0.003630496167809601 0.002540937323546019
0 0.43243243243243246 0.41798418972332013 0.026623638563937072 0.012704686617730096
0 0.463695038321904 0.4243365330321852 0.0060508269463493344 0.010728402032749858
0 0.4923356192012908 0.4168548842461886 0.030254134731746672 0.018351214003387916
0 0.5157321500605083 0.41826651609260307 0.012505042355788625 0.013269339356295878
0 0.5411456232351755 0.4178430265386787 0.014925373134328358 0.017504234895539244
0 0.5697862041145624 0.4181253529079616 0.03428801936264623 0.012422360248447204
0 0.6056877773295684 0.4160079051383399 0.03670835014118596 0.014963297571993224
0 0.6415893505445744 0.41770186335403725 0.010891488503428802 0.012704686617730096
0 0.6694231544977813 0.42320722755505363 0.03751512706736587 0.026538678712591756
0 0.7047196450181524 0.42603049124788256 0.004840661557079467 0.009599096555618294
0 0.7379991932230738 0.41826651609260307 0.03993545784590561 0.012704686617730096
0 0.7698668818071803 0.4160079051383399 0.025413473174667203 0.014963297571993224
0 0.8017345703912868 0.41699604743083 0.01653892698668818 0.01355166572557877
0 0.8283582089552238 0.4158667419536985 0.035901573215006054 0.014680971202710334
0 0.8521581282775312 0.4301242236024845 0.020572811617587738 0.03585544889892716
0 0.8751512706736587 0.41854884246188595 0.01734570391286809 0.012140033879164314
0 0.15611133521581283 0.47600225861095424 0.01290843081887858 0.021456804065499716
0 0.1674062121823316 0.4683794466403162 0.004033884630899556 0.014116318464144552
0 0.17970956030657523 0.46809712027103334 0.019766034691407825 0.012422360248447204
0 0.19382815651472368 0.46696781479390176 0.010891488503428802 0.011857707509881422
0 0.20794675272287214 0.46823828345567475 0.01573215006050827 0.012140033879164314
0 0.2527228721258572 0.46809712027103334 0.03509479628882614 0.024844720496894408
0 0.3065752319483663 0.4673913043478261 0.03227107704719645 0.016092603049124788
0 0.3281565147236789 0.4662619988706945 0.003630496167809601 0.017221908526256352
0 0.33682936668011293 0.468944099378882 0.01290843081887858 0.014680971202710334
0 0.3582089552238806 0.47289666854884244 0.004033884630899556 0.0016939582156973462
0 0.38886647841871724 0.46569734613212876 0.03227107704719645 0.016657255787690572
0 0.41488503428801937 0.46823828345567475 0.014925373134328358 0.011575381140598532
0 0.44392900363049614 0.4683794466403162 0.012505042355788625 0.015245623941276116
0 0.4526018555869302 0.46852060982495763 0.014521984671238403 0.012140033879164314
0 0.4780153287615974 0.46936758893280633 0.02501008471157725 0.011575381140598532
0 0.5008067769261799 0.4678147939017504 0.014118596208148447 0.015245623941276116
0 0.5127067365873336 0.47035573122529645 0.004033884630899556 0.009599096555618294
0 0.5151270673658733 0.46174477696216826 0.003227107704719645 0.002540937323546019
0 0.5246066962484873 0.4697910784867307 0.01653892698668818 0.010163749294184076
0 0.5532472771278741 0.4665443252399774 0.0326744655102864 0.015527950310559006
0 0.6064945542557483 0.46809712027103334 0.04235578862444534 0.017504234895539244
0 0.6524808390480032 0.46696781479390176 0.04477611940298507 0.014680971202710334
0 0.709560306575232 0.4748729531338227 0.04437273093989512 0.028797289666854884
0 0.7761194029850746 0.4697910784867307 0.042759177087535294 0.011857707509881422
0 0.8051633723275514 0.4668266516092603 0.01936264622831787 0.015527950310559006
0 0.16438079870915692 0.5160926030491247 0.0326744655102864 0.01637492941840768
0 0.18414683340056473 0.516798418972332 0.003630496167809601 0.016657255787690572
0 0.22065348931020573 0.5184923771880293 0.01371520774505849 0.014963297571993224
0 0.24768051633723276 0.5244212309429701 0.035498184751916094 0.021739130434782608
0 0.2747075433642598 0.5159514398644833 0.015328761597418314 0.014398644833427442
0 0.2898346107301331 0.5182100508187465 0.013311819281968536 0.01101072840203275
0 0.3140379185155305 0.5187747035573123 0.031060911657926585 0.011575381140598532
0 0.3400564743848326 0.5169395821569734 0.028237192416296894 0.015810276679841896
0 0.42053247277127875 0.5179277244494636 0.09076240419524001 0.016657255787690572
0 0.49596611536910046 0.5184923771880293 0.01734570391286809 0.014398644833427442
0 0.5171440096813231 0.5189158667419537 0.01936264622831787 0.01129305477131564
0 0.5385235982250908 0.519339356295878 0.016135538523598225 0.01383399209486166
0 0.5780556676079064 0.5194805194805194 0.035498184751916094 0.01637492941840768
0 0.6292860024203307 0.5180688876341051 0.01371520774505849 0.014116318464144552
0 0.6692214602662364 0.5191981931112366 0.060508269463493344 0.01355166572557877
0 0.7244856797095603 0.5182100508187465 0.010488100040338847 0.012140033879164314
0 0.7446551028640581 0.5261151891586674 0.02581686163775716 0.026256352343308864
0 0.7716821298910851 0.5182100508187465 0.01855586930213796 0.011575381140598532
0 0.7843888664784188 0.5097402597402597 0.0028237192416296895 0.002540937323546019
0 0.799717628075837 0.5159514398644833 0.0318676885841065 0.016092603049124788
0 0.8259378781766842 0.5324675324675324 0.018152480839048003 0.032185206098249576
0 0.8188785800726099 0.5162337662337663 0.003227107704719645 0.012704686617730096
0 0.15893505445744252 0.5666290231507622 0.016135538523598225 0.018633540372670808
0 0.17527228721258573 0.5680406549971767 0.013311819281968536 0.01129305477131564
0 0.1954417103670835 0.5681818181818182 0.019766034691407825 0.014398644833427442
0 0.20794675272287214 0.5587238848108413 0.004437273093989512 0.00282326369282891
0 0.21258572004840662 0.5770750988142292 0.010488100040338847 0.028797289666854884
0 0.23235175473981445 0.5678994918125353 0.02016942315449778 0.012704686617730096
0 0.25231948366276724 0.5684641445511011 0.013311819281968536 0.011575381140598532
0 0.2708753529649052 0.5663466967814794 0.02218636546994756 0.018633540372670808
0 0.33521581282775315 0.5678994918125353 0.04517950786607503 0.014963297571993224
0 0.3674868898749496 0.5659232072275551 0.023396530859217425 0.014963297571993224
0 0.4227511093182735 0.57128740824393 0.026623638563937072 0.012704686617730096
0 0.4441306978620411 0.5717108977978543 0.016942315449778138 0.011857707509881422
0 0.4616780960064542 0.568746470920384 0.01734570391286809 0.016092603049124788
0 0.47962888261395725 0.5707227555053642 0.01855586930213796 0.013269339356295878
0 0.5427591770875353 0.5718520609824957 0.0391286809197257 0.029644268774703556
0 0.6036708350141186 0.5683229813664596 0.019766034691407825 0.01693958215697346
0 0.6196046793061718 0.5690287972896668 0.012101653892698669 0.01101072840203275
0 0.6339249697458653 0.5700169395821569 0.012505042355788625 0.01129305477131564
0 0.6484469544171036 0.5693111236589498 0.014925373134328358 0.01383399209486166
0 0.6760790641387656 0.5664878599661208 0.02743041549011698 0.016092603049124788
0 0.6926179911254539 0.5669113495200452 0.01371520774505849 0.01129305477131564
0 0.7119806373537717 0.5681818181818182 0.02016942315449778 0.013269339356295878
0 0.7343686970552642 0.5680406549971767 0.020572811617587738 0.014680971202710334
0 0.754336425978217 0.5695934500282326 0.020976200080677694 0.014963297571993224
0 0.7803549818475192 0.5684641445511011 0.02702702702702703 0.016657255787690572
0 0.16821298910851148 0.6197063805759458 0.03711173860427592 0.01355166572557877
0 0.19685356998789835 0.6192828910220215 0.016942315449778138 0.015527950310559006
0 0.22609923356192013 0.620694522868436 0.0391286809197257 0.014398644833427442
0 0.30395320693828154 0.61914172783738 0.04881000403388463 0.014680971202710334
0 0.3652682533279548 0.6192828910220215 0.01734570391286809 0.016092603049124788
0 0.3947156111335216 0.620694522868436 0.03670835014118596 0.014963297571993224
0 0.4225494150867285 0.6209768492377188 0.01734570391286809 0.012704686617730096
0 0.4747882210568778 0.6182947487295314 0.0500201694231545 0.019198193111236588
0 0.5 0.6123658949745906 0.0028237192416296895 0.002258610954263128
0 0.5072609923356192 0.6211180124223602 0.007664380798709157 0.01355166572557877
0 0.5564743848325938 0.6182947487295314 0.030254134731746672 0.015245623941276116
0 0.5843081887858007 0.6223884810841332 0.025413473174667203 0.027385657820440428
0 0.5980233965308592 0.6116600790513834 0.004437273093989512 0.001976284584980237
0 0.6121419927390077 0.6197063805759458 0.01653892698668818 0.010163749294184076
0 0.654497781363453 0.6360813099943535 0.06655909640984267 0.05138339920948617
0 0.7020976200080677 0.6253529079616036 0.0028237192416296895 0.0016939582156973462
