0 0.163574021782977 0.21089779785431959 0.01008471157724889 0.018068887634105024
0 0.17849939491730538 0.21047430830039526 0.01653892698668818 0.017221908526256352
0 0.21803146430012102 0.2111801242236025 0.019766034691407825 0.018068887634105024
0 0.23658733360225898 0.21442687747035574 0.012505042355788625 0.010446075663466968
0 0.2617991125453812 0.21823828345567475 0.015328761597418314 0.024280067758328628
0 0.26744655102864057 0.20016939582156973 0.0016135538523598225 0.002258610954263128
0 0.27490923759580477 0.21428571428571427 0.010891488503428802 0.010728402032749858
0 0.28701089148850345 0.21527385657820441 0.007664380798709157 0.010446075663466968
0 0.28600242033077855 0.20186335403726707 0.0016135538523598225 0.00282326369282891
0 0.2952803549818475 0.21485036702428006 0.011294876966518758 0.009034443817052512
0 0.31040742234772084 0.21075663466967814 0.022993142396127472 0.018351214003387916
0 0.3426784993949173 0.21541501976284586 0.012505042355788625 0.009599096555618294
0 0.35720048406615573 0.21442687747035574 0.019766034691407825 0.009881422924901186
0 0.3864461476401775 0.21414455110107283 0.012101653892698669 0.01101072840203275
0 0.3961274707543364 0.20454545454545456 0.0024203307785397336 0.001976284584980237
0 0.3981444130697862 0.21386222473178995 0.00645421540943929 0.01101072840203275
0 0.41508672851956435 0.2171089779785432 0.028237192416296894 0.015245623941276116
0 0.43949173053650664 0.21230942970073405 0.020572811617587738 0.015245623941276116
0 0.4745865268253328 0.21103896103896103 0.006857603872529245 0.016092603049124788
0 0.4945542557482856 0.21230942970073405 0.029043969342476807 0.015810276679841896
0 0.5244050020169423 0.2217673630717109 0.029043969342476807 0.021174477696216828
0 0.5139169019766034 0.2062394127611519 0.0024203307785397336 0.001976284584980237
0 0.5570794675272287 0.21964991530208922 0.016135538523598225 0.01693958215697346
0 0.5580879386849537 0.20355731225296442 0.002016942315449778 0.00282326369282891
0 0.5691811214199274 0.21386222473178995 0.011294876966518758 0.00818746470920384
0 0.5802743041549012 0.21456804065499718 0.00927793465106898 0.00846979107848673
0 0.5790641387656313 0.20299265951439865 0.003630496167809601 0.00282326369282891
0 0.5923759580475998 0.21414455110107283 0.014925373134328358 0.009881422924901186
0 0.6141589350544574 0.2127329192546584 0.025413473174667203 0.017786561264822136
0 0.6486486486486487 0.21922642574816487 0.016135538523598225 0.020045172219085264
0 0.6813231141589351 0.2111801242236025 0.04759983864461476 0.01693958215697346
0 0.7210568777732956 0.21428571428571427 0.011698265429608713 0.010728402032749858
0 0.7345703912868092 0.2140033879164314 0.01290843081887858 0.010163749294184076
0 0.7486889874949576 0.20878035008469792 0.016135538523598225 0.020045172219085264
0 0.7825736183945139 0.21795595708639187 0.01290843081887858 0.01693958215697346
0 0.7987091569181122 0.21513269339356295 0.01936264622831787 0.010728402032749858
0 0.7946752722872126 0.2015810276679842 0.0024203307785397336 0.0033879164313946925
0 0.8150463896732554 0.21668548842461885 0.011698265429608713 0.012140033879164314
0 0.8350141185962081 0.2140033879164314 0.022589753933037516 0.015810276679841896
0 0.854780153287616 0.2224731789949181 0.004033884630899556 0.006211180124223602
0 0.1680112948769665 0.26453980801806887 0.014925373134328358 0.009599096555618294
0 0.18293666801129488 0.2607284020327499 0.013311819281968536 0.017786561264822136
0 0.190802743041549 0.2552230378317335 0.0024203307785397336 0.00282326369282891
0 0.1990722065348931 0.265527950310559 0.01734570391286809 0.009316770186335404
0 0.21399757966922145 0.26157538114059853 0.013311819281968536 0.015527950310559006
0 0.24485679709560307 0.26595143986448333 0.01290843081887858 0.010163749294184076
0 0.2579669221460266 0.26355166572557875 0.011698265429608713 0.014398644833427442
0 0.2698668818071803 0.26679841897233203 0.010488100040338847 0.00846979107848673
0 0.2843888664784187 0.26750423489553926 0.01371520774505849 0.009881422924901186
0 0.3019362646228318 0.26341050254093734 0.019766034691407825 0.015810276679841896
0 0.34227511093182733 0.26566911349520045 0.01573215006050827 0.010728402032749858
0 0.3557886244453409 0.26566911349520045 0.012101653892698669 0.012422360248447204
0 0.3761597418313836 0.2663749294184077 0.030254134731746672 0.012140033879164314
0 0.3991528842275111 0.26453980801806887 0.020572811617587738 0.01637492941840768
0 0.43586123436869706 0.26468097120271034 0.052843888664784185 0.014398644833427442
0 0.4844695441710367 0.26341050254093734 0.009681323114158934 0.015245623941276116
0 0.49717628075837034 0.2649632975719932 0.014925373134328358 0.009881422924901186
0 0.536103267446551 0.26355166572557875 0.035498184751916094 0.016092603049124788
0 0.5766438079870916 0.2663749294184077 0.01734570391286809 0.01101072840203275
0 0.5873336022589754 0.2553642010163749 0.003227107704719645 0.0036702428006775835
0 0.6010488100040339 0.2632693393562959 0.029850746268656716 0.017221908526256352
0 0.6401774909237595 0.2663749294184077 0.020976200080677694 0.009881422924901186
0 0.6601452198467124 0.26651609260304915 0.026220250100847116 0.010163749294184076
0 0.6944332392093586 0.26256352343308864 0.024606696248487294 0.019198193111236588
0 0.7337636143606293 0.26538678712591757 0.023396530859217425 0.01129305477131564
0 0.7513110125050424 0.2652456239412761 0.011698265429608713 0.009316770186335404
0 0.7648245260185559 0.265527950310559 0.01371520774505849 0.009881422924901186
0 0.7853973376361436 0.26595143986448333 0.02501008471157725 0.01129305477131564
0 0.8144413069786204 0.26595143986448333 0.01371520774505849 0.009034443817052512
0 0.8426784993949173 0.2662337662337662 0.011294876966518758 0.010163749294184076
0 0.8705123033481242 0.26341050254093734 0.03953206938281565 0.015810276679841896
0 0.16942315449778136 0.31634669678147936 0.011294876966518758 0.012140033879164314
0 0.1801129487696652 0.3197346132128741 0.011698265429608713 0.014398644833427442
0 0.20411456232351755 0.32029926595143987 0.03307785397337636 0.016657255787690572
0 0.24102460669624848 0.3178994918125353 0.03993545784590561 0.010728402032749858
0 0.2743041549011698 0.31648785996612083 0.022589753933037516 0.010163749294184076
0 0.29407018959257764 0.31945228684359117 0.0024203307785397336 0.001976284584980237
0 0.3108108108108108 0.3005364201016375 0.022993142396127472 0.002540937323546019
0 0.3118192819685357 0.31154714850367027 0.003227107704719645 0.020045172219085264
0 0.3253327954820492 0.3136645962732919 0.00927793465106898 0.018633540372670808
0 0.3358208955223881 0.31620553359683795 0.01008471157724889 0.009599096555618294
0 0.36587333602258976 0.3156408808582722 0.012101653892698669 0.01129305477131564
0 0.3836224283985478 0.3138057594579334 0.02016942315449778 0.017786561264822136
0 0.3797902379991932 0.30547713156408807 0.002016942315449778 0.00282326369282891
0 0.3983461073013312 0.3176171654432524 0.014925373134328358 0.010163749294184076
0 0.42617991125453814 0.3154997176736307 0.012505042355788625 0.021174477696216828
0 0.4376764824526019 0.31592320722755507 0.009681323114158934 0.010728402032749858
0 0.4483662767244857 0.31648785996612083 0.013311819281968536 0.009599096555618294
0 0.4651068979427188 0.31648785996612083 0.017749092375958047 0.011857707509881422
0 0.4794271883824123 0.31493506493506496 0.01008471157724889 0.011575381140598532
0 0.4883017345703913 0.31648785996612083 0.01008471157724889 0.01129305477131564
0 0.5199677289229528 0.3178994918125353 0.01290843081887858 0.010163749294184076
0 0.537111738604276 0.3167701863354037 0.020572811617587738 0.010728402032749858
0 0.5611133521581283 0.32142857142857145 0.01936264622831787 0.01948051948051948
0 0.5667607906413876 0.3067476002258611 0.0024203307785397336 0.0036702428006775835
0 0.5748285599031868 0.3166290231507623 0.010488100040338847 0.00818746470920384
0 0.5865268253327954 0.3169113495200452 0.009681323114158934 0.009316770186335404
0 0.5863251311012505 0.3073122529644269 0.0028237192416296895 0.002540937323546019
0 0.5974183138362242 0.3176171654432524 0.01290843081887858 0.011857707509881422
0 0.6212182331585316 0.31309994353472614 0.03227107704719645 0.019762845849802372
0 0.6557079467527229 0.31493506493506496 0.014925373134328358 0.015527950310559006
0 0.6651875756353368 0.3222755505364201 0.022589753933037516 0.017786561264822136
0 0.700282371924163 0.3138057594579334 0.022589753933037516 0.023433088650479956
0 0.7244856797095603 0.31620553359683795 0.028237192416296894 0.010728402032749858
0 0.7603872529245663 0.31634669678147936 0.011294876966518758 0.009881422924901186
0 0.772085518354175 0.31747600225861095 0.012101653892698669 0.010446075663466968
0 0.7811617587736991 0.31733483907396953 0.011698265429608713 0.009034443817052512
0 0.791246470350948 0.3178994918125353 0.010891488503428802 0.010728402032749858
0 0.8011294876966518 0.31959345002823264 0.015328761597418314 0.01129305477131564
0 0.8267446551028641 0.320016939582157 0.01734570391286809 0.017221908526256352
0 0.8386446147640177 0.3160643704121965 0.009681323114158934 0.01101072840203275
0 0.8495361032674466 0.31493506493506496 0.012101653892698669 0.012704686617730096
0 0.845098830173457 0.30688876341050253 0.0024203307785397336 0.00282326369282891
0 0.8703106091165793 0.3156408808582722 0.0326744655102864 0.01129305477131564
0 0.16115369100443727 0.36561264822134387 0.022993142396127472 0.012422360248447204
0 0.1772892295280355 0.3660361377752682 0.00927793465106898 0.009881422924901186
0 0.18777732956837434 0.36391869000564653 0.01008471157724889 0.015810276679841896
0 0.23376361436062928 0.36462450592885376 0.008471157724889069 0.015527950310559006
0 0.25332795482049214 0.3663184641445511 0.00645421540943929 0.012704686617730096
0 0.26220250100847114 0.36702428006775834 0.008874546187979023 0.018633540372670808
0 0.27269060104881 0.36561264822134387 0.015328761597418314 0.012987012987012988
0 0.30032271077047196 0.367871259175607 0.02218636546994756 0.011857707509881422
0 0.29709560306575233 0.354884246188594 0.0028237192416296895 0.00282326369282891
0 0.3192819685356999 0.37125917560700167 0.0028237192416296895 0.0016939582156973462
0 0.3553852359822509 0.3675889328063241 0.021782977006857603 0.028797289666854884
0 0.3924969745865268 0.36575381140598534 0.00645421540943929 0.012140033879164314
0 0.40137152077450583 0.36236589497459065 0.008874546187979023 0.017221908526256352
0 0.40843081887858007 0.3660361377752682 0.011698265429608713 0.012704686617730096
0 0.4320290439693425 0.3687182382834557 0.02016942315449778 0.01355166572557877
0 0.4300121016538927 0.35714285714285715 0.0024203307785397336 0.002258610954263128
0 0.4705526421944332 0.36801242236024845 0.022993142396127472 0.026256352343308864
0 0.5042355788624445 0.364059853190288 0.010488100040338847 0.016657255787690572
0 0.5141185962081485 0.36476566911349523 0.01734570391286809 0.01693958215697346
0 0.5286405808793868 0.3673066064370412 0.006857603872529245 0.01129305477131564
0 0.5397337636143607 0.3684359119141728 0.014521984671238403 0.010728402032749858
0 0.537111738604276 0.35502540937323546 0.002016942315449778 0.001976284584980237
0 0.5534489713594192 0.371682665160926 0.0024203307785397336 0.002540937323546019
0 0.5871319080274304 0.36335403726708076 0.03670835014118596 0.021456804065499716
0 0.6127470754336426 0.36476566911349523 0.017749092375958047 0.01637492941840768
0 0.6070996369503833 0.35530773574251834 0.0016135538523598225 0.003105590062111801
0 0.653892698668818 0.3650479954827781 0.03469140782573618 0.025974025974025976
0 0.6621621621621622 0.3546019198193111 0.002016942315449778 0.002258610954263128
0 0.7012908430818878 0.3610954263128176 0.03993545784590561 0.0220214568040655
0 0.691407825736184 0.35375494071146246 0.003227107704719645 0.0033879164313946925
0 0.7430415490116983 0.3620835686053077 0.02501008471157725 0.020045172219085264
0 0.7593787817668415 0.3654714850367024 0.010891488503428802 0.011575381140598532
0 0.7890278338039532 0.36575381140598534 0.01371520774505849 0.01101072840203275
0 0.8029447357805567 0.366600790513834 0.024606696248487294 0.013269339356295878
0 0.817466720451795 0.36801242236024845 0.014925373134328358 0.012704686617730096
0 0.8309802339653086 0.3673066064370412 0.012101653892698669 0.01129305477131564
0 0.8396530859217426 0.3675889328063241 0.018152480839048003 0.012422360248447204
0 0.8590157321500606 0.36645962732919257 0.026220250100847116 0.011857707509881422
0 0.8922952803549818 0.36278938452851495 0.02016942315449778 0.018068887634105024
0 0.9013715207745059 0.3632128740824393 0.014925373134328358 0.014398644833427442
0 0.9122630092779347 0.36335403726708076 0.014925373134328358 0.018633540372670808
0 0.918918918918919 0.37450592885375494 0.010488100040338847 0.007622811970638058
0 0.15611133521581283 0.4184076792772445 0.024203307785397338 0.01355166572557877
0 0.1754739814441307 0.41318464144551104 0.015328761597418314 0.018351214003387916
0 0.20976200080677693 0.4153020892151327 0.02016942315449778 0.019762845849802372
0 0.25110931827349736 0.4178430265386787 0.019766034691407825 0.031055900621118012
0 0.25978217022993144 0.40471485036702426 0.0024203307785397336 0.001976284584980237
0 0.2644211375554659 0.41233766233766234 0.011698265429608713 0.020609824957651044
0 0.3037515127067366 0.4138904573687182 0.024203307785397338 0.020892151326933936
0 0.3206938281565147 0.41643139469226426 0.010488100040338847 0.012422360248447204
0 0.33400564743848327 0.41671372106154714 0.017749092375958047 0.01129305477131564
0 0.3481242436466317 0.42165443252399776 0.0024203307785397336 0.002540937323546019
