0 0.1609519967728923 0.21979107848673066 0.01936264622831787 0.017221908526256352
0 0.18394513916901978 0.21541501976284586 0.01855586930213796 0.018633540372670808
0 0.19019766034691407 0.21301524562394128 0.003630496167809601 0.004234895539243365
0 0.19866881807180314 0.21414455110107283 0.006857603872529245 0.017786561264822136
0 0.20835014118596207 0.21894409937888198 0.014118596208148447 0.006493506493506494
0 0.2670431625655506 0.21583850931677018 0.05163372327551432 0.021739130434782608
0 0.3019362646228318 0.221485036702428 0.014925373134328358 0.007058159232072276
0 0.34509883017345705 0.22007340485601354 0.01573215006050827 0.010446075663466968
0 0.3765631302944736 0.2289666854884246 0.040742234772085516 0.025974025974025976
0 0.4235578862444534 0.22219085262563523 0.01290843081887858 0.007340485601355167
0 0.43384429205324726 0.21696781479390176 0.003630496167809601 0.015527950310559006
0 0.4461476401774909 0.21739130434782608 0.014521984671238403 0.015245623941276116
0 0.4538120209762001 0.21442687747035574 0.004033884630899556 0.004234895539243365
0 0.46591367486889873 0.22106154714850368 0.015328761597418314 0.007340485601355167
0 0.4854780153287616 0.22120271033314512 0.01573215006050827 0.006493506493506494
0 0.5040338846308996 0.21569734613212874 0.02218636546994756 0.018068887634105024
0 0.5189592577652279 0.2161208356860531 0.004437273093989512 0.017786561264822136
0 0.5300524405002017 0.2300959909655562 0.01371520774505849 0.0220214568040655
0 0.5762404195240016 0.21583850931677018 0.035901573215006054 0.017221908526256352
0 0.6335215812827754 0.21852060982495766 0.045582896329164985 0.014116318464144552
0 0.663775716014522 0.22120271033314512 0.014118596208148447 0.007058159232072276
0 0.700282371924163 0.21597967250141162 0.004840661557079467 0.0033879164313946925
0 0.699273900766438 0.22261434217955958 0.0028237192416296895 0.005364201016374929
0 0.7097620008067769 0.22134387351778656 0.010891488503428802 0.007340485601355167
0 0.7269060104881 0.21725014116318464 0.017749092375958047 0.015527950310559006
0 0.7686567164179104 0.22430830039525693 0.018959257765227916 0.005364201016374929
0 0.8063735377168213 0.23037831733483907 0.01855586930213796 0.029361942405420668
0 0.8170633319887052 0.21569734613212874 0.003630496167809601 0.003952569169960474
0 0.844695441710367 0.21880293619424054 0.04759983864461476 0.015810276679841896
0 0.16034691407825735 0.27315076228119706 0.0318676885841065 0.039243365330321855
0 0.22589753933037515 0.2735742518351214 0.04921339249697459 0.033314511575381144
0 0.25554659136748686 0.2676453980801807 0.0052440500201694235 0.003952569169960474
0 0.2563533682936668 0.2737154150197628 0.0028237192416296895 0.0036702428006775835
0 0.26522791448164584 0.2725861095426313 0.00927793465106898 0.005928853754940711
0 0.28035498184751917 0.2779503105590062 0.01855586930213796 0.017786561264822136
0 0.33098023396530857 0.27060982495765107 0.019766034691407825 0.007058159232072276
0 0.35135135135135137 0.268068887634105 0.014521984671238403 0.014398644833427442
0 0.39854780153287617 0.2662337662337662 0.01290843081887858 0.019198193111236588
0 0.4156918112141993 0.2724449463579898 0.020572811617587738 0.006211180124223602
0 0.44130697862041146 0.27837380011293056 0.020976200080677694 0.020892151326933936
0 0.45139169019766034 0.2673630717108978 0.004033884630899556 0.0033879164313946925
0 0.46208148446954417 0.2725861095426313 0.010891488503428802 0.007622811970638058
0 0.481645824929407 0.279785431959345 0.023396530859217425 0.019198193111236588
0 0.5221863654699476 0.27103331451157536 0.013311819281968536 0.004517221908526256
0 0.5340863251311012 0.2717391304347826 0.011294876966518758 0.007058159232072276
0 0.5796692214602662 0.27216261998870694 0.02016942315449778 0.007340485601355167
0 0.6149657119806373 0.2723037831733484 0.018959257765227916 0.008752117447769622
0 0.6335215812827754 0.2727272727272727 0.01653892698668818 0.007340485601355167
0 0.6436062928600242 0.26679841897233203 0.004437273093989512 0.017504234895539244
0 0.6504638967325534 0.2684923771880294 0.003630496167809601 0.014680971202710334
0 0.663574021782977 0.27837380011293056 0.008067769261799113 0.010728402032749858
0 0.7041145623235175 0.2673630717108978 0.0318676885841065 0.020327498588368152
0 0.736385639370714 0.2782326369282891 0.0318676885841065 0.014398644833427442
0 0.7874142799515934 0.2717391304347826 0.016942315449778138 0.009316770186335404
0 0.7803549818475192 0.2780914737436477 0.002016942315449778 0.00282326369282891
0 0.8156514723678903 0.2790796160361378 0.035498184751916094 0.022303783173348392
0 0.16579265832997175 0.3176171654432524 0.02581686163775716 0.017504234895539244
0 0.19685356998789835 0.3211462450592885 0.02501008471157725 0.009881422924901186
0 0.26865671641791045 0.31804065499717676 0.035498184751916094 0.018351214003387916
0 0.3334005647438483 0.32171089779785433 0.026220250100847116 0.00818746470920384
0 0.36143606292860025 0.3221343873517787 0.029043969342476807 0.007340485601355167
0 0.3852359822509076 0.3286278938452851 0.01855586930213796 0.018068887634105024
0 0.4072206534893102 0.320016939582157 0.030254134731746672 0.01101072840203275
0 0.45461879790237997 0.3157820440429136 0.005647438483259379 0.0036702428006775835
0 0.4562323517547398 0.32185206098249575 0.004033884630899556 0.00564652738565782
0 0.46672045179507865 0.32058159232072275 0.012101653892698669 0.00818746470920384
0 0.48749495764421136 0.3188876341050254 0.020572811617587738 0.016657255787690572
0 0.5409439290036305 0.3231225296442688 0.02016942315449778 0.005928853754940711
0 0.5931827349737797 0.3188876341050254 0.019766034691407825 0.016092603049124788
0 0.6210165389269867 0.32284020327498586 0.038321903993545785 0.009316770186335404
0 0.6393707139975797 0.320016939582157 0.0024203307785397336 0.002540937323546019
0 0.6514723678902783 0.3290513833992095 0.016942315449778138 0.017786561264822136
0 0.6522791448164582 0.32185206098249575 0.0016135538523598225 0.0016939582156973462
0 0.6661960467930618 0.3231225296442688 0.012505042355788625 0.00818746470920384
0 0.6863654699475595 0.3298983625070582 0.0052440500201694235 0.010446075663466968
0 0.717628075837031 0.3211462450592885 0.024203307785397338 0.007622811970638058
0 0.7402178297700686 0.31719367588932806 0.010488100040338847 0.015527950310559006
0 0.7767244856797095 0.3201581027667984 0.02944735780556676 0.01693958215697346
0 0.8033481242436467 0.32382834556747603 0.018959257765227916 0.006775832862789385
0 0.14885034288019364 0.371682665160926 0.03307785397337636 0.010446075663466968
0 0.17486889874949577 0.3728119706380576 0.013311819281968536 0.005928853754940711
0 0.18334005647438484 0.36716544325239975 0.004437273093989512 0.015527950310559006
0 0.2008874546187979 0.36773009599096557 0.014521984671238403 0.016092603049124788
0 0.20673658733360226 0.3651891586674195 0.003630496167809601 0.0036702428006775835
0 0.21762807583703106 0.3709768492377188 0.011698265429608713 0.007905138339920948
0 0.23376361436062928 0.3774703557312253 0.01573215006050827 0.018633540372670808
0 0.29225494150867287 0.37874082439299833 0.04154901169826543 0.020045172219085264
0 0.3219039935457846 0.37351778656126483 0.014521984671238403 0.006775832862789385
0 0.3317870108914885 0.3681535855448899 0.0060508269463493344 0.015245623941276116
0 0.3711173860427592 0.37238848108413325 0.01290843081887858 0.006211180124223602
0 0.390883420734167 0.3697063805759458 0.015328761597418314 0.016092603049124788
0 0.3973376361436063 0.36688311688311687 0.004033884630899556 0.003105590062111801
0 0.409035901573215 0.3681535855448899 0.003227107704719645 0.01637492941840768
0 0.4169019766034691 0.3739412761151892 0.003630496167809601 0.005928853754940711
0 0.41750705929810406 0.36716544325239975 0.003227107704719645 0.004234895539243365
0 0.4419120613150464 0.378317334839074 0.04800322710770472 0.03162055335968379
0 0.5048406615570795 0.3695652173913043 0.025413473174667203 0.028232636928289104
0 0.527632109721662 0.37210615471485037 0.010488100040338847 0.006211180124223602
0 0.5647438483259378 0.36928289102202144 0.015328761597418314 0.01637492941840768
0 0.5826946349334409 0.3743647656691135 0.01573215006050827 0.007905138339920948
0 0.6014521984671238 0.37450592885375494 0.021782977006857603 0.006493506493506494
0 0.6262605889471561 0.37210615471485037 0.02379991932230738 0.007340485601355167
0 0.6440096813231142 0.36900056465273856 0.012505042355788625 0.01355166572557877
0 0.6510689794271883 0.36688311688311687 0.0024203307785397336 0.003105590062111801
0 0.6623638563937071 0.37295313382269907 0.01290843081887858 0.006211180124223602
0 0.6774909237595804 0.378317334839074 0.01653892698668818 0.01637492941840768
0 0.7162162162162162 0.37295313382269907 0.019766034691407825 0.007340485601355167
0 0.7513110125050424 0.37422360248447206 0.012505042355788625 0.005928853754940711
0 0.7833803953206938 0.37365894974590624 0.048406615570794675 0.023433088650479956
0 0.8134328358208955 0.3708356860530774 0.003630496167809601 0.014963297571993224
0 0.15772488906817264 0.4213721061547149 0.020976200080677694 0.006493506493506494
0 0.17789431222267044 0.41981931112365894 0.014521984671238403 0.01693958215697346
0 0.18576038725292457 0.4178430265386787 0.002016942315449778 0.004517221908526256
0 0.20129084308188785 0.4192546583850932 0.021782977006857603 0.015810276679841896
0 0.21903993545784592 0.4234895539243365 0.015328761597418314 0.006775832862789385
0 0.24203307785397338 0.42518351214003386 0.0024203307785397336 0.002258610954263128
