0 0.1518757563533683 0.21386222473178995 0.014925373134328358 0.023997741389045736
0 0.16054860830980233 0.21795595708639187 0.01290843081887858 0.009599096555618294
0 0.1754739814441307 0.21979107848673066 0.01371520774505849 0.009881422924901186
0 0.19039935457845905 0.21908526256352343 0.011294876966518758 0.009034443817052512
0 0.20512303348124244 0.21456804065499718 0.013311819281968536 0.018633540372670808
0 0.22730939895118998 0.21936758893280633 0.004437273093989512 0.010728402032749858
0 0.22972972972972974 0.2075098814229249 0.0028237192416296895 0.0033879164313946925
0 0.23981444130697863 0.21950875211744778 0.01008471157724889 0.010446075663466968
0 0.26966518757563535 0.21880293619424054 0.014118596208148447 0.010163749294184076
0 0.2900363049616781 0.2134387351778656 0.02016942315449778 0.020892151326933936
0 0.2983057684550222 0.21301524562394128 0.021379588543767647 0.021739130434782608
0 0.32008874546187976 0.2183794466403162 0.01653892698668818 0.012140033879164314
0 0.35074626865671643 0.21527385657820441 0.04154901169826543 0.01948051948051948
0 0.3553852359822509 0.20878035008469792 0.0024203307785397336 0.003105590062111801
0 0.38584106494554254 0.21979107848673066 0.014925373134328358 0.009881422924901186
0 0.40399354578459057 0.21979107848673066 0.014118596208148447 0.010446075663466968
0 0.4203307785397338 0.21640316205533597 0.02016942315449778 0.018351214003387916
0 0.44050020169423154 0.22120271033314512 0.015328761597418314 0.017786561264822136
0 0.4538120209762001 0.21964991530208922 0.014521984671238403 0.009034443817052512
0 0.4715611133521581 0.220214568040655 0.012101653892698669 0.010728402032749858
0 0.4945542557482856 0.2180971202710333 0.026623638563937072 0.017221908526256352
0 0.5227914481645825 0.221485036702428 0.015328761597418314 0.016657255787690572
0 0.5494150867285196 0.21880293619424054 0.026623638563937072 0.010163749294184076
0 0.5445744251714401 0.20680406549971767 0.0024203307785397336 0.002540937323546019
0 0.5772488906817265 0.2134387351778656 0.015328761597418314 0.020327498588368152
0 0.5968132311415894 0.21880293619424054 0.02379991932230738 0.012422360248447204
0 0.6149657119806373 0.21725014116318464 0.018152480839048003 0.01383399209486166
0 0.6252521177894312 0.21908526256352343 0.008067769261799113 0.007905138339920948
0 0.6442113755546591 0.21908526256352343 0.016135538523598225 0.010728402032749858
0 0.6672045179507866 0.21781479390175043 0.03146430012101654 0.014398644833427442
0 0.6926179911254539 0.22035573122529645 0.03630496167809601 0.02456239412761152
0 0.7075433642597821 0.22134387351778656 0.00645421540943929 0.007340485601355167
0 0.7166196046793062 0.21188594014680973 0.003630496167809601 0.002540937323546019
0 0.7269060104881 0.2134387351778656 0.022589753933037516 0.015245623941276116
0 0.7394110528438886 0.21456804065499718 0.01936264622831787 0.015245623941276116
0 0.7672448567970956 0.2155561829474873 0.023396530859217425 0.014398644833427442
0 0.7880193626462283 0.21513269339356295 0.011698265429608713 0.01637492941840768
0 0.8019362646228317 0.21964991530208922 0.016135538523598225 0.01129305477131564
0 0.8287615974183138 0.21202710333145117 0.019766034691407825 0.020327498588368152
0 0.827954820492134 0.20228684359119142 0.0012101653892698668 0.0008469791078486731
0 0.8501411859620814 0.21315640880858272 0.01734570391286809 0.015810276679841896
0 0.8654699475594998 0.21696781479390176 0.01734570391286809 0.012140033879164314
0 0.15671641791044777 0.2691981931112366 0.01734570391286809 0.009881422924901186
0 0.1708350141185962 0.2701863354037267 0.0060508269463493344 0.009599096555618294
0 0.17587736990722067 0.26002258610954265 0.003227107704719645 0.00282326369282891
0 0.18697055264219442 0.2652456239412761 0.01653892698668818 0.017221908526256352
0 0.1954417103670835 0.26566911349520045 0.011698265429608713 0.018633540372670808
0 0.21762807583703106 0.2738565782044043 0.013311819281968536 0.015245623941276116
0 0.2373941105284389 0.26679841897233203 0.024606696248487294 0.017504234895539244
0 0.2515127067365873 0.27060982495765107 0.00927793465106898 0.008752117447769622
0 0.26603469140782576 0.2660926030491248 0.014118596208148447 0.016092603049124788
0 0.27309398951189995 0.2696216826651609 0.005647438483259379 0.007905138339920948
0 0.2781363453005244 0.26228119706380576 0.002016942315449778 0.00282326369282891
0 0.2835820895522388 0.2691981931112366 0.009681323114158934 0.009881422924901186
0 0.3063735377168213 0.27060982495765107 0.01734570391286809 0.010446075663466968
0 0.32008874546187976 0.27117447769621683 0.013311819281968536 0.00818746470920384
0 0.3325937878176684 0.2723037831733484 0.013311819281968536 0.008752117447769622
0 0.3499394917305365 0.2673630717108978 0.02218636546994756 0.018068887634105024
0 0.3592174263816055 0.27442123094297005 0.0060508269463493344 0.0016939582156973462
0 0.3709156918112142 0.26242236024844723 0.0028237192416296895 0.0036702428006775835
0 0.38563937071399756 0.26453980801806887 0.026623638563937072 0.024280067758328628
0 0.3993545784590561 0.26439864483342745 0.014521984671238403 0.023997741389045736
0 0.4134731746672045 0.2696216826651609 0.011294876966518758 0.009599096555618294
0 0.4312222670431626 0.27103331451157536 0.01290843081887858 0.009034443817052512
0 0.45683743444937475 0.2658102766798419 0.018152480839048003 0.017786561264822136
0 0.4661153691004437 0.26693958215697344 0.013311819281968536 0.020045172219085264
0 0.4824526018555869 0.2694805194805195 0.01290843081887858 0.008752117447769622
0 0.5040338846308996 0.2686335403726708 0.020572811617587738 0.009881422924901186
0 0.5197660346914078 0.26976284584980237 0.014925373134328358 0.008752117447769622
0 0.527632109721662 0.27442123094297005 0.029043969342476807 0.020327498588368152
0 0.5508269463493344 0.26453980801806887 0.014118596208148447 0.018633540372670808
0 0.5605082694634933 0.27865612648221344 0.02218636546994756 0.010728402032749858
0 0.5679709560306575 0.27060982495765107 0.03630496167809601 0.029644268774703556
0 0.6024606696248487 0.27089215132693395 0.0536506655909641 0.028514963297571992
0 0.6341266639774102 0.2691981931112366 0.010488100040338847 0.009316770186335404
0 0.6456232351754739 0.2683512140033879 0.012505042355788625 0.012140033879164314
0 0.6587333602258976 0.2707509881422925 0.020976200080677694 0.018068887634105024
0 0.6734570391286809 0.2682100508187465 0.014925373134328358 0.009034443817052512
0 0.6847519160951997 0.27089215132693395 0.020572811617587738 0.017786561264822136
0 0.6990722065348931 0.27032749858836813 0.014521984671238403 0.010446075663466968
0 0.7168212989108511 0.2682100508187465 0.01371520774505849 0.009034443817052512
0 0.746268656716418 0.2649632975719932 0.022589753933037516 0.017221908526256352
0 0.7611940298507462 0.26792772444946356 0.011294876966518758 0.010728402032749858
0 0.790439693424768 0.2686335403726708 0.018152480839048003 0.009316770186335404
0 0.8128277531262605 0.26341050254093734 0.02016942315449778 0.018068887634105024
0 0.8360225897539331 0.2627046866177301 0.022993142396127472 0.01948051948051948
0 0.15207745058491326 0.31959345002823264 0.029043969342476807 0.03274985883681536
0 0.1744655102864058 0.32156973461321287 0.02218636546994756 0.010728402032749858
0 0.19705526421944333 0.3204404291360813 0.01573215006050827 0.009034443817052512
0 0.21238402581686164 0.32058159232072275 0.011698265429608713 0.01101072840203275
0 0.23154497781363453 0.32029926595143987 0.02016942315449778 0.01101072840203275
0 0.24868898749495763 0.32142857142857145 0.013311819281968536 0.008752117447769622
0 0.26764824526018555 0.32058159232072275 0.011698265429608713 0.009881422924901186
0 0.2823719241629689 0.3160643704121965 0.01290843081887858 0.017786561264822136
0 0.31686163775716014 0.3167701863354037 0.04477611940298507 0.020327498588368152
0 0.3590157321500605 0.32142857142857145 0.022589753933037516 0.009316770186335404
0 0.3745461879790238 0.3222755505364201 0.013311819281968536 0.008752117447769622
0 0.400161355385236 0.3176171654432524 0.03307785397337636 0.015245623941276116
0 0.4411052843888665 0.322557876905703 0.04154901169826543 0.029079616036137776
0 0.42960871319080274 0.3211462450592885 0.01290843081887858 0.009316770186335404
0 0.491327148043566 0.3269339356295878 0.041145623235175476 0.023715415019762844
0 0.5316659943525616 0.3178994918125353 0.010488100040338847 0.010163749294184076
0 0.5530455828963292 0.3145115753811406 0.029850746268656716 0.021456804065499716
0 0.581081081081081 0.32241671372106157 0.02379991932230738 0.014116318464144552
0 0.6228317870108915 0.31592320722755507 0.035498184751916094 0.0220214568040655
0 0.6349334409035902 0.32523997741389044 0.03630496167809601 0.021456804065499716
0 0.6589350544574425 0.31846414455110106 0.008471157724889069 0.010163749294184076
0 0.6791044776119403 0.313382269904009 0.01653892698668818 0.020327498588368152
0 0.690399354578459 0.31733483907396953 0.013311819281968536 0.01355166572557877
0 0.7077450584913272 0.31931112365894976 0.018152480839048003 0.010728402032749858
0 0.7206534893102057 0.31931112365894976 0.012505042355788625 0.009599096555618294
0 0.7335619201290843 0.31535855448898925 0.01573215006050827 0.018068887634105024
0 0.7617991125453812 0.31959345002823264 0.02702702702702703 0.009599096555618294
0 0.7991125453812021 0.3154997176736307 0.01855586930213796 0.016657255787690572
0 0.8112141992739008 0.31521739130434784 0.01290843081887858 0.017221908526256352
0 0.827349737797499 0.31874647092038394 0.01371520774505849 0.010728402032749858
0 0.16317063331988704 0.36575381140598534 0.02944735780556676 0.022303783173348392
0 0.16962484872932634 0.3784584980237154 0.025413473174667203 0.0251270468661773
0 0.19039935457845905 0.3705533596837945 0.01371520774505849 0.012140033879164314
0 0.2226704316256555 0.3728119706380576 0.03146430012101654 0.029644268774703556
0 0.25110931827349736 0.36900056465273856 0.01734570391286809 0.019762845849802372
0 0.2656313029447358 0.3673066064370412 0.022993142396127472 0.019198193111236588
0 0.2944735780556676 0.3706945228684359 0.010488100040338847 0.007905138339920948
0 0.3225090762404195 0.36900056465273856 0.03751512706736587 0.01693958215697346
0 0.34187172246873737 0.37789384528514963 0.0060508269463493344 0.009316770186335404
0 0.3567970956030658 0.37238848108413325 0.03509479628882614 0.030491247882552232
0 0.37575635336829366 0.3715415019762846 0.012505042355788625 0.010163749294184076
0 0.3884630899556273 0.37125917560700167 0.010488100040338847 0.010163749294184076
0 0.40419524001613555 0.36645962732919257 0.021782977006857603 0.017504234895539244
0 0.41407825736183945 0.379587803500847 0.03428801936264623 0.026256352343308864
0 0.4171036708350141 0.36180124223602483 0.0024203307785397336 0.001411631846414455
0 0.4507866075030254 0.3654714850367024 0.01734570391286809 0.017786561264822136
0 0.46873739411052845 0.37888198757763975 0.035498184751916094 0.026538678712591756
0 0.4606696248487293 0.35587238848108416 0.0016135538523598225 0.0008469791078486731
0 0.48225090762404194 0.37888198757763975 0.007664380798709157 0.007340485601355167
0 0.5022186365469947 0.3706945228684359 0.01371520774505849 0.012422360248447204
0 0.5193626462283178 0.36773009599096557 0.018959257765227916 0.020045172219085264
0 0.5288422751109318 0.37125917560700167 0.01290843081887858 0.011857707509881422
0 0.5433642597821702 0.36335403726708076 0.014521984671238403 0.025974025974025976
0 0.5494150867285196 0.37323546019198195 0.0024203307785397336 0.0016939582156973462
0 0.5705929810407422 0.36575381140598534 0.02218636546994756 0.021739130434782608
0 0.5873336022589754 0.36829474872953133 0.03791851553045583 0.020609824957651044
0 0.5804759983864461 0.36250705815923207 0.003227107704719645 0.002258610954263128
0 0.6216216216216216 0.36674195369847545 0.020976200080677694 0.01693958215697346
0 0.6300927793465106 0.36645962732919257 0.01371520774505849 0.01693958215697346
0 0.6306978620411456 0.37422360248447206 0.0012101653892698668 0.001411631846414455
0 0.6460266236385639 0.3694240542066629 0.012505042355788625 0.009316770186335404
0 0.6413876563130294 0.3839638622247318 0.0016135538523598225 0.00282326369282891
0 0.6573215006050827 0.37789384528514963 0.033481242436466316 0.021739130434782608
0 0.7025010084711577 0.371682665160926 0.043162565550625254 0.009316770186335404
0 0.7188382412263009 0.35926030491247885 0.003227107704719645 0.001976284584980237
0 0.7446551028640581 0.3708356860530774 0.020976200080677694 0.008752117447769622
0 0.764017749092376 0.3706945228684359 0.009681323114158934 0.010163749294184076
0 0.7811617587736991 0.36716544325239975 0.020572811617587738 0.016092603049124788
0 0.7757160145219847 0.3578486730660644 0.0024203307785397336 0.002540937323546019
0 0.7932634126663978 0.3674477696216827 0.014925373134328358 0.016657255787690572
0 0.8293666801129488 0.3699887069452287 0.016942315449778138 0.010446075663466968
0 0.1563130294473578 0.41981931112365894 0.022993142396127472 0.014116318464144552
0 0.17527228721258573 0.4233483907396951 0.014118596208148447 0.010446075663466968
0 0.18939088342073418 0.42377188029361945 0.013311819281968536 0.009034443817052512
0 0.209156918112142 0.41854884246188595 0.02218636546994756 0.0189158667419537
0 0.2226704316256555 0.42631281761716544 0.03146430012101654 0.03162055335968379
0 0.23981444130697863 0.4234895539243365 0.006857603872529245 0.007905138339920948
0 0.24243646631706334 0.4150197628458498 0.0024203307785397336 0.002258610954263128
0 0.2603872529245664 0.41770186335403725 0.0318676885841065 0.017786561264822136
0 0.2833803953206938 0.4234895539243365 0.013311819281968536 0.012422360248447204
0 0.3053650665590964 0.4213721061547149 0.008067769261799113 0.010446075663466968
0 0.3138362242839855 0.40993788819875776 0.003227107704719645 0.00282326369282891
0 0.3204921339249697 0.42179559570863917 0.014925373134328358 0.009034443817052512
0 0.34933440903590157 0.41798418972332013 0.01855586930213796 0.017786561264822136
0 0.3628479225494151 0.4184076792772445 0.014118596208148447 0.019198193111236588
0 0.3781766841468334 0.4233483907396951 0.012505042355788625 0.011575381140598532
0 0.40439693424768053 0.4222190852625635 0.01653892698668818 0.010446075663466968
0 0.41952400161355385 0.42179559570863917 0.012101653892698669 0.011857707509881422
0 0.45118999596611536 0.4193958215697346 0.045582896329164985 0.017221908526256352
0 0.48850342880193626 0.4227837380011293 0.021782977006857603 0.009316770186335404
0 0.5175473981444131 0.42857142857142855 0.03711173860427592 0.026538678712591756
0 0.5736183945139169 0.4191134952004517 0.042759177087535294 0.0189158667419537
0 0.6048810004033884 0.4256070016939582 0.020572811617587738 0.017786561264822136
0 0.6260588947156112 0.4225014116318464 0.024203307785397338 0.010446075663466968
0 0.6417910447761194 0.41318464144551104 0.004840661557079467 0.002540937323546019
0 0.6482452601855587 0.4227837380011293 0.01371520774505849 0.011575381140598532
0 0.6692214602662364 0.41798418972332013 0.02016942315449778 0.0189158667419537
0 0.6922146026623639 0.4181253529079616 0.022589753933037516 0.018068887634105024
0 0.7016942315449778 0.4181253529079616 0.01573215006050827 0.018068887634105024
0 0.7166196046793062 0.42165443252399776 0.012505042355788625 0.009881422924901186
0 0.7345703912868092 0.4234895539243365 0.04033884630899556 0.02710333145115754
0 0.7644211375554659 0.4227837380011293 0.026623638563937072 0.009316770186335404
0 0.7920532472771279 0.4209486166007905 0.021379588543767647 0.009599096555618294
0 0.8146430012101654 0.42108977978543194 0.01734570391286809 0.012704686617730096
0 0.8410649455425575 0.4209486166007905 0.007260992335619202 0.010728402032749858
0 0.845300524405002 0.41120835686053075 0.0028237192416296895 0.003105590062111801
0 0.8555869302137958 0.42264257481648787 0.014521984671238403 0.010728402032749858
0 0.15954013715207746 0.47063805759457933 0.018152480839048003 0.01355166572557877
0 0.1891891891891892 0.46936758893280633 0.012101653892698669 0.011575381140598532
0 0.2063331988705123 0.4719085262563523 0.018959257765227916 0.012704686617730096
0 0.22065348931020573 0.47261434217955955 0.008874546187979023 0.010163749294184076
0 0.22892295280354982 0.4608977978543196 0.002016942315449778 0.002540937323546019
0 0.2418313836224284 0.4673913043478261 0.018959257765227916 0.01948051948051948
0 0.2535296490520371 0.47289666854884244 0.01734570391286809 0.009599096555618294
0 0.27833803953206937 0.46823828345567475 0.02581686163775716 0.017786561264822136
0 0.2964905203711174 0.46922642574816487 0.021782977006857603 0.01637492941840768
0 0.3289632916498588 0.4776962168266516 0.01734570391286809 0.018068887634105024
0 0.3479225494150867 0.47219085262563526 0.01734570391286809 0.01101072840203275
0 0.36244453408632515 0.47134387351778656 0.008471157724889069 0.010446075663466968
0 0.3799919322307382 0.4678147939017504 0.01936264622831787 0.019198193111236588
0 0.40096813231141587 0.467673630717109 0.029043969342476807 0.018351214003387916
0 0.43142396127470756 0.4707792207792208 0.010891488503428802 0.012140033879164314
0 0.45421540943929006 0.46809712027103334 0.029043969342476807 0.021456804065499716
0 0.4800322710770472 0.46809712027103334 0.02581686163775716 0.020327498588368152
0 0.5036304961678096 0.48009599096555616 0.011698265429608713 0.012140033879164314
0 0.527632109721662 0.47162619988706944 0.016942315449778138 0.01101072840203275
0 0.5403388463089955 0.4707792207792208 0.01008471157724889 0.012140033879164314
0 0.5475998386446148 0.4720496894409938 0.007664380798709157 0.009599096555618294
0 0.5613150463896732 0.4878599661208357 0.025413473174667203 0.01637492941840768
0 0.5669624848729327 0.48207227555053644 0.035901573215006054 0.03077357425183512
0 0.5601048810004033 0.46259175607001696 0.002016942315449778 0.001411631846414455
0 0.608713190802743 0.474025974025974 0.01936264622831787 0.01129305477131564
0 0.6341266639774102 0.4723320158102767 0.012101653892698669 0.009599096555618294
0 0.6440096813231142 0.47346132128740825 0.014118596208148447 0.00846979107848673
0 0.663574021782977 0.474025974025974 0.015328761597418314 0.009599096555618294
0 0.6833400564743848 0.46936758893280633 0.020976200080677694 0.015527950310559006
0 0.7041145623235175 0.4730378317334839 0.022993142396127472 0.01101072840203275
0 0.7220653489310206 0.47148503670242803 0.008067769261799113 0.00846979107848673
0 0.7420330778539733 0.46852060982495763 0.02379991932230738 0.016092603049124788
0 0.7605889471561114 0.48023715415019763 0.03993545784590561 0.024844720496894408
0 0.7464703509479629 0.4709203839638622 0.006857603872529245 0.007340485601355167
0 0.8287615974183138 0.46950875211744775 0.057684550221863654 0.01637492941840768
0 0.8624445340863252 0.4733201581027668 0.012101653892698669 0.008752117447769622
0 0.1581282775312626 0.5262563523433089 0.03469140782573618 0.03500846979107849
0 0.18313836224283986 0.5220214568040655 0.009681323114158934 0.010163749294184076
0 0.20371117386042759 0.5194805194805194 0.020976200080677694 0.01693958215697346
0 0.21621621621621623 0.5201863354037267 0.02016942315449778 0.017786561264822136
0 0.24384832593787817 0.521880293619424 0.010891488503428802 0.012140033879164314
0 0.27732956837434447 0.5191981931112366 0.0463896732553449 0.018068887634105024
0 0.3245260185558693 0.5208921513269339 0.0463896732553449 0.018633540372670808
0 0.36405808793868494 0.5204686617730095 0.019766034691407825 0.017786561264822136
0 0.3783783783783784 0.5201863354037267 0.020976200080677694 0.016092603049124788
0 0.4072206534893102 0.5182100508187465 0.014118596208148447 0.0189158667419537
0 0.4209358612343687 0.5231507622811971 0.01573215006050827 0.009599096555618294
0 0.4342476805163372 0.52343308865048 0.012505042355788625 0.010728402032749858
0 0.4463493344090359 0.5186335403726708 0.012505042355788625 0.011857707509881422
0 0.47539330375151273 0.5223037831733484 0.021379588543767647 0.010163749294184076
0 0.49596611536910046 0.5166572557876906 0.01573215006050827 0.023715415019762844
0 0.508471157724889 0.5232919254658385 0.0060508269463493344 0.009316770186335404
0 0.5157321500605083 0.5128458498023716 0.002016942315449778 0.003105590062111801
0 0.527027027027027 0.5184923771880293 0.02218636546994756 0.021174477696216828
0 0.5683743444937475 0.5223037831733484 0.03711173860427592 0.012987012987012988
0 0.608713190802743 0.5173630717108978 0.029043969342476807 0.0251270468661773
0 0.6210165389269867 0.5237154150197628 0.014118596208148447 0.012422360248447204
0 0.6522791448164582 0.5176453980801807 0.024203307785397338 0.020609824957651044
0 0.663372327551432 0.5220214568040655 0.013311819281968536 0.011857707509881422
0 0.6813231141589351 0.5227272727272727 0.022589753933037516 0.009316770186335404
0 0.7123840258168617 0.5230095990965556 0.02501008471157725 0.010446075663466968
0 0.7353771682129892 0.5201863354037267 0.02016942315449778 0.017221908526256352
0 0.7539330375151271 0.519621682665161 0.03227107704719645 0.016092603049124788
0 0.7932634126663978 0.5232919254658385 0.025413473174667203 0.009881422924901186
0 0.8124243646631706 0.5220214568040655 0.007260992335619202 0.010163749294184076
0 0.8198870512303348 0.5117165443252399 0.0028237192416296895 0.001976284584980237
0 0.8317870108914885 0.5177865612648221 0.02016942315449778 0.019198193111236588
0 0.8406615570794675 0.519621682665161 0.01290843081887858 0.016657255787690572
0 0.15510286405808793 0.5731225296442688 0.01653892698668818 0.012422360248447204
0 0.1871722468737394 0.5704404291360813 0.01290843081887858 0.01383399209486166
0 0.20129084308188785 0.5734048560135516 0.016135538523598225 0.012987012987012988
0 0.21500605082694635 0.5729813664596274 0.007260992335619202 0.009316770186335404
0 0.24223477208551836 0.5707227555053642 0.04800322710770472 0.021739130434782608
0 0.2208551835417507 0.5625352907961604 0.002016942315449778 0.0036702428006775835
0 0.2708753529649052 0.5707227555053642 0.025413473174667203 0.016657255787690572
0 0.3043565954013715 0.5763692828910221 0.0012101653892698668 0.0008469791078486731
0 0.3150463896732553 0.5741106719367589 0.020976200080677694 0.011575381140598532
0 0.3354175070592981 0.5734048560135516 0.01573215006050827 0.010728402032749858
0 0.354376764824526 0.5741106719367589 0.013311819281968536 0.01101072840203275
0 0.37373941105284386 0.5732636928289102 0.00927793465106898 0.009881422924901186
0 0.3926986688180718 0.573828345567476 0.014118596208148447 0.01101072840203275
0 0.41085114965711983 0.5820158102766798 0.04235578862444534 0.025691699604743084
0 0.4550221863654699 0.5686053077357425 0.01855586930213796 0.018633540372670808
0 0.47519160951996775 0.573828345567476 0.022589753933037516 0.009881422924901186
0 0.4957644211375555 0.5743929983060417 0.015328761597418314 0.009316770186335404
0 0.5264219443323921 0.5749576510446076 0.04195240016135539 0.023433088650479956
0 0.5155304558289633 0.5743929983060417 0.011294876966518758 0.009881422924901186
0 0.5463896732553449 0.5736871823828346 0.014925373134328358 0.009599096555618294
0 0.5623235175473982 0.5748164878599661 0.01290843081887858 0.009034443817052512
0 0.573013311819282 0.5774985883681536 0.0028237192416296895 0.001976284584980237
