0 0.16034691407825735 0.22261434217955958 0.018959257765227916 0.029644268774703556
0 0.17204517950786608 0.233201581027668 0.022993142396127472 0.029926595143986448
0 0.20068576038725291 0.22755505364201017 0.0391286809197257 0.010163749294184076
0 0.21682129891085114 0.23785996612083568 0.022993142396127472 0.012140033879164314
0 0.2615974183138362 0.2220496894409938 0.031060911657926585 0.022303783173348392
0 0.282170229931424 0.22868435911914173 0.02702702702702703 0.010163749294184076
0 0.2716821298910851 0.2180971202710333 0.002016942315449778 0.001976284584980237
0 0.3041549011698265 0.22190852625635235 0.003227107704719645 0.0016939582156973462
0 0.31242436466317064 0.22219085262563523 0.01653892698668818 0.020892151326933936
0 0.3412666397741025 0.2261434217955957 0.03711173860427592 0.042348955392433656
0 0.35861234368697054 0.22783738001129306 0.01290843081887858 0.009599096555618294
0 0.3578055667607906 0.24054206662902314 0.005647438483259379 0.003952569169960474
0 0.3666801129487697 0.234472049689441 0.023396530859217425 0.02456239412761152
0 0.3830173457039129 0.22699040090344438 0.00927793465106898 0.00846979107848673
0 0.3947156111335216 0.22063805759457933 0.013311819281968536 0.020045172219085264
0 0.4263816054860831 0.21908526256352343 0.017749092375958047 0.023715415019762844
0 0.4572408229124647 0.23249576510446077 0.02864058087938685 0.022868435911914172
0 0.47781363453005243 0.22261434217955958 0.013311819281968536 0.021174477696216828
0 0.4933440903590157 0.22713156408808582 0.024203307785397338 0.009316770186335404
0 0.5135135135135135 0.22924901185770752 0.004840661557079467 0.002258610954263128
0 0.5560709963695039 0.21781479390175043 0.025413473174667203 0.027950310559006212
0 0.5627269060104881 0.2264257481648786 0.009681323114158934 0.00846979107848673
0 0.5786607503025414 0.22727272727272727 0.020572811617587738 0.01129305477131564
0 0.6066962484872933 0.2326369282891022 0.02501008471157725 0.02766798418972332
0 0.6226300927793466 0.2274138904573687 0.012505042355788625 0.010446075663466968
0 0.635538523598225 0.22162619988706944 0.012505042355788625 0.02258610954263128
0 0.6678096006454215 0.2267080745341615 0.014925373134328358 0.010728402032749858
0 0.6791044776119403 0.2264257481648786 0.013311819281968536 0.009034443817052512
0 0.7051230334812424 0.21894409937888198 0.023396530859217425 0.022868435911914172
0 0.7212585720048407 0.22557876905702992 0.01371520774505849 0.009599096555618294
0 0.7531262605889472 0.2220496894409938 0.02581686163775716 0.015527950310559006
0 0.7706736587333602 0.2245906267645398 0.014925373134328358 0.00818746470920384
0 0.7868091972569584 0.22063805759457933 0.012505042355788625 0.018351214003387916
0 0.8057684550221864 0.22402597402597402 0.01653892698668818 0.008752117447769622
0 0.8281565147236789 0.22261434217955958 0.035498184751916094 0.017221908526256352
0 0.8469140782573619 0.21259175607001693 0.003630496167809601 0.002258610954263128
0 0.15248083904800322 0.27103331451157536 0.029850746268656716 0.028797289666854884
0 0.19302137958854376 0.2776679841897233 0.01008471157724889 0.009881422924901186
0 0.20532472771278742 0.27442123094297005 0.020976200080677694 0.018633540372670808
0 0.22226704316256554 0.27399774138904576 0.01290843081887858 0.016092603049124788
0 0.23840258168616377 0.2855731225296443 0.03872529245663574 0.023433088650479956
0 0.22851956434045986 0.27992659514398643 0.003630496167809601 0.005364201016374929
0 0.23618394513916902 0.2789384528514963 0.010891488503428802 0.007905138339920948
0 0.23416700282371924 0.274703557312253 0.0028237192416296895 0.002258610954263128
0 0.28680919725695847 0.277244494635799 0.010488100040338847 0.010163749294184076
0 0.30233965308592176 0.2727272727272727 0.01734570391286809 0.018633540372670808
0 0.31565147236789026 0.2779503105590062 0.014118596208148447 0.007622811970638058
0 0.3336022589753933 0.2723037831733484 0.01855586930213796 0.017221908526256352
0 0.3473174667204518 0.27625635234330886 0.016135538523598225 0.010446075663466968
0 0.3783783783783784 0.27653867871259175 0.016135538523598225 0.010446075663466968
0 0.40298507462686567 0.27555053642010163 0.035498184751916094 0.017504234895539244
0 0.43142396127470756 0.28204404291360813 0.018959257765227916 0.018068887634105024
0 0.4481645824929407 0.2779503105590062 0.024203307785397338 0.009316770186335404
0 0.48124243646631704 0.2766798418972332 0.014521984671238403 0.009034443817052512
0 0.49697458652682536 0.27540937323546016 0.014521984671238403 0.008752117447769622
0 0.5078660750302542 0.2761151891586674 0.011294876966518758 0.006775832862789385
0 0.5669624848729327 0.27936194240542067 0.06171843485276321 0.026821005081874648
0 0.5895522388059702 0.264257481648786 0.002016942315449778 0.0016939582156973462
0 0.6230334812424365 0.2715979672501412 0.018959257765227916 0.018068887634105024
0 0.6498588140379186 0.2725861095426313 0.010488100040338847 0.014398644833427442
0 0.6536910044372731 0.2776679841897233 0.0028237192416296895 0.004799548277809147
0 0.6676079064138766 0.27625635234330886 0.029850746268656716 0.032467532467532464
0 0.6589350544574425 0.269339356295878 0.002016942315449778 0.001129305477131564
0 0.6795078660750302 0.2725861095426313 0.013311819281968536 0.016657255787690572
0 0.7236789027833804 0.2689158667419537 0.024203307785397338 0.023997741389045736
0 0.7154094392900363 0.27555053642010163 0.006857603872529245 0.012422360248447204
0 0.7755143202904397 0.26990400903444384 0.04235578862444534 0.025409373235460192
0 0.8047599838644615 0.27399774138904576 0.014521984671238403 0.018351214003387916
0 0.835820895522388 0.277244494635799 0.03307785397337636 0.04121964991530209
0 0.8493344090359016 0.2768210050818746 0.02944735780556676 0.03472614342179559
0 0.1510689794271884 0.32171089779785433 0.0318676885841065 0.027950310559006212
0 0.2035094796288826 0.3269339356295878 0.02379991932230738 0.01129305477131564
0 0.22125857200484067 0.3274985883681536 0.012505042355788625 0.010163749294184076
0 0.24162968939088342 0.3231225296442688 0.029850746268656716 0.020045172219085264
0 0.26764824526018555 0.33116883116883117 0.0052440500201694235 0.002258610954263128
0 0.32230738200887454 0.320016939582157 0.01936264622831787 0.022868435911914172
0 0.33098023396530857 0.32523997741389044 0.010891488503428802 0.00846979107848673
0 0.34207341670028235 0.32523997741389044 0.011294876966518758 0.007340485601355167
0 0.3755546591367487 0.32594579333709767 0.01855586930213796 0.01101072840203275
0 0.3892698668818072 0.326369282891022 0.012101653892698669 0.009034443817052512
0 0.39955627269060107 0.3269339356295878 0.011698265429608713 0.009599096555618294
0 0.4114562323517547 0.3197346132128741 0.004033884630899556 0.002540937323546019
0 0.4189189189189189 0.3210050818746471 0.013311819281968536 0.020892151326933936
0 0.45461879790237997 0.32707509881422925 0.022589753933037516 0.011575381140598532
0 0.4707543364259782 0.3269339356295878 0.01371520774505849 0.009034443817052512
0 0.48325937878176684 0.3265104460756635 0.010488100040338847 0.009881422924901186
0 0.4955627269060105 0.3221343873517787 0.01008471157724889 0.015245623941276116
0 0.5189592577652279 0.3245341614906832 0.014118596208148447 0.013269339356295878
0 0.5322710770471965 0.3221343873517787 0.014925373134328358 0.018068887634105024
0 0.5510286405808794 0.3266516092603049 0.016942315449778138 0.007905138339920948
0 0.5915691811214199 0.3269339356295878 0.014925373134328358 0.010728402032749858
0 0.6147640177490924 0.3318746470920384 0.04033884630899556 0.0189158667419537
0 0.6367486889874949 0.3243929983060418 0.0028237192416296895 0.003952569169960474
0 0.6421944332392093 0.32919254658385094 0.011294876966518758 0.009034443817052512
0 0.672650262202501 0.3274985883681536 0.020572811617587738 0.03162055335968379
0 0.6845502218636547 0.3297571993224167 0.01290843081887858 0.007905138339920948
0 0.6944332392093586 0.3296160361377753 0.011698265429608713 0.007622811970638058
0 0.7333602258975394 0.31945228684359117 0.02743041549011698 0.0251270468661773
0 0.7236789027833804 0.3265104460756635 0.008067769261799113 0.01101072840203275
0 0.7416296893908835 0.32820440429136083 0.003630496167809601 0.0036702428006775835
0 0.7486889874949576 0.327639751552795 0.01290843081887858 0.012140033879164314
0 0.781363453005244 0.3201581027667984 0.01290843081887858 0.02258610954263128
0 0.7928600242033078 0.3256634669678148 0.012505042355788625 0.007622811970638058
0 0.8079870915691811 0.3253811405985319 0.016942315449778138 0.007622811970638058
0 0.8271480435659541 0.3207227555053642 0.010891488503428802 0.017504234895539244
0 0.8295683743444937 0.3308865047995483 0.014925373134328358 0.010163749294184076
0 0.8713190802743042 0.32086391869000563 0.026623638563937072 0.015527950310559006
0 0.1510689794271884 0.371682665160926 0.02864058087938685 0.023997741389045736
0 0.16417910447761194 0.3793054771315641 0.005647438483259379 0.007058159232072276
0 0.17789431222267044 0.37775268210050816 0.023396530859217425 0.03670242800677583
0 0.1690197660346914 0.37027103331451156 0.0024203307785397336 0.002540937323546019
0 0.18737394110528438 0.3747882552230378 0.011698265429608713 0.01948051948051948
0 0.2309398951189996 0.371682665160926 0.02218636546994756 0.026256352343308864
0 0.24526018555869303 0.3769057029926595 0.008874546187979023 0.009599096555618294
0 0.2573618394513917 0.37775268210050816 0.01936264622831787 0.009034443817052512
0 0.299919322307382 0.3771880293619424 0.014118596208148447 0.010163749294184076
0 0.31141589350544574 0.3805759457933371 0.020976200080677694 0.020327498588368152
0 0.30798709156918114 0.3730942970073405 0.0012101653892698668 0.002540937323546019
0 0.32775312626058895 0.371682665160926 0.011698265429608713 0.0189158667419537
0 0.34308188785800725 0.37111801242236025 0.010891488503428802 0.020045172219085264
0 0.3711173860427592 0.37634105025409376 0.010488100040338847 0.009034443817052512
0 0.3850342880193626 0.3750705815923207 0.013311819281968536 0.007622811970638058
0 0.3979427188382412 0.3719649915302089 0.011698265429608713 0.018351214003387916
0 0.42960871319080274 0.3750705815923207 0.029043969342476807 0.036420101637492944
0 0.46692214602662363 0.37125917560700167 0.027833803953206938 0.019198193111236588
0 0.5042355788624445 0.3771880293619424 0.020976200080677694 0.010163749294184076
0 0.5294473578055667 0.3814229249011858 0.02944735780556676 0.02258610954263128
0 0.554860830980234 0.38226990400903443 0.006857603872529245 0.0016939582156973462
0 0.5857200484066156 0.37577639751552794 0.016942315449778138 0.020327498588368152
0 0.6020572811617588 0.3753529079616036 0.021379588543767647 0.017221908526256352
0 0.6200080677692618 0.3790231507622812 0.008874546187979023 0.008752117447769622
0 0.6323114158935055 0.37874082439299833 0.013311819281968536 0.008752117447769622
0 0.6674062121823315 0.3728119706380576 0.018152480839048003 0.020609824957651044
0 0.7158128277531263 0.37224731789949184 0.0463896732553449 0.021174477696216828
0 0.7438483259378782 0.37140033879164314 0.012101653892698669 0.01948051948051948
0 0.7730939895119 0.3743647656691135 0.012505042355788625 0.009599096555618294
0 0.7791448164582493 0.3759175607001694 0.004437273093989512 0.005928853754940711
0 0.7890278338039532 0.37789384528514963 0.020976200080677694 0.018351214003387916
0 0.7825736183945139 0.3709768492377188 0.0024203307785397336 0.004517221908526256
0 0.8069786204114562 0.3708356860530774 0.012505042355788625 0.0189158667419537
0 0.8249294070189592 0.3699887069452287 0.009681323114158934 0.0189158667419537
0 0.8495361032674466 0.3752117447769622 0.016942315449778138 0.012987012987012988
0 0.8608309802339653 0.37422360248447206 0.0024203307785397336 0.003105590062111801
0 0.8741427995159339 0.3709768492377188 0.02581686163775716 0.02258610954263128
0 0.14885034288019364 0.42871259175607 0.021782977006857603 0.012704686617730096
0 0.16780960064542155 0.43266516092603047 0.01855586930213796 0.022868435911914172
0 0.19927390076643808 0.42843026538678713 0.011294876966518758 0.009316770186335404
0 0.21157724889068172 0.42814793901750425 0.013311819281968536 0.009881422924901186
0 0.2539330375151271 0.4253246753246753 0.027833803953206938 0.0189158667419537
0 0.2743041549011698 0.427442123094297 0.012101653892698669 0.009599096555618294
0 0.31323114158935056 0.4246188594014681 0.02379991932230738 0.020892151326933936
0 0.31222267043162566 0.41360813099943533 0.004033884630899556 0.00282326369282891
0 0.33400564743848327 0.42814793901750425 0.01855586930213796 0.011575381140598532
0 0.35397337636143605 0.4268774703557312 0.018959257765227916 0.014116318464144552
0 0.3924969745865268 0.4289949181253529 0.012101653892698669 0.010446075663466968
0 0.4058087938684954 0.42758328627893843 0.012101653892698669 0.010446075663466968
0 0.42960871319080274 0.41967814793901753 0.03307785397337636 0.026256352343308864
0 0.4598628479225494 0.42179559570863917 0.012101653892698669 0.018633540372670808
0 0.46873739411052845 0.422360248447205 0.010488100040338847 0.018633540372670808
0 0.481444130697862 0.4253246753246753 0.019766034691407825 0.010446075663466968
0 0.5296490520371118 0.427442123094297 0.03227107704719645 0.05194805194805195
0 0.5675675675675675 0.4280067758328628 0.022589753933037516 0.011857707509881422
0 0.5851149657119806 0.4280067758328628 0.010891488503428802 0.009034443817052512
0 0.600443727309399 0.42843026538678713 0.014925373134328358 0.00818746470920384
0 0.6107301331181928 0.42730095990965555 0.011294876966518758 0.009881422924901186
0 0.6214199273900767 0.42617165443252397 0.010891488503428802 0.009316770186335404
0 0.6321097216619604 0.4278656126482213 0.004033884630899556 0.005928853754940711
0 0.635941912061315 0.41953698475437606 0.002016942315449778 0.0016939582156973462
0 0.6425978217022993 0.4265951439864483 0.008874546187979023 0.00846979107848673
0 0.654497781363453 0.42617165443252397 0.011698265429608713 0.009316770186335404
0 0.6682129891085115 0.4184076792772445 0.012505042355788625 0.020327498588368152
0 0.7039128680919726 0.41671372106154714 0.01936264622831787 0.030491247882552232
0 0.7198467123840259 0.42701863354037267 0.018152480839048003 0.01101072840203275
0 0.7351754739814441 0.43040654997176736 0.021379588543767647 0.016657255787690572
0 0.7315449778136345 0.4215132693393563 0.0028237192416296895 0.006775832862789385
0 0.7533279548204921 0.42264257481648787 0.010891488503428802 0.020327498588368152
0 0.7654296087131908 0.42320722755505363 0.010891488503428802 0.021456804065499716
0 0.7960871319080274 0.4234895539243365 0.019766034691407825 0.03387916431394692
0 0.808995562726906 0.4268774703557312 0.013311819281968536 0.009034443817052512
0 0.8202904396934247 0.42631281761716544 0.01573215006050827 0.009599096555618294
0 0.16296893908834206 0.4779785431959345 0.021782977006857603 0.014680971202710334
0 0.1811214199273901 0.47939017504234893 0.010488100040338847 0.010163749294184076
0 0.1926179911254538 0.4786843591191417 0.010891488503428802 0.010446075663466968
0 0.209156918112142 0.47360248447204967 0.019766034691407825 0.0251270468661773
0 0.2309398951189996 0.48560135516657255 0.040742234772085516 0.02710333145115754
0 0.21682129891085114 0.49618859401468096 0.0012101653892698668 0.001411631846414455
0 0.22569584509883017 0.47882552230378317 0.008471157724889069 0.009599096555618294
