0 0.1482452601855587 0.22007340485601354 0.01653892698668818 0.01948051948051948
0 0.1680112948769665 0.22826086956521738 0.012505042355788625 0.01101072840203275
0 0.18939088342073418 0.22967250141163184 0.01734570391286809 0.009881422924901186
0 0.1853569987898346 0.2248729531338227 0.002016942315449778 0.0008469791078486731
0 0.19402985074626866 0.22077922077922077 0.0024203307785397336 0.002258610954263128
0 0.20814844695441712 0.22106154714850368 0.011294876966518758 0.02258610954263128
0 0.22307382008874546 0.22840203274985885 0.011294876966518758 0.010728402032749858
0 0.26321097216619604 0.22981366459627328 0.014118596208148447 0.007340485601355167
0 0.28378378378378377 0.23023715415019763 0.014925373134328358 0.007622811970638058
0 0.3253327954820492 0.2248729531338227 0.01008471157724889 0.016092603049124788
0 0.3434852763210972 0.22473178994918125 0.01573215006050827 0.01693958215697346
0 0.36042759177087536 0.22939017504234896 0.014925373134328358 0.008752117447769622
0 0.4201290843081888 0.22840203274985885 0.014925373134328358 0.011857707509881422
0 0.44352561516740624 0.23531902879728966 0.026220250100847116 0.022868435911914172
0 0.463695038321904 0.2305194805194805 0.012505042355788625 0.010446075663466968
0 0.47539330375151273 0.22261434217955958 0.002016942315449778 0.001976284584980237
0 0.47680516337232753 0.2326369282891022 0.004840661557079467 0.00846979107848673
0 0.48769665187575634 0.23037831733483907 0.01290843081887858 0.009599096555618294
0 0.5086728519564341 0.22120271033314512 0.02743041549011698 0.03190287972896669
0 0.5671641791044776 0.23122529644268774 0.028237192416296894 0.006775832862789385
0 0.5893505445744252 0.23785996612083568 0.01371520774505849 0.022868435911914172
0 0.6032674465510286 0.22233201581027667 0.0060508269463493344 0.0189158667419537
0 0.6173860427591771 0.22924901185770752 0.013311819281968536 0.009599096555618294
0 0.6728519564340459 0.23221343873517786 0.01290843081887858 0.007622811970638058
0 0.6875756353368294 0.2261434217955957 0.012505042355788625 0.03387916431394692
0 0.7232755143202905 0.2285431959345003 0.01290843081887858 0.01101072840203275
0 0.7369907220653489 0.22699040090344438 0.008067769261799113 0.015245623941276116
0 0.7490923759580476 0.23023715415019763 0.014521984671238403 0.009316770186335404
0 0.7646228317870108 0.234472049689441 0.008471157724889069 0.020045172219085264
0 0.7795482049213392 0.23193111236589498 0.010891488503428802 0.009881422924901186
0 0.7855990318676885 0.23475437605872387 0.0012101653892698668 0.0008469791078486731
0 0.7952803549818476 0.2406832298136646 0.0028237192416296895 0.0036702428006775835
0 0.1510689794271884 0.27315076228119706 0.014925373134328358 0.022303783173348392
0 0.16680112948769665 0.27851496329757197 0.011698265429608713 0.009316770186335404
0 0.18596208148446955 0.2867024280067758 0.02501008471157725 0.023997741389045736
0 0.20875352964905203 0.2834556747600226 0.004437273093989512 0.007340485601355167
0 0.22509076240419523 0.28303218520609824 0.012101653892698669 0.00818746470920384
0 0.24606696248487292 0.2922077922077922 0.026623638563937072 0.03670242800677583
0 0.23618394513916902 0.2999717673630717 0.0012101653892698668 0.0008469791078486731
0 0.30939895118999594 0.2776679841897233 0.02016942315449778 0.016657255787690572
0 0.3555869302137959 0.2782326369282891 0.011698265429608713 0.03303218520609825
0 0.36809197256958454 0.2761151891586674 0.0052440500201694235 0.019198193111236588
0 0.39027833803953205 0.27653867871259175 0.02702702702702703 0.01948051948051948
0 0.4431222267043163 0.28402032749858835 0.014118596208148447 0.00846979107848673
0 0.46409842678499397 0.28387916431394694 0.01734570391286809 0.008752117447769622
0 0.5064542154094392 0.2766798418972332 0.010891488503428802 0.017504234895539244
0 0.5211778943122227 0.27710333145115756 0.016135538523598225 0.01948051948051948
0 0.5373134328358209 0.28303218520609824 0.01371520774505849 0.00818746470920384
0 0.5907624041952401 0.27710333145115756 0.027833803953206938 0.023997741389045736
0 0.6157724889068172 0.2833145115753811 0.018959257765227916 0.010446075663466968
0 0.6210165389269867 0.275974025974026 0.0028237192416296895 0.001976284584980237
0 0.6385639370713998 0.2833145115753811 0.016135538523598225 0.00818746470920384
0 0.6962484872932634 0.27992659514398643 0.03469140782573618 0.016657255787690572
0 0.7206534893102057 0.27710333145115756 0.01008471157724889 0.022303783173348392
0 0.7339653085921742 0.2943252399774139 0.004437273093989512 0.012704686617730096
0 0.7674465510286406 0.2834556747600226 0.03509479628882614 0.007340485601355167
0 0.7872125857200484 0.27428006775832864 0.003630496167809601 0.020609824957651044
0 0.8239209358612344 0.283596837944664 0.02702702702702703 0.009881422924901186
0 0.8543767648245261 0.279785431959345 0.026623638563937072 0.020327498588368152
0 0.8674868898749496 0.2831733483907397 0.006857603872529245 0.006775832862789385
0 0.14400968132311415 0.3297571993224167 0.01290843081887858 0.010163749294184076
0 0.15873336022589754 0.32284020327498586 0.008471157724889069 0.026821005081874648
0 0.1708350141185962 0.32523997741389044 0.01008471157724889 0.025409373235460192
0 0.17265026220250101 0.3132411067193676 0.008874546187979023 0.007622811970638058
0 0.17486889874949577 0.3231225296442688 0.003630496167809601 0.008752117447769622
0 0.22690601048810005 0.32594579333709767 0.01008471157724889 0.016657255787690572
0 0.23981444130697863 0.32481648785996614 0.018959257765227916 0.021739130434782608
0 0.2569584509883017 0.33300395256917 0.014521984671238403 0.009316770186335404
0 0.30052440500201694 0.3308865047995483 0.016942315449778138 0.00846979107848673
0 0.3154497781363453 0.33201581027667987 0.01290843081887858 0.00846979107848673
0 0.32109721661960466 0.32707509881422925 0.004840661557079467 0.001411631846414455
0 0.3382412263009278 0.33173348390739693 0.019766034691407825 0.006211180124223602
0 0.35841064945542556 0.3265104460756635 0.01734570391286809 0.021739130434782608
0 0.4136748688987495 0.3390739695087521 0.008471157724889069 0.0220214568040655
0 0.41629689390883423 0.3296160361377753 0.011294876966518758 0.01101072840203275
0 0.42960871319080274 0.3307453416149068 0.01371520774505849 0.010446075663466968
0 0.4483662767244857 0.3297571993224167 0.018959257765227916 0.015810276679841896
0 0.46026623638563935 0.3315923207227555 0.004033884630899556 0.005928853754940711
0 0.4747882210568778 0.3272162619988707 0.009681323114158934 0.0220214568040655
0 0.4844695441710367 0.33300395256917 0.003227107704719645 0.007058159232072276
0 0.4848729326341267 0.32368718238283456 0.0024203307785397336 0.002540937323546019
0 0.49757966922146024 0.33243929983060416 0.012505042355788625 0.008752117447769622
0 0.5147236789027834 0.3331451157538114 0.017749092375958047 0.010163749294184076
0 0.5609116579265833 0.3339920948616601 0.014925373134328358 0.009599096555618294
0 0.5764421137555465 0.3284867306606437 0.008067769261799113 0.028514963297571992
0 0.6163775716014522 0.33018068887634106 0.01855586930213796 0.014963297571993224
0 0.6661960467930618 0.33173348390739693 0.014118596208148447 0.007340485601355167
0 0.6835417507059298 0.3339920948616601 0.018152480839048003 0.00846979107848673
0 0.7150060508269463 0.3266516092603049 0.007664380798709157 0.014116318464144552
0 0.735982250907624 0.32707509881422925 0.022993142396127472 0.01948051948051948
0 0.7860024203307785 0.32735742518351213 0.01653892698668818 0.016092603049124788
0 0.7849939491730537 0.3204404291360813 0.004033884630899556 0.0016939582156973462
0 0.7956837434449375 0.3256634669678148 0.0012101653892698668 0.001976284584980237
0 0.799717628075837 0.33272162619988704 0.0052440500201694235 0.005928853754940711
0 0.8138362242839855 0.3241106719367589 0.01573215006050827 0.024280067758328628
0 0.8378378378378378 0.3315923207227555 0.011294876966518758 0.008752117447769622
0 0.14602662363856395 0.3826933935629588 0.011294876966518758 0.018351214003387916
0 0.15510286405808793 0.3728119706380576 0.003630496167809601 0.003105590062111801
0 0.15752319483662766 0.38099943534726144 0.0028237192416296895 0.007058159232072276
0 0.16942315449778136 0.38198757763975155 0.010488100040338847 0.00846979107848673
0 0.1837434449374748 0.38198757763975155 0.008471157724889069 0.007340485601355167
0 0.21157724889068172 0.38114059853190285 0.03751512706736587 0.011857707509881422
0 0.24162968939088342 0.3893280632411067 0.0024203307785397336 0.0016939582156973462
0 0.27208551835417505 0.36462450592885376 0.019766034691407825 0.004799548277809147
0 0.27511093182734975 0.37422360248447206 0.003227107704719645 0.016657255787690572
0 0.28862444534086323 0.3740824392998306 0.01653892698668818 0.0220214568040655
0 0.3128277531262606 0.3804347826086957 0.0318676885841065 0.011575381140598532
0 0.33682936668011293 0.38311688311688313 0.012101653892698669 0.00846979107848673
0 0.39431222267043164 0.3815640880858272 0.014925373134328358 0.011575381140598532
0 0.4193223073820089 0.38283455674760025 0.031060911657926585 0.007340485601355167
0 0.48426784993949173 0.38015245623941274 0.02702702702702703 0.020045172219085264
0 0.509076240419524 0.384669678147939 0.02581686163775716 0.01101072840203275
0 0.5661557079467527 0.382128740824393 0.018959257765227916 0.016092603049124788
0 0.5855183541750706 0.38382269904009036 0.013311819281968536 0.007622811970638058
0 0.6367486889874949 0.3790231507622812 0.04154901169826543 0.022303783173348392
0 0.6962484872932634 0.38085827216261997 0.026623638563937072 0.015810276679841896
0 0.7293263412666398 0.38071710897797856 0.008874546187979023 0.017221908526256352
0 0.7414279951593384 0.3800112930547713 0.015328761597418314 0.018633540372670808
0 0.754336425978217 0.3845285149632976 0.009681323114158934 0.010163749294184076
0 0.7799515933844292 0.3826933935629588 0.008471157724889069 0.00818746470920384
0 0.7950786607503025 0.38424618859401466 0.012101653892698669 0.006775832862789385
0 0.8071803146430012 0.38382269904009036 0.011294876966518758 0.009316770186335404
0 0.8168616377571601 0.38382269904009036 0.010488100040338847 0.009316770186335404
0 0.8295683743444937 0.3849520045172219 0.013311819281968536 0.009316770186335404
0 0.8471157724889068 0.38170525127046867 0.023396530859217425 0.023715415019762844
0 0.1482452601855587 0.43407679277244493 0.0326744655102864 0.010446075663466968
0 0.17809600645421542 0.4450875211744777 0.013311819281968536 0.03472614342179559
0 0.18616377571601453 0.42857142857142855 0.012505042355788625 0.0220214568040655
0 0.2045179507866075 0.4330886504799548 0.01855586930213796 0.010163749294184076
0 0.2771278741427995 0.4277244494635799 0.05163372327551432 0.026538678712591756
0 0.3469140782573618 0.4288537549407115 0.01855586930213796 0.019762845849802372
0 0.3993545784590561 0.43464144551101075 0.003227107704719645 0.006493506493506494
0 0.39955627269060107 0.42970073404856013 0.0028237192416296895 0.00282326369282891
0 0.41670028237192414 0.43167701863354035 0.01290843081887858 0.01129305477131564
0 0.46853569987898347 0.44226425748164877 0.01653892698668818 0.026256352343308864
0 0.4745865268253328 0.43464144551101075 0.002016942315449778 0.001976284584980237
0 0.4872932634126664 0.42970073404856013 0.024203307785397338 0.018068887634105024
0 0.5175473981444131 0.42758328627893843 0.029043969342476807 0.0251270468661773
0 0.5901573215006051 0.4295595708639187 0.03711173860427592 0.01948051948051948
0 0.6476401774909237 0.43365330321852064 0.011698265429608713 0.006775832862789385
0 0.6653892698668818 0.435347261434218 0.01653892698668818 0.009599096555618294
0 0.6698265429608713 0.4267363071710898 0.0012101653892698668 0.0008469791078486731
0 0.6813231141589351 0.4302653867871259 0.004840661557079467 0.015810276679841896
0 0.7012908430818878 0.42814793901750425 0.025413473174667203 0.02456239412761152
0 0.7396127470754337 0.43506493506493504 0.002016942315449778 0.007905138339920948
0 0.755143202904397 0.4357707509881423 0.01290843081887858 0.00818746470920384
0 0.782371924162969 0.4409937888198758 0.00927793465106898 0.019762845849802372
0 0.7872125857200484 0.4345002823263693 0.012505042355788625 0.00846979107848673
0 0.8009277934651069 0.43195934500282324 0.0052440500201694235 0.019762845849802372
0 0.8128277531262605 0.43478260869565216 0.01936264622831787 0.00846979107848673
0 0.827551432029044 0.43379446640316205 0.008471157724889069 0.009316770186335404
0 0.8392496974586526 0.4339356295878035 0.013311819281968536 0.010728402032749858
0 0.8503428801936265 0.4383116883116883 0.0016135538523598225 0.0008469791078486731
0 0.8503428801936265 0.4383116883116883 0.0016135538523598225 0.0008469791078486731
0 0.14703509479628882 0.4761434217955957 0.01653892698668818 0.01948051948051948
0 0.20653489310205728 0.4872953133822699 0.01371520774505849 0.020327498588368152
0 0.21903993545784592 0.4839073969508752 0.003227107704719645 0.007340485601355167
0 0.23598225090762404 0.4826369282891022 0.014521984671238403 0.009881422924901186
0 0.2539330375151271 0.4829192546583851 0.00927793465106898 0.007622811970638058
0 0.2688584106494554 0.48348390739695085 0.014118596208148447 0.009316770186335404
0 0.30496167809600644 0.4836250705815923 0.011294876966518758 0.007340485601355167
0 0.3261395724082291 0.47896668548842464 0.01573215006050827 0.03077357425183512
0 0.37333602258975396 0.47910784867306605 0.01734570391286809 0.020892151326933936
0 0.39209358612343687 0.4850367024280068 0.016135538523598225 0.00846979107848673
0 0.41508672851956435 0.47783738001129306 0.02501008471157725 0.0251270468661773
0 0.4441306978620411 0.4795313382269904 0.016942315449778138 0.016092603049124788
0 0.46026623638563935 0.48320158102766797 0.01371520774505849 0.00818746470920384
0 0.48124243646631704 0.48461321287408243 0.01855586930213796 0.009881422924901186
0 0.5030254134731746 0.47699040090344436 0.02581686163775716 0.025691699604743084
0 0.5564743848325938 0.4871541501976285 0.004437273093989512 0.006493506493506494
0 0.5711980637353772 0.48546019198193113 0.014521984671238403 0.012704686617730096
0 0.609721661960468 0.4805194805194805 0.010891488503428802 0.018068887634105024
0 0.6232351754739814 0.48023715415019763 0.01290843081887858 0.01637492941840768
0 0.6436062928600242 0.4860248447204969 0.026220250100847116 0.01101072840203275
0 0.7067365873336022 0.48094297007340486 0.03872529245663574 0.022868435911914172
0 0.772085518354175 0.4772727272727273 0.04195240016135539 0.020609824957651044
0 0.7622025010084712 0.480660643704122 0.0012101653892698668 0.0008469791078486731
0 0.8146430012101654 0.4888481084133258 0.012505042355788625 0.0189158667419537
0 0.8287615974183138 0.4851778656126482 0.011698265429608713 0.007622811970638058
0 0.8596208148446954 0.47995482778091475 0.045986284792254944 0.029361942405420668
0 0.8384429205324728 0.4776962168266516 0.0028237192416296895 0.002258610954263128
0 0.14037918515530456 0.5268210050818747 0.009681323114158934 0.021456804065499716
0 0.1565147236789028 0.5316205533596838 0.012101653892698669 0.009034443817052512
0 0.22569584509883017 0.529785431959345 0.02702702702702703 0.020045172219085264
0 0.24707543364259782 0.5334556747600225 0.012505042355788625 0.009316770186335404
0 0.2972972972972973 0.5321852060982496 0.016942315449778138 0.03896103896103896
0 0.3126260588947156 0.5347261434217956 0.014521984671238403 0.007340485601355167
0 0.3392496974586527 0.5351496329757199 0.033884630899556276 0.009316770186335404
0 0.3666801129487697 0.5343026538678712 0.01371520774505849 0.009881422924901186
0 0.4443323920935861 0.5268210050818747 0.0391286809197257 0.026538678712591756
0 0.5070592981040742 0.5239977413890458 0.0016135538523598225 0.0016939582156973462
0 0.5086728519564341 0.5331733483907397 0.003227107704719645 0.00818746470920384
0 0.5221863654699476 0.5276679841897233 0.01573215006050827 0.019198193111236588
0 0.5405405405405406 0.5314793901750423 0.016135538523598225 0.016092603049124788
0 0.536304961678096 0.5232919254658385 0.0028237192416296895 0.0008469791078486731
0 0.600443727309399 0.5254093732354602 0.02702702702702703 0.025974025974025976
0 0.6175877369907221 0.5423489553924337 0.01855586930213796 0.025974025974025976
0 0.6095199677289229 0.5232919254658385 0.0016135538523598225 0.0036702428006775835
0 0.635538523598225 0.5334556747600225 0.013311819281968536 0.009316770186335404
0 0.6559096409842678 0.534867306606437 0.026623638563937072 0.009316770186335404
0 0.7111738604275918 0.5405138339920948 0.012101653892698669 0.0251270468661773
0 0.7244856797095603 0.5292207792207793 0.008874546187979023 0.023433088650479956
0 0.7464703509479629 0.5362789384528515 0.0318676885841065 0.010446075663466968
0 0.7825736183945139 0.5290796160361377 0.03065752319483663 0.024280067758328628
0 0.8309802339653086 0.5362789384528515 0.01290843081887858 0.007058159232072276
0 0.8519564340459863 0.532326369282891 0.02743041549011698 0.0409373235460192
0 0.14259782170229932 0.5777809147374364 0.014925373134328358 0.045454545454545456
0 0.18152480839048002 0.5756634669678148 0.0500201694231545 0.031055900621118012
0 0.17769261799112546 0.5567476002258611 0.0052440500201694235 0.0033879164313946925
0 0.20855183541750705 0.5806041784302653 0.0024203307785397336 0.006493506493506494
0 0.21883824122630094 0.5762281197063805 0.019766034691407825 0.02710333145115754
