0 0.1653892698668818 0.22261434217955958 0.050826946349334406 0.017221908526256352
0 0.19826542960871318 0.22727272727272727 0.01008471157724889 0.009034443817052512
0 0.20371117386042759 0.22840203274985885 0.004033884630899556 0.006775832862789385
0 0.209156918112142 0.22233201581027667 0.0028237192416296895 0.001976284584980237
0 0.21218233158531666 0.22868435911914173 0.007260992335619202 0.010163749294184076
0 0.21621621621621623 0.2285431959345003 0.0016135538523598225 0.001411631846414455
0 0.22428398547801534 0.22868435911914173 0.011294876966518758 0.00846979107848673
0 0.2373941105284389 0.2236024844720497 0.010891488503428802 0.018068887634105024
0 0.26421944332392094 0.22783738001129306 0.008874546187979023 0.007905138339920948
0 0.27228721258572003 0.22769621682665162 0.01290843081887858 0.009316770186335404
0 0.2845905607099637 0.23404856013551667 0.020572811617587738 0.019198193111236588
0 0.31423961274707546 0.2360248447204969 0.029043969342476807 0.029926595143986448
0 0.33642597821702297 0.22939017504234896 0.016135538523598225 0.008752117447769622
0 0.34630899556272693 0.22924901185770752 0.011698265429608713 0.007905138339920948
0 0.36385639370713996 0.2295313382269904 0.016942315449778138 0.006775832862789385
0 0.37938684953610324 0.2300959909655562 0.014925373134328358 0.006775832862789385
0 0.3945139169019766 0.22501411631846416 0.015328761597418314 0.018068887634105024
0 0.40540540540540543 0.22826086956521738 0.01936264622831787 0.010446075663466968
0 0.4471561113352158 0.22219085262563523 0.020572811617587738 0.025974025974025976
0 0.45320693828156516 0.22882552230378317 0.011698265429608713 0.00818746470920384
0 0.4608713190802743 0.23616600790513834 0.026220250100847116 0.026821005081874648
0 0.4802339653085922 0.2274138904573687 0.00927793465106898 0.008752117447769622
0 0.5 0.2224731789949181 0.022993142396127472 0.02258610954263128
0 0.518757563533683 0.22811970638057594 0.010488100040338847 0.00846979107848673
0 0.5576845502218637 0.22007340485601354 0.022993142396127472 0.023433088650479956
0 0.5697862041145624 0.22755505364201017 0.010891488503428802 0.007905138339920948
0 0.5780556676079064 0.22826086956521738 0.01290843081887858 0.007622811970638058
0 0.590964098426785 0.22868435911914173 0.012101653892698669 0.005081874647092038
0 0.6012505042355789 0.23221343873517786 0.022993142396127472 0.021739130434782608
0 0.6167809600645422 0.2217673630717109 0.01290843081887858 0.021739130434782608
0 0.6619604679306171 0.2217673630717109 0.02743041549011698 0.021739130434782608
0 0.6964501815248084 0.2264257481648786 0.014118596208148447 0.012987012987012988
0 0.6994755949979831 0.21979107848673066 0.003227107704719645 0.001411631846414455
0 0.7053247277127874 0.22388481084133258 0.002016942315449778 0.0033879164313946925
0 0.7204517950786608 0.22134387351778656 0.028237192416296894 0.019762845849802372
0 0.7595804759983864 0.2248729531338227 0.029850746268656716 0.03811405985319029
0 0.7914481645824929 0.21964991530208922 0.026623638563937072 0.023150762281197064
0 0.8281565147236789 0.217673630717109 0.021782977006857603 0.02766798418972332
0 0.845502218636547 0.22162619988706944 0.01290843081887858 0.019198193111236588
0 0.8513513513513513 0.2220496894409938 0.014925373134328358 0.0189158667419537
0 0.14743848325937878 0.27837380011293056 0.01734570391286809 0.01129305477131564
0 0.16054860830980233 0.27865612648221344 0.008874546187979023 0.007905138339920948
0 0.16599435256151673 0.27117447769621683 0.002016942315449778 0.001976284584980237
0 0.1801129487696652 0.27117447769621683 0.02218636546994756 0.022868435911914172
0 0.23477208551835418 0.27780914737436474 0.02016942315449778 0.010728402032749858
0 0.2482855990318677 0.2824675324675325 0.01734570391286809 0.016657255787690572
0 0.2589753933037515 0.2833145115753811 0.015328761597418314 0.016657255787690572
0 0.27732956837434447 0.2780914737436477 0.020572811617587738 0.010163749294184076
0 0.3215006050826946 0.27780914737436474 0.03307785397337636 0.010728402032749858
0 0.345703912868092 0.27300959909655564 0.015328761597418314 0.017504234895539244
0 0.3412666397741025 0.26877470355731226 0.0024203307785397336 0.002258610954263128
0 0.35215812827753123 0.2756916996047431 0.0016135538523598225 0.001411631846414455
0 0.38140379185155304 0.2766798418972332 0.012505042355788625 0.00846979107848673
0 0.3924969745865268 0.2766798418972332 0.010488100040338847 0.006775832862789385
0 0.4082291246470351 0.2720214568040655 0.02016942315449778 0.017221908526256352
0 0.4354578459056071 0.2745623941276115 0.013311819281968536 0.010446075663466968
0 0.44251714400968134 0.2748447204968944 0.011294876966518758 0.009316770186335404
0 0.4582492940701896 0.27428006775832864 0.02743041549011698 0.012140033879164314
0 0.4802339653085922 0.27851496329757197 0.0028237192416296895 0.001976284584980237
0 0.5205728116175877 0.27399774138904576 0.02702702702702703 0.012140033879164314
0 0.5409439290036305 0.27060982495765107 0.012101653892698669 0.012704686617730096
0 0.5594997983057685 0.27964426877470355 0.02581686163775716 0.023433088650479956
0 0.5750302541347317 0.27526821005081875 0.00927793465106898 0.007905138339920948
0 0.5883420734167003 0.27653867871259175 0.022993142396127472 0.008752117447769622
0 0.6079064138765631 0.2717391304347826 0.008874546187979023 0.016092603049124788
0 0.6163775716014522 0.2724449463579898 0.012101653892698669 0.01693958215697346
0 0.6214199273900767 0.2813382269904009 0.018152480839048003 0.016092603049124788
0 0.6530859217426381 0.2768210050818746 0.005647438483259379 0.005928853754940711
0 0.663170633319887 0.27780914737436474 0.016942315449778138 0.007340485601355167
0 0.6593384429205325 0.2704686617730096 0.0012101653892698668 0.001129305477131564
0 0.6734570391286809 0.2821852060982496 0.018959257765227916 0.01948051948051948
0 0.6879790237999194 0.2768210050818746 0.010891488503428802 0.00818746470920384
0 0.6944332392093586 0.277244494635799 0.011698265429608713 0.007905138339920948
0 0.7053247277127874 0.27653867871259175 0.01008471157724889 0.00818746470920384
0 0.718434852763211 0.274703557312253 0.016135538523598225 0.011857707509881422
0 0.7605889471561114 0.2696216826651609 0.03509479628882614 0.020327498588368152
0 0.14400968132311415 0.326369282891022 0.014521984671238403 0.009599096555618294
0 0.1508672851956434 0.3338509316770186 0.020976200080677694 0.021739130434782608
0 0.16276724485679708 0.33258046301524563 0.018152480839048003 0.018633540372670808
0 0.19503832190399353 0.3272162619988707 0.0463896732553449 0.010728402032749858
0 0.22125857200484067 0.3269339356295878 0.011698265429608713 0.007340485601355167
0 0.2434449374747882 0.32735742518351213 0.033481242436466316 0.00818746470920384
0 0.28136345300524407 0.32834556747600224 0.01573215006050827 0.009034443817052512
0 0.28136345300524407 0.3269339356295878 0.004437273093989512 0.002258610954263128
0 0.3053650665590964 0.3234048560135517 0.03630496167809601 0.016092603049124788
0 0.35054457442517145 0.32368718238283456 0.026623638563937072 0.016657255787690572
0 0.3890681726502622 0.32679277244494637 0.011698265429608713 0.010446075663466968
0 0.40116982654296085 0.32185206098249575 0.01573215006050827 0.018633540372670808
0 0.41206131504638965 0.32679277244494637 0.010891488503428802 0.007622811970638058
0 0.4225494150867285 0.32735742518351213 0.010891488503428802 0.007622811970638058
0 0.43162565550625254 0.3308865047995483 0.024203307785397338 0.019762845849802372
0 0.4213392496974587 0.3370976849237719 0.002016942315449778 0.0016939582156973462
0 0.4564340459862848 0.31959345002823264 0.02218636546994756 0.020892151326933936
0 0.4772085518354175 0.33046301524562394 0.003227107704719645 0.001976284584980237
0 0.517950786607503 0.31959345002823264 0.026623638563937072 0.020892151326933936
0 0.5336829366680113 0.327639751552795 0.02016942315449778 0.00818746470920384
0 0.5467930617184349 0.32284020327498586 0.0028237192416296895 0.001976284584980237
0 0.5512303348124243 0.32679277244494637 0.010891488503428802 0.007622811970638058
0 0.5659540137152077 0.32171089779785433 0.012101653892698669 0.016657255787690572
0 0.600242033077854 0.3277809147374365 0.023396530859217425 0.010163749294184076
0 0.6153691004437273 0.32156973461321287 0.004437273093989512 0.00282326369282891
0 0.627470754336426 0.3231225296442688 0.025413473174667203 0.022868435911914172
0 0.6605486083098023 0.33145115753811405 0.0318676885841065 0.020327498588368152
0 0.6823315853166599 0.32933370976849236 0.013311819281968536 0.007622811970638058
0 0.7045179507866075 0.32086391869000563 0.026220250100847116 0.021174477696216828
0 0.7329568374344494 0.32707509881422925 0.015328761597418314 0.012140033879164314
0 0.745663574021783 0.3272162619988707 0.01573215006050827 0.010163749294184076
0 0.7579669221460267 0.3287690570299266 0.008874546187979023 0.008752117447769622
0 0.7644211375554659 0.3245341614906832 0.003227107704719645 0.001411631846414455
0 0.7666397741024606 0.3290513833992095 0.0052440500201694235 0.006493506493506494
0 0.7749092375958048 0.32820440429136083 0.008874546187979023 0.00818746470920384
0 0.7795482049213392 0.32735742518351213 0.0052440500201694235 0.007622811970638058
0 0.791246470350948 0.32806324110671936 0.00927793465106898 0.007905138339920948
0 0.8170633319887052 0.3308865047995483 0.02218636546994756 0.020327498588368152
0 0.8307785397337636 0.3286278938452851 0.00927793465106898 0.00846979107848673
0 0.8348124243646632 0.3308865047995483 0.006857603872529245 0.006775832862789385
0 0.8487293263412666 0.32933370976849236 0.022589753933037516 0.010446075663466968
0 0.8430818878580073 0.3232636928289102 0.0024203307785397336 0.001129305477131564
0 0.8652682533279549 0.3372388481084133 0.01855586930213796 0.008752117447769622
0 0.8650665590964098 0.3300395256916996 0.01008471157724889 0.007905138339920948
0 0.14784187172246874 0.378317334839074 0.02218636546994756 0.010728402032749858
0 0.16438079870915692 0.3794466403162055 0.010891488503428802 0.007905138339920948
0 0.1855586930213796 0.3749294184076793 0.024203307785397338 0.01637492941840768
0 0.19503832190399353 0.36462450592885376 0.0028237192416296895 0.003105590062111801
0 0.20512303348124244 0.37789384528514963 0.011698265429608713 0.009316770186335404
0 0.21480435659540137 0.378317334839074 0.008471157724889069 0.00846979107848673
0 0.22690601048810005 0.3781761716544325 0.012505042355788625 0.008752117447769622
0 0.24223477208551836 0.3774703557312253 0.01573215006050827 0.007340485601355167
0 0.25776522791448164 0.37323546019198195 0.014521984671238403 0.019198193111236588
0 0.2952803549818475 0.37676453980801805 0.016942315449778138 0.009881422924901186
0 0.3208955223880597 0.3747882552230378 0.03428801936264623 0.016092603049124788
0 0.33783783783783783 0.3654714850367024 0.0012101653892698668 0.001411631846414455
0 0.3666801129487697 0.3730942970073405 0.03065752319483663 0.017786561264822136
0 0.4035901573215006 0.3708356860530774 0.013311819281968536 0.0189158667419537
0 0.4201290843081888 0.37648221343873517 0.03509479628882614 0.013269339356295878
0 0.44695441710367084 0.3718238283455675 0.01371520774505849 0.018068887634105024
0 0.4772085518354175 0.3749294184076793 0.01371520774505849 0.010163749294184076
0 0.4870915691811214 0.37634105025409376 0.010891488503428802 0.009034443817052512
0 0.49858814037918514 0.37662337662337664 0.009681323114158934 0.009034443817052512
0 0.5288422751109318 0.37662337662337664 0.022589753933037516 0.007905138339920948
0 0.5266236385639371 0.37351778656126483 0.0028237192416296895 0.001129305477131564
0 0.536304961678096 0.37224731789949184 0.0028237192416296895 0.0008469791078486731
0 0.5492133924969745 0.37662337662337664 0.018959257765227916 0.009034443817052512
0 0.5665590964098427 0.36928289102202144 0.01653892698668818 0.023150762281197064
0 0.6012505042355789 0.3771880293619424 0.035901573215006054 0.04912478825522304
0 0.590964098426785 0.39031620553359686 0.010488100040338847 0.008752117447769622
0 0.6339249697458653 0.3750705815923207 0.04477611940298507 0.04601919819311124
0 0.6492537313432836 0.37888198757763975 0.012505042355788625 0.009034443817052512
0 0.6599435256151674 0.3793054771315641 0.004033884630899556 0.005364201016374929
0 0.664179104477612 0.3739412761151892 0.0028237192416296895 0.0036702428006775835
0 0.6698265429608713 0.3774703557312253 0.008471157724889069 0.010163749294184076
0 0.6883824122630092 0.3694240542066629 0.018152480839048003 0.025691699604743084
0 0.7033077853973376 0.38114059853190285 0.03670835014118596 0.021456804065499716
0 0.6920129084308189 0.37732919254658387 0.004437273093989512 0.007058159232072276
0 0.6912061315046389 0.3756352343308865 0.0012101653892698668 0.0008469791078486731
0 0.699878983461073 0.37648221343873517 0.012101653892698669 0.010446075663466968
0 0.7460669624848729 0.38537549407114624 0.0463896732553449 0.02766798418972332
0 0.7757160145219847 0.37676453980801805 0.011294876966518758 0.01101072840203275
0 0.7894312222670432 0.3725296442687747 0.012101653892698669 0.016657255787690572
0 0.8027430415490117 0.3802936194240542 0.003227107704719645 0.0016939582156973462
0 0.15429608713190804 0.42730095990965555 0.024606696248487294 0.01383399209486166
0 0.1734570391286809 0.42377188029361945 0.01290843081887858 0.018633540372670808
0 0.17809600645421542 0.4134669678147939 0.002016942315449778 0.001411631846414455
0 0.1865671641791045 0.42730095990965555 0.00927793465106898 0.008752117447769622
0 0.190802743041549 0.4288537549407115 0.0016135538523598225 0.001129305477131564
0 0.1964501815248084 0.42913608130999437 0.012101653892698669 0.00846979107848673
0 0.2335619201290843 0.4280067758328628 0.03146430012101654 0.010163749294184076
0 0.28620411456232353 0.42701863354037267 0.030254134731746672 0.013269339356295878
0 0.30778539733763616 0.42871259175607 0.010488100040338847 0.00818746470920384
0 0.3085921742638161 0.42476002258610956 0.0016135538523598225 0.001411631846414455
0 0.3170633319887051 0.42730095990965555 0.010488100040338847 0.009881422924901186
0 0.3348124243646632 0.42165443252399776 0.024203307785397338 0.020609824957651044
0 0.3527632109721662 0.42730095990965555 0.00927793465106898 0.00818746470920384
0 0.36264622831787013 0.4265951439864483 0.011294876966518758 0.00846979107848673
0 0.37252924566357404 0.42179559570863917 0.01734570391286809 0.020327498588368152
0 0.4116579265832997 0.43040654997176736 0.0391286809197257 0.04601919819311124
0 0.4530052440500202 0.4233483907396951 0.026623638563937072 0.021739130434782608
0 0.47761194029850745 0.42814793901750425 0.029850746268656716 0.035290796160361376
0 0.46994755949979833 0.4209486166007905 0.0024203307785397336 0.0016939582156973462
0 0.49213392496974584 0.4289949181253529 0.029043969342476807 0.031338226990400904
0 0.5155304558289633 0.42857142857142855 0.01855586930213796 0.010163749294184076
0 0.5310609116579266 0.42857142857142855 0.010891488503428802 0.007905138339920948
0 0.5429608713190803 0.4234895539243365 0.01290843081887858 0.018633540372670808
0 0.5524405002016942 0.42377188029361945 0.013311819281968536 0.017504234895539244
0 0.563331988705123 0.4329474872953134 0.020572811617587738 0.0189158667419537
0 0.5631302944735781 0.4265951439864483 0.004840661557079467 0.005081874647092038
0 0.5949979830576846 0.42518351214003386 0.009681323114158934 0.010163749294184076
0 0.6038725292456636 0.42701863354037267 0.011294876966518758 0.00818746470920384
0 0.6194029850746269 0.42207792207792205 0.012505042355788625 0.019762845849802372
0 0.6302944735780557 0.4277244494635799 0.021379588543767647 0.007905138339920948
0 0.6621621621621622 0.4215132693393563 0.045582896329164985 0.021456804065499716
0 0.7137958854376765 0.4257481648785997 0.0318676885841065 0.012422360248447204
0 0.7222670431625655 0.42264257481648787 0.002016942315449778 0.001129305477131564
0 0.7386042759177087 0.4209486166007905 0.015328761597418314 0.020327498588368152
0 0.7513110125050424 0.42715979672501414 0.01734570391286809 0.010163749294184076
0 0.763614360629286 0.4246188594014681 0.004033884630899556 0.0016939582156973462
0 0.7644211375554659 0.42843026538678713 0.004840661557079467 0.007622811970638058
0 0.7696651875756353 0.4246188594014681 0.003227107704719645 0.0033879164313946925
0 0.7761194029850746 0.42857142857142855 0.015328761597418314 0.007340485601355167
0 0.7920532472771279 0.4233483907396951 0.011698265429608713 0.016657255787690572
0 0.799717628075837 0.42715979672501414 0.014118596208148447 0.01129305477131564
0 0.8233158531665994 0.4277244494635799 0.014521984671238403 0.009599096555618294
0 0.836425978217023 0.4265951439864483 0.011698265429608713 0.009034443817052512
0 0.8432835820895522 0.4280067758328628 0.00927793465106898 0.00846979107848673
0 0.8465106897942719 0.423630717108978 0.002016942315449778 0.001411631846414455
0 0.8624445340863252 0.42715979672501414 0.007260992335619202 0.009034443817052512
0 0.872730939895119 0.42758328627893843 0.010891488503428802 0.007058159232072276
0 0.8848325937878176 0.41981931112365894 0.018152480839048003 0.024280067758328628
0 0.14885034288019364 0.4767080745341615 0.008874546187979023 0.012704686617730096
0 0.15207745058491326 0.468944099378882 0.0016135538523598225 0.002258610954263128
0 0.15752319483662766 0.47896668548842464 0.011698265429608713 0.011575381140598532
0 0.17567567567567569 0.4730378317334839 0.018152480839048003 0.016657255787690572
0 0.21218233158531666 0.47939017504234893 0.01936264622831787 0.010728402032749858
0 0.24223477208551836 0.4774138904573687 0.014925373134328358 0.01129305477131564
0 0.25211778943122226 0.4771315640880858 0.01290843081887858 0.009599096555618294
0 0.2658329971762808 0.47684923771880294 0.012101653892698669 0.00846979107848673
0 0.2743041549011698 0.47148503670242803 0.0024203307785397336 0.0016939582156973462
0 0.2811617587736991 0.47699040090344436 0.011294876966518758 0.009881422924901186
0 0.2928600242033078 0.4723320158102767 0.012101653892698669 0.017504234895539244
0 0.3029447357805567 0.4815076228119706 0.01371520774505849 0.018351214003387916
0 0.33884630899556273 0.4798136645962733 0.028237192416296894 0.037549407114624504
0 0.37031060911657926 0.47600225861095424 0.009681323114158934 0.014680971202710334
0 0.390681726502622 0.4720496894409938 0.026220250100847116 0.023715415019762844
0 0.4058087938684954 0.48404856013551667 0.015328761597418314 0.020045172219085264
0 0.4056070996369504 0.4775550536420102 0.0028237192416296895 0.001976284584980237
0 0.42295280354981846 0.4761434217955957 0.014118596208148447 0.011575381140598532
0 0.4790237999193223 0.4733201581027668 0.040742234772085516 0.03190287972896669
0 0.5260185558693021 0.4762845849802372 0.023396530859217425 0.010163749294184076
0 0.5463896732553449 0.4776962168266516 0.014118596208148447 0.009599096555618294
0 0.5798709156918113 0.4733201581027668 0.0318676885841065 0.018351214003387916
0 0.6252521177894312 0.4761434217955957 0.01371520774505849 0.010446075663466968
0 0.6349334409035902 0.4776962168266516 0.012101653892698669 0.009034443817052512
0 0.6498588140379186 0.47811970638057594 0.016942315449778138 0.00818746470920384
0 0.6665994352561517 0.4723320158102767 0.01573215006050827 0.020892151326933936
0 0.6801129487696652 0.4776962168266516 0.014521984671238403 0.00846979107848673
0 0.6770875352964906 0.4704968944099379 0.002016942315449778 0.001411631846414455
0 0.7069382815651473 0.474025974025974 0.03751512706736587 0.018068887634105024
0 0.7258975393303752 0.46287408243929984 0.004437273093989512 0.003105590062111801
0 0.7254941508672852 0.4668266516092603 0.0012101653892698668 0.0008469791078486731
0 0.7263009277934651 0.4655561829474873 0.0012101653892698668 0.001129305477131564
0 0.7470754336425979 0.4717673630717109 0.016135538523598225 0.019198193111236588
0 0.7609923356192013 0.484472049689441 0.021379588543767647 0.023715415019762844
0 0.800121016538927 0.4772727272727273 0.020572811617587738 0.011575381140598532
0 0.8150463896732554 0.47035573122529645 0.003630496167809601 0.002258610954263128
0 0.8295683743444937 0.4697910784867307 0.030254134731746672 0.024844720496894408
0 0.8499394917305365 0.47896668548842464 0.016942315449778138 0.009316770186335404
0 0.15832997176280758 0.5262563523433089 0.020572811617587738 0.01355166572557877
0 0.1734570391286809 0.5287972896668549 0.011294876966518758 0.00846979107848673
0 0.1897942718838241 0.5230095990965556 0.01734570391286809 0.023433088650479956
0 0.1954417103670835 0.5300677583286278 0.003630496167809601 0.005364201016374929
0 0.21157724889068172 0.5324675324675324 0.035901573215006054 0.026538678712591756
0 0.20471964501815249 0.5266798418972332 0.011698265429608713 0.012140033879164314
0 0.2654296087131908 0.5248447204968945 0.03307785397337636 0.04291360813099943
0 0.2874142799515934 0.5252682100508187 0.011698265429608713 0.015527950310559006
0 0.2936668011294877 0.5162337662337663 0.0024203307785397336 0.001411631846414455
0 0.3009277934651069 0.5293619424054207 0.012101653892698669 0.006211180124223602
0 0.3098023396530859 0.5251270468661773 0.003227107704719645 0.004517221908526256
0 0.3154497781363453 0.5287972896668549 0.012101653892698669 0.00846979107848673
0 0.3481242436466317 0.5367024280067758 0.02016942315449778 0.024844720496894408
0 0.36264622831787013 0.5296442687747036 0.003227107704719645 0.006211180124223602
0 0.3674868898749496 0.5248447204968945 0.004033884630899556 0.005081874647092038
0 0.3751512706736587 0.5295031055900621 0.012101653892698669 0.007622811970638058
0 0.3939088342073417 0.5231507622811971 0.02864058087938685 0.020327498588368152
0 0.4118596208148447 0.527244494635799 0.014521984671238403 0.011575381140598532
0 0.4421137555465914 0.5293619424054207 0.011294876966518758 0.012422360248447204
0 0.4530052440500202 0.528514963297572 0.010488100040338847 0.009034443817052512
0 0.4893102057281162 0.5228684359119141 0.04356595401371521 0.0220214568040655
0 0.518354175070593 0.5365612648221344 0.026623638563937072 0.028514963297571992
0 0.5165389269866881 0.5251270468661773 0.004437273093989512 0.0033879164313946925
0 0.5469947559499798 0.5290796160361377 0.03872529245663574 0.012987012987012988
