0 0.19060104881000403 0.2217673630717109 0.08430818878580072 0.023997741389045736
0 0.15026220250100847 0.2251552795031056 0.002016942315449778 0.002540937323546019
0 0.15449778136345302 0.22007340485601354 0.007260992335619202 0.007622811970638058
0 0.15832997176280758 0.21541501976284586 0.002016942315449778 0.001129305477131564
0 0.15994352561516742 0.2137210615471485 0.002016942315449778 0.001129305477131564
0 0.16498588140379186 0.2111801242236025 0.008874546187979023 0.004517221908526256
0 0.16256555062525213 0.21668548842461885 0.003227107704719645 0.001976284584980237
0 0.16518757563533684 0.2149915302089215 0.002016942315449778 0.001411631846414455
0 0.17950786607503025 0.22007340485601354 0.0016135538523598225 0.0008469791078486731
0 0.18233158531665994 0.20793337097684925 0.0024203307785397336 0.003105590062111801
0 0.18253327954820492 0.21739130434782608 0.002016942315449778 0.002258610954263128
0 0.18616377571601453 0.2106154714850367 0.0052440500201694235 0.01129305477131564
0 0.1926179911254538 0.22374364765669114 0.002016942315449778 0.001411631846414455
0 0.1936264622831787 0.2217673630717109 0.0024203307785397336 0.001976284584980237
0 0.2073416700282372 0.2224731789949181 0.0024203307785397336 0.0033879164313946925
0 0.25110931827349736 0.23178994918125354 0.033481242436466316 0.028232636928289104
0 0.25978217022993144 0.21894409937888198 0.0016135538523598225 0.001976284584980237
0 0.291246470350948 0.2285431959345003 0.007260992335619202 0.013269339356295878
0 0.30334812424364666 0.22656691134952003 0.016942315449778138 0.012704686617730096
0 0.31484469544171034 0.22868435911914173 0.020572811617587738 0.010728402032749858
0 0.3334005647438483 0.22035573122529645 0.01573215006050827 0.016657255787690572
0 0.3289632916498588 0.2111801242236025 0.0028237192416296895 0.002258610954263128
0 0.3327954820492134 0.22628458498023715 0.0016135538523598225 0.001976284584980237
0 0.345502218636547 0.22035573122529645 0.018152480839048003 0.023433088650479956
0 0.39007664380798707 0.2220496894409938 0.041145623235175476 0.03020892151326934
0 0.42496974586526826 0.25042348955392435 0.002016942315449778 0.002258610954263128
0 0.44594594594594594 0.22332015810276679 0.043162565550625254 0.033314511575381144
0 0.427390076643808 0.24576510446075664 0.0012101653892698668 0.001411631846414455
0 0.4288019362646228 0.24209486166007904 0.0024203307785397336 0.0036702428006775835
0 0.4618797902379992 0.22374364765669114 0.0016135538523598225 0.0008469791078486731
0 0.4826542960871319 0.2300959909655562 0.02944735780556676 0.010163749294184076
0 0.5137152077450585 0.23560135516657255 0.007664380798709157 0.005928853754940711
0 0.5369100443727309 0.22981366459627328 0.05244050020169423 0.014116318464144552
0 0.5524405002016942 0.23249576510446077 0.0012101653892698668 0.0008469791078486731
0 0.5780556676079064 0.2264257481648786 0.028237192416296894 0.024280067758328628
0 0.5883420734167003 0.24110671936758893 0.01653892698668818 0.025409373235460192
0 0.6129487696651875 0.2468944099378882 0.0012101653892698668 0.002540937323546019
0 0.6250504235578862 0.22699040090344438 0.02379991932230738 0.034443817052512704
0 0.6194029850746269 0.2508469791078487 0.003630496167809601 0.007058159232072276
0 0.6210165389269867 0.2456239412761152 0.002016942315449778 0.002258610954263128
0 0.6438079870915692 0.23221343873517786 0.023396530859217425 0.009881422924901186
0 0.6932230738200887 0.22543760587238848 0.043969342476805166 0.029079616036137776
0 0.7402178297700686 0.22501411631846416 0.024203307785397338 0.03387916431394692
0 0.7561516740621218 0.233201581027668 0.026220250100847116 0.012987012987012988
0 0.7829770068576039 0.22346132128740825 0.028237192416296894 0.028514963297571992
0 0.7787414279951593 0.21160361377752682 0.0012101653892698668 0.0008469791078486731
0 0.8013311819281969 0.23362507058159232 0.02218636546994756 0.01101072840203275
0 0.8176684146833401 0.233201581027668 0.007260992335619202 0.00846979107848673
0 0.827954820492134 0.23306041784302653 0.00927793465106898 0.006493506493506494
0 0.8374344493747479 0.24167137210615472 0.016942315449778138 0.012987012987012988
0 0.15954013715207746 0.27865612648221344 0.03509479628882614 0.030491247882552232
0 0.15893505445744252 0.2886787125917561 0.0016135538523598225 0.0008469791078486731
0 0.1954417103670835 0.28049124788255225 0.0318676885841065 0.020045172219085264
0 0.18192819685356998 0.27216261998870694 0.003227107704719645 0.00282326369282891
0 0.1962484872932634 0.2800677583286279 0.0012101653892698668 0.001129305477131564
0 0.1972569584509883 0.2800677583286279 0.0016135538523598225 0.0016939582156973462
0 0.19786204114562322 0.27851496329757197 0.0012101653892698668 0.0008469791078486731
0 0.20129084308188785 0.2723037831733484 0.00645421540943929 0.01101072840203275
0 0.236385639370714 0.2865612648221344 0.017749092375958047 0.015810276679841896
0 0.24788221056877774 0.28797289666854886 0.006857603872529245 0.009034443817052512
0 0.24868898749495763 0.2725861095426313 0.003630496167809601 0.001976284584980237
0 0.28701089148850345 0.2811970638057595 0.04477611940298507 0.018068887634105024
0 0.2700685760387253 0.28190287972896666 0.0060508269463493344 0.0036702428006775835
0 0.27954820492133925 0.28289102202145683 0.0016135538523598225 0.0016939582156973462
0 0.30032271077047196 0.2701863354037267 0.0028237192416296895 0.004517221908526256
0 0.3247277127874143 0.2875494071146245 0.029850746268656716 0.01383399209486166
0 0.3313836224283985 0.27343308865047994 0.003630496167809601 0.001411631846414455
0 0.37051230334812424 0.2868435911914173 0.040742234772085516 0.010728402032749858
0 0.4017749092375958 0.30434782608695654 0.003227107704719645 0.003952569169960474
0 0.40338846308995563 0.3006775832862789 0.0024203307785397336 0.00282326369282891
0 0.418313836224284 0.28740824392998304 0.029850746268656716 0.023715415019762844
0 0.4411052843888665 0.28613777526821005 0.012505042355788625 0.008752117447769622
0 0.4398951189995966 0.27413890457368717 0.0028237192416296895 0.004517221908526256
0 0.44029850746268656 0.27710333145115756 0.0012101653892698668 0.0008469791078486731
0 0.4582492940701896 0.28642010163749293 0.02016942315449778 0.009881422924901186
0 0.46651875756353367 0.2837380011293055 0.0052440500201694235 0.002258610954263128
0 0.4790237999193223 0.28952569169960474 0.0060508269463493344 0.001411631846414455
0 0.5129084308188786 0.2826086956521739 0.030254134731746672 0.018633540372670808
0 0.5135135135135135 0.27399774138904576 0.0024203307785397336 0.001411631846414455
0 0.5282371924162969 0.2844438170525127 0.018152480839048003 0.016657255787690572
0 0.5316659943525616 0.2748447204968944 0.003227107704719645 0.001411631846414455
0 0.5387252924566357 0.281055900621118 0.0012101653892698668 0.0008469791078486731
0 0.5982250907624042 0.2792207792207792 0.09681323114158935 0.031055900621118012
0 0.5720048406615571 0.27216261998870694 0.0024203307785397336 0.002258610954263128
0 0.5766438079870916 0.2738565782044043 0.003630496167809601 0.006211180124223602
0 0.6157724889068172 0.25691699604743085 0.003630496167809601 0.0016939582156973462
0 0.6224283985478015 0.2732919254658385 0.007260992335619202 0.00846979107848673
0 0.6234368697055265 0.27865612648221344 0.0012101653892698668 0.001129305477131564
0 0.6488503428801936 0.26228119706380576 0.0052440500201694235 0.0016939582156973462
0 0.6980637353771683 0.2859966120835686 0.09963695038321904 0.03896103896103896
0 0.7898346107301332 0.29234895539243366 0.0653489310205728 0.04206662902315076
0 0.7617991125453812 0.29686617730095993 0.006857603872529245 0.011575381140598532
0 0.7688584106494554 0.2824675324675325 0.0016135538523598225 0.0008469791078486731
0 0.7775312626058895 0.2717391304347826 0.003630496167809601 0.005928853754940711
0 0.8376361436062929 0.288961038961039 0.020572811617587738 0.008752117447769622
0 0.15570794675272287 0.32919254658385094 0.04033884630899556 0.024280067758328628
0 0.17305365066559097 0.3555900621118012 0.004840661557079467 0.005364201016374929
0 0.17265026220250101 0.3502258610954263 0.0024203307785397336 0.004799548277809147
0 0.1762807583703106 0.32481648785996614 0.003227107704719645 0.001976284584980237
0 0.191004437273094 0.3331451157538114 0.031060911657926585 0.025409373235460192
0 0.17607906413876562 0.3547430830039526 0.0012101653892698668 0.0008469791078486731
0 0.17708753529649052 0.35248447204968947 0.0024203307785397336 0.003105590062111801
0 0.1799112545381202 0.33695652173913043 0.004840661557079467 0.005364201016374929
0 0.17849939491730538 0.34937888198757766 0.0012101653892698668 0.0008469791078486731
0 0.1791044776119403 0.3482495765104461 0.0016135538523598225 0.001411631846414455
0 0.1799112545381202 0.34528514963297574 0.0024203307785397336 0.003952569169960474
0 0.18878580072609924 0.3235460191981931 0.005647438483259379 0.007340485601355167
0 0.20068576038725291 0.3339920948616601 0.004437273093989512 0.0016939582156973462
0 0.21117386042759176 0.3451439864483343 0.014925373134328358 0.017221908526256352
0 0.2172246873739411 0.3307453416149068 0.003630496167809601 0.001976284584980237
0 0.25010084711577246 0.3286278938452851 0.02501008471157725 0.02766798418972332
0 0.27329568374344493 0.3287690570299266 0.03670835014118596 0.0251270468661773
0 0.2845905607099637 0.3274985883681536 0.0028237192416296895 0.001129305477131564
0 0.3261395724082291 0.33568605307735744 0.04154901169826543 0.010728402032749858
0 0.3154497781363453 0.3294748729531338 0.003227107704719645 0.00282326369282891
0 0.31968535699878986 0.33356860530773574 0.002016942315449778 0.0008469791078486731
0 0.32674465510286405 0.33145115753811405 0.0024203307785397336 0.002258610954263128
0 0.3691004437273094 0.32792207792207795 0.023396530859217425 0.026256352343308864
0 0.37696651875756354 0.32594579333709767 0.002016942315449778 0.002540937323546019
0 0.3870512303348124 0.3331451157538114 0.020572811617587738 0.01129305477131564
0 0.3785800726099234 0.32284020327498586 0.002016942315449778 0.003105590062111801
0 0.4288019362646228 0.3308865047995483 0.035498184751916094 0.024280067758328628
0 0.43586123436869706 0.3234048560135517 0.010891488503428802 0.017221908526256352
0 0.44130697862041146 0.33145115753811405 0.004033884630899556 0.002258610954263128
0 0.454417103670835 0.3372388481084133 0.018959257765227916 0.012704686617730096
0 0.4497781363453005 0.3386504799548278 0.0016135538523598225 0.0008469791078486731
0 0.48225090762404194 0.33667419536984755 0.03751512706736587 0.008752117447769622
0 0.5129084308188786 0.3297571993224167 0.019766034691407825 0.02258610954263128
0 0.5413473174667205 0.3482495765104461 0.03872529245663574 0.034161490683229816
0 0.5893505445744252 0.3300395256916996 0.03791851553045583 0.02710333145115754
0 0.5966115369100444 0.33130999435347264 0.0024203307785397336 0.0008469791078486731
0 0.6030657523194837 0.3334274421230943 0.0016135538523598225 0.0016939582156973462
0 0.6179911254538121 0.32933370976849236 0.016942315449778138 0.027950310559006212
0 0.6278741427995159 0.3394974590626765 0.002016942315449778 0.001411631846414455
0 0.63654699475595 0.3394974590626765 0.010488100040338847 0.008752117447769622
0 0.6430012101653892 0.3414737436476567 0.0016135538523598225 0.0008469791078486731
0 0.6587333602258976 0.340626764539808 0.004033884630899556 0.001411631846414455
0 0.6776926179911255 0.3424618859401468 0.0024203307785397336 0.0016939582156973462
0 0.6795078660750302 0.3396386222473179 0.002016942315449778 0.0016939582156973462
0 0.6916095199677289 0.33116883116883117 0.022993142396127472 0.02766798418972332
0 0.6994755949979831 0.34006211180124224 0.01855586930213796 0.012140033879164314
0 0.7313432835820896 0.3479672501411632 0.02581686163775716 0.026256352343308864
0 0.7309398951189996 0.3403444381705251 0.014521984671238403 0.006493506493506494
0 0.727107704719645 0.33554488989271597 0.0028237192416296895 0.001976284584980237
0 0.7394110528438886 0.3458498023715415 0.0016135538523598225 0.001129305477131564
0 0.7585720048406616 0.33977978543195936 0.021379588543767647 0.011575381140598532
0 0.7755143202904397 0.33921513269339354 0.018959257765227916 0.00818746470920384
0 0.7803549818475192 0.33780350084697913 0.0012101653892698668 0.001411631846414455
0 0.8005244050020169 0.3390739695087521 0.014925373134328358 0.009034443817052512
0 0.8200887454618798 0.33921513269339354 0.02016942315449778 0.008752117447769622
0 0.14259782170229932 0.38664596273291924 0.026220250100847116 0.018351214003387916
0 0.1581282775312626 0.3867871259175607 0.010488100040338847 0.010728402032749858
0 0.16377571601452198 0.3825522303783173 0.003227107704719645 0.00282326369282891
0 0.18676885841064947 0.3856578204404291 0.03953206938281565 0.010163749294184076
0 0.18253327954820492 0.38283455674760025 0.002016942315449778 0.002258610954263128
0 0.1899959661153691 0.38099943534726144 0.003227107704719645 0.001411631846414455
0 0.21903993545784592 0.38608130999435347 0.033884630899556276 0.009316770186335404
0 0.22569584509883017 0.3756352343308865 0.004437273093989512 0.003105590062111801
0 0.2400161355385236 0.3945511010728402 0.021782977006857603 0.023997741389045736
0 0.2763210972166196 0.3877752682100508 0.02581686163775716 0.010446075663466968
0 0.2757160145219847 0.3839638622247318 0.007664380798709157 0.003952569169960474
0 0.30233965308592176 0.3818464144551101 0.025413473174667203 0.020609824957651044
0 0.327148043565954 0.39935064935064934 0.0016135538523598225 0.006493506493506494
0 0.32755143202904397 0.40344438170525126 0.0016135538523598225 0.001129305477131564
0 0.36829366680112946 0.38946922642574816 0.08229124647035095 0.04601919819311124
0 0.3582089552238806 0.3845285149632976 0.0024203307785397336 0.0016939582156973462
0 0.3773699072206535 0.383399209486166 0.0012101653892698668 0.001129305477131564
0 0.381807180314643 0.37549407114624506 0.0052440500201694235 0.0016939582156973462
0 0.445542557482856 0.378317334839074 0.03509479628882614 0.025409373235460192
0 0.4554255748285599 0.36716544325239975 0.004033884630899556 0.003105590062111801
0 0.46006454215409437 0.3673066064370412 0.004437273093989512 0.0033879164313946925
0 0.4717628075837031 0.3870694522868436 0.027833803953206938 0.010728402032749858
0 0.47297297297297297 0.38382269904009036 0.004437273093989512 0.004234895539243365
0 0.4790237999193223 0.3750705815923207 0.004437273093989512 0.001976284584980237
0 0.5197660346914078 0.3929983060417843 0.04881000403388463 0.032185206098249576
0 0.5030254134731746 0.38946922642574816 0.004033884630899556 0.001976284584980237
0 0.5248083904800322 0.383399209486166 0.0024203307785397336 0.0016939582156973462
0 0.5359015732150061 0.37648221343873517 0.003630496167809601 0.002540937323546019
0 0.5574828559903187 0.3890457368718238 0.022589753933037516 0.009599096555618294
0 0.553852359822509 0.38297571993224166 0.0016135538523598225 0.0008469791078486731
0 0.5590964098426785 0.3865047995482778 0.0016135538523598225 0.001129305477131564
0 0.5935861234368697 0.3814229249011858 0.02379991932230738 0.025409373235460192
0 0.6064945542557483 0.38975155279503104 0.011698265429608713 0.007058159232072276
0 0.609721661960468 0.3848108413325805 0.008471157724889069 0.00282326369282891
0 0.6068979427188382 0.3794466403162055 0.002016942315449778 0.001129305477131564
0 0.6157724889068172 0.38410502540937325 0.0028237192416296895 0.001411631846414455
0 0.6494554255748286 0.38114059853190285 0.04679306171843485 0.023715415019762844
0 0.63654699475595 0.39158667419536985 0.0016135538523598225 0.001129305477131564
0 0.6464300121016539 0.36773009599096557 0.0052440500201694235 0.004234895539243365
0 0.6462283178701089 0.37365894974590624 0.004840661557079467 0.007058159232072276
0 0.6559096409842678 0.36716544325239975 0.005647438483259379 0.003105590062111801
0 0.6684146833400565 0.38382269904009036 0.004033884630899556 0.001976284584980237
0 0.7097620008067769 0.38071710897797856 0.04235578862444534 0.028514963297571992
0 0.6948366276724486 0.38438735177865613 0.0028237192416296895 0.001976284584980237
0 0.6968535699878984 0.38537549407114624 0.0012101653892698668 0.0016939582156973462
0 0.7063331988705123 0.38763410502540935 0.0016135538523598225 0.001129305477131564
0 0.7125857200484066 0.38085827216261997 0.004437273093989512 0.006211180124223602
0 0.72730939895119 0.39398644833427443 0.0016135538523598225 0.0008469791078486731
0 0.7289229528035498 0.3849520045172219 0.0024203307785397336 0.002540937323546019
0 0.7355788624445341 0.38721061547148505 0.0012101653892698668 0.0008469791078486731
0 0.7531262605889472 0.38819875776397517 0.028237192416296894 0.00846979107848673
0 0.7444534086325131 0.371682665160926 0.003630496167809601 0.001976284584980237
0 0.772892295280355 0.3865047995482778 0.010488100040338847 0.00846979107848673
0 0.7702702702702703 0.38636363636363635 0.0012101653892698668 0.0008469791078486731
0 0.7831787010891489 0.395115753811406 0.002016942315449778 0.001976284584980237
0 0.7898346107301332 0.38848108413325805 0.011294876966518758 0.014116318464144552
0 0.8027430415490117 0.3839638622247318 0.011294876966518758 0.024280067758328628
0 0.8029447357805567 0.37140033879164314 0.004437273093989512 0.003105590062111801
0 0.8303751512706736 0.3900338791643139 0.031060911657926585 0.009881422924901186
0 0.837232755143203 0.38099943534726144 0.002016942315449778 0.0008469791078486731
0 0.8388463089955627 0.3793054771315641 0.002016942315449778 0.0008469791078486731
0 0.13977410246066962 0.4363354037267081 0.014925373134328358 0.012704686617730096
0 0.1472367890278338 0.43788819875776397 0.0024203307785397336 0.002258610954263128
0 0.16014521984671237 0.4364765669113495 0.01855586930213796 0.007905138339920948
0 0.16337232755143202 0.43167701863354035 0.004033884630899556 0.002258610954263128
0 0.16559096409842677 0.43365330321852064 0.0012101653892698668 0.001129305477131564
0 0.18838241226300928 0.4354884246188594 0.03711173860427592 0.011575381140598532
0 0.17849939491730538 0.4311123658949746 0.003630496167809601 0.0016939582156973462
0 0.20149253731343283 0.43802936194240544 0.0012101653892698668 0.0008469791078486731
0 0.21520774505849133 0.4361942405420666 0.014925373134328358 0.009599096555618294
0 0.2373941105284389 0.44339356295878035 0.02702702702702703 0.021739130434782608
0 0.27833803953206937 0.43054771315640883 0.022589753933037516 0.025409373235460192
0 0.29164985881403793 0.43873517786561267 0.011294876966518758 0.009034443817052512
0 0.32573618394513915 0.427442123094297 0.0326744655102864 0.025409373235460192
0 0.3370310609116579 0.42871259175607 0.002016942315449778 0.001411631846414455
0 0.3602258975393304 0.43845285149632973 0.011294876966518758 0.011857707509881422
0 0.36809197256958454 0.4352060982495765 0.003630496167809601 0.0036702428006775835
0 0.3761597418313836 0.43873517786561267 0.018152480839048003 0.01129305477131564
0 0.4189189189189189 0.4374647092038396 0.06252521177894312 0.041501976284584984
0 0.41770875352964904 0.4189723320158103 0.00927793465106898 0.003952569169960474
0 0.41972569584509883 0.4292772444946358 0.0060508269463493344 0.009316770186335404
0 0.42214602662363854 0.4230660643704122 0.0012101653892698668 0.001976284584980237
0 0.4673255344897136 0.4357707509881423 0.014925373134328358 0.014963297571993224
0 0.47418313836224285 0.43718238283455674 0.0012101653892698668 0.001411631846414455
0 0.49415086728519564 0.43492377188029363 0.03469140782573618 0.021174477696216828
0 0.5106897942718839 0.4213721061547149 0.0024203307785397336 0.002540937323546019
0 0.535699878983461 0.4329474872953134 0.02743041549011698 0.021174477696216828
0 0.5437676482452601 0.44028797289666854 0.016942315449778138 0.009316770186335404
0 0.5433642597821702 0.4192546583850932 0.004840661557079467 0.0033879164313946925
0 0.5427591770875353 0.422360248447205 0.002016942315449778 0.00282326369282891
0 0.5679709560306575 0.4385940146809712 0.01290843081887858 0.01383399209486166
0 0.5754336425978217 0.43817052512704685 0.0012101653892698668 0.001129305477131564
0 0.5778539733763615 0.43817052512704685 0.0060508269463493344 0.007905138339920948
0 0.6006454215409439 0.43929983060417843 0.035498184751916094 0.011857707509881422
0 0.5966115369100444 0.435347261434218 0.0016135538523598225 0.001129305477131564
0 0.5982250907624042 0.43407679277244493 0.0024203307785397336 0.002540937323546019
0 0.6032674465510286 0.42603049124788256 0.0028237192416296895 0.00282326369282891
0 0.6427995159338443 0.4332298136645963 0.030254134731746672 0.0251270468661773
0 0.635941912061315 0.4401468097120271 0.0012101653892698668 0.001129305477131564
0 0.63695038321904 0.4383116883116883 0.0016135538523598225 0.001976284584980237
0 0.6551028640580879 0.4395821569734613 0.015328761597418314 0.00846979107848673
0 0.6585316659943525 0.41643139469226426 0.0060508269463493344 0.0016939582156973462
0 0.6581282775312626 0.42165443252399776 0.0012101653892698668 0.001411631846414455
0 0.6629689390883421 0.4367588932806324 0.006857603872529245 0.006211180124223602
0 0.6609519967728923 0.41770186335403725 0.0012101653892698668 0.0008469791078486731
0 0.6932230738200887 0.4278656126482213 0.02379991932230738 0.03190287972896669
0 0.6964501815248084 0.43492377188029363 0.0012101653892698668 0.0008469791078486731
0 0.6980637353771683 0.4330886504799548 0.0012101653892698668 0.0016939582156973462
0 0.7006857603872529 0.429983060417843 0.0016135538523598225 0.0016939582156973462
0 0.7250907624041952 0.4388763410502541 0.04881000403388463 0.010446075663466968
0 0.7029043969342477 0.427442123094297 0.0012101653892698668 0.001129305477131564
0 0.7079467527228721 0.4147374364765669 0.004033884630899556 0.00564652738565782
0 0.7248890681726503 0.4233483907396951 0.003227107704719645 0.001976284584980237
0 0.7956837434449375 0.4333709768492377 0.06655909640984267 0.023150762281197064
0 0.7983057684550222 0.4258893280632411 0.004840661557079467 0.001976284584980237
0 0.8102057281161759 0.4258893280632411 0.004437273093989512 0.0036702428006775835
0 0.8202904396934247 0.4212309429700734 0.002016942315449778 0.002258610954263128
0 0.8239209358612344 0.4215132693393563 0.0052440500201694235 0.003952569169960474
0 0.14037918515530456 0.4792490118577075 0.02743041549011698 0.029644268774703556
0 0.13695038321903993 0.47699040090344436 0.0012101653892698668 0.001976284584980237
0 0.1498588140379185 0.4878599661208357 0.0028237192416296895 0.002258610954263128
0 0.1500605082694635 0.4666854884246189 0.0016135538523598225 0.0016939582156973462
0 0.15227914481645824 0.485742518351214 0.0012101653892698668 0.0008469791078486731
0 0.15933844292053248 0.4871541501976285 0.014521984671238403 0.01101072840203275
0 0.1553045582896329 0.46485036702428006 0.0016135538523598225 0.0008469791078486731
0 0.1555062525211779 0.46908526256352345 0.0012101653892698668 0.0008469791078486731
0 0.15590964098426785 0.4673913043478261 0.0012101653892698668 0.001411631846414455
0 0.19120613150463897 0.48531902879728966 0.016942315449778138 0.015245623941276116
0 0.23719241629689392 0.4863071710897798 0.07018959257765228 0.01101072840203275
0 0.2436466317063332 0.4810841332580463 0.003227107704719645 0.002258610954263128
0 0.25978217022993144 0.4817899491812535 0.003227107704719645 0.002540937323546019
0 0.2779346510689794 0.4912478825522304 0.004840661557079467 0.002258610954263128
0 0.3152480839048003 0.475296442687747 0.02864058087938685 0.004234895539243365
0 0.3106091165792658 0.4863071710897798 0.01936264622831787 0.017221908526256352
0 0.3807987091569181 0.48616600790513836 0.0782573618394514 0.032185206098249576
0 0.34308188785800725 0.5059288537549407 0.002016942315449778 0.0016939582156973462
0 0.3444937474788221 0.5035290796160361 0.0016135538523598225 0.001411631846414455
0 0.37494957644211374 0.484472049689441 0.004437273093989512 0.00282326369282891
0 0.37898346107301334 0.5029644268774703 0.0012101653892698668 0.003105590062111801
0 0.3830173457039129 0.5057876905702993 0.007664380798709157 0.01101072840203275
0 0.3949173053650666 0.46922642574816487 0.007260992335619202 0.004517221908526256
0 0.4572408229124647 0.4922360248447205 0.04961678096006454 0.025691699604743084
0 0.5034288019362646 0.48687182382834554 0.03630496167809601 0.01101072840203275
0 0.49415086728519564 0.48249576510446074 0.004033884630899556 0.002258610954263128
0 0.5145219846712384 0.47501411631846413 0.003630496167809601 0.002540937323546019
0 0.5292456635740218 0.4943534726143422 0.020976200080677694 0.023150762281197064
0 0.5683743444937475 0.4872953133822699 0.03146430012101654 0.01637492941840768
0 0.5786607503025414 0.4848955392433653 0.004437273093989512 0.0036702428006775835
0 0.6141589350544574 0.48870694522868435 0.056070996369503835 0.012987012987012988
0 0.5992335619201291 0.4860248447204969 0.0052440500201694235 0.001411631846414455
0 0.663372327551432 0.4827780914737436 0.014925373134328358 0.023150762281197064
0 0.6859620814844696 0.4881422924901186 0.006857603872529245 0.01129305477131564
0 0.6954417103670835 0.48997741389045735 0.01936264622831787 0.008752117447769622
0 0.6926179911254539 0.475296442687747 0.004840661557079467 0.004234895539243365
0 0.7158128277531263 0.4922360248447205 0.003630496167809601 0.001411631846414455
0 0.7317466720451795 0.4906832298136646 0.007260992335619202 0.006211180124223602
0 0.7549415086728519 0.498729531338227 0.03993545784590561 0.027950310559006212
0 0.7398144413069786 0.48658949745906266 0.0024203307785397336 0.001411631846414455
0 0.7694634933440904 0.4878599661208357 0.002016942315449778 0.002258610954263128
0 0.7870108914885035 0.4837662337662338 0.023396530859217425 0.0251270468661773
0 0.8061718434852764 0.5114342179559571 0.003630496167809601 0.004234895539243365
0 0.8087938684953611 0.5071993224167137 0.0016135538523598225 0.001976284584980237
0 0.8098023396530859 0.5055053642010163 0.002016942315449778 0.001411631846414455
0 0.817466720451795 0.4871541501976285 0.014925373134328358 0.026821005081874648
0 0.8112141992739008 0.5028232636928289 0.0024203307785397336 0.0033879164313946925
0 0.8239209358612344 0.47148503670242803 0.008471157724889069 0.004517221908526256
0 0.8245260185558693 0.4792490118577075 0.0024203307785397336 0.003105590062111801
0 0.8261395724082291 0.47656691134952006 0.0016135538523598225 0.002258610954263128
0 0.8346107301331182 0.4902597402597403 0.01855586930213796 0.013269339356295878
0 0.8271480435659541 0.47459062676453984 0.0012101653892698668 0.001129305477131564
0 0.14360629286002422 0.5344438170525128 0.009681323114158934 0.012987012987012988
0 0.16216216216216217 0.532326369282891 0.03711173860427592 0.027385657820440428
0 0.15449778136345302 0.5156691134952005 0.003227107704719645 0.003105590062111801
0 0.16155707946752723 0.5173630717108978 0.0028237192416296895 0.002540937323546019
0 0.1674062121823316 0.5158102766798419 0.005647438483259379 0.0033879164313946925
0 0.16821298910851148 0.5206098249576511 0.0016135538523598225 0.001129305477131564
0 0.17688584106494554 0.5340203274985884 0.004437273093989512 0.001976284584980237
0 0.22408229124647036 0.5321852060982496 0.05526421944332392 0.025974025974025976
0 0.208955223880597 0.5327498588368154 0.0024203307785397336 0.0033879164313946925
0 0.21399757966922145 0.5159514398644833 0.00927793465106898 0.005364201016374929
0 0.21218233158531666 0.5278091473743648 0.004840661557079467 0.005928853754940711
0 0.21137555465913674 0.5337380011293055 0.0024203307785397336 0.0008469791078486731
0 0.21500605082694635 0.5235742518351214 0.0016135538523598225 0.001411631846414455
0 0.21601452198467125 0.521880293619424 0.0012101653892698668 0.001411631846414455
0 0.2172246873739411 0.5197628458498024 0.0012101653892698668 0.0016939582156973462
0 0.24102460669624848 0.5175042348955392 0.003630496167809601 0.005081874647092038
0 0.2418313836224284 0.5224449463579899 0.0012101653892698668 0.001411631846414455
0 0.2628075837031061 0.538678712591756 0.02944735780556676 0.011857707509881422
0 0.25211778943122226 0.5172219085262564 0.004033884630899556 0.00282326369282891
0 0.2835820895522388 0.5362789384528515 0.011294876966518758 0.007058159232072276
0 0.29810407422347723 0.5457368718238284 0.010488100040338847 0.012987012987012988
0 0.3031464300121017 0.5382552230378317 0.0012101653892698668 0.0008469791078486731
0 0.36062928600242034 0.5290796160361377 0.0645421540943929 0.032185206098249576
0 0.3467123840258169 0.5230095990965556 0.008471157724889069 0.01383399209486166
0 0.38422751109318276 0.5149632975719932 0.002016942315449778 0.001129305477131564
0 0.3939088342073417 0.5371259175607002 0.0012101653892698668 0.0008469791078486731
0 0.41427995159338443 0.5535008469791078 0.0016135538523598225 0.004799548277809147
0 0.4146833400564744 0.5570299265951439 0.0016135538523598225 0.0016939582156973462
0 0.4322307382008875 0.5367024280067758 0.03428801936264623 0.04743083003952569
0 0.4770068576038725 0.5365612648221344 0.01653892698668818 0.015527950310559006
0 0.47983057684550223 0.5407961603613778 0.0012101653892698668 0.0008469791078486731
0 0.5042355788624445 0.5391022021456804 0.03307785397337636 0.009881422924901186
0 0.49717628075837034 0.5338791643139469 0.0012101653892698668 0.001129305477131564
0 0.545986284792255 0.5395256916996047 0.04800322710770472 0.012987012987012988
0 0.572811617587737 0.5467250141163185 0.024203307785397338 0.027385657820440428
0 0.5671641791044776 0.525974025974026 0.004033884630899556 0.002258610954263128
0 0.5762404195240016 0.5359966120835686 0.0060508269463493344 0.004799548277809147
0 0.6016538926986689 0.5444664031620553 0.0028237192416296895 0.003105590062111801
0 0.6105284388866479 0.5331733483907397 0.014925373134328358 0.021174477696216828
0 0.609318273497378 0.5447487295313382 0.0012101653892698668 0.0008469791078486731
0 0.6212182331585316 0.5410784867306606 0.016135538523598225 0.009316770186335404
0 0.6189995966115369 0.5203274985883681 0.0052440500201694235 0.005081874647092038
0 0.6179911254538121 0.5247035573122529 0.0016135538523598225 0.001411631846414455
0 0.6232351754739814 0.5371259175607002 0.0016135538523598225 0.0008469791078486731
0 0.654699475594998 0.5334556747600225 0.023396530859217425 0.0251270468661773
0 0.6502622025010085 0.5454545454545454 0.0016135538523598225 0.00282326369282891
0 0.6514723678902783 0.5422077922077922 0.0024203307785397336 0.002540937323546019
0 0.6524808390480032 0.5396668548842461 0.002016942315449778 0.001976284584980237
0 0.6690197660346914 0.5307735742518351 0.025413473174667203 0.028797289666854884
0 0.6659943525615167 0.5179277244494636 0.004840661557079467 0.005364201016374929
0 0.6782977006857603 0.5410784867306606 0.018959257765227916 0.009316770186335404
0 0.6742638160548609 0.519339356295878 0.004437273093989512 0.004234895539243365
0 0.68192819685357 0.5367024280067758 0.003630496167809601 0.002258610954263128
0 0.7212585720048407 0.5351496329757199 0.03872529245663574 0.027385657820440428
0 0.7101653892698668 0.5352907961603613 0.0060508269463493344 0.0033879164313946925
0 0.709560306575232 0.5383963862224732 0.003227107704719645 0.002258610954263128
0 0.7224687373941105 0.5200451722190853 0.003227107704719645 0.0033879164313946925
0 0.7238805970149254 0.5311970638057595 0.0012101653892698668 0.0008469791078486731
0 0.72650262202501 0.5210333145115754 0.004033884630899556 0.006493506493506494
0 0.7250907624041952 0.5286561264822134 0.0012101653892698668 0.001411631846414455
0 0.72650262202501 0.5255505364201016 0.0016135538523598225 0.001976284584980237
0 0.7613957240822913 0.5429136081309994 0.040742234772085516 0.007340485601355167
0 0.7468737394110528 0.5238565782044043 0.004437273093989512 0.001976284584980237
0 0.7670431625655506 0.5391022021456804 0.0052440500201694235 0.002540937323546019
0 0.7741024606696248 0.5447487295313382 0.003227107704719645 0.003105590062111801
0 0.8009277934651069 0.5405138339920948 0.02218636546994756 0.009881422924901186
0 0.8315853166599435 0.5341614906832298 0.038321903993545785 0.0220214568040655
0 0.1553045582896329 0.5782044042913608 0.04679306171843485 0.03387916431394692
0 0.1607503025413473 0.5676171654432524 0.0028237192416296895 0.002540937323546019
0 0.17930617184348527 0.5904856013551666 0.0012101653892698668 0.0008469791078486731
0 0.20229931423961275 0.5804630152456239 0.024606696248487294 0.028232636928289104
0 0.21117386042759176 0.5846979107848673 0.0028237192416296895 0.001129305477131564
0 0.21319080274304156 0.5838509316770186 0.0028237192416296895 0.0016939582156973462
0 0.23759580475998388 0.5810276679841897 0.045986284792254944 0.025409373235460192
0 0.24768051633723276 0.5677583286278939 0.0024203307785397336 0.0016939582156973462
0 0.25958047599838646 0.5828627893845285 0.0012101653892698668 0.0008469791078486731
0 0.27511093182734975 0.5873800112930547 0.028237192416296894 0.009881422924901186
0 0.33057684550221866 0.5822981366459627 0.05445744251714401 0.02456239412761152
0 0.33118192819685355 0.5704404291360813 0.004033884630899556 0.003105590062111801
0 0.3672851956434046 0.598531902879729 0.03509479628882614 0.028797289666854884
0 0.3620411456232352 0.5861095426312818 0.002016942315449778 0.002258610954263128
0 0.3646631706333199 0.5827216261998871 0.004033884630899556 0.003952569169960474
0 0.39431222267043164 0.5810276679841897 0.01734570391286809 0.02766798418972332
0 0.4037918515530456 0.5659232072275551 0.0024203307785397336 0.001411631846414455
0 0.4308188785800726 0.5845567476002259 0.03146430012101654 0.022303783173348392
0 0.43505445744251714 0.5694522868435912 0.007664380798709157 0.00564652738565782
0 0.4352561516740621 0.5741106719367589 0.0016135538523598225 0.001411631846414455
0 0.436264622831787 0.5719932241671372 0.0012101653892698668 0.001129305477131564
0 0.4560306575231948 0.5902032749858837 0.014925373134328358 0.012140033879164314
0 0.4868898749495764 0.5851214003387917 0.045986284792254944 0.023997741389045736
0 0.491327148043566 0.6067193675889329 0.00645421540943929 0.006211180124223602
0 0.4893102057281162 0.6013551665725578 0.0016135538523598225 0.0033879164313946925
0 0.49415086728519564 0.5958498023715415 0.004840661557079467 0.004234895539243365
0 0.49616780960064544 0.6014963297571994 0.004840661557079467 0.00818746470920384
0 0.5060508269463493 0.5719932241671372 0.0028237192416296895 0.0016939582156973462
0 0.5302541347317467 0.5882269904009034 0.045582896329164985 0.013269339356295878
0 0.5665590964098427 0.6070016939582157 0.004437273093989512 0.00846979107848673
0 0.5677692617991126 0.6000846979107849 0.0052440500201694235 0.004799548277809147
0 0.5693828156514724 0.6062958780350085 0.0028237192416296895 0.0036702428006775835
0 0.5784590560709963 0.5831451157538114 0.02016942315449778 0.03190287972896669
0 0.5703912868091973 0.6030491247882552 0.0016135538523598225 0.002258610954263128
0 0.5716014521984671 0.6002258610954263 0.0016135538523598225 0.0016939582156973462
0 0.6050826946349335 0.5916149068322981 0.05647438483259379 0.01101072840203275
0 0.6034691407825736 0.5859683794466403 0.004840661557079467 0.001411631846414455
0 0.6153691004437273 0.586815358554489 0.003630496167809601 0.001411631846414455
0 0.627067365873336 0.5756634669678148 0.003630496167809601 0.001129305477131564
0 0.6264622831787011 0.6072840203274986 0.0024203307785397336 0.0016939582156973462
0 0.6377571601452199 0.5971202710333146 0.023396530859217425 0.024844720496894408
0 0.6373537716821299 0.5899209486166008 0.007260992335619202 0.009881422924901186
0 0.6647841871722469 0.5938735177865613 0.004840661557079467 0.001976284584980237
