0 0.14703509479628882 0.21852060982495766 0.019766034691407825 0.01637492941840768
0 0.15954013715207746 0.21696781479390176 0.022993142396127472 0.017786561264822136
0 0.1946349334409036 0.22332015810276679 0.02379991932230738 0.006211180124223602
0 0.19221460266236384 0.21583850931677018 0.0028237192416296895 0.001976284584980237
0 0.25433642597821704 0.21894409937888198 0.05687777329568374 0.017221908526256352
0 0.31565147236789026 0.22501411631846416 0.050423557886244454 0.00846979107848673
0 0.3535699878983461 0.23066064370412195 0.020572811617587738 0.018633540372670808
0 0.3989511899959661 0.21964991530208922 0.035498184751916094 0.015245623941276116
0 0.4693424768051634 0.21725014116318464 0.08753529649052037 0.0189158667419537
0 0.5524405002016942 0.22317899491812535 0.04235578862444534 0.007058159232072276
0 0.6605486083098023 0.2217673630717109 0.14400968132311415 0.007058159232072276
0 0.7099636950383219 0.2137210615471485 0.007260992335619202 0.002258610954263128
0 0.20209762000806777 0.2803500846979108 0.127470754336426 0.017504234895539244
0 0.25433642597821704 0.26693958215697344 0.004437273093989512 0.002540937323546019
0 0.2771278741427995 0.27399774138904576 0.01855586930213796 0.005928853754940711
0 0.29810407422347723 0.27428006775832864 0.022589753933037516 0.005364201016374929
0 0.37676482452601856 0.27032749858836813 0.10891488503428802 0.016657255787690572
0 0.4735780556676079 0.27653867871259175 0.060508269463493344 0.029079616036137776
0 0.5490116982654296 0.2725861095426313 0.06696248487293263 0.023997741389045736
0 0.6300927793465106 0.269339356295878 0.07260992335619201 0.014116318464144552
0 0.7031060911657927 0.2684923771880294 0.050826946349334406 0.015810276679841896
0 0.7960871319080274 0.2725861095426313 0.10528438886647842 0.007058159232072276
0 0.8023396530859217 0.26341050254093734 0.004033884630899556 0.00282326369282891
0 0.14400968132311415 0.3272162619988707 0.015328761597418314 0.006211180124223602
0 0.17970956030657523 0.32156973461321287 0.052843888664784185 0.01693958215697346
0 0.2535296490520371 0.32171089779785433 0.09560306575231949 0.016092603049124788
0 0.23295683743444937 0.3178994918125353 0.0028237192416296895 0.0016939582156973462
0 0.30778539733763616 0.33130999435347264 0.008067769261799113 0.005928853754940711
0 0.3126260588947156 0.3243929983060418 0.003227107704719645 0.002258610954263128
0 0.3620411456232352 0.3197346132128741 0.051230334812424366 0.0189158667419537
0 0.4526018555869302 0.3246753246753247 0.1073013311819282 0.025409373235460192
0 0.5498184751916095 0.33229813664596275 0.0645421540943929 0.023150762281197064
0 0.618596208148447 0.320016939582157 0.04477611940298507 0.017786561264822136
0 0.6534893102057281 0.31874647092038394 0.023396530859217425 0.015810276679841896
0 0.7599838644614764 0.3235460191981931 0.1645824929407019 0.03500846979107849
0 0.6918112141992739 0.3135234330886505 0.00645421540943929 0.001976284584980237
0 0.7688584106494554 0.31521739130434784 0.004033884630899556 0.001976284584980237
0 0.7914481645824929 0.3147939017504235 0.004840661557079467 0.0016939582156973462
0 0.16881807180314642 0.37111801242236025 0.06333198870512304 0.020045172219085264
0 0.16216216216216217 0.36885940146809715 0.004033884630899556 0.001411631846414455
0 0.254739814441307 0.3705533596837945 0.07704719645018153 0.020045172219085264
0 0.2983057684550222 0.3814229249011858 0.004437273093989512 0.003952569169960474
0 0.3533682936668011 0.37027103331451156 0.07664380798709157 0.01948051948051948
0 0.36506655909640984 0.3663184641445511 0.005647438483259379 0.001976284584980237
0 0.43283582089552236 0.3708356860530774 0.05486083098023396 0.017786561264822136
0 0.5217829770068576 0.37012987012987014 0.09640984267849939 0.01693958215697346
0 0.6068979427188382 0.3749294184076793 0.0463896732553449 0.006775832862789385
0 0.6873739411052844 0.3740824392998306 0.08632513110125051 0.025974025974025976
0 0.2109721661960468 0.42518351214003386 0.15732150060508268 0.023715415019762844
0 0.3253327954820492 0.4277244494635799 0.035901573215006054 0.006775832862789385
0 0.363654699475595 0.423630717108978 0.0391286809197257 0.014398644833427442
0 0.42617991125453814 0.4298418972332016 0.06413876563130294 0.026821005081874648
0 0.5125050423557886 0.42476002258610956 0.07382008874546188 0.007622811970638058
0 0.5580879386849537 0.4256070016939582 0.0028237192416296895 0.001976284584980237
0 0.6052843888664784 0.4278656126482213 0.052843888664784185 0.03303218520609825
0 0.6768858410649455 0.4246188594014681 0.0653489310205728 0.023150762281197064
0 0.7067365873336022 0.41727837380011296 0.003227107704719645 0.001129305477131564
0 0.7603872529245663 0.42476002258610956 0.0572811617587737 0.00818746470920384
0 0.19503832190399353 0.47444946357989837 0.1262605889471561 0.0251270468661773
0 0.18152480839048002 0.4699322416713721 0.00645421540943929 0.001976284584980237
0 0.19766034691407824 0.47007340485601357 0.004033884630899556 0.0016939582156973462
0 0.30677692617991126 0.4731789949181254 0.07462686567164178 0.01693958215697346
0 0.4209358612343687 0.4803783173348391 0.1464300121016539 0.029644268774703556
0 0.4590560709963695 0.4675324675324675 0.00645421540943929 0.0016939582156973462
0 0.5812827753126261 0.47162619988706944 0.14118596208148446 0.016657255787690572
0 0.5992335619201291 0.46725014116318464 0.0052440500201694235 0.002258610954263128
0 0.6833400564743848 0.4762845849802372 0.03791851553045583 0.006775832862789385
0 0.682129891085115 0.4662619988706945 0.005647438483259379 0.002540937323546019
0 0.7622025010084712 0.47035573122529645 0.0891488503428802 0.017504234895539244
0 0.7706736587333602 0.4665443252399774 0.0052440500201694235 0.001976284584980237
0 0.15873336022589754 0.5245623941276115 0.03509479628882614 0.017504234895539244
0 0.21782977006857604 0.5354319593450029 0.07018959257765228 0.01948051948051948
0 0.3150463896732553 0.5275268210050819 0.10407422347720856 0.025691699604743084
0 0.38321903993545786 0.5311970638057595 0.0024203307785397336 0.001411631846414455
0 0.41206131504638965 0.5224449463579899 0.020572811617587738 0.017221908526256352
0 0.4237595804759984 0.5278091473743648 0.02379991932230738 0.006493506493506494
0 0.4893102057281162 0.5221626199887069 0.0790641387656313 0.018351214003387916
0 0.5114965711980637 0.5186335403726708 0.00645421540943929 0.0016939582156973462
0 0.5893505445744252 0.5290796160361377 0.10165389269866881 0.014116318464144552
0 0.6595401371520775 0.5261151891586674 0.016942315449778138 0.007058159232072276
0 0.7117789431222267 0.5278091473743648 0.08672851956434045 0.03020892151326934
0 0.7267043162565551 0.5148221343873518 0.0028237192416296895 0.001411631846414455
0 0.7960871319080274 0.5279503105590062 0.06494554255748286 0.03162055335968379
0 0.16680112948769665 0.5794748729531338 0.04881000403388463 0.007622811970638058
0 0.23759580475998388 0.5729813664596274 0.060508269463493344 0.017786561264822136
0 0.38785800726099234 0.5729813664596274 0.20613150463896732 0.01948051948051948
0 0.46006454215409437 0.5688876341050254 0.002016942315449778 0.0016939582156973462
0 0.5427591770875353 0.5736871823828346 0.07301331181928197 0.014116318464144552
0 0.5832997176280759 0.5827216261998871 0.005647438483259379 0.004517221908526256
0 0.6208148446954417 0.5772162619988707 0.04195240016135539 0.007058159232072276
0 0.618596208148447 0.5653585544889893 0.004437273093989512 0.002540937323546019
0 0.6688180718031465 0.577922077922078 0.016135538523598225 0.006775832862789385
0 0.7144009681323115 0.5752399774138904 0.07180314643001211 0.023997741389045736
0 0.7214602662363856 0.5652173913043478 0.0052440500201694235 0.0016939582156973462
0 0.7872125857200484 0.5736871823828346 0.04154901169826543 0.024280067758328628
0 0.1853569987898346 0.6249294184076792 0.08188785800726099 0.0189158667419537
0 0.21359419120613152 0.6221061547148503 0.0052440500201694235 0.002540937323546019
0 0.25131101250504234 0.629587803500847 0.015328761597418314 0.006211180124223602
0 0.35155304558289635 0.6301524562394127 0.18515530455828963 0.03500846979107849
0 0.40399354578459057 0.6188594014680971 0.0060508269463493344 0.00282326369282891
0 0.4590560709963695 0.6341050254093732 0.008067769261799113 0.007340485601355167
0 0.5048406615570795 0.6294466403162056 0.05526421944332392 0.008752117447769622
0 0.54497781363453 0.6233766233766234 0.023396530859217425 0.015810276679841896
0 0.6442113755546591 0.629587803500847 0.1565147236789028 0.032185206098249576
0 0.7827753126260589 0.6215415019762845 0.0826946349334409 0.0189158667419537
0 0.15732150060508268 0.6809712027103332 0.020976200080677694 0.00846979107848673
0 0.208955223880597 0.6815358554488989 0.041145623235175476 0.006775832862789385
0 0.27611940298507465 0.6808300395256917 0.09076240419524001 0.03359683794466403
0 0.299717628075837 0.6719367588932806 0.005647438483259379 0.0016939582156973462
0 0.40318676885841065 0.6773009599096556 0.1319080274304155 0.02710333145115754
0 0.4374747882210569 0.6709486166007905 0.003630496167809601 0.001976284584980237
0 0.5052440500201695 0.6767363071710898 0.04719645018152481 0.026538678712591756
0 0.581887858007261 0.6743365330321852 0.08188785800726099 0.018351214003387916
0 0.6343283582089553 0.6830886504799548 0.0028237192416296895 0.002540937323546019
