0 0.16579265832997175 0.2204968944099379 0.03065752319483663 0.012987012987012988
0 0.18334005647438484 0.21852060982495766 0.038321903993545785 0.017504234895539244
0 0.22751109318273496 0.22388481084133258 0.016942315449778138 0.006775832862789385
0 0.2876159741831384 0.22388481084133258 0.10246066962484873 0.02766798418972332
0 0.4191206131504639 0.22134387351778656 0.12424364663170634 0.024280067758328628
0 0.5294473578055667 0.22346132128740825 0.06897942718838242 0.0251270468661773
0 0.6117386042759178 0.22586109542631283 0.06413876563130294 0.034443817052512704
0 0.6859620814844696 0.22219085262563523 0.07220653489310205 0.025974025974025976
0 0.7517144009681324 0.21781479390175043 0.04719645018152481 0.016657255787690572
0 0.7977006857603872 0.2217673630717109 0.025413473174667203 0.006493506493506494
0 0.2035094796288826 0.27188029361942406 0.11657926583299717 0.025974025974025976
0 0.2101653892698669 0.26453980801806887 0.00645421540943929 0.002258610954263128
0 0.23215006050826947 0.2658102766798419 0.003630496167809601 0.001976284584980237
0 0.30395320693828154 0.2691981931112366 0.04719645018152481 0.0189158667419537
0 0.3140379185155305 0.26651609260304915 0.003630496167809601 0.002258610954263128
0 0.4102460669624849 0.27526821005081875 0.16296893908834206 0.032185206098249576
0 0.5036304961678096 0.2769621682665161 0.002016942315449778 0.0016939582156973462
0 0.536506655909641 0.26976284584980237 0.03227107704719645 0.01383399209486166
0 0.5613150463896732 0.27526821005081875 0.05203711173860428 0.031055900621118012
0 0.6222267043162566 0.2738565782044043 0.04800322710770472 0.007340485601355167
0 0.7033077853973376 0.27399774138904576 0.09237595804759983 0.03303218520609825
0 0.7083501411859621 0.2651044607566347 0.005647438483259379 0.00282326369282891
0 0.8035498184751916 0.27442123094297005 0.08148446954417103 0.03387916431394692
0 0.1782977006857604 0.3210050818746471 0.06938281565147236 0.015245623941276116
0 0.29144816458249295 0.3235460191981931 0.14158935054457442 0.028232636928289104
0 0.2527228721258572 0.31832298136645965 0.0028237192416296895 0.003105590062111801
0 0.2962888261395724 0.3160643704121965 0.004437273093989512 0.002540937323546019
0 0.4227511093182735 0.3274985883681536 0.09600645421540945 0.029926595143986448
0 0.4253731343283582 0.3136645962732919 0.0052440500201694235 0.0033879164313946925
0 0.5048406615570795 0.320016939582157 0.03751512706736587 0.016092603049124788
0 0.6129487696651875 0.3243929983060418 0.14965711980637353 0.007905138339920948
0 0.7252924566357403 0.3181818181818182 0.07422347720855184 0.018068887634105024
0 0.8075837031060912 0.320016939582157 0.06615570794675273 0.01383399209486166
0 0.16962484872932634 0.3781761716544325 0.06171843485276321 0.03190287972896669
0 0.24788221056877774 0.3752117447769622 0.06736587333602259 0.007340485601355167
0 0.2952803549818475 0.37012987012987014 0.02581686163775716 0.01637492941840768
0 0.3537716821298911 0.3699887069452287 0.06696248487293263 0.018351214003387916
0 0.40843081887858007 0.37676453980801805 0.01653892698668818 0.005928853754940711
0 0.4507866075030254 0.3750705815923207 0.06494554255748286 0.007622811970638058
0 0.5235982250907624 0.379587803500847 0.0500201694231545 0.015527950310559006
0 0.5980233965308592 0.36928289102202144 0.1044776119402985 0.018633540372670808
0 0.6147640177490924 0.3663184641445511 0.003227107704719645 0.001976284584980237
0 0.6889874949576442 0.371682665160926 0.04759983864461476 0.026821005081874648
0 0.727914481645825 0.37422360248447206 0.031060911657926585 0.007058159232072276
0 0.7672448567970956 0.3749294184076793 0.016135538523598225 0.00564652738565782
0 0.8128277531262605 0.3743647656691135 0.07503025413473174 0.006775832862789385
0 0.20532472771278742 0.4191134952004517 0.11940298507462686 0.01948051948051948
0 0.27208551835417505 0.43125352907961606 0.006857603872529245 0.006493506493506494
0 0.3327954820492134 0.42066629023150764 0.08148446954417103 0.019762845849802372
0 0.33783783783783783 0.4202428006775833 0.003630496167809601 0.001976284584980237
0 0.40883420734167003 0.4264539808018069 0.052843888664784185 0.007622811970638058
0 0.46873739411052845 0.4212309429700734 0.04033884630899556 0.015810276679841896
0 0.5116982654296087 0.4311123658949746 0.018152480839048003 0.018068887634105024
0 0.5526421944332393 0.4209486166007905 0.06938281565147236 0.01693958215697346
0 0.5590964098426785 0.41671372106154714 0.003227107704719645 0.0016939582156973462
0 0.6157724889068172 0.4258893280632411 0.021379588543767647 0.007058159232072276
0 0.7121823315853166 0.4191134952004517 0.13513513513513514 0.01948051948051948
0 0.8150463896732554 0.4256070016939582 0.03993545784590561 0.005928853754940711
0 0.8102057281161759 0.415725578769057 0.0028237192416296895 0.001976284584980237
0 0.1563130294473578 0.4772727272727273 0.021379588543767647 0.00818746470920384
0 0.19483662767244858 0.4776962168266516 0.016135538523598225 0.006775832862789385
0 0.24505849132714805 0.47219085262563526 0.08511496571198064 0.017221908526256352
0 0.3489310205728116 0.47995482778091475 0.11536910044372731 0.030491247882552232
0 0.4171036708350141 0.47910784867306605 0.003227107704719645 0.0016939582156973462
0 0.4461476401774909 0.4717673630717109 0.026623638563937072 0.017504234895539244
0 0.481444130697862 0.47247317899491814 0.06333198870512304 0.0189158667419537
0 0.4834610730133118 0.46950875211744775 0.003630496167809601 0.0016939582156973462
0 0.609116579265833 0.47783738001129306 0.15328761597418314 0.029644268774703556
0 0.6169826542960871 0.4654150197628458 0.0052440500201694235 0.001976284584980237
0 0.6577248890681726 0.46809712027103334 0.0028237192416296895 0.0016939582156973462
0 0.7388059701492538 0.4719085262563523 0.07785397337636143 0.016657255787690572
0 0.19483662767244858 0.5214568040654998 0.10407422347720856 0.019198193111236588
0 0.2952803549818475 0.5258328627893846 0.06696248487293263 0.026256352343308864
0 0.3771682129891085 0.5214568040654998 0.07018959257765228 0.018633540372670808
0 0.4505849132714804 0.5276679841897233 0.04195240016135539 0.007340485601355167
0 0.5312626058894716 0.5266798418972332 0.08148446954417103 0.00818746470920384
0 0.6044776119402985 0.5278091473743648 0.06333198870512304 0.007622811970638058
0 0.5935861234368697 0.5186335403726708 0.004437273093989512 0.00282326369282891
0 0.7210568777732956 0.5255505364201016 0.14320290439693426 0.023997741389045736
0 0.7220653489310206 0.5177865612648221 0.004840661557079467 0.002258610954263128
0 0.17769261799112546 0.5734048560135516 0.07220653489310205 0.017504234895539244
0 0.20371117386042759 0.5691699604743083 0.003227107704719645 0.001129305477131564
0 0.22751109318273496 0.5741106719367589 0.02743041549011698 0.015527950310559006
0 0.2918515530455829 0.5734048560135516 0.06494554255748286 0.018068887634105024
0 0.28580072609923357 0.5683229813664596 0.003630496167809601 0.0016939582156973462
0 0.3874546187979024 0.577922077922078 0.0891488503428802 0.03162055335968379
0 0.4126663977410246 0.5676171654432524 0.008067769261799113 0.003105590062111801
0 0.4709560306575232 0.5762281197063805 0.0826946349334409 0.028232636928289104
0 0.4332392093586123 0.5743929983060417 0.0016135538523598225 0.001411631846414455
0 0.5340863251311012 0.5786278938452851 0.016135538523598225 0.006493506493506494
0 0.590964098426785 0.5721343873517787 0.09681323114158935 0.018351214003387916
0 0.6194029850746269 0.5700169395821569 0.003630496167809601 0.002258610954263128
0 0.6478418717224688 0.5830039525691699 0.008874546187979023 0.00846979107848673
0 0.7059298104074223 0.5728402032749859 0.08713190802743041 0.018068887634105024
0 0.7833803953206938 0.5774985883681536 0.029043969342476807 0.006493506493506494
0 0.7858007260992336 0.5690287972896668 0.005647438483259379 0.002540937323546019
0 0.835820895522388 0.5773574251835122 0.04437273093989512 0.007340485601355167
0 0.1964501815248084 0.6235177865612648 0.10568777732956837 0.0189158667419537
0 0.2932634126663977 0.6243647656691135 0.06131504638967326 0.01948051948051948
0 0.32654296087131907 0.6230942970073405 0.026220250100847116 0.01693958215697346
0 0.36345300524405 0.6285996612083569 0.022589753933037516 0.006493506493506494
0 0.42517144009681324 0.6274703557312253 0.06776926179911255 0.027950310559006212
0 0.4281968535699879 0.620694522868436 0.0028237192416296895 0.001976284584980237
0 0.49616780960064544 0.6259175607001694 0.03791851553045583 0.029361942405420668
0 0.5711980637353772 0.629587803500847 0.0935861234368697 0.03274985883681536
0 0.6409842678499394 0.6302936194240542 0.016942315449778138 0.007058159232072276
0 0.7033077853973376 0.6223884810841332 0.10770471964501815 0.0189158667419537
0 0.7718838241226301 0.6338226990400904 0.007664380798709157 0.007340485601355167
0 0.18152480839048002 0.6768774703557312 0.06857603872529246 0.027385657820440428
0 0.22408229124647036 0.6765951439864484 0.01008471157724889 0.001976284584980237
0 0.2890278338039532 0.6732072275550537 0.10528438886647842 0.021174477696216828
0 0.3854376764824526 0.6781479390175043 0.06252521177894312 0.025974025974025976
0 0.44332392093586126 0.6804065499717674 0.026623638563937072 0.006775832862789385
0 0.44251714400968134 0.6710897797854319 0.005647438483259379 0.002258610954263128
0 0.4955627269060105 0.6791360813099944 0.04719645018152481 0.007058159232072276
0 0.6040742234772085 0.6804065499717674 0.1335215812827753 0.03500846979107849
0 0.6972569584509883 0.6788537549407114 0.018152480839048003 0.00818746470920384
0 0.7446551028640581 0.6795595708639187 0.0790641387656313 0.03162055335968379
0 0.7238805970149254 0.6674195369847544 0.010891488503428802 0.00282326369282891
0 0.18293666801129488 0.7275550536420101 0.0681726502622025 0.028797289666854884
0 0.2654296087131908 0.7368718238283456 0.06131504638967326 0.024844720496894408
0 0.3580072609923356 0.7282608695652174 0.08834207341670028 0.0251270468661773
0 0.3646631706333199 0.7156973461321288 0.005647438483259379 0.002258610954263128
0 0.43949173053650664 0.7260022586109542 0.04235578862444534 0.029079616036137776
0 0.49596611536910046 0.7286843591191418 0.05929810407422348 0.00846979107848673
0 0.4955627269060105 0.7169678147939017 0.004437273093989512 0.001976284584980237
0 0.5336829366680113 0.7320722755505364 0.0024203307785397336 0.0016939582156973462
