0 0.16135538523598225 0.21527385657820441 0.017749092375958047 0.0189158667419537
0 0.17406212182331585 0.2121682665160926 0.01008471157724889 0.020045172219085264
0 0.1871722468737394 0.21456804065499718 0.011294876966518758 0.012987012987012988
0 0.19302137958854376 0.2161208356860531 0.0060508269463493344 0.008752117447769622
0 0.2263009277934651 0.217673630717109 0.005647438483259379 0.006211180124223602
0 0.23134328358208955 0.20708639186900057 0.00927793465106898 0.003105590062111801
0 0.23618394513916902 0.21781479390175043 0.00927793465106898 0.008752117447769622
0 0.28418717224687373 0.21230942970073405 0.02864058087938685 0.019762845849802372
0 0.3081887858007261 0.21456804065499718 0.01855586930213796 0.014116318464144552
0 0.34933440903590157 0.2137210615471485 0.012101653892698669 0.019762845849802372
0 0.3785800726099234 0.21640316205533597 0.013311819281968536 0.008752117447769622
0 0.40500201694231547 0.2155561829474873 0.033884630899556276 0.01101072840203275
0 0.4528035498184752 0.2199322416713721 0.022993142396127472 0.03387916431394692
0 0.491125453812021 0.21103896103896103 0.003630496167809601 0.003105590062111801
0 0.4955627269060105 0.2111801242236025 0.0028237192416296895 0.0033879164313946925
0 0.5233965308592174 0.2186617730095991 0.04477611940298507 0.023997741389045736
0 0.5514320290439694 0.21908526256352343 0.007260992335619202 0.007340485601355167
0 0.5546591367486889 0.20793337097684925 0.005647438483259379 0.002540937323546019
0 0.5609116579265833 0.22106154714850368 0.014925373134328358 0.018068887634105024
0 0.5966115369100444 0.2137210615471485 0.01936264622831787 0.014680971202710334
0 0.6113352158128278 0.21696781479390176 0.003630496167809601 0.004799548277809147
0 0.6286809197256958 0.22190852625635235 0.02702702702702703 0.019762845849802372
0 0.6200080677692618 0.20426312817617165 0.005647438483259379 0.003105590062111801
0 0.6799112545381202 0.21442687747035574 0.02864058087938685 0.016092603049124788
0 0.7444534086325131 0.2165443252399774 0.05445744251714401 0.010163749294184076
0 0.7747075433642597 0.21964991530208922 0.01008471157724889 0.015245623941276116
0 0.826946349334409 0.22233201581027667 0.04759983864461476 0.026256352343308864
0 0.15933844292053248 0.26566911349520045 0.010488100040338847 0.012987012987012988
0 0.18676885841064947 0.2662337662337662 0.03791851553045583 0.009034443817052512
0 0.21742638160548608 0.26341050254093734 0.01371520774505849 0.015810276679841896
0 0.2345703912868092 0.2540937323546019 0.0028237192416296895 0.003952569169960474
0 0.23880597014925373 0.2542348955392434 0.0024203307785397336 0.0036702428006775835
0 0.2436466317063332 0.27526821005081875 0.003227107704719645 0.00282326369282891
0 0.299919322307382 0.2641163184641446 0.0060508269463493344 0.017786561264822136
0 0.30697862041145624 0.2627046866177301 0.01371520774505849 0.020609824957651044
0 0.32029043969342474 0.2672219085262564 0.012101653892698669 0.009316770186335404
0 0.34933440903590157 0.2586109542631282 0.008067769261799113 0.0033879164313946925
0 0.3479225494150867 0.268068887634105 0.0028237192416296895 0.006493506493506494
0 0.35861234368697054 0.26679841897233203 0.008067769261799113 0.009599096555618294
0 0.41064945542557485 0.26651609260304915 0.041145623235175476 0.02710333145115754
0 0.46752722872125857 0.2683512140033879 0.04033884630899556 0.009881422924901186
0 0.4947559499798306 0.2682100508187465 0.012505042355788625 0.010163749294184076
0 0.5373134328358209 0.2621400338791643 0.023396530859217425 0.022303783173348392
0 0.5718031464300121 0.2676453980801807 0.0463896732553449 0.033314511575381144
0 0.6349334409035902 0.26453980801806887 0.03146430012101654 0.014116318464144552
0 0.6978620411456232 0.26665725578769056 0.03146430012101654 0.02456239412761152
0 0.7156111335215812 0.2577639751552795 0.011294876966518758 0.004517221908526256
0 0.7230738200887454 0.26453980801806887 0.013311819281968536 0.017504234895539244
0 0.7771278741427995 0.2652456239412761 0.038321903993545785 0.015527950310559006
0 0.845502218636547 0.26468097120271034 0.04759983864461476 0.020609824957651044
0 0.15248083904800322 0.31648785996612083 0.016135538523598225 0.020327498588368152
0 0.16397741024606696 0.3222755505364201 0.003630496167809601 0.004234895539243365
0 0.1718434852763211 0.3210050818746471 0.015328761597418314 0.01129305477131564
0 0.2236789027833804 0.3211462450592885 0.02944735780556676 0.009881422924901186
0 0.24526018555869303 0.3219932241671372 0.01371520774505849 0.006493506493506494
0 0.2977006857603873 0.3219932241671372 0.03953206938281565 0.010446075663466968
0 0.30939895118999594 0.3090062111801242 0.008067769261799113 0.003105590062111801
0 0.327148043565954 0.3197346132128741 0.016942315449778138 0.014398644833427442
0 0.37474788221056876 0.32058159232072275 0.01855586930213796 0.012704686617730096
0 0.40843081887858007 0.31846414455110106 0.04154901169826543 0.020327498588368152
0 0.4701492537313433 0.32396950875211744 0.022993142396127472 0.035290796160361376
0 0.5312626058894716 0.320016939582157 0.04437273093989512 0.02456239412761152
0 0.5665590964098427 0.3308865047995483 0.024606696248487294 0.0220214568040655
0 0.563937071399758 0.3147939017504235 0.008874546187979023 0.005081874647092038
0 0.608713190802743 0.32086391869000563 0.024203307785397338 0.014398644833427442
0 0.6661960467930618 0.3190287972896669 0.0391286809197257 0.01693958215697346
0 0.6986688180718031 0.32241671372106157 0.023396530859217425 0.009034443817052512
0 0.7646228317870108 0.32834556747600224 0.06978620411456232 0.029361942405420668
0 0.8114158935054457 0.3166290231507623 0.004437273093989512 0.006493506493506494
0 0.8221056877773296 0.3204404291360813 0.008067769261799113 0.010728402032749858
0 0.8309802339653086 0.32622811970638055 0.004033884630899556 0.003105590062111801
0 0.16942315449778136 0.3699887069452287 0.03791851553045583 0.026821005081874648
0 0.24425171440096813 0.36561264822134387 0.051230334812424366 0.018068887634105024
0 0.3021379588543768 0.37450592885375494 0.053247277127874144 0.02456239412761152
0 0.3838241226300928 0.3694240542066629 0.05929810407422348 0.01948051948051948
0 0.4263816054860831 0.37662337662337664 0.023396530859217425 0.019762845849802372
0 0.4281968535699879 0.36363636363636365 0.007664380798709157 0.0033879164313946925
0 0.4870915691811214 0.37267080745341613 0.043969342476805166 0.010728402032749858
0 0.4737797498991529 0.3620835686053077 0.008471157724889069 0.001976284584980237
0 0.5316659943525616 0.3699887069452287 0.03953206938281565 0.016657255787690572
0 0.5923759580475998 0.3687182382834557 0.018959257765227916 0.019762845849802372
0 0.6151674062121824 0.37224731789949184 0.03146430012101654 0.01101072840203275
0 0.6490520371117386 0.36589497459062675 0.004033884630899556 0.004517221908526256
0 0.654497781363453 0.3651891586674195 0.0028237192416296895 0.006493506493506494
0 0.6728519564340459 0.37238848108413325 0.007260992335619202 0.009034443817052512
0 0.68192819685357 0.37267080745341613 0.008471157724889069 0.00846979107848673
0 0.6845502218636547 0.3599661208356861 0.008067769261799113 0.004517221908526256
0 0.7055264219443323 0.3687182382834557 0.029850746268656716 0.014116318464144552
0 0.7440500201694231 0.37577639751552794 0.03670835014118596 0.024280067758328628
0 0.7755143202904397 0.36928289102202144 0.025413473174667203 0.01693958215697346
0 0.800322710770472 0.37648221343873517 0.02016942315449778 0.01948051948051948
0 0.7944735780556677 0.36462450592885376 0.0060508269463493344 0.0036702428006775835
0 0.8271480435659541 0.36561264822134387 0.0028237192416296895 0.0033879164313946925
0 0.8327954820492134 0.365330321852061 0.003630496167809601 0.004517221908526256
0 0.15570794675272287 0.4202428006775833 0.014521984671238403 0.010446075663466968
0 0.16760790641387657 0.4205251270468662 0.007664380798709157 0.012140033879164314
0 0.20492133924969747 0.4212309429700734 0.00645421540943929 0.006211180124223602
0 0.21319080274304156 0.41727837380011296 0.018152480839048003 0.012422360248447204
0 0.2535296490520371 0.4116318464144551 0.012505042355788625 0.00282326369282891
0 0.2507059298104074 0.4209486166007905 0.0052440500201694235 0.006211180124223602
0 0.25857200484066156 0.4215132693393563 0.008874546187979023 0.006775832862789385
0 0.327349737797499 0.4193958215697346 0.06252521177894312 0.020609824957651044
0 0.38483259378781765 0.4212309429700734 0.007260992335619202 0.018633540372670808
0 0.4035901573215006 0.43040654997176736 0.0052440500201694235 0.004799548277809147
0 0.44392900363049614 0.4222190852625635 0.007664380798709157 0.007058159232072276
0 0.4497781363453005 0.4129023150762281 0.00645421540943929 0.003105590062111801
0 0.45240016135538524 0.42165443252399776 0.00927793465106898 0.007058159232072276
0 0.4899152884227511 0.422360248447205 0.010891488503428802 0.010163749294184076
0 0.5102864058087939 0.42080745341614906 0.024203307785397338 0.013269339356295878
0 0.5693828156514724 0.4192546583850932 0.045582896329164985 0.01637492941840768
0 0.5647438483259378 0.4134669678147939 0.004840661557079467 0.003105590062111801
0 0.5943929003630496 0.4161490683229814 0.003630496167809601 0.00564652738565782
0 0.6149657119806373 0.422360248447205 0.040742234772085516 0.03274985883681536
0 0.673053650665591 0.4243365330321852 0.025413473174667203 0.01129305477131564
0 0.6897942718838241 0.4192546583850932 0.008874546187979023 0.018633540372670808
0 0.7041145623235175 0.4189723320158103 0.025413473174667203 0.02258610954263128
0 0.7559499798305769 0.42165443252399776 0.04356595401371521 0.017221908526256352
0 0.7779346510689794 0.4333709768492377 0.00927793465106898 0.010163749294184076
0 0.15570794675272287 0.4710615471485037 0.011294876966518758 0.014963297571993224
0 0.17809600645421542 0.47247317899491814 0.026220250100847116 0.008752117447769622
0 0.2045179507866075 0.4707792207792208 0.012101653892698669 0.008752117447769622
0 0.22771278741427994 0.4712027103331451 0.02944735780556676 0.02766798418972332
0 0.290843081887858 0.474025974025974 0.03791851553045583 0.009599096555618294
0 0.31787010891488504 0.47148503670242803 0.01290843081887858 0.014680971202710334
0 0.363654699475595 0.47557876905702995 0.013311819281968536 0.021174477696216828
0 0.3854376764824526 0.4767080745341615 0.018959257765227916 0.021174477696216828
0 0.41085114965711983 0.47162619988706944 0.022993142396127472 0.017786561264822136
0 0.4308188785800726 0.4762845849802372 0.009681323114158934 0.006775832862789385
0 0.43828156514723676 0.4709203839638622 0.003630496167809601 0.017504234895539244
0 0.4562323517547398 0.48009599096555616 0.023396530859217425 0.020609824957651044
0 0.46893908834207343 0.47473178994918125 0.010891488503428802 0.014398644833427442
0 0.4836627672448568 0.47360248447204967 0.016942315449778138 0.018351214003387916
0 0.5465913674868899 0.4748729531338227 0.04679306171843485 0.017504234895539244
0 0.5778539733763615 0.47501411631846413 0.014118596208148447 0.01948051948051948
0 0.6317063331988705 0.4810841332580463 0.035498184751916094 0.021456804065499716
0 0.6611536910044373 0.47783738001129306 0.024203307785397338 0.00818746470920384
0 0.72650262202501 0.47247317899491814 0.0572811617587737 0.017221908526256352
0 0.7801532876159741 0.47699040090344436 0.005647438483259379 0.00818746470920384
0 0.7829770068576039 0.46513269339356295 0.007260992335619202 0.003105590062111801
0 0.7930617184348527 0.4723320158102767 0.014521984671238403 0.01693958215697346
0 0.8285599031867689 0.47473178994918125 0.00645421540943929 0.007622811970638058
0 0.8344090359015732 0.4631564088085827 0.004437273093989512 0.002540937323546019
0 0.8370310609116579 0.4754376058723885 0.008874546187979023 0.007905138339920948
0 0.16417910447761194 0.5224449463579899 0.021782977006857603 0.011575381140598532
0 0.1845502218636547 0.5238565782044043 0.012505042355788625 0.00818746470920384
0 0.23779749899152886 0.5237154150197628 0.025413473174667203 0.026538678712591756
0 0.2878176684146833 0.5197628458498024 0.022993142396127472 0.018633540372670808
0 0.3096006454215409 0.5232919254658385 0.014925373134328358 0.009316770186335404
0 0.35074626865671643 0.525691699604743 0.01734570391286809 0.010163749294184076
0 0.3721258572004841 0.5248447204968945 0.019766034691407825 0.011857707509881422
0 0.3890681726502622 0.5228684359119141 0.011698265429608713 0.01693958215697346
0 0.4193223073820089 0.5248447204968945 0.01734570391286809 0.006775832862789385
0 0.44695441710367084 0.5208921513269339 0.03630496167809601 0.020892151326933936
0 0.4645018152480839 0.5262563523433089 0.0028237192416296895 0.00282326369282891
0 0.46772892295280355 0.5204686617730095 0.0060508269463493344 0.0036702428006775835
0 0.48124243646631704 0.5232919254658385 0.01936264622831787 0.01948051948051948
0 0.4979830576845502 0.5239977413890458 0.006857603872529245 0.018633540372670808
0 0.5096813231141589 0.5279503105590062 0.014118596208148447 0.009599096555618294
0 0.5592981040742234 0.5252682100508187 0.014925373134328358 0.012140033879164314
0 0.5875352964905204 0.5207509881422925 0.03670835014118596 0.020609824957651044
0 0.617789431222267 0.5210333145115754 0.02379991932230738 0.017221908526256352
0 0.6339249697458653 0.525691699604743 0.00927793465106898 0.011857707509881422
0 0.6811214199273901 0.5304912478825522 0.02702702702702703 0.02766798418972332
0 0.7440500201694231 0.5278091473743648 0.05203711173860428 0.026821005081874648
0 0.7841871722468737 0.5306324110671937 0.02581686163775716 0.018351214003387916
0 0.7807583703106091 0.5165160926030491 0.008471157724889069 0.003105590062111801
0 0.16841468334005646 0.5707227555053642 0.02702702702702703 0.009881422924901186
0 0.18676885841064947 0.5773574251835122 0.015328761597418314 0.020892151326933936
0 0.2353771682129891 0.5767927724449463 0.014925373134328358 0.028232636928289104
0 0.25110931827349736 0.5739695087521175 0.014118596208148447 0.009599096555618294
0 0.2680516337232755 0.5735460191981931 0.010891488503428802 0.00818746470920384
0 0.2771278741427995 0.5753811405985318 0.004033884630899556 0.005081874647092038
0 0.2902379991932231 0.5731225296442688 0.026220250100847116 0.012422360248447204
0 0.33521581282775315 0.5758046301524562 0.00645421540943929 0.011575381140598532
0 0.33783783783783783 0.5632411067193676 0.0060508269463493344 0.0033879164313946925
0 0.36264622831787013 0.5745341614906833 0.04759983864461476 0.028797289666854884
0 0.4138765631302945 0.5746753246753247 0.041145623235175476 0.015527950310559006
0 0.4461476401774909 0.5800395256916996 0.020976200080677694 0.007622811970638058
0 0.4411052843888665 0.567476002258611 0.007664380798709157 0.0033879164313946925
0 0.4693424768051634 0.58399209486166 0.003630496167809601 0.003105590062111801
