0 0.16397741024606696 0.1976284584980237 0.03670835014118596 0.023715415019762844
0 0.1700282371924163 0.20228684359119142 0.01008471157724889 0.007622811970638058
0 0.20270270270270271 0.20228684359119142 0.019766034691407825 0.009881422924901186
0 0.22166196046793063 0.20242800677583286 0.021379588543767647 0.00846979107848673
0 0.23618394513916902 0.1994635798983625 0.01653892698668818 0.018351214003387916
0 0.2763210972166196 0.19861660079051383 0.04195240016135539 0.018351214003387916
0 0.30597014925373134 0.20327498588368154 0.01653892698668818 0.006211180124223602
0 0.31464300121016536 0.2096273291925466 0.014521984671238403 0.01101072840203275
0 0.34610730133118195 0.19367588932806323 0.024203307785397338 0.023715415019762844
0 0.35296490520371115 0.20031055900621117 0.011294876966518758 0.00818746470920384
0 0.36607503025413474 0.20059288537549408 0.018959257765227916 0.009316770186335404
0 0.37918515530455826 0.20059288537549408 0.01371520774505849 0.009316770186335404
0 0.390681726502622 0.2010163749294184 0.014118596208148447 0.009034443817052512
0 0.40742234772085517 0.2012987012987013 0.026623638563937072 0.009034443817052512
0 0.4191206131504639 0.20863918690005648 0.01290843081887858 0.010728402032749858
0 0.44937474788221055 0.20214568040654998 0.03469140782573618 0.039525691699604744
0 0.44050020169423154 0.2031338226990401 0.011294876966518758 0.006493506493506494
0 0.472569584509883 0.18181818181818182 0.012505042355788625 0.018068887634105024
0 0.48063735377168215 0.2025691699604743 0.011698265429608713 0.008752117447769622
0 0.4977813634530052 0.20765104460756634 0.029043969342476807 0.0251270468661773
0 0.490923759580476 0.2015810276679842 0.008874546187979023 0.007340485601355167
0 0.517950786607503 0.2069452286843591 0.035498184751916094 0.021456804065499716
0 0.5411456232351755 0.20115753811405984 0.014118596208148447 0.009881422924901186
0 0.5506252521177895 0.20087521174477696 0.00645421540943929 0.007058159232072276
0 0.5588947156111336 0.20143986448334275 0.012505042355788625 0.00818746470920384
0 0.5661557079467527 0.21132128740824394 0.025413473174667203 0.023433088650479956
0 0.5609116579265833 0.18901750423489555 0.0052440500201694235 0.005928853754940711
0 0.6054860830980234 0.19579333709768493 0.035498184751916094 0.026256352343308864
0 0.6341266639774102 0.1976284584980237 0.01855586930213796 0.021456804065499716
0 0.6621621621621622 0.1956521739130435 0.03509479628882614 0.024280067758328628
0 0.6849536103267446 0.20059288537549408 0.029850746268656716 0.008752117447769622
0 0.7422347720855184 0.19649915302089216 0.050826946349334406 0.023150762281197064
0 0.7936668011294877 0.1979107848673066 0.021379588543767647 0.019198193111236588
0 0.826946349334409 0.20073404856013552 0.012101653892698669 0.010163749294184076
0 0.836425978217023 0.2100508187464709 0.031060911657926585 0.025974025974025976
0 0.836425978217023 0.2010163749294184 0.008471157724889069 0.006211180124223602
0 0.19281968535699878 0.2494353472614342 0.017749092375958047 0.011575381140598532
0 0.2099636950383219 0.24392998306041785 0.019766034691407825 0.0220214568040655
0 0.21964501815248083 0.24957651044607565 0.02218636546994756 0.012422360248447204
0 0.23315853166599435 0.24887069452286845 0.012101653892698669 0.009316770186335404
0 0.27228721258572003 0.2502823263692829 0.016135538523598225 0.009881422924901186
0 0.2944735780556676 0.2508469791078487 0.024203307785397338 0.010446075663466968
0 0.3208955223880597 0.2651044607566347 0.07301331181928197 0.042348955392433656
0 0.3174667204517951 0.24491812535290797 0.01371520774505849 0.021174477696216828
0 0.32210568777732956 0.24985883681535856 0.01008471157724889 0.009599096555618294
0 0.3947156111335216 0.24858836815358554 0.026220250100847116 0.01948051948051948
0 0.4372730939895119 0.24872953133822698 0.0572811617587737 0.020327498588368152
0 0.5171440096813231 0.24124788255223037 0.07987091569181122 0.035290796160361376
0 0.5508269463493344 0.25141163184641446 0.024606696248487294 0.014398644833427442
0 0.5693828156514724 0.2518351214003388 0.006857603872529245 0.009034443817052512
0 0.5766438079870916 0.2409655561829475 0.003630496167809601 0.004799548277809147
0 0.5869302137958854 0.24548277809147373 0.02501008471157725 0.023433088650479956
0 0.6381605486083098 0.24618859401468096 0.045986284792254944 0.044607566346696784
0 0.672650262202501 0.2564935064935065 0.018152480839048003 0.0251270468661773
0 0.6893908834207342 0.25056465273856576 0.01855586930213796 0.01101072840203275
0 0.7053247277127874 0.24830604178430266 0.02218636546994756 0.023433088650479956
0 0.7041145623235175 0.23898927159796726 0.003630496167809601 0.005928853754940711
0 0.7531262605889472 0.24491812535290797 0.029850746268656716 0.017786561264822136
0 0.7882210568777733 0.24971767363071712 0.06857603872529246 0.03811405985319029
0 0.77349737797499 0.23687182382834557 0.0028237192416296895 0.007340485601355167
0 0.8334005647438483 0.24647092038396387 0.01855586930213796 0.025409373235460192
0 0.19685356998789835 0.30138339920948615 0.024203307785397338 0.01383399209486166
0 0.208955223880597 0.30039525691699603 0.015328761597418314 0.009034443817052512
0 0.2200484066155708 0.29983060417843027 0.010891488503428802 0.01129305477131564
0 0.23477208551835418 0.2999717673630717 0.02016942315449778 0.012140033879164314
0 0.23215006050826947 0.2868435911914173 0.0052440500201694235 0.006211180124223602
0 0.2599838644614764 0.30124223602484473 0.030254134731746672 0.010163749294184076
0 0.2781363453005244 0.30448898927159795 0.002016942315449778 0.001411631846414455
0 0.3021379588543768 0.3015245623941276 0.02743041549011698 0.029926595143986448
0 0.32513110125050426 0.28500846979107847 0.041145623235175476 0.007058159232072276
0 0.3247277127874143 0.3026538678712592 0.03146430012101654 0.010163749294184076
0 0.3574021782977007 0.3015245623941276 0.016135538523598225 0.010163749294184076
0 0.3717224687373941 0.3018068887634105 0.014925373134328358 0.009599096555618294
0 0.39128680919725695 0.30138339920948615 0.028237192416296894 0.009316770186335404
0 0.42174263816054863 0.29785431959345005 0.040742234772085516 0.030491247882552232
0 0.472569584509883 0.29545454545454547 0.0391286809197257 0.027950310559006212
0 0.5139169019766034 0.30434782608695654 0.02016942315449778 0.012422360248447204
0 0.5403388463089955 0.3040654997176736 0.043969342476805166 0.011857707509881422
0 0.5699878983461073 0.3039243365330322 0.024203307785397338 0.012704686617730096
0 0.618192819685357 0.29884246188594016 0.051230334812424366 0.04376058723884811
0 0.654699475594998 0.29757199322416716 0.03872529245663574 0.029926595143986448
0 0.6978620411456232 0.30237154150197626 0.015328761597418314 0.00846979107848673
0 0.7144009681323115 0.2974308300395257 0.02016942315449778 0.022303783173348392
0 0.717628075837031 0.3036420101637493 0.01371520774505849 0.008752117447769622
0 0.7303348124243647 0.3030773574251835 0.01734570391286809 0.009316770186335404
0 0.7418313836224284 0.3029361942405421 0.009681323114158934 0.009599096555618294
0 0.7482855990318676 0.3042066629023151 0.009681323114158934 0.008752117447769622
0 0.7531262605889472 0.2920666290231508 0.004033884630899556 0.007058159232072276
0 0.7934651068979427 0.29700734048560135 0.05405405405405406 0.029361942405420668
0 0.8073820088745461 0.3136645962732919 0.07382008874546188 0.03387916431394692
0 0.1920129084308189 0.3546019198193111 0.01855586930213796 0.010163749294184076
0 0.19564340459862847 0.3438735177865613 0.00645421540943929 0.007340485601355167
0 0.22932634126663978 0.3577075098814229 0.02944735780556676 0.023150762281197064
0 0.24969745865268253 0.35276679841897235 0.042759177087535294 0.041501976284584984
0 0.27410246066962485 0.3520609824957651 0.01573215006050827 0.01129305477131564
0 0.2811617587736991 0.3514963297571993 0.008067769261799113 0.00846979107848673
0 0.2964905203711174 0.35079051383399207 0.02501008471157725 0.010446075663466968
0 0.2920532472771279 0.34006211180124224 0.004033884630899556 0.01101072840203275
0 0.35034288019362647 0.3601072840203275 0.03993545784590561 0.029644268774703556
0 0.34630899556272693 0.34881422924901184 0.027833803953206938 0.012704686617730096
0 0.3785800726099234 0.34627329192546585 0.02702702702702703 0.027385657820440428
0 0.37252924566357404 0.3351214003387916 0.003630496167809601 0.005081874647092038
0 0.39027833803953205 0.3469791078486731 0.021379588543767647 0.0220214568040655
0 0.42396127470754336 0.34627329192546585 0.024203307785397338 0.021739130434782608
0 0.4427188382412263 0.351072840203275 0.012505042355788625 0.012140033879164314
0 0.46208148446954417 0.34726143421795597 0.026220250100847116 0.018633540372670808
0 0.49052037111738606 0.35177865612648224 0.014521984671238403 0.01129305477131564
0 0.5040338846308996 0.35191981931112365 0.013311819281968536 0.009881422924901186
0 0.5389269866881807 0.3447204968944099 0.028237192416296894 0.024844720496894408
0 0.5713997579669221 0.3512140033879164 0.01734570391286809 0.014116318464144552
0 0.5855183541750706 0.35093167701863354 0.01734570391286809 0.012422360248447204
0 0.6016538926986689 0.3554488989271598 0.0318676885841065 0.024280067758328628
0 0.6153691004437273 0.35742518351214003 0.03428801936264623 0.028797289666854884
0 0.645219846712384 0.351072840203275 0.02864058087938685 0.012704686617730096
0 0.6865671641791045 0.34443817052512704 0.03953206938281565 0.028232636928289104
0 0.7111738604275918 0.3495200451722191 0.01855586930213796 0.020892151326933936
0 0.7430415490116983 0.34655561829474874 0.03791851553045583 0.026821005081874648
0 0.7882210568777733 0.3513551665725579 0.01290843081887858 0.01101072840203275
0 0.8021379588543768 0.34754376058723885 0.013311819281968536 0.019762845849802372
0 0.8081887858007261 0.34839073969508755 0.01734570391286809 0.021456804065499716
0 0.8293666801129488 0.35319028797289664 0.02743041549011698 0.011857707509881422
0 0.8217022993142397 0.34006211180124224 0.0024203307785397336 0.004234895539243365
0 0.8527632109721662 0.34937888198757766 0.017749092375958047 0.020609824957651044
0 0.18797902379991932 0.40217391304347827 0.03227107704719645 0.011575381140598532
0 0.2101653892698669 0.39709203839638624 0.01371520774505849 0.020609824957651044
0 0.20935861234368697 0.38975155279503104 0.003227107704719645 0.005928853754940711
0 0.21944332392093585 0.4041501976284585 0.010488100040338847 0.011575381140598532
0 0.2593787817668415 0.4020327498588368 0.04033884630899556 0.04291360813099943
0 0.2964905203711174 0.41643139469226426 0.033884630899556276 0.03613777526821005
0 0.3208955223880597 0.4048560135516657 0.014925373134328358 0.01129305477131564
0 0.3317870108914885 0.4051383399209486 0.013311819281968536 0.00846979107848673
0 0.36708350141185964 0.4083850931677019 0.0645421540943929 0.041501976284584984
0 0.3537716821298911 0.40344438170525126 0.026623638563937072 0.010163749294184076
0 0.43384429205324726 0.4031620553359684 0.030254134731746672 0.01129305477131564
0 0.46107301331181927 0.398927159796725 0.024203307785397338 0.024280067758328628
0 0.49152884227511096 0.4025974025974026 0.018959257765227916 0.019762845849802372
0 0.5324727712787414 0.40669113495200454 0.03630496167809601 0.021739130434782608
0 0.5518354175070593 0.40429136081309996 0.008067769261799113 0.009034443817052512
0 0.5594997983057685 0.4048560135516657 0.014521984671238403 0.010728402032749858
0 0.5635336829366681 0.38961038961038963 0.003227107704719645 0.003952569169960474
0 0.5796692214602662 0.3986448334274421 0.026623638563937072 0.023150762281197064
0 0.591367486889875 0.4048560135516657 0.003227107704719645 0.0016939582156973462
0 0.6278741427995159 0.3994918125352908 0.020572811617587738 0.025409373235460192
0 0.635941912061315 0.39822134387351776 0.02379991932230738 0.02456239412761152
0 0.6668011294876967 0.4028797289666855 0.029850746268656716 0.01355166572557877
0 0.6865671641791045 0.4023150762281197 0.014521984671238403 0.012422360248447204
0 0.7006857603872529 0.39808018068887635 0.01855586930213796 0.02258610954263128
0 0.7077450584913272 0.39920948616600793 0.022993142396127472 0.018068887634105024
0 0.7379991932230738 0.3986448334274421 0.02702702702702703 0.020327498588368152
0 0.7753126260588947 0.4023150762281197 0.03146430012101654 0.01355166572557877
0 0.7981040742234772 0.40330321852060985 0.021379588543767647 0.01101072840203275
0 0.191004437273094 0.44988706945228685 0.02702702702702703 0.010446075663466968
0 0.2265026220250101 0.44678147939017504 0.052843888664784185 0.022868435911914172
0 0.2656313029447358 0.48743647656691136 0.0052440500201694235 0.004799548277809147
0 0.2825736183945139 0.4473461321287408 0.02702702702702703 0.023997741389045736
0 0.3162565550625252 0.470214568040655 0.05889471561113352 0.03867871259175607
0 0.31787010891488504 0.45398080180688877 0.02581686163775716 0.010728402032749858
0 0.3489310205728116 0.45539243365330323 0.014521984671238403 0.010728402032749858
0 0.37232755143202906 0.4522868435911914 0.033884630899556276 0.015810276679841896
0 0.4118596208148447 0.45398080180688877 0.014521984671238403 0.006775832862789385
0 0.4191206131504639 0.45892151326933933 0.028237192416296894 0.017786561264822136
0 0.445542557482856 0.45426312817617165 0.026220250100847116 0.006775832862789385
0 0.46046793061718433 0.45313382269904007 0.012505042355788625 0.00846979107848673
0 0.4755949979830577 0.4507340485601355 0.022589753933037516 0.017786561264822136
0 0.4955627269060105 0.4575098814229249 0.025413473174667203 0.010446075663466968
0 0.5346914078257362 0.4544042913608131 0.018152480839048003 0.009881422924901186
0 0.5486083098023397 0.4556747600225861 0.01855586930213796 0.011857707509881422
0 0.5841064945542558 0.4457933370976849 0.048406615570794675 0.03274985883681536
0 0.626663977410246 0.4535573122529644 0.014925373134328358 0.009316770186335404
0 0.6438079870915692 0.4500282326369283 0.016135538523598225 0.020327498588368152
0 0.6516740621218233 0.4500282326369283 0.018959257765227916 0.021456804065499716
0 0.663775716014522 0.45609824957651046 0.01734570391286809 0.008752117447769622
0 0.6645824929407019 0.44155844155844154 0.003630496167809601 0.00282326369282891
0 0.690399354578459 0.45398080180688877 0.031060911657926585 0.019198193111236588
0 0.727511093182735 0.45454545454545453 0.01573215006050827 0.010163749294184076
0 0.7406212182331585 0.45525127046866176 0.01290843081887858 0.009316770186335404
0 0.7468737394110528 0.457227555053642 0.00927793465106898 0.007622811970638058
0 0.7617991125453812 0.45242800677583284 0.024606696248487294 0.020045172219085264
0 0.7555465913674869 0.4470638057594579 0.003227107704719645 0.004234895539243365
0 0.8118192819685357 0.44960474308300397 0.050423557886244454 0.05844155844155844
0 0.1674062121823316 0.5173630717108978 0.0572811617587737 0.04601919819311124
0 0.2244856797095603 0.5160926030491247 0.13029447357805568 0.05138339920948617
0 0.20048406615570794 0.5031055900621118 0.02743041549011698 0.009599096555618294
0 0.29931423961274706 0.5094579333709769 0.0024203307785397336 0.002540937323546019
