0 0.1581282775312626 0.2155561829474873 0.03227107704719645 0.016657255787690572
0 0.1789027833803953 0.21936758893280633 0.019766034691407825 0.00846979107848673
0 0.21601452198467125 0.21922642574816487 0.02218636546994756 0.008752117447769622
0 0.2345703912868092 0.21964991530208922 0.021379588543767647 0.007340485601355167
0 0.2646228317870109 0.22035573122529645 0.04517950786607503 0.00818746470920384
0 0.2811617587736991 0.2236024844720497 0.008067769261799113 0.0016939582156973462
0 0.2962888261395724 0.22035573122529645 0.020572811617587738 0.00818746470920384
0 0.31464300121016536 0.22007340485601354 0.022589753933037516 0.009316770186335404
0 0.3118192819685357 0.21146245059288538 0.003227107704719645 0.0016939582156973462
0 0.33198870512303347 0.21964991530208922 0.016942315449778138 0.007905138339920948
0 0.34772085518354173 0.21597967250141162 0.015328761597418314 0.01355166572557877
0 0.35397337636143605 0.2155561829474873 0.014118596208148447 0.014963297571993224
0 0.35861234368697054 0.2199322416713721 0.008874546187979023 0.006211180124223602
0 0.3622428398547802 0.22374364765669114 0.016135538523598225 0.014398644833427442
0 0.3947156111335216 0.21583850931677018 0.02218636546994756 0.015527950310559006
0 0.40399354578459057 0.21823828345567475 0.019766034691407825 0.00846979107848673
0 0.41952400161355385 0.2183794466403162 0.01371520774505849 0.00818746470920384
0 0.4302137958854377 0.22233201581027667 0.022993142396127472 0.017221908526256352
0 0.44876966518757566 0.21739130434782608 0.021379588543767647 0.009599096555618294
0 0.463493344090359 0.2183794466403162 0.016135538523598225 0.009316770186335404
0 0.47962888261395725 0.21513269339356295 0.016135538523598225 0.014680971202710334
0 0.5026220250100847 0.22134387351778656 0.02016942315449778 0.017504234895539244
0 0.5167406212182332 0.21781479390175043 0.01290843081887858 0.00818746470920384
0 0.5278338039532069 0.2183794466403162 0.01734570391286809 0.008752117447769622
0 0.5461879790237999 0.21880293619424054 0.021782977006857603 0.007340485601355167
0 0.5631302944735781 0.22120271033314512 0.026623638563937072 0.014963297571993224
0 0.5802743041549012 0.22317899491812535 0.006857603872529245 0.007058159232072276
0 0.6070996369503833 0.2186617730095991 0.035498184751916094 0.009316770186335404
0 0.6345300524405002 0.21852060982495766 0.022589753933037516 0.007340485601355167
0 0.654699475594998 0.217673630717109 0.01855586930213796 0.00846979107848673
0 0.6645824929407019 0.217673630717109 0.01008471157724889 0.007905138339920948
0 0.6770875352964906 0.21753246753246752 0.020572811617587738 0.009881422924901186
0 0.6795078660750302 0.20680406549971767 0.003630496167809601 0.002540937323546019
0 0.6954417103670835 0.21301524562394128 0.01936264622831787 0.014963297571993224
0 0.6986688180718031 0.2180971202710333 0.008874546187979023 0.006493506493506494
0 0.7230738200887454 0.22233201581027667 0.03993545784590561 0.017221908526256352
0 0.7123840258168617 0.20892151326933936 0.003227107704719645 0.0016939582156973462
0 0.7646228317870108 0.21739130434782608 0.01653892698668818 0.009034443817052512
0 0.7845905607099637 0.21259175607001693 0.020976200080677694 0.017504234895539244
0 0.817870108914885 0.217673630717109 0.035901573215006054 0.009034443817052512
0 0.8424768051633723 0.2171089779785432 0.019766034691407825 0.009034443817052512
0 0.8592174263816055 0.21470920383963862 0.020976200080677694 0.016092603049124788
0 0.8678902783380396 0.2186617730095991 0.02379991932230738 0.007058159232072276
0 0.14864864864864866 0.26976284584980237 0.02944735780556676 0.012140033879164314
0 0.18858410649455426 0.2641163184641446 0.0609116579265833 0.020609824957651044
0 0.22125857200484067 0.26312817617165446 0.021379588543767647 0.018633540372670808
0 0.22488906817265025 0.2728684359119142 0.02218636546994756 0.017786561264822136
0 0.263816054860831 0.26877470355731226 0.03065752319483663 0.01129305477131564
0 0.2833803953206938 0.2684923771880294 0.021379588543767647 0.009599096555618294
0 0.3063735377168213 0.2724449463579898 0.038321903993545785 0.018633540372670808
0 0.336224283985478 0.2676453980801807 0.006857603872529245 0.001129305477131564
0 0.3473174667204518 0.2691981931112366 0.02501008471157725 0.009881422924901186
0 0.3656716417910448 0.26905702992659514 0.02218636546994756 0.009599096555618294
0 0.3810004033884631 0.269339356295878 0.014925373134328358 0.00846979107848673
0 0.41064945542557485 0.2689158667419537 0.0500201694231545 0.009316770186335404
0 0.4427188382412263 0.269339356295878 0.022993142396127472 0.009599096555618294
0 0.47418313836224285 0.2682100508187465 0.014925373134328358 0.009599096555618294
0 0.4937474788221057 0.2713156408808583 0.02581686163775716 0.01355166572557877
0 0.4856797095603066 0.2684923771880294 0.008067769261799113 0.007340485601355167
0 0.527632109721662 0.26595143986448333 0.026623638563937072 0.019762845849802372
0 0.537111738604276 0.2696216826651609 0.018152480839048003 0.00846979107848673
0 0.5853166599435257 0.2682100508187465 0.05405405405405406 0.011857707509881422
0 0.5943929003630496 0.2607284020327499 0.006857603872529245 0.005364201016374929
0 0.6169826542960871 0.2684923771880294 0.014925373134328358 0.007340485601355167
0 0.626663977410246 0.2724449463579898 0.021379588543767647 0.017504234895539244
0 0.6575231948366277 0.26355166572557875 0.045986284792254944 0.01948051948051948
0 0.6841468334005647 0.26877470355731226 0.02016942315449778 0.00846979107848673
0 0.7022993142396128 0.2691981931112366 0.01855586930213796 0.006493506493506494
0 0.7289229528035498 0.265527950310559 0.03469140782573618 0.015527950310559006
0 0.7626058894715612 0.26439864483342745 0.026220250100847116 0.017221908526256352
0 0.7668414683340057 0.2696216826651609 0.024203307785397338 0.00846979107848673
0 0.7874142799515934 0.2701863354037267 0.01936264622831787 0.007905138339920948
0 0.8013311819281969 0.2701863354037267 0.022993142396127472 0.007905138339920948
0 0.8229124647035094 0.26538678712591757 0.01936264622831787 0.015810276679841896
0 0.1500605082694635 0.3170525127046866 0.021782977006857603 0.011857707509881422
0 0.18152480839048002 0.3156408808582722 0.05405405405405406 0.018068887634105024
0 0.21379588543767647 0.32086391869000563 0.01371520774505849 0.009881422924901186
0 0.22710770471964503 0.32171089779785433 0.021782977006857603 0.00818746470920384
0 0.23134328358208955 0.30745341614906835 0.002016942315449778 0.0016939582156973462
0 0.2626058894715611 0.31733483907396953 0.03065752319483663 0.019762845849802372
0 0.2763210972166196 0.31648785996612083 0.03469140782573618 0.018068887634105024
0 0.3253327954820492 0.32086391869000563 0.030254134731746672 0.010446075663466968
0 0.3483259378781767 0.3191699604743083 0.018959257765227916 0.009881422924901186
0 0.3602258975393304 0.3191699604743083 0.014521984671238403 0.00818746470920384
0 0.3753529649052037 0.31507622811970637 0.024606696248487294 0.018068887634105024
0 0.3884630899556273 0.3197346132128741 0.016942315449778138 0.010446075663466968
0 0.4164985881403792 0.320016939582157 0.01653892698668818 0.010446075663466968
0 0.4334409035901573 0.31931112365894976 0.02379991932230738 0.007905138339920948
0 0.4560306575231948 0.314652738565782 0.022993142396127472 0.017221908526256352
0 0.4628882613957241 0.3241106719367589 0.02218636546994756 0.01355166572557877
0 0.4792254941508673 0.3241106719367589 0.014521984671238403 0.010728402032749858
0 0.508874546187979 0.3198757763975155 0.03993545784590561 0.00846979107848673
0 0.545582896329165 0.31592320722755507 0.03993545784590561 0.01693958215697346
0 0.5564743848325938 0.3207227555053642 0.00927793465106898 0.007340485601355167
0 0.5631302944735781 0.32269904009034445 0.004840661557079467 0.002258610954263128
0 0.5695845098830173 0.32156973461321287 0.008067769261799113 0.006775832862789385
0 0.5891488503428802 0.3170525127046866 0.03509479628882614 0.014116318464144552
0 0.5980233965308592 0.3207227555053642 0.008471157724889069 0.006211180124223602
0 0.6202097620008068 0.3242518351214003 0.043162565550625254 0.017786561264822136
0 0.6127470754336426 0.31098249576510445 0.00645421540943929 0.001976284584980237
0 0.6784993949173054 0.3154997176736307 0.04921339249697459 0.01948051948051948
0 0.7234772085518354 0.31874647092038394 0.018152480839048003 0.010163749294184076
0 0.7450584913271481 0.31408808582721626 0.02581686163775716 0.016657255787690572
0 0.7559499798305769 0.3145115753811406 0.02743041549011698 0.01693958215697346
0 0.7605889471561114 0.3188876341050254 0.01008471157724889 0.007058159232072276
0 0.772892295280355 0.31945228684359117 0.02016942315449778 0.009316770186335404
0 0.7749092375958048 0.3102766798418972 0.003227107704719645 0.0016939582156973462
0 0.7910447761194029 0.3198757763975155 0.022589753933037516 0.009034443817052512
0 0.808995562726906 0.32029926595143987 0.019766034691407825 0.008752117447769622
0 0.817870108914885 0.3243929983060418 0.01008471157724889 0.00846979107848673
0 0.8444937474788221 0.31874647092038394 0.027833803953206938 0.009599096555618294
0 0.8622428398547801 0.3186053077357425 0.019766034691407825 0.009881422924901186
0 0.8773699072206534 0.3191699604743083 0.017749092375958047 0.008752117447769622
0 0.1498588140379185 0.3650479954827781 0.022993142396127472 0.019198193111236588
0 0.15752319483662766 0.36476566911349523 0.024606696248487294 0.018633540372670808
0 0.1801129487696652 0.37012987012987014 0.03509479628882614 0.009034443817052512
0 0.21379588543767647 0.3654714850367024 0.04679306171843485 0.020045172219085264
0 0.2382008874546188 0.370412196499153 0.030254134731746672 0.010163749294184076
0 0.2589753933037515 0.37027103331451156 0.02501008471157725 0.008752117447769622
0 0.3140379185155305 0.3660361377752682 0.057684550221863654 0.018351214003387916
0 0.3382412263009278 0.36885940146809715 0.02379991932230738 0.010446075663466968
0 0.354578459056071 0.3697063805759458 0.020976200080677694 0.009881422924901186
0 0.37494957644211374 0.36617730095990964 0.02218636546994756 0.01693958215697346
0 0.40096813231141587 0.36674195369847545 0.05970149253731343 0.017504234895539244
0 0.4213392496974587 0.37267080745341613 0.0060508269463493344 0.0033879164313946925
0 0.44695441710367084 0.3674477696216827 0.03065752319483663 0.01948051948051948
0 0.47882210568777733 0.3699887069452287 0.022589753933037516 0.010446075663466968
0 0.509277934651069 0.36575381140598534 0.04719645018152481 0.017221908526256352
0 0.5322710770471965 0.37027103331451156 0.0318676885841065 0.008752117447769622
0 0.5578862444534086 0.36645962732919257 0.022589753933037516 0.015245623941276116
0 0.5524405002016942 0.36377752682100506 0.0028237192416296895 0.001411631846414455
0 0.581081081081081 0.36575381140598534 0.057684550221863654 0.017221908526256352
0 0.618596208148447 0.3687182382834557 0.022993142396127472 0.009034443817052512
0 0.6430012101653892 0.37351778656126483 0.03953206938281565 0.015810276679841896
0 0.6710367083501412 0.36829474872953133 0.007664380798709157 0.001411631846414455
0 0.6847519160951997 0.3684359119141728 0.024606696248487294 0.01129305477131564
0 0.7012908430818878 0.36476566911349523 0.02379991932230738 0.018068887634105024
0 0.7067365873336022 0.36984754376058726 0.01936264622831787 0.009034443817052512
0 0.7222670431625655 0.3705533596837945 0.026220250100847116 0.00818746470920384
0 0.7420330778539733 0.37027103331451156 0.021379588543767647 0.009881422924901186
0 0.7624041952400161 0.36490683229813664 0.023396530859217425 0.016092603049124788
0 0.7714804356595402 0.36984754376058726 0.02702702702702703 0.007340485601355167
0 0.7884227511093183 0.370412196499153 0.014925373134328358 0.007905138339920948
0 0.8019362646228317 0.37012987012987014 0.022589753933037516 0.00846979107848673
0 0.8414683340056475 0.3694240542066629 0.026623638563937072 0.009316770186335404
0 0.8576038725292456 0.36900056465273856 0.02016942315449778 0.007905138339920948
0 0.8737394110528439 0.3695652173913043 0.016135538523598225 0.009034443817052512
0 0.14602662363856395 0.4213721061547149 0.020976200080677694 0.012140033879164314
0 0.16054860830980233 0.4203839638622247 0.015328761597418314 0.010163749294184076
0 0.1809197256958451 0.42066629023150764 0.031060911657926585 0.009034443817052512
0 0.20431625655506253 0.4233483907396951 0.025413473174667203 0.01383399209486166
0 0.2198467123840258 0.4212309429700734 0.007260992335619202 0.006775832862789385
0 0.23497377974989916 0.4158667419536985 0.022993142396127472 0.017504234895539244
0 0.254941508672852 0.41699604743083 0.053247277127874144 0.01693958215697346
0 0.23315853166599435 0.409373235460192 0.003227107704719645 0.0016939582156973462
0 0.300121016538927 0.4162902315076228 0.029043969342476807 0.018351214003387916
0 0.3019362646228318 0.42165443252399776 0.014925373134328358 0.009316770186335404
0 0.3152480839048003 0.42080745341614906 0.018152480839048003 0.009881422924901186
0 0.3358208955223881 0.42207792207792205 0.02944735780556676 0.00846979107848673
0 0.4005647438483259 0.42292490118577075 0.08713190802743041 0.014116318464144552
0 0.4530052440500202 0.4205251270468662 0.02581686163775716 0.008752117447769622
0 0.4856797095603066 0.4209486166007905 0.042759177087535294 0.009034443817052512
0 0.5163372327551432 0.4158667419536985 0.017749092375958047 0.01637492941840768
0 0.5373134328358209 0.42080745341614906 0.021782977006857603 0.010446075663466968
0 0.5580879386849537 0.41826651609260307 0.02944735780556676 0.021174477696216828
0 0.5837031060911658 0.41967814793901753 0.03227107704719645 0.010446075663466968
0 0.6044776119402985 0.42066629023150764 0.01573215006050827 0.00846979107848673
0 0.6401774909237595 0.4165725578769057 0.060508269463493344 0.017221908526256352
0 0.672246873739411 0.4209486166007905 0.0318676885841065 0.007340485601355167
0 0.7016942315449778 0.41544325239977414 0.02218636546994756 0.016657255787690572
0 0.7263009277934651 0.4202428006775833 0.020572811617587738 0.009316770186335404
0 0.7555465913674869 0.42108977978543194 0.05647438483259379 0.009316770186335404
0 0.790641387656313 0.4199604743083004 0.016942315449778138 0.007622811970638058
0 0.808592174263816 0.4161490683229814 0.03751512706736587 0.018068887634105024
0 0.8247277127874143 0.4193958215697346 0.01734570391286809 0.010446075663466968
0 0.8323920935861234 0.4268774703557312 0.00927793465106898 0.007340485601355167
0 0.14340459862847924 0.4699322416713721 0.01653892698668818 0.011575381140598532
0 0.15248083904800322 0.4709203839638622 0.026623638563937072 0.010728402032749858
0 0.1700282371924163 0.47035573122529645 0.02218636546994756 0.014116318464144552
0 0.18233158531665994 0.47134387351778656 0.02501008471157725 0.01101072840203275
0 0.20149253731343283 0.4707792207792208 0.02218636546994756 0.010446075663466968
0 0.22468737394110527 0.46485036702428006 0.026623638563937072 0.0189158667419537
0 0.22509076240419523 0.4704968944099379 0.012101653892698669 0.007622811970638058
0 0.24485679709560307 0.47557876905702995 0.03711173860427592 0.020045172219085264
0 0.24485679709560307 0.4577922077922078 0.004033884630899556 0.001976284584980237
0 0.2892295280354982 0.46569734613212876 0.02743041549011698 0.017221908526256352
0 0.2987091569181121 0.4665443252399774 0.030254134731746672 0.020045172219085264
0 0.3154497781363453 0.47247317899491814 0.021782977006857603 0.010446075663466968
0 0.3164582492940702 0.4743083003952569 0.018152480839048003 0.006775832862789385
0 0.3392496974586527 0.4665443252399774 0.02501008471157725 0.0189158667419537
0 0.36708350141185964 0.4673913043478261 0.029043969342476807 0.020045172219085264
0 0.3852359822509076 0.4665443252399774 0.04437273093989512 0.020045172219085264
0 0.39874949576442115 0.4754376058723885 0.014118596208148447 0.002258610954263128
0 0.41508672851956435 0.4710615471485037 0.016135538523598225 0.009316770186335404
0 0.42940701895925776 0.4717673630717109 0.027833803953206938 0.00846979107848673
0 0.47539330375151273 0.4720496894409938 0.033481242436466316 0.01129305477131564
0 0.4991932230738201 0.4707792207792208 0.03509479628882614 0.010446075663466968
0 0.5235982250907624 0.47007340485601357 0.023396530859217425 0.00846979107848673
0 0.5607099636950383 0.4673913043478261 0.028237192416296894 0.0251270468661773
0 0.5826946349334409 0.4658385093167702 0.043969342476805166 0.018068887634105024
0 0.6159741831383623 0.4678147939017504 0.024203307785397338 0.017504234895539244
0 0.63695038321904 0.466403162055336 0.045986284792254944 0.019762845849802372
0 0.672650262202501 0.4642857142857143 0.021379588543767647 0.018351214003387916
0 0.6986688180718031 0.466403162055336 0.029043969342476807 0.020327498588368152
0 0.7012908430818878 0.47289666854884244 0.010891488503428802 0.00846979107848673
0 0.7139975796692215 0.46160361377752684 0.004033884630899556 0.0016939582156973462
0 0.7327551432029044 0.4717673630717109 0.057684550221863654 0.009034443817052512
0 0.7676482452601856 0.46795595708639187 0.020976200080677694 0.022303783173348392
0 0.7972972972972973 0.4709203839638622 0.0391286809197257 0.012987012987012988
0 0.8245260185558693 0.47134387351778656 0.01855586930213796 0.008752117447769622
0 0.8414683340056475 0.47063805759457933 0.035498184751916094 0.009034443817052512
0 0.8703106091165793 0.46936758893280633 0.00927793465106898 0.001411631846414455
0 0.14743848325937878 0.5163749294184077 0.02864058087938685 0.019762845849802372
0 0.17466720451795079 0.5214568040654998 0.06131504638967326 0.009599096555618294
0 0.2418313836224284 0.5225861095426313 0.0391286809197257 0.009599096555618294
0 0.2682533279548205 0.5232919254658385 0.024203307785397338 0.00818746470920384
0 0.2900363049616781 0.5225861095426313 0.022589753933037516 0.00846979107848673
0 0.32513110125050426 0.5201863354037267 0.035498184751916094 0.014398644833427442
0 0.35135135135135137 0.5200451722190853 0.020976200080677694 0.010163749294184076
0 0.36244453408632515 0.5214568040654998 0.022993142396127472 0.007905138339920948
0 0.39693424768051633 0.5176453980801807 0.04759983864461476 0.018351214003387916
0 0.41750705929810406 0.5255505364201016 0.020976200080677694 0.01383399209486166
0 0.4128680919725696 0.5215979672501412 0.004437273093989512 0.007058159232072276
0 0.45320693828156516 0.5258328627893846 0.025413473174667203 0.017221908526256352
0 0.48204921339249696 0.5221626199887069 0.04437273093989512 0.009316770186335404
0 0.5112948769665188 0.521880293619424 0.014925373134328358 0.00818746470920384
0 0.5225897539330375 0.5223037831733484 0.021379588543767647 0.009599096555618294
0 0.5665590964098427 0.516798418972332 0.043969342476805166 0.016657255787690572
0 0.6038725292456636 0.5213156408808582 0.022589753933037516 0.009316770186335404
0 0.6208148446954417 0.5255505364201016 0.02501008471157725 0.016657255787690572
0 0.6401774909237595 0.5228684359119141 0.024203307785397338 0.00846979107848673
0 0.6795078660750302 0.5204686617730095 0.021379588543767647 0.009881422924901186
0 0.6974586526825333 0.5211744776962168 0.017749092375958047 0.007340485601355167
0 0.7242839854780153 0.5215979672501412 0.020572811617587738 0.008752117447769622
0 0.7466720451795079 0.5163749294184077 0.029850746268656716 0.019762845849802372
0 0.7595804759983864 0.516798418972332 0.03953206938281565 0.017786561264822136
0 0.7803549818475192 0.5208921513269339 0.03751512706736587 0.00846979107848673
0 0.7989108511496571 0.5280914737436476 0.00927793465106898 0.007622811970638058
0 0.145421540943929 0.5678994918125353 0.02218636546994756 0.017221908526256352
0 0.1565147236789028 0.567193675889328 0.02743041549011698 0.018633540372670808
0 0.17224687373941105 0.5731225296442688 0.011294876966518758 0.00846979107848673
0 0.18858410649455426 0.5625352907961604 0.002016942315449778 0.001411631846414455
0 0.18394513916901978 0.5732636928289102 0.015328761597418314 0.007622811970638058
0 0.20310609116579265 0.5686053077357425 0.025413473174667203 0.01693958215697346
0 0.22166196046793063 0.5728402032749859 0.05445744251714401 0.028232636928289104
0 0.24384832593787817 0.5683229813664596 0.02379991932230738 0.018633540372670808
0 0.2591770875352965 0.5734048560135516 0.014925373134328358 0.009034443817052512
0 0.26946349334409037 0.5749576510446076 0.02501008471157725 0.008752117447769622
0 0.2890278338039532 0.5749576510446076 0.02379991932230738 0.00818746470920384
0 0.33098023396530857 0.5721343873517787 0.021379588543767647 0.009881422924901186
0 0.34953610326744655 0.5758046301524562 0.022993142396127472 0.018351214003387916
0 0.38684953610326744 0.5681818181818182 0.060508269463493344 0.0189158667419537
0 0.4320290439693425 0.5715697346132129 0.02501008471157725 0.011575381140598532
0 0.4475594997983058 0.5714285714285714 0.010891488503428802 0.00846979107848673
0 0.46248487293263413 0.57128740824393 0.019766034691407825 0.009881422924901186
0 0.4647035094796289 0.5599943534726144 0.0016135538523598225 0.0008469791078486731
0 0.4834610730133118 0.5663466967814794 0.025413473174667203 0.018633540372670808
0 0.48971359419120614 0.5760869565217391 0.023396530859217425 0.014963297571993224
0 0.48527632109721663 0.5724167137210615 0.00645421540943929 0.007058159232072276
0 0.5127067365873336 0.5708639186900056 0.008067769261799113 0.0016939582156973462
0 0.5346914078257362 0.5677583286278939 0.02944735780556676 0.017504234895539244
0 0.5528438886647842 0.5729813664596274 0.04235578862444534 0.009316770186335404
0 0.5796692214602662 0.5732636928289102 0.015328761597418314 0.006493506493506494
0 0.6079064138765631 0.5749576510446076 0.028237192416296894 0.015527950310559006
0 0.6046793061718435 0.5715697346132129 0.008067769261799113 0.009881422924901186
0 0.628075837031061 0.5719932241671372 0.02501008471157725 0.009034443817052512
0 0.6484469544171036 0.5718520609824957 0.022993142396127472 0.009881422924901186
0 0.6661960467930618 0.5724167137210615 0.01653892698668818 0.008752117447769622
0 0.681726502622025 0.572557876905703 0.022589753933037516 0.009034443817052512
0 0.6976603469140783 0.5758046301524562 0.007664380798709157 0.007058159232072276
0 0.7192416296893909 0.5711462450592886 0.021782977006857603 0.009034443817052512
0 0.7384025816861638 0.5719932241671372 0.020572811617587738 0.006775832862789385
0 0.7648245260185559 0.5698757763975155 0.033884630899556276 0.013269339356295878
0 0.7981040742234772 0.57128740824393 0.020572811617587738 0.010446075663466968
0 0.8112141992739008 0.57128740824393 0.010488100040338847 0.00818746470920384
0 0.8233158531665994 0.57128740824393 0.01855586930213796 0.009316770186335404
0 0.8223073820088745 0.5630999435347261 0.0028237192416296895 0.001411631846414455
0 0.8414683340056475 0.567193675889328 0.021782977006857603 0.018068887634105024
0 0.8442920532472771 0.5728402032749859 0.007260992335619202 0.00846979107848673
0 0.8519564340459863 0.5772162619988707 0.021782977006857603 0.016092603049124788
0 0.8705123033481242 0.5721343873517787 0.01371520774505849 0.001976284584980237
0 0.1553045582896329 0.6153303218520609 0.028237192416296894 0.01948051948051948
0 0.15611133521581283 0.6216826651609261 0.011294876966518758 0.00846979107848673
0 0.1690197660346914 0.6223884810841332 0.020976200080677694 0.01101072840203275
0 0.18071803146430013 0.6223884810841332 0.020976200080677694 0.009316770186335404
0 0.17507059298104075 0.6094014680971203 0.0024203307785397336 0.001976284584980237
0 0.1837434449374748 0.6257763975155279 0.00927793465106898 0.002540937323546019
0 0.2109721661960468 0.6263410502540937 0.01855586930213796 0.014398644833427442
0 0.22952803549818476 0.6236589497459063 0.023396530859217425 0.00846979107848673
0 0.22952803549818476 0.6132128740824393 0.003227107704719645 0.001129305477131564
0 0.2490923759580476 0.622953133822699 0.019766034691407825 0.010446075663466968
0 0.26865671641791045 0.6194240542066629 0.01936264622831787 0.01693958215697346
0 0.2966922146026624 0.617871259175607 0.030254134731746672 0.01948051948051948
0 0.30233965308592176 0.6216826651609261 0.01008471157724889 0.007905138339920948
0 0.3190802743041549 0.6180124223602484 0.028237192416296894 0.01693958215697346
0 0.3164582492940702 0.6129305477131564 0.0052440500201694235 0.002258610954263128
0 0.32956837434449376 0.6180124223602484 0.02743041549011698 0.019198193111236588
0 0.33783783783783783 0.6273291925465838 0.020572811617587738 0.014680971202710334
0 0.33219039935457845 0.622953133822699 0.008471157724889069 0.008752117447769622
0 0.3753529649052037 0.6250705815923208 0.02702702702702703 0.014680971202710334
0 0.37051230334812424 0.6216826651609261 0.008471157724889069 0.010163749294184076
0 0.3884630899556273 0.623235460191982 0.02501008471157725 0.008752117447769622
0 0.4082291246470351 0.6226708074534162 0.01936264622831787 0.008752117447769622
0 0.4237595804759984 0.6223884810841332 0.01573215006050827 0.007622811970638058
0 0.43606292860024204 0.6225296442687747 0.017749092375958047 0.009034443817052512
0 0.4693424768051634 0.6211180124223602 0.018152480839048003 0.010728402032749858
0 0.491125453812021 0.6157538114059853 0.026220250100847116 0.019198193111236588
0 0.5123033481242436 0.6212591756070017 0.021782977006857603 0.009881422924901186
0 0.5296490520371118 0.6256352343308865 0.021782977006857603 0.01637492941840768
0 0.5488100040338846 0.6218238283455675 0.022993142396127472 0.008752117447769622
0 0.5661557079467527 0.6247882552230378 0.008471157724889069 0.00282326369282891
