0 0.17043162565550626 0.22289666854884246 0.027833803953206938 0.016657255787690572
0 0.19281968535699878 0.22557876905702992 0.011294876966518758 0.007905138339920948
0 0.20209762000806777 0.23404856013551667 0.01936264622831787 0.025409373235460192
0 0.24162968939088342 0.21922642574816487 0.003227107704719645 0.016657255787690572
0 0.28701089148850345 0.22501411631846416 0.03509479628882614 0.011857707509881422
0 0.3120209762000807 0.23616600790513834 0.006857603872529245 0.021739130434782608
0 0.3253327954820492 0.23687182382834557 0.008471157724889069 0.025974025974025976
0 0.3408632513110125 0.2285431959345003 0.016135538523598225 0.007622811970638058
0 0.3555869302137959 0.2264257481648786 0.00927793465106898 0.007340485601355167
0 0.3717224687373941 0.22543760587238848 0.007664380798709157 0.014398644833427442
0 0.41952400161355385 0.2204968944099379 0.023396530859217425 0.023150762281197064
0 0.44130697862041146 0.22543760587238848 0.014521984671238403 0.005928853754940711
0 0.4540137152077451 0.22134387351778656 0.006857603872529245 0.015245623941276116
0 0.48083904800322713 0.23023715415019763 0.016135538523598225 0.023433088650479956
0 0.4987898346107301 0.22571993224167136 0.00927793465106898 0.007058159232072276
0 0.5135135135135135 0.22543760587238848 0.010488100040338847 0.007058159232072276
0 0.5486083098023397 0.22120271033314512 0.014521984671238403 0.0189158667419537
0 0.563735377168213 0.22684923771880294 0.012505042355788625 0.007058159232072276
0 0.5784590560709963 0.22684923771880294 0.011294876966518758 0.007622811970638058
0 0.5964098426784994 0.22557876905702992 0.018152480839048003 0.006775832862789385
0 0.6327148043565954 0.233201581027668 0.014118596208148447 0.02258610954263128
0 0.6565147236789027 0.22416713721061546 0.018152480839048003 0.007905138339920948
0 0.6718434852763211 0.2248729531338227 0.01008471157724889 0.005928853754940711
0 0.6879790237999194 0.22600225861095427 0.014118596208148447 0.007058159232072276
0 0.7071399757966922 0.22388481084133258 0.017749092375958047 0.017504234895539244
0 0.7498991528842275 0.22134387351778656 0.028237192416296894 0.024844720496894408
0 0.7745058491327148 0.22600225861095427 0.016135538523598225 0.005928853754940711
0 0.7924566357402179 0.2230378317334839 0.00927793465106898 0.015245623941276116
0 0.16498588140379186 0.274703557312253 0.016942315449778138 0.011857707509881422
0 0.17204517950786608 0.26595143986448333 0.002016942315449778 0.002258610954263128
0 0.18475191609519967 0.2845849802371542 0.009681323114158934 0.025409373235460192
0 0.20391286809197257 0.2717391304347826 0.014118596208148447 0.017786561264822136
0 0.21702299314239612 0.27216261998870694 0.008874546187979023 0.01693958215697346
0 0.23981444130697863 0.2648221343873518 0.003630496167809601 0.01129305477131564
0 0.24324324324324326 0.279785431959345 0.003227107704719645 0.002258610954263128
0 0.2779346510689794 0.2683512140033879 0.020976200080677694 0.013269339356295878
0 0.29144816458249295 0.2732919254658385 0.011698265429608713 0.007905138339920948
0 0.30879386849536106 0.27399774138904576 0.013311819281968536 0.007058159232072276
0 0.3281565147236789 0.2841614906832298 0.013311819281968536 0.02456239412761152
0 0.3412666397741025 0.2737154150197628 0.008874546187979023 0.006493506493506494
0 0.3580072609923356 0.2751270468661773 0.014118596208148447 0.007622811970638058
0 0.38241226300927794 0.27315076228119706 0.028237192416296894 0.018351214003387916
0 0.40520371117386045 0.27060982495765107 0.003630496167809601 0.0189158667419537
0 0.4227511093182735 0.27428006775832864 0.016135538523598225 0.005364201016374929
0 0.4419120613150464 0.2713156408808583 0.01573215006050827 0.015810276679841896
0 0.4509883017345704 0.2663749294184077 0.0016135538523598225 0.002540937323546019
0 0.46046793061718433 0.27498588368153587 0.00927793465106898 0.007905138339920948
0 0.4755949979830577 0.275974025974026 0.011294876966518758 0.005928853754940711
0 0.49173053650665594 0.277244494635799 0.011294876966518758 0.007905138339920948
0 0.5197660346914078 0.26679841897233203 0.0028237192416296895 0.010163749294184076
0 0.5211778943122227 0.2769621682665161 0.0024203307785397336 0.0016939582156973462
0 0.5649455425574829 0.2691981931112366 0.033481242436466316 0.020045172219085264
0 0.5960064542154094 0.2728684359119142 0.018152480839048003 0.017786561264822136
0 0.6341266639774102 0.27639751552795033 0.026623638563937072 0.007905138339920948
0 0.6494554255748286 0.281055900621118 0.017749092375958047 0.022868435911914172
0 0.6744655102864058 0.27738565782044045 0.017749092375958047 0.009881422924901186
0 0.6944332392093586 0.2768210050818746 0.013311819281968536 0.006493506493506494
0 0.7043162565550625 0.28289102202145683 0.017749092375958047 0.019198193111236588
0 0.7438483259378782 0.2831733483907397 0.015328761597418314 0.020892151326933936
0 0.7595804759983864 0.27738565782044045 0.008874546187979023 0.007622811970638058
0 0.7730939895119 0.27837380011293056 0.01008471157724889 0.006775832862789385
0 0.799919322307382 0.2865612648221344 0.008874546187979023 0.02258610954263128
0 0.8136345300524405 0.2779503105590062 0.007260992335619202 0.006493506493506494
0 0.8485276321097217 0.279785431959345 0.004437273093989512 0.007905138339920948
0 0.8481242436466317 0.26990400903444384 0.0028237192416296895 0.001129305477131564
0 0.8616377571601452 0.27780914737436474 0.01855586930213796 0.007340485601355167
0 0.8872529245663574 0.2738565782044043 0.022993142396127472 0.01355166572557877
0 0.14259782170229932 0.3337097684923772 0.012505042355788625 0.023715415019762844
0 0.15752319483662766 0.3253811405985319 0.00927793465106898 0.007058159232072276
0 0.17527228721258573 0.326369282891022 0.02218636546994756 0.009034443817052512
0 0.22166196046793063 0.3331451157538114 0.027833803953206938 0.021456804065499716
0 0.24707543364259782 0.32679277244494637 0.01734570391286809 0.005928853754940711
0 0.2644211375554659 0.3265104460756635 0.011698265429608713 0.007058159232072276
0 0.2920532472771279 0.3241106719367589 0.03469140782573618 0.019198193111236588
0 0.3261395724082291 0.33018068887634106 0.0028237192416296895 0.001976284584980237
0 0.35296490520371115 0.31154714850367027 0.024203307785397338 0.002540937323546019
0 0.35417507059298103 0.3231225296442688 0.004033884630899556 0.017786561264822136
0 0.37131908027430416 0.3256634669678148 0.018152480839048003 0.005928853754940711
0 0.38684953610326744 0.32241671372106157 0.015328761597418314 0.01637492941840768
0 0.4025816861637757 0.3277809147374365 0.014521984671238403 0.00846979107848673
0 0.4346510689794272 0.32495765104460755 0.011698265429608713 0.010163749294184076
0 0.4473578055667608 0.32594579333709767 0.00645421540943929 0.00818746470920384
0 0.46228317870108915 0.326369282891022 0.016135538523598225 0.00564652738565782
0 0.48225090762404194 0.32622811970638055 0.014925373134328358 0.007058159232072276
0 0.5225897539330375 0.3207227555053642 0.026220250100847116 0.023150762281197064
0 0.5427591770875353 0.3265104460756635 0.0060508269463493344 0.007058159232072276
0 0.5564743848325938 0.3272162619988707 0.014118596208148447 0.006211180124223602
0 0.5695845098830173 0.3361095426312818 0.008067769261799113 0.023997741389045736
0 0.5881403791851553 0.32269904009034445 0.012101653892698669 0.014116318464144552
0 0.6018555869302138 0.3210050818746471 0.011294876966518758 0.01637492941840768
0 0.6198063735377168 0.3349802371541502 0.007664380798709157 0.009316770186335404
0 0.6657926583299718 0.3232636928289102 0.03751512706736587 0.015245623941276116
0 0.6916095199677289 0.33540372670807456 0.007664380798709157 0.009599096555618294
0 0.7230738200887454 0.3287690570299266 0.021379588543767647 0.035290796160361376
0 0.7402178297700686 0.3255223037831734 0.012101653892698669 0.006211180124223602
0 0.7662363856393707 0.3328627893845285 0.010891488503428802 0.020892151326933936
0 0.7801532876159741 0.32679277244494637 0.009681323114158934 0.009316770186335404
0 0.8009277934651069 0.32622811970638055 0.02379991932230738 0.007058159232072276
0 0.8382412263009278 0.32622811970638055 0.022589753933037516 0.00818746470920384
0 0.8499394917305365 0.32679277244494637 0.0016135538523598225 0.0008469791078486731
0 0.8576038725292456 0.327639751552795 0.01371520774505849 0.006493506493506494
0 0.8781766841468334 0.3222755505364201 0.01936264622831787 0.017221908526256352
0 0.8953206938281565 0.3296160361377753 0.003630496167809601 0.004234895539243365
0 0.8969342476805163 0.3201581027667984 0.002016942315449778 0.00282326369282891
0 0.9068172650262203 0.3269339356295878 0.012101653892698669 0.007340485601355167
0 0.9209358612343687 0.33681535855448896 0.008067769261799113 0.020892151326933936
0 0.9378781766841469 0.33032185206098247 0.003227107704719645 0.0016939582156973462
0 0.14421137555465913 0.3705533596837945 0.020572811617587738 0.021739130434782608
0 0.15954013715207746 0.3715415019762846 0.014118596208148447 0.015245623941276116
0 0.18233158531665994 0.37577639751552794 0.024203307785397338 0.006775832862789385
0 0.20492133924969747 0.3715415019762846 0.016942315449778138 0.01637492941840768
0 0.2335619201290843 0.3814229249011858 0.015328761597418314 0.021456804065499716
0 0.24949576442113755 0.3771880293619424 0.007664380798709157 0.007340485601355167
0 0.2615974183138362 0.3781761716544325 0.00927793465106898 0.007058159232072276
0 0.29043969342476805 0.38114059853190285 0.01371520774505849 0.04178430265386787
0 0.30133118192819686 0.37577639751552794 0.00645421540943929 0.007905138339920948
0 0.31343283582089554 0.3759175607001694 0.009681323114158934 0.005928853754940711
0 0.3499394917305365 0.3705533596837945 0.01573215006050827 0.021174477696216828
0 0.3580072609923356 0.3674477696216827 0.002016942315449778 0.002540937323546019
0 0.3662767244856797 0.3753529079616036 0.008874546187979023 0.007622811970638058
0 0.38866478418717226 0.3718238283455675 0.02218636546994756 0.01637492941840768
0 0.4070189592577652 0.37634105025409376 0.005647438483259379 0.009034443817052512
0 0.4136748688987495 0.3781761716544325 0.0060508269463493344 0.007058159232072276
0 0.42416296893908834 0.3781761716544325 0.003630496167809601 0.005928853754940711
0 0.4281968535699879 0.36984754376058726 0.002016942315449778 0.002258610954263128
0 0.4356595401371521 0.3780350084697911 0.011294876966518758 0.006211180124223602
0 0.4475594997983058 0.3877752682100508 0.008471157724889069 0.023997741389045736
0 0.4824526018555869 0.3746470920383964 0.01936264622831787 0.015245623941276116
0 0.47680516337232753 0.365330321852061 0.0016135538523598225 0.001129305477131564
0 0.509076240419524 0.37874082439299833 0.005647438483259379 0.009881422924901186
0 0.5175473981444131 0.3790231507622812 0.008067769261799113 0.007622811970638058
0 0.5326744655102864 0.37704686617730093 0.01734570391286809 0.007622811970638058
0 0.5675675675675675 0.37577639751552794 0.011294876966518758 0.009034443817052512
0 0.5776522791448164 0.37648221343873517 0.008874546187979023 0.00818746470920384
0 0.6125453812020977 0.3839638622247318 0.01573215006050827 0.02710333145115754
0 0.6325131101250504 0.37648221343873517 0.017749092375958047 0.00818746470920384
0 0.6466317063331989 0.3719649915302089 0.008874546187979023 0.017786561264822136
0 0.6629689390883421 0.3774703557312253 0.018959257765227916 0.009034443817052512
0 0.6583299717628076 0.36490683229813664 0.0016135538523598225 0.004234895539243365
0 0.6758773699072207 0.3784584980237154 0.0060508269463493344 0.007622811970638058
0 0.6893908834207342 0.37337662337662336 0.009681323114158934 0.016657255787690572
0 0.699273900766438 0.37365894974590624 0.0028237192416296895 0.014963297571993224
0 0.7067365873336022 0.38438735177865613 0.01371520774505849 0.021174477696216828
0 0.7252924566357403 0.38071710897797856 0.0024203307785397336 0.001411631846414455
0 0.7533279548204921 0.37337662337662336 0.01653892698668818 0.020045172219085264
0 0.7882210568777733 0.3856578204404291 0.01290843081887858 0.024280067758328628
0 0.8011294876966518 0.3781761716544325 0.008874546187979023 0.007622811970638058
0 0.818273497377975 0.3756352343308865 0.014925373134328358 0.014963297571993224
0 0.827551432029044 0.36928289102202144 0.002016942315449778 0.00282326369282891
0 0.8408632513110125 0.3747882552230378 0.018152480839048003 0.018351214003387916
0 0.8501411859620814 0.3675889328063241 0.002016942315449778 0.002258610954263128
0 0.86345300524405 0.37761151891586675 0.013311819281968536 0.007622811970638058
0 0.8854376764824526 0.37422360248447206 0.026623638563937072 0.021739130434782608
0 0.14965711980637353 0.42603049124788256 0.014521984671238403 0.014680971202710334
0 0.17466720451795079 0.4277244494635799 0.02501008471157725 0.00846979107848673
0 0.20713997579669222 0.4202428006775833 0.02864058087938685 0.0189158667419537
0 0.22226704316256554 0.41770186335403725 0.0016135538523598225 0.004234895539243365
0 0.23578055667607906 0.4225014116318464 0.018152480839048003 0.017221908526256352
0 0.2559499798305768 0.42603049124788256 0.012505042355788625 0.006775832862789385
0 0.2799515933844292 0.4225014116318464 0.023396530859217425 0.017786561264822136
0 0.31847519160952 0.4253246753246753 0.01008471157724889 0.00818746470920384
0 0.3511496571198064 0.4298418972332016 0.04961678096006454 0.03472614342179559
0 0.4072206534893102 0.427442123094297 0.018152480839048003 0.010163749294184076
0 0.4235578862444534 0.4280067758328628 0.008874546187979023 0.007340485601355167
0 0.43686970552642196 0.4277244494635799 0.01290843081887858 0.006211180124223602
0 0.45663574021782977 0.4227837380011293 0.020976200080677694 0.016657255787690572
0 0.5096813231141589 0.42080745341614906 0.02864058087938685 0.02456239412761152
0 0.5346914078257362 0.42857142857142855 0.013311819281968536 0.005081874647092038
0 0.5467930617184349 0.4213721061547149 0.00927793465106898 0.016092603049124788
0 0.5958047599838645 0.429983060417843 0.01936264622831787 0.040654997176736304
0 0.6129487696651875 0.424901185770751 0.019766034691407825 0.014116318464144552
0 0.6284792254941509 0.427442123094297 0.004033884630899556 0.00564652738565782
0 0.6311012505042356 0.4205251270468662 0.0028237192416296895 0.002540937323546019
0 0.6397741024606697 0.4280067758328628 0.008067769261799113 0.006775832862789385
0 0.6573215006050827 0.42405420666290233 0.013311819281968536 0.019198193111236588
0 0.6837434449374747 0.43153585544889894 0.0024203307785397336 0.001411631846414455
0 0.718031464300121 0.4225014116318464 0.022589753933037516 0.01948051948051948
0 0.7369907220653489 0.42701863354037267 0.010488100040338847 0.007622811970638058
0 0.7704719645018152 0.4288537549407115 0.016135538523598225 0.012422360248447204
0 0.7880193626462283 0.4280067758328628 0.006857603872529245 0.007340485601355167
0 0.8005244050020169 0.42828910220214567 0.013311819281968536 0.00564652738565782
0 0.818273497377975 0.42391304347826086 0.01573215006050827 0.016092603049124788
0 0.8400564743848326 0.4288537549407115 0.018152480839048003 0.007340485601355167
0 0.8797902379991932 0.4257481648785997 0.03065752319483663 0.018068887634105024
0 0.15752319483662766 0.475296442687747 0.031060911657926585 0.016092603049124788
0 0.17043162565550626 0.4712027103331451 0.002016942315449778 0.00282326369282891
0 0.1936264622831787 0.47289666854884244 0.033884630899556276 0.01637492941840768
0 0.21903993545784592 0.4654150197628458 0.005647438483259379 0.007058159232072276
0 0.23114158935054457 0.47360248447204967 0.008067769261799113 0.0189158667419537
0 0.263816054860831 0.4894127611518916 0.008067769261799113 0.027950310559006212
0 0.27732956837434447 0.4792490118577075 0.01653892698668818 0.006493506493506494
0 0.2874142799515934 0.4731789949181254 0.01008471157724889 0.015810276679841896
0 0.3154497781363453 0.4775550536420102 0.01371520774505849 0.005928853754940711
0 0.3237192416296894 0.4658385093167702 0.002016942315449778 0.0016939582156973462
0 0.3299717628075837 0.4719085262563523 0.00645421540943929 0.016092603049124788
0 0.3481242436466317 0.4675324675324675 0.003227107704719645 0.010163749294184076
0 0.35074626865671643 0.47939017504234893 0.003630496167809601 0.002258610954263128
0 0.3892698668818072 0.4731789949181254 0.005647438483259379 0.023150762281197064
0 0.4025816861637757 0.4779785431959345 0.014521984671238403 0.006211180124223602
0 0.4169019766034691 0.47811970638057594 0.01008471157724889 0.007058159232072276
0 0.44574425171440096 0.4748729531338227 0.03872529245663574 0.014116318464144552
0 0.47862041145623235 0.47444946357989837 0.018152480839048003 0.015527950310559006
0 0.527632109721662 0.47261434217955955 0.028237192416296894 0.019198193111236588
0 0.5744251714400969 0.4772727272727273 0.024203307785397338 0.013269339356295878
0 0.5881403791851553 0.47219085262563526 0.0024203307785397336 0.0036702428006775835
0 0.600040338846309 0.4880011293054771 0.00927793465106898 0.025691699604743084
0 0.6208148446954417 0.474025974025974 0.016942315449778138 0.015810276679841896
0 0.6343283582089553 0.474025974025974 0.0060508269463493344 0.012987012987012988
0 0.6682129891085115 0.47219085262563526 0.014118596208148447 0.021174477696216828
0 0.6845502218636547 0.4772727272727273 0.01371520774505849 0.007058159232072276
0 0.6986688180718031 0.4782608695652174 0.008874546187979023 0.007905138339920948
0 0.7146026623638564 0.4772727272727273 0.010891488503428802 0.008752117447769622
0 0.7484872932634127 0.4751552795031056 0.024606696248487294 0.012987012987012988
0 0.7682533279548205 0.4771315640880858 0.011698265429608713 0.006775832862789385
0 0.7862041145623235 0.47459062676453984 0.01855586930213796 0.01637492941840768
0 0.8043565954013715 0.47910784867306605 0.015328761597418314 0.006775832862789385
0 0.8259378781766842 0.4775550536420102 0.019766034691407825 0.023433088650479956
0 0.15227914481645824 0.5203274985883681 0.019766034691407825 0.020327498588368152
0 0.17022993142396128 0.5287972896668549 0.01290843081887858 0.00564652738565782
0 0.1744655102864058 0.5189158667419537 0.002016942315449778 0.002258610954263128
0 0.1853569987898346 0.528514963297572 0.008471157724889069 0.006775832862789385
0 0.22730939895118998 0.5280914737436476 0.031060911657926585 0.012140033879164314
0 0.24304154901169828 0.5381140598531903 0.018152480839048003 0.02710333145115754
0 0.2743041549011698 0.5254093732354602 0.0024203307785397336 0.0016939582156973462
0 0.2745058491327148 0.5302089215132694 0.0028237192416296895 0.0016939582156973462
0 0.3096006454215409 0.5207509881422925 0.021379588543767647 0.023997741389045736
0 0.33098023396530857 0.5275268210050819 0.012505042355788625 0.007622811970638058
0 0.34429205324727713 0.5239977413890458 0.007664380798709157 0.01637492941840768
0 0.3628479225494151 0.5369847543760587 0.006857603872529245 0.007905138339920948
0 0.400363049616781 0.5214568040654998 0.02702702702702703 0.025974025974025976
0 0.41871722468737393 0.5279503105590062 0.008067769261799113 0.007340485601355167
0 0.4318273497377975 0.5287972896668549 0.01008471157724889 0.007340485601355167
0 0.44574425171440096 0.529785431959345 0.01290843081887858 0.007058159232072276
0 0.48083904800322713 0.5289384528514963 0.022589753933037516 0.00818746470920384
0 0.5030254134731746 0.5295031055900621 0.01290843081887858 0.007622811970638058
0 0.5393303751512707 0.525974025974026 0.017749092375958047 0.015245623941276116
0 0.553852359822509 0.53613777526821 0.012101653892698669 0.023150762281197064
0 0.5933844292053247 0.5265386787125917 0.021782977006857603 0.012987012987012988
0 0.6044776119402985 0.5160926030491247 0.0012101653892698668 0.00282326369282891
0 0.6129487696651875 0.5271033314511575 0.013311819281968536 0.00846979107848673
0 0.6323114158935055 0.5263975155279503 0.01653892698668818 0.008752117447769622
0 0.6516740621218233 0.5279503105590062 0.01008471157724889 0.00846979107848673
0 0.6676079064138766 0.5309147374364765 0.004033884630899556 0.001976284584980237
