0 0.17123840258168616 0.2627046866177301 0.038321903993545785 0.017221908526256352
0 0.19987898346107302 0.26693958215697344 0.012505042355788625 0.007622811970638058
0 0.2127874142799516 0.26778656126482214 0.012505042355788625 0.007058159232072276
0 0.22670431625655507 0.2607284020327499 0.008874546187979023 0.021174477696216828
0 0.23396530859217426 0.2684923771880294 0.0024203307785397336 0.0016939582156973462
0 0.23618394513916902 0.2586109542631282 0.002016942315449778 0.006211180124223602
0 0.2529245663574022 0.26143421795595706 0.016135538523598225 0.019198193111236588
0 0.3007260992335619 0.26341050254093734 0.0060508269463493344 0.017504234895539244
0 0.3261395724082291 0.26002258610954265 0.012505042355788625 0.02258610954263128
0 0.3370310609116579 0.2682100508187465 0.007664380798709157 0.00564652738565782
0 0.354780153287616 0.26171654432524 0.01573215006050827 0.01693958215697346
0 0.3979427188382412 0.2608695652173913 0.022993142396127472 0.020327498588368152
0 0.41327148043565953 0.2672219085262564 0.004437273093989512 0.006493506493506494
0 0.4237595804759984 0.2683512140033879 0.00927793465106898 0.004234895539243365
0 0.4717628075837031 0.2676453980801807 0.02218636546994756 0.007905138339920948
0 0.49596611536910046 0.25903444381705254 0.019766034691407825 0.022303783173348392
0 0.5159338442920532 0.2619988706945229 0.01936264622831787 0.021456804065499716
0 0.5570794675272287 0.26016374929418407 0.016135538523598225 0.0189158667419537
0 0.5986284792254941 0.26044607566346695 0.023396530859217425 0.022303783173348392
0 0.6391690197660347 0.26665725578769056 0.008471157724889069 0.007622811970638058
0 0.6748688987494957 0.2597402597402597 0.016135538523598225 0.018633540372670808
0 0.682533279548205 0.26693958215697344 0.004033884630899556 0.002540937323546019
0 0.7029043969342477 0.2586109542631282 0.014925373134328358 0.021456804065499716
0 0.7369907220653489 0.269339356295878 0.03630496167809601 0.04291360813099943
0 0.7864058087938685 0.2598814229249012 0.018959257765227916 0.015527950310559006
0 0.7974989915288423 0.2651044607566347 0.0024203307785397336 0.005081874647092038
0 0.8047599838644615 0.25663466967814796 0.0024203307785397336 0.00282326369282891
0 0.8154497781363453 0.2652456239412761 0.01008471157724889 0.007622811970638058
0 0.8412666397741024 0.2658102766798419 0.02702702702702703 0.008752117447769622
0 0.8344090359015732 0.2621400338791643 0.0028237192416296895 0.002540937323546019
0 0.8612343686970553 0.2663749294184077 0.008067769261799113 0.006493506493506494
0 0.8747478822105688 0.26679841897233203 0.01008471157724889 0.007340485601355167
0 0.1526825332795482 0.31747600225861095 0.014925373134328358 0.009316770186335404
0 0.17486889874949577 0.3177583286278938 0.01653892698668818 0.007622811970638058
0 0.1926179911254538 0.31197063805759456 0.013311819281968536 0.021456804065499716
0 0.22246873739411052 0.3198757763975155 0.002016942315449778 0.00282326369282891
0 0.22307382008874546 0.3092885375494071 0.0024203307785397336 0.004234895539243365
0 0.23315853166599435 0.31846414455110106 0.012101653892698669 0.006211180124223602
0 0.2767244856797096 0.31648785996612083 0.009681323114158934 0.009034443817052512
0 0.2866075030254135 0.31874647092038394 0.008471157724889069 0.00564652738565782
0 0.299919322307382 0.3190287972896669 0.012505042355788625 0.00564652738565782
0 0.31323114158935056 0.31874647092038394 0.00927793465106898 0.00564652738565782
0 0.3235175473981444 0.31832298136645965 0.004840661557079467 0.005364201016374929
0 0.3356192012908431 0.3188876341050254 0.008067769261799113 0.005928853754940711
0 0.35074626865671643 0.3104178430265387 0.01008471157724889 0.020045172219085264
0 0.3600242033077854 0.30957086391869 0.002016942315449778 0.003105590062111801
0 0.36163775716014523 0.3160643704121965 0.0052440500201694235 0.003105590062111801
0 0.36385639370713996 0.31804065499717676 0.005647438483259379 0.003105590062111801
0 0.37575635336829366 0.31931112365894976 0.011698265429608713 0.00846979107848673
0 0.4146833400564744 0.3186053077357425 0.01290843081887858 0.007058159232072276
0 0.4257765227914482 0.3188876341050254 0.004437273093989512 0.002540937323546019
0 0.42698668818071805 0.3125352907961604 0.002016942315449778 0.0016939582156973462
0 0.4441306978620411 0.31493506493506496 0.01855586930213796 0.016657255787690572
0 0.48668818071803144 0.3145115753811406 0.014925373134328358 0.015810276679841896
0 0.5070592981040742 0.3234048560135517 0.03630496167809601 0.04601919819311124
0 0.4967728922952804 0.3186053077357425 0.0028237192416296895 0.0036702428006775835
0 0.4991932230738201 0.31225296442687744 0.0028237192416296895 0.005081874647092038
0 0.5385235982250908 0.3186053077357425 0.01855586930213796 0.00818746470920384
0 0.5770471964501815 0.3136645962732919 0.0012101653892698668 0.0016939582156973462
0 0.5889471561113352 0.3145115753811406 0.023396530859217425 0.017504234895539244
0 0.6077047196450182 0.3136645962732919 0.014925373134328358 0.015810276679841896
0 0.6196046793061718 0.3296160361377753 0.01290843081887858 0.03020892151326934
0 0.6143606292860024 0.3114059853190288 0.0016135538523598225 0.0016939582156973462
0 0.6335215812827754 0.3186053077357425 0.003630496167809601 0.004799548277809147
0 0.6339249697458653 0.3111236589497459 0.0028237192416296895 0.00282326369282891
0 0.6464300121016539 0.3176171654432524 0.007664380798709157 0.00564652738565782
0 0.6605486083098023 0.3176171654432524 0.012505042355788625 0.005081874647092038
0 0.672650262202501 0.31733483907396953 0.008471157724889069 0.009034443817052512
0 0.7109721661960468 0.3129587803500847 0.018152480839048003 0.016657255787690572
0 0.7307382008874547 0.31211180124223603 0.02944735780556676 0.017221908526256352
0 0.7519160951996773 0.31733483907396953 0.008067769261799113 0.006775832862789385
0 0.7630092779346511 0.3177583286278938 0.008471157724889069 0.007058159232072276
0 0.7807583703106091 0.3104178430265387 0.014118596208148447 0.020045172219085264
0 0.7964905203711173 0.3170525127046866 0.007664380798709157 0.00564652738565782
0 0.7948769665187576 0.3098531902879729 0.002016942315449778 0.002540937323546019
0 0.808995562726906 0.31747600225861095 0.008471157724889069 0.00818746470920384
0 0.8217022993142397 0.32919254658385094 0.004033884630899556 0.005081874647092038
0 0.8469140782573619 0.31620553359683795 0.01008471157724889 0.007905138339920948
0 0.8620411456232352 0.31719367588932806 0.010488100040338847 0.005928853754940711
0 0.8807987091569182 0.31437041219649914 0.018152480839048003 0.012704686617730096
0 0.14905203711173862 0.36335403726708076 0.01653892698668818 0.02258610954263128
0 0.1881807180314643 0.36053077357425184 0.008471157724889069 0.020892151326933936
0 0.19927390076643808 0.36688311688311687 0.010488100040338847 0.007622811970638058
0 0.2127874142799516 0.3681535855448899 0.012505042355788625 0.00564652738565782
0 0.23053650665590963 0.36801242236024845 0.014925373134328358 0.006493506493506494
0 0.24667204517950786 0.36801242236024845 0.00927793465106898 0.007622811970638058
0 0.2855990318676886 0.36264822134387353 0.02501008471157725 0.020045172219085264
0 0.3031464300121017 0.37012987012987014 0.00927793465106898 0.007905138339920948
0 0.3414683340056474 0.36335403726708076 0.018152480839048003 0.015245623941276116
0 0.3567970956030658 0.36773009599096557 0.0052440500201694235 0.005364201016374929
0 0.3676885841064946 0.3674477696216827 0.00927793465106898 0.005364201016374929
0 0.38664784187172246 0.36250705815923207 0.021379588543767647 0.018068887634105024
0 0.4060104881000403 0.3681535855448899 0.014118596208148447 0.007340485601355167
0 0.4233561920129084 0.3673066064370412 0.01573215006050827 0.005081874647092038
0 0.4390883420734167 0.36264822134387353 0.012505042355788625 0.022303783173348392
0 0.48507462686567165 0.3651891586674195 0.02702702702702703 0.020609824957651044
0 0.5036304961678096 0.3687182382834557 0.007664380798709157 0.006775832862789385
0 0.5217829770068576 0.36829474872953133 0.01734570391286809 0.007058159232072276
0 0.54538120209762 0.36236589497459065 0.023396530859217425 0.017221908526256352
0 0.5667607906413876 0.37888198757763975 0.012101653892698669 0.031055900621118012
0 0.6179911254538121 0.37267080745341613 0.026623638563937072 0.038396386222473176
0 0.6068979427188382 0.36801242236024845 0.0012101653892698668 0.0008469791078486731
0 0.6073013311819282 0.36716544325239975 0.0012101653892698668 0.0008469791078486731
0 0.6742638160548609 0.36462450592885376 0.02864058087938685 0.01948051948051948
0 0.7398144413069786 0.36123658949745907 0.02501008471157725 0.022303783173348392
0 0.7620008067769262 0.3687182382834557 0.014521984671238403 0.004517221908526256
0 0.7745058491327148 0.3674477696216827 0.004840661557079467 0.005928853754940711
0 0.7924566357402179 0.36250705815923207 0.024606696248487294 0.018633540372670808
0 0.8400564743848326 0.3622247317899492 0.027833803953206938 0.015810276679841896
0 0.8664784187172246 0.36053077357425184 0.017749092375958047 0.01693958215697346
0 0.8757563533682937 0.35841332580463015 0.0016135538523598225 0.0036702428006775835
0 0.8834207341670028 0.3650479954827781 0.01290843081887858 0.0033879164313946925
0 0.9080274304154902 0.3739412761151892 0.026623638563937072 0.0251270468661773
0 0.14804356595401372 0.4150197628458498 0.014521984671238403 0.018633540372670808
0 0.16256555062525213 0.41854884246188595 0.012101653892698669 0.007622811970638058
0 0.1700282371924163 0.4134669678147939 0.002016942315449778 0.002540937323546019
0 0.17103670835014118 0.4205251270468662 0.004033884630899556 0.0036702428006775835
0 0.17950786607503025 0.41981931112365894 0.008067769261799113 0.005081874647092038
0 0.19302137958854376 0.4191134952004517 0.012505042355788625 0.00818746470920384
0 0.20653489310205728 0.42419536984754375 0.0024203307785397336 0.001976284584980237
0 0.26300927793465106 0.41205533596837945 0.05405405405405406 0.0189158667419537
0 0.25978217022993144 0.4150197628458498 0.004840661557079467 0.010728402032749858
0 0.29487696651875756 0.4205251270468662 0.003227107704719645 0.001976284584980237
0 0.29689390883420735 0.4126199887069452 0.0016135538523598225 0.001976284584980237
0 0.3045582896329165 0.422360248447205 0.00645421540943929 0.004517221908526256
0 0.34852763210972165 0.4202428006775833 0.023396530859217425 0.007058159232072276
0 0.3642597821702299 0.4201016374929418 0.005647438483259379 0.007340485601355167
0 0.37373941105284386 0.4201016374929418 0.007664380798709157 0.00564652738565782
0 0.3864461476401775 0.4202428006775833 0.012101653892698669 0.004234895539243365
0 0.40500201694231547 0.41431394692264256 0.020976200080677694 0.01948051948051948
0 0.4499798305768455 0.4201016374929418 0.01573215006050827 0.007905138339920948
0 0.46651875756353367 0.4298418972332016 0.018959257765227916 0.03020892151326934
0 0.4828559903186769 0.4193958215697346 0.009681323114158934 0.006493506493506494
0 0.49717628075837034 0.41967814793901753 0.011698265429608713 0.005364201016374929
0 0.5066559096409843 0.4201016374929418 0.0024203307785397336 0.0016939582156973462
0 0.509479628882614 0.411914172783738 0.0024203307785397336 0.0033879164313946925
0 0.5219846712384025 0.41869000564652736 0.012101653892698669 0.007340485601355167
0 0.5322710770471965 0.4147374364765669 0.007664380798709157 0.0033879164313946925
0 0.5433642597821702 0.43407679277244493 0.016942315449778138 0.03698475437605872
0 0.591367486889875 0.41304347826086957 0.02743041549011698 0.0220214568040655
0 0.6123436869705526 0.4199604743083004 0.009681323114158934 0.005928853754940711
0 0.6341266639774102 0.41233766233766234 0.02501008471157725 0.020609824957651044
0 0.6551028640580879 0.4168548842461886 0.009681323114158934 0.00818746470920384
0 0.6655909640984268 0.41826651609260307 0.007260992335619202 0.012140033879164314
0 0.700282371924163 0.41741953698475437 0.009681323114158934 0.007058159232072276
0 0.7148043565954014 0.41727837380011296 0.010488100040338847 0.005081874647092038
0 0.7329568374344494 0.41417278373800115 0.01371520774505849 0.012422360248447204
0 0.7745058491327148 0.4165725578769057 0.009681323114158934 0.008752117447769622
0 0.7920532472771279 0.41756070016939584 0.020572811617587738 0.006775832862789385
0 0.8063735377168213 0.41741953698475437 0.005647438483259379 0.005364201016374929
0 0.8162565550625253 0.41699604743083 0.008471157724889069 0.005081874647092038
0 0.8342073416700282 0.41798418972332013 0.020976200080677694 0.009316770186335404
0 0.8805970149253731 0.42066629023150764 0.02743041549011698 0.032185206098249576
0 0.15046389673255345 0.47134387351778656 0.02016942315449778 0.008752117447769622
0 0.17224687373941105 0.4655561829474873 0.017749092375958047 0.018068887634105024
0 0.1811214199273901 0.4655561829474873 0.0024203307785397336 0.0033879164313946925
0 0.190802743041549 0.4816487859966121 0.017749092375958047 0.030491247882552232
0 0.20673658733360226 0.47134387351778656 0.0028237192416296895 0.004799548277809147
0 0.20774505849132716 0.4640033879164314 0.0016135538523598225 0.003105590062111801
0 0.22408229124647036 0.47063805759457933 0.01734570391286809 0.005081874647092038
0 0.24223477208551836 0.472755505364201 0.00927793465106898 0.005364201016374929
0 0.2944735780556676 0.4720496894409938 0.003227107704719645 0.00564652738565782
0 0.2942718838241226 0.46160361377752684 0.002016942315449778 0.002258610954263128
0 0.3043565954013715 0.4704968944099379 0.01008471157724889 0.007058159232072276
0 0.3160548608309802 0.4723320158102767 0.007664380798709157 0.005081874647092038
0 0.3334005647438483 0.4642857142857143 0.014118596208148447 0.01948051948051948
0 0.3479225494150867 0.46922642574816487 0.01008471157724889 0.004517221908526256
0 0.36345300524405 0.47007340485601357 0.00645421540943929 0.004517221908526256
0 0.37898346107301334 0.46273291925465837 0.00927793465106898 0.023150762281197064
0 0.3850342880193626 0.4611801242236025 0.002016942315449778 0.003105590062111801
0 0.3914885034288019 0.46908526256352345 0.00927793465106898 0.006493506493506494
0 0.4060104881000403 0.46950875211744775 0.010891488503428802 0.00846979107848673
0 0.46147640177490923 0.46287408243929984 0.021782977006857603 0.023433088650479956
0 0.48628479225494153 0.4683794466403162 0.01653892698668818 0.007340485601355167
0 0.5036304961678096 0.46922642574816487 0.01008471157724889 0.005081874647092038
0 0.5258168616377572 0.47261434217955955 0.03509479628882614 0.04291360813099943
0 0.5921742638160549 0.46259175607001696 0.020976200080677694 0.020045172219085264
0 0.608914885034288 0.4699322416713721 0.007664380798709157 0.007058159232072276
0 0.6573215006050827 0.4621682665160926 0.03751512706736587 0.015810276679841896
0 0.663372327551432 0.4637210615471485 0.0028237192416296895 0.0036702428006775835
0 0.6823315853166599 0.467673630717109 0.0028237192416296895 0.005364201016374929
0 0.6835417507059298 0.461038961038961 0.0012101653892698668 0.00282326369282891
0 0.691004437273094 0.46696781479390176 0.008067769261799113 0.006211180124223602
0 0.7133924969745865 0.467673630717109 0.025413473174667203 0.00818746470920384
0 0.736385639370714 0.4683794466403162 0.014925373134328358 0.007340485601355167
0 0.7613957240822913 0.47896668548842464 0.0028237192416296895 0.004799548277809147
0 0.7853973376361436 0.468944099378882 0.010488100040338847 0.007340485601355167
0 0.8011294876966518 0.4683794466403162 0.009681323114158934 0.005081874647092038
0 0.8194836627672448 0.4654150197628458 0.01573215006050827 0.012140033879164314
0 0.8596208148446954 0.46386222473178995 0.005647438483259379 0.015245623941276116
0 0.14683340056474384 0.5179277244494636 0.00645421540943929 0.007622811970638058
0 0.16377571601452198 0.5111518915866742 0.016135538523598225 0.020045172219085264
0 0.17950786607503025 0.519339356295878 0.005647438483259379 0.004799548277809147
0 0.21803146430012102 0.5244212309429701 0.021379588543767647 0.0471485036702428
0 0.23517547398144414 0.5220214568040655 0.008067769261799113 0.006211180124223602
0 0.25756353368293666 0.5170807453416149 0.035901573215006054 0.015527950310559006
0 0.3138362242839855 0.5201863354037267 0.01290843081887858 0.005364201016374929
0 0.3334005647438483 0.5303500846979108 0.021379588543767647 0.026256352343308864
0 0.36405808793868494 0.5166572557876906 0.025413473174667203 0.018068887634105024
0 0.38886647841871724 0.5244212309429701 0.015328761597418314 0.03472614342179559
0 0.43384429205324726 0.5220214568040655 0.010891488503428802 0.007905138339920948
0 0.48527632109721663 0.5201863354037267 0.028237192416296894 0.007622811970638058
0 0.5080677692617991 0.5224449463579899 0.011698265429608713 0.001976284584980237
0 0.527027027027027 0.5128458498023716 0.013311819281968536 0.017221908526256352
0 0.5423557886244453 0.5177865612648221 0.018959257765227916 0.00846979107848673
0 0.6026623638563937 0.5235742518351214 0.029043969342476807 0.03472614342179559
0 0.6649858814037919 0.5143986448334275 0.033481242436466316 0.020892151326933936
0 0.718233158531666 0.5160926030491247 0.02379991932230738 0.018633540372670808
0 0.7234772085518354 0.5151044607566346 0.0028237192416296895 0.005364201016374929
0 0.745663574021783 0.519339356295878 0.006857603872529245 0.005364201016374929
0 0.7496974586526826 0.5045172219085262 0.002016942315449778 0.002258610954263128
0 0.7607906413876563 0.5190570299265952 0.008067769261799113 0.006493506493506494
0 0.7821702299314239 0.5182100508187465 0.024203307785397338 0.00818746470920384
0 0.8067769261799113 0.5173630717108978 0.008874546187979023 0.007058159232072276
0 0.8257361839451391 0.5187747035573123 0.022589753933037516 0.003105590062111801
0 0.1500605082694635 0.5653585544889893 0.011294876966518758 0.017786561264822136
0 0.16115369100443727 0.5704404291360813 0.0052440500201694235 0.004234895539243365
0 0.17648245260185558 0.5705815923207228 0.010891488503428802 0.0016939582156973462
0 0.1954417103670835 0.5734048560135516 0.0391286809197257 0.03670242800677583
0 0.22730939895118998 0.5698757763975155 0.007664380798709157 0.007622811970638058
0 0.2392093586123437 0.5729813664596274 0.010488100040338847 0.001976284584980237
0 0.2628075837031061 0.571005081874647 0.020572811617587738 0.007058159232072276
0 0.3061718434852763 0.5782044042913608 0.0024203307785397336 0.006775832862789385
0 0.3315853166599435 0.5693111236589498 0.01290843081887858 0.00818746470920384
0 0.3565954013715208 0.5630999435347261 0.026623638563937072 0.020045172219085264
0 0.3783783783783784 0.5690287972896668 0.012101653892698669 0.01101072840203275
0 0.3755546591367487 0.5639469226425748 0.0024203307785397336 0.001411631846414455
0 0.4223477208551835 0.5638057594579333 0.003227107704719645 0.020892151326933936
0 0.4683340056474385 0.5695934500282326 0.01855586930213796 0.009316770186335404
0 0.4872932634126664 0.5704404291360813 0.016135538523598225 0.005364201016374929
0 0.5006050826946349 0.5697346132128741 0.005647438483259379 0.006211180124223602
0 0.5147236789027834 0.5694522868435912 0.008874546187979023 0.004517221908526256
0 0.5229931423961275 0.5708639186900056 0.004437273093989512 0.0016939582156973462
0 0.5447761194029851 0.5633822699040091 0.026220250100847116 0.0189158667419537
0 0.5903590157321501 0.5584415584415584 0.002016942315449778 0.001129305477131564
0 0.5917708753529649 0.5695934500282326 0.0024203307785397336 0.005928853754940711
0 0.600847115772489 0.5684641445511011 0.012505042355788625 0.0036702428006775835
0 0.6236385639370714 0.5635234330886505 0.017749092375958047 0.018068887634105024
0 0.6381605486083098 0.568746470920384 0.008067769261799113 0.005364201016374929
0 0.6639774102460669 0.5635234330886505 0.02501008471157725 0.01693958215697346
0 0.6855586930213796 0.5684641445511011 0.0060508269463493344 0.004799548277809147
0 0.7006857603872529 0.5664878599661208 0.012101653892698669 0.004799548277809147
0 0.6980637353771683 0.5566064370412197 0.002016942315449778 0.001411631846414455
0 0.7252924566357403 0.5786278938452851 0.016135538523598225 0.026256352343308864
0 0.7753126260588947 0.5686053077357425 0.016135538523598225 0.006775832862789385
0 0.7954820492133925 0.5793337097684924 0.021782977006857603 0.02710333145115754
0 0.8356192012908431 0.5708639186900056 0.04719645018152481 0.034443817052512704
0 0.8773699072206534 0.5688876341050254 0.01936264622831787 0.00846979107848673
0 0.15046389673255345 0.6167419536984754 0.016135538523598225 0.023997741389045736
0 0.16821298910851148 0.6240824392998306 0.008874546187979023 0.007058159232072276
0 0.21621621621621623 0.620694522868436 0.0024203307785397336 0.005928853754940711
0 0.21863654699475596 0.6094014680971203 0.0024203307785397336 0.002540937323546019
0 0.22710770471964503 0.6205533596837944 0.011294876966518758 0.00564652738565782
0 0.2482855990318677 0.6198475437605873 0.01653892698668818 0.007058159232072276
0 0.26764824526018555 0.620412196499153 0.01573215006050827 0.004799548277809147
0 0.28479225494150867 0.6144833427442123 0.012101653892698669 0.017786561264822136
0 0.3009277934651069 0.6187182382834556 0.017749092375958047 0.007622811970638058
0 0.3259378781766841 0.6150479954827781 0.014521984671238403 0.023997741389045736
0 0.38664784187172246 0.6212591756070017 0.033481242436466316 0.03585544889892716
0 0.44392900363049614 0.6150479954827781 0.02702702702702703 0.022868435911914172
0 0.46147640177490923 0.622953133822699 0.010488100040338847 0.00818746470920384
0 0.5227914481645825 0.6105307735742518 0.01855586930213796 0.02456239412761152
0 0.5373134328358209 0.6199887069452287 0.0024203307785397336 0.001129305477131564
0 0.5415490116982654 0.6112365894974591 0.002016942315449778 0.00282326369282891
0 0.5613150463896732 0.6208356860530774 0.035901573215006054 0.044607566346696784
0 0.5841064945542558 0.6175889328063241 0.012101653892698669 0.00818746470920384
0 0.6062928600242034 0.6132128740824393 0.011294876966518758 0.020327498588368152
0 0.6688180718031465 0.610248447204969 0.029043969342476807 0.029079616036137776
0 0.6926179911254539 0.6195652173913043 0.011294876966518758 0.005928853754940711
0 0.7085518354175071 0.6194240542066629 0.0052440500201694235 0.00564652738565782
0 0.7289229528035498 0.6153303218520609 0.02743041549011698 0.017221908526256352
0 0.7688584106494554 0.6202710333145116 0.003227107704719645 0.006211180124223602
0 0.781363453005244 0.6171654432523997 0.016942315449778138 0.006775832862789385
0 0.7745058491327148 0.6078486730660644 0.0024203307785397336 0.004517221908526256
0 0.8342073416700282 0.6129305477131564 0.021782977006857603 0.019762845849802372
0 0.8507462686567164 0.6208356860530774 0.011294876966518758 0.00564652738565782
0 0.14320290439693426 0.6672783738001129 0.035498184751916094 0.01383399209486166
0 0.15167406212182333 0.6688311688311688 0.0024203307785397336 0.005081874647092038
0 0.1653892698668818 0.6699604743083004 0.003227107704719645 0.006211180124223602
0 0.16700282371924163 0.6620553359683794 0.003227107704719645 0.00282326369282891
0 0.18152480839048002 0.6703839638622248 0.008874546187979023 0.005928853754940711
0 0.20754336425978218 0.668548842461886 0.025413473174667203 0.009599096555618294
0 0.23295683743444937 0.669819311123659 0.014118596208148447 0.009316770186335404
0 0.26321097216619604 0.6727837380011293 0.0028237192416296895 0.0033879164313946925
