0 0.14622831787010893 0.26143421795595706 0.00927793465106898 0.031055900621118012
0 0.1563130294473578 0.2627046866177301 0.008471157724889069 0.022868435911914172
0 0.19866881807180314 0.2713156408808583 0.0391286809197257 0.01129305477131564
0 0.2519160951996773 0.26355166572557875 0.0326744655102864 0.026821005081874648
0 0.2688584106494554 0.2676453980801807 0.003630496167809601 0.001129305477131564
0 0.28136345300524407 0.2632693393562959 0.01573215006050827 0.025691699604743084
0 0.31222267043162566 0.2627046866177301 0.009681323114158934 0.026256352343308864
0 0.34933440903590157 0.2714568040654997 0.03953206938281565 0.009316770186335404
0 0.3870512303348124 0.2715979672501412 0.012505042355788625 0.007905138339920948
0 0.39774102460669625 0.2648221343873518 0.007260992335619202 0.01693958215697346
0 0.43283582089552236 0.25903444381705254 0.01371520774505849 0.027385657820440428
0 0.4465510286405809 0.26976284584980237 0.010488100040338847 0.006493506493506494
0 0.4590560709963695 0.26256352343308864 0.005647438483259379 0.0220214568040655
0 0.4717628075837031 0.2691981931112366 0.02218636546994756 0.03303218520609825
0 0.5006050826946349 0.265527950310559 0.028237192416296894 0.01948051948051948
0 0.5443727309398951 0.26383399209486164 0.006857603872529245 0.017221908526256352
0 0.5536506655909641 0.262987012987013 0.01008471157724889 0.021174477696216828
0 0.5651472367890278 0.27117447769621683 0.012101653892698669 0.008752117447769622
0 0.5756353368293666 0.26383399209486164 0.008067769261799113 0.021174477696216828
0 0.6052843888664784 0.26171654432524 0.012505042355788625 0.029361942405420668
0 0.6278741427995159 0.2670807453416149 0.014118596208148447 0.039525691699604744
0 0.6371520774505849 0.262987012987013 0.003630496167809601 0.001411631846414455
0 0.6466317063331989 0.27060982495765107 0.017749092375958047 0.009316770186335404
0 0.6591367486889875 0.2636928289102202 0.004840661557079467 0.018068887634105024
0 0.6791044776119403 0.27103331451157536 0.01653892698668818 0.007905138339920948
0 0.6885841064945543 0.2660926030491248 0.004840661557079467 0.001411631846414455
0 0.6944332392093586 0.2720214568040655 0.012505042355788625 0.004799548277809147
0 0.7016942315449778 0.2648221343873518 0.003630496167809601 0.0016939582156973462
0 0.7071399757966922 0.26439864483342745 0.005647438483259379 0.017221908526256352
0 0.7117789431222267 0.2714568040654997 0.0052440500201694235 0.005928853754940711
0 0.7238805970149254 0.2648221343873518 0.014118596208148447 0.021456804065499716
0 0.754739814441307 0.264257481648786 0.01855586930213796 0.020892151326933936
0 0.790641387656313 0.26341050254093734 0.053247277127874144 0.025974025974025976
0 0.8319887051230335 0.2720214568040655 0.030254134731746672 0.007058159232072276
0 0.8525615167406212 0.2787972896668549 0.00927793465106898 0.017786561264822136
0 0.8713190802743042 0.2723037831733484 0.026623638563937072 0.00818746470920384
0 0.1417910447761194 0.32269904009034445 0.0052440500201694235 0.004517221908526256
0 0.14400968132311415 0.31719367588932806 0.004033884630899556 0.001976284584980237
0 0.15469947559499797 0.3219932241671372 0.014925373134328358 0.004234895539243365
0 0.1964501815248084 0.3123941276115189 0.01936264622831787 0.023997741389045736
0 0.23275514320290439 0.31945228684359117 0.04759983864461476 0.00818746470920384
0 0.2579669221460266 0.3156408808582722 0.002016942315449778 0.001129305477131564
0 0.2646228317870109 0.32086391869000563 0.011294876966518758 0.007622811970638058
0 0.2920532472771279 0.31394692264257484 0.007260992335619202 0.024844720496894408
0 0.3041549011698265 0.32241671372106157 0.012101653892698669 0.006211180124223602
0 0.3325937878176684 0.32142857142857145 0.02218636546994756 0.007058159232072276
0 0.34328358208955223 0.3145115753811406 0.004033884630899556 0.001129305477131564
0 0.34872932634126663 0.31507622811970637 0.0028237192416296895 0.019762845849802372
0 0.3525615167406212 0.31634669678147936 0.0024203307785397336 0.001976284584980237
0 0.3676885841064946 0.3222755505364201 0.0326744655102864 0.007058159232072276
0 0.3983461073013312 0.31747600225861095 0.007664380798709157 0.020609824957651044
0 0.41206131504638965 0.31493506493506496 0.01653892698668818 0.022303783173348392
0 0.4441306978620411 0.30237154150197626 0.016942315449778138 0.01129305477131564
0 0.4441306978620411 0.3136645962732919 0.008874546187979023 0.019198193111236588
0 0.4772085518354175 0.320016939582157 0.05405405405405406 0.00818746470920384
0 0.4802339653085922 0.31521739130434784 0.0028237192416296895 0.001411631846414455
0 0.5280354981847519 0.31098249576510445 0.015328761597418314 0.027950310559006212
0 0.5494150867285196 0.32058159232072275 0.03227107704719645 0.03303218520609825
0 0.5738200887454619 0.32396950875211744 0.003630496167809601 0.001411631846414455
0 0.6056877773295684 0.3123941276115189 0.030254134731746672 0.029079616036137776
0 0.6446147640177491 0.31931112365894976 0.020976200080677694 0.028797289666854884
0 0.6579265832997176 0.32171089779785433 0.011294876966518758 0.007622811970638058
0 0.6704316256555063 0.322557876905703 0.011294876966518758 0.007622811970638058
0 0.6976603469140783 0.3207227555053642 0.020572811617587738 0.007340485601355167
0 0.7148043565954014 0.3167701863354037 0.011294876966518758 0.019198193111236588
0 0.7333602258975394 0.3198757763975155 0.004840661557079467 0.006211180124223602
0 0.7382008874546188 0.31197063805759456 0.004033884630899556 0.001129305477131564
0 0.7420330778539733 0.31408808582721626 0.0052440500201694235 0.01948051948051948
0 0.7484872932634127 0.32029926595143987 0.008471157724889069 0.006493506493506494
0 0.7900363049616781 0.3211462450592885 0.04881000403388463 0.03020892151326934
0 0.8471157724889068 0.32156973461321287 0.04356595401371521 0.009599096555618294
0 0.136345300524405 0.3654714850367024 0.008874546187979023 0.018351214003387916
0 0.14481645824929407 0.371682665160926 0.01290843081887858 0.006493506493506494
0 0.18192819685356998 0.37111801242236025 0.04033884630899556 0.03303218520609825
0 0.2263009277934651 0.3705533596837945 0.023396530859217425 0.00818746470920384
0 0.2563533682936668 0.36984754376058726 0.003630496167809601 0.006211180124223602
0 0.2591770875352965 0.36307171089779783 0.004437273093989512 0.0016939582156973462
0 0.2700685760387253 0.37549407114624506 0.021379588543767647 0.015810276679841896
0 0.2898346107301331 0.3708356860530774 0.01734570391286809 0.009316770186335404
0 0.30334812424364666 0.3650479954827781 0.008067769261799113 0.018633540372670808
0 0.3164582492940702 0.3706945228684359 0.021379588543767647 0.006775832862789385
0 0.3317870108914885 0.36617730095990964 0.007664380798709157 0.014680971202710334
0 0.35034288019362647 0.3756352343308865 0.008471157724889069 0.017221908526256352
0 0.36506655909640984 0.3730942970073405 0.02016942315449778 0.007058159232072276
0 0.3797902379991932 0.36702428006775834 0.004437273093989512 0.01693958215697346
0 0.38342073416700284 0.36928289102202144 0.0028237192416296895 0.001129305477131564
0 0.3989511899959661 0.37125917560700167 0.003227107704719645 0.006211180124223602
0 0.40197660346914077 0.3650479954827781 0.0052440500201694235 0.0016939582156973462
0 0.40984267849939493 0.37210615471485037 0.01371520774505849 0.00564652738565782
0 0.4461476401774909 0.37775268210050816 0.029043969342476807 0.0220214568040655
0 0.48225090762404194 0.3622247317899492 0.013311819281968536 0.024280067758328628
0 0.48951189995966116 0.3654714850367024 0.004437273093989512 0.002540937323546019
0 0.4965711980637354 0.36801242236024845 0.016135538523598225 0.03585544889892716
0 0.5147236789027834 0.37267080745341613 0.0024203307785397336 0.0016939582156973462
0 0.5399354578459056 0.3619424054206663 0.02379991932230738 0.023715415019762844
0 0.5467930617184349 0.3715415019762846 0.018152480839048003 0.007340485601355167
0 0.5760387252924566 0.3687182382834557 0.014521984671238403 0.03613777526821005
0 0.5822912464703509 0.36589497459062675 0.003630496167809601 0.0016939582156973462
0 0.5917708753529649 0.37323546019198195 0.01855586930213796 0.00564652738565782
0 0.63614360629286 0.37732919254658387 0.04517950786607503 0.022303783173348392
0 0.6714400968132311 0.37267080745341613 0.004437273093989512 0.006211180124223602
0 0.6766841468334006 0.3651891586674195 0.0028237192416296895 0.001411631846414455
0 0.682533279548205 0.3725296442687747 0.014521984671238403 0.004799548277809147
0 0.7178297700685761 0.3719649915302089 0.024606696248487294 0.009316770186335404
0 0.7333602258975394 0.37224731789949184 0.007260992335619202 0.007058159232072276
0 0.7438483259378782 0.3730942970073405 0.008874546187979023 0.005928853754940711
0 0.764017749092376 0.37351778656126483 0.029043969342476807 0.007340485601355167
0 0.781565147236789 0.36702428006775834 0.004437273093989512 0.0016939582156973462
0 0.7902379991932231 0.37450592885375494 0.02016942315449778 0.005928853754940711
0 0.8148446954417103 0.3651891586674195 0.005647438483259379 0.018351214003387916
0 0.8215006050826946 0.3719649915302089 0.004437273093989512 0.005364201016374929
0 0.8239209358612344 0.36462450592885376 0.002016942315449778 0.001411631846414455
0 0.8350141185962081 0.3632128740824393 0.01855586930213796 0.026256352343308864
0 0.14844695441710368 0.422360248447205 0.04033884630899556 0.00846979107848673
0 0.21117386042759176 0.4140316205533597 0.05203711173860428 0.027950310559006212
0 0.25978217022993144 0.4222190852625635 0.021782977006857603 0.00818746470920384
0 0.272488906817265 0.41741953698475437 0.0052440500201694235 0.016657255787690572
0 0.2769261799112545 0.4191134952004517 0.004437273093989512 0.002540937323546019
0 0.29487696651875756 0.42179559570863917 0.004033884630899556 0.006211180124223602
0 0.2977006857603873 0.41699604743083 0.003227107704719645 0.0016939582156973462
0 0.3061718434852763 0.4227837380011293 0.014521984671238403 0.005928853754940711
0 0.32775312626058895 0.41756070016939584 0.010891488503428802 0.021456804065499716
0 0.34066155707946755 0.41826651609260307 0.01008471157724889 0.014963297571993224
0 0.3527632109721662 0.41854884246188595 0.006857603872529245 0.014398644833427442
0 0.36385639370713996 0.4160079051383399 0.008874546187979023 0.014963297571993224
0 0.3765631302944736 0.4267363071710898 0.0052440500201694235 0.006493506493506494
0 0.400161355385236 0.41445511010728403 0.010488100040338847 0.024844720496894408
0 0.43142396127470756 0.4258893280632411 0.03509479628882614 0.01948051948051948
0 0.4538120209762001 0.41826651609260307 0.008067769261799113 0.017786561264822136
0 0.4878983461073013 0.42814793901750425 0.026220250100847116 0.018351214003387916
0 0.5298507462686567 0.4212309429700734 0.03428801936264623 0.00846979107848673
0 0.5669624848729327 0.42179559570863917 0.03509479628882614 0.007905138339920948
0 0.6133521581282775 0.41417278373800115 0.031060911657926585 0.025974025974025976
0 0.6304961678096006 0.4168548842461886 0.004840661557079467 0.002540937323546019
0 0.6555062525211779 0.42391304347826086 0.04517950786607503 0.03077357425183512
0 0.6954417103670835 0.4189723320158103 0.008067769261799113 0.01693958215697346
0 0.718031464300121 0.41699604743083 0.03711173860427592 0.019198193111236588
0 0.7585720048406616 0.42264257481648787 0.02218636546994756 0.006775832862789385
0 0.7787414279951593 0.41671372106154714 0.013311819281968536 0.021456804065499716
0 0.8104074223477209 0.4148785996612084 0.01936264622831787 0.026256352343308864
0 0.8245260185558693 0.42419536984754375 0.00645421540943929 0.007058159232072276
0 0.8477208551835418 0.4257481648785997 0.03509479628882614 0.009599096555618294
0 0.15449778136345302 0.4775550536420102 0.045986284792254944 0.020045172219085264
0 0.2018959257765228 0.47219085262563526 0.018959257765227916 0.007622811970638058
0 0.19685356998789835 0.4647092038396386 0.004840661557079467 0.002258610954263128
0 0.2156111335215813 0.4662619988706945 0.0060508269463493344 0.01948051948051948
0 0.23033481242436465 0.47219085262563526 0.02016942315449778 0.005928853754940711
0 0.2236789027833804 0.46485036702428006 0.002016942315449778 0.001411631846414455
0 0.24667204517950786 0.4738848108413326 0.010891488503428802 0.007622811970638058
0 0.25433642597821704 0.46725014116318464 0.006857603872529245 0.01693958215697346
0 0.2626058894715611 0.47473178994918125 0.010488100040338847 0.004799548277809147
0 0.3031464300121017 0.4741671372106155 0.026220250100847116 0.007058159232072276
0 0.3170633319887051 0.466403162055336 0.004840661557079467 0.0016939582156973462
0 0.3227107704719645 0.4556747600225861 0.0016135538523598225 0.001129305477131564
0 0.3301734570391287 0.46569734613212876 0.01653892698668818 0.022303783173348392
0 0.3662767244856797 0.46597967250141165 0.02016942315449778 0.020045172219085264
0 0.39653085921742637 0.4762845849802372 0.016135538523598225 0.015245623941276116
0 0.42154094392900365 0.4707792207792208 0.03065752319483663 0.026821005081874648
0 0.45683743444937475 0.47247317899491814 0.022993142396127472 0.007622811970638058
0 0.47660346914078255 0.46725014116318464 0.012505042355788625 0.019762845849802372
0 0.4967728922952804 0.46597967250141165 0.006857603872529245 0.0189158667419537
0 0.509076240419524 0.4644268774703557 0.016135538523598225 0.020327498588368152
0 0.5399354578459056 0.47219085262563526 0.020572811617587738 0.007058159232072276
0 0.5605082694634933 0.472755505364201 0.01573215006050827 0.005928853754940711
0 0.5711980637353772 0.467673630717109 0.003227107704719645 0.001411631846414455
0 0.5853166599435257 0.472755505364201 0.03065752319483663 0.006493506493506494
0 0.6064945542557483 0.474025974025974 0.008471157724889069 0.004517221908526256
0 0.6224283985478015 0.47219085262563526 0.004840661557079467 0.002540937323546019
0 0.6676079064138766 0.46922642574816487 0.05647438483259379 0.029926595143986448
0 0.727511093182735 0.4767080745341615 0.040742234772085516 0.018351214003387916
0 0.7698668818071803 0.4655561829474873 0.019766034691407825 0.02258610954263128
0 0.7845905607099637 0.4644268774703557 0.007260992335619202 0.020327498588368152
0 0.809600645421541 0.4723320158102767 0.042759177087535294 0.009034443817052512
0 0.854578459056071 0.4673913043478261 0.02218636546994756 0.01948051948051948
0 0.145623235175474 0.5122811970638057 0.04437273093989512 0.025691699604743084
0 0.1690197660346914 0.5158102766798419 0.004840661557079467 0.0016939582156973462
0 0.18071803146430013 0.5228684359119141 0.01936264622831787 0.005081874647092038
0 0.23416700282371924 0.516798418972332 0.058491327148043566 0.03472614342179559
0 0.2154094392900363 0.5132693393562959 0.014521984671238403 0.023150762281197064
0 0.27591770875352967 0.5262563523433089 0.00645421540943929 0.006775832862789385
0 0.3027430415490117 0.5214568040654998 0.02379991932230738 0.007340485601355167
0 0.33783783783783783 0.5228684359119141 0.018959257765227916 0.007340485601355167
0 0.33420734167002825 0.515527950310559 0.004437273093989512 0.002258610954263128
0 0.35316659943525613 0.5166572557876906 0.006857603872529245 0.018068887634105024
0 0.38342073416700284 0.5176453980801807 0.051230334812424366 0.018351214003387916
0 0.43162565550625254 0.5203274985883681 0.020976200080677694 0.03613777526821005
0 0.45865268253327957 0.5152456239412762 0.00645421540943929 0.020892151326933936
0 0.47216619604679305 0.5215979672501412 0.018959257765227916 0.006493506493506494
0 0.5054457442517144 0.5275268210050819 0.01855586930213796 0.01948051948051948
0 0.5308592174263816 0.5239977413890458 0.03065752319483663 0.007905138339920948
0 0.5566760790641387 0.5286561264822134 0.005647438483259379 0.009316770186335404
0 0.6046793061718435 0.5190570299265952 0.07180314643001211 0.020609824957651044
0 0.6718434852763211 0.5208921513269339 0.03751512706736587 0.03613777526821005
0 0.727107704719645 0.5179277244494636 0.050423557886244454 0.021174477696216828
0 0.7575635336829367 0.519621682665161 0.015328761597418314 0.021174477696216828
0 0.7874142799515934 0.5160926030491247 0.02016942315449778 0.023150762281197064
0 0.1536910044372731 0.5729813664596274 0.041145623235175476 0.035290796160361376
0 0.1853569987898346 0.5749576510446076 0.0326744655102864 0.007622811970638058
0 0.21500605082694635 0.5701581027667985 0.021782977006857603 0.017786561264822136
0 0.24687373941105284 0.5673348390739695 0.01855586930213796 0.017221908526256352
0 0.2712787414279952 0.5680406549971767 0.0060508269463493344 0.019762845849802372
0 0.282170229931424 0.5666290231507622 0.014118596208148447 0.023150762281197064
0 0.31766841468334006 0.5769339356295878 0.027833803953206938 0.009316770186335404
0 0.345502218636547 0.568746470920384 0.024606696248487294 0.022303783173348392
0 0.3799919322307382 0.5667701863354038 0.007260992335619202 0.020609824957651044
0 0.39128680919725695 0.5663466967814794 0.016135538523598225 0.020892151326933936
0 0.4062121823315853 0.575098814229249 0.012101653892698669 0.006211180124223602
0 0.4169019766034691 0.5680406549971767 0.007664380798709157 0.014680971202710334
0 0.4318273497377975 0.5734048560135516 0.021379588543767647 0.00846979107848673
0 0.45764421137555467 0.5739695087521175 0.004437273093989512 0.006775832862789385
0 0.4608713190802743 0.5677583286278939 0.0052440500201694235 0.002258610954263128
0 0.46672045179507865 0.5743929983060417 0.011294876966518758 0.004799548277809147
0 0.48870512303348124 0.5664878599661208 0.0060508269463493344 0.021174477696216828
0 0.5012101653892699 0.5667701863354038 0.01573215006050827 0.023433088650479956
0 0.5556676079064139 0.571005081874647 0.06413876563130294 0.03190287972896669
0 0.5951996772892295 0.5789102202145681 0.0052440500201694235 0.005928853754940711
0 0.6357402178297701 0.567476002258611 0.04921339249697459 0.0220214568040655
0 0.6922146026623639 0.5743929983060417 0.04033884630899556 0.007622811970638058
0 0.7283178701089149 0.5678994918125353 0.01008471157724889 0.01948051948051948
0 0.7484872932634127 0.5670525127046866 0.035901573215006054 0.023997741389045736
0 0.7722872125857201 0.5698757763975155 0.006857603872529245 0.013269339356295878
0 0.8152480839048003 0.5678994918125353 0.05405405405405406 0.0189158667419537
0 0.8493344090359016 0.5691699604743083 0.014925373134328358 0.018633540372670808
0 0.14360629286002422 0.6153303218520609 0.02016942315449778 0.023997741389045736
0 0.18212989108511496 0.6192828910220215 0.018152480839048003 0.0189158667419537
0 0.1920129084308189 0.6201298701298701 0.004840661557079467 0.001976284584980237
0 0.1990722065348931 0.6259175607001694 0.010891488503428802 0.006775832862789385
0 0.21157724889068172 0.6263410502540937 0.006857603872529245 0.00818746470920384
0 0.23699072206534894 0.6263410502540937 0.043162565550625254 0.009316770186335404
0 0.26663977410246065 0.6198475437605873 0.012101653892698669 0.020045172219085264
0 0.2991125453812021 0.6252117447769622 0.02218636546994756 0.007058159232072276
0 0.31887858007260994 0.6212591756070017 0.011698265429608713 0.015527950310559006
0 0.34590560709963697 0.6181535855448899 0.0060508269463493344 0.017221908526256352
0 0.35175473981444133 0.6246470920383964 0.008874546187979023 0.004799548277809147
0 0.3642597821702299 0.6259175607001694 0.015328761597418314 0.005081874647092038
0 0.37232755143202906 0.6201298701298701 0.004033884630899556 0.001411631846414455
0 0.3850342880193626 0.6260587238848109 0.018959257765227916 0.005364201016374929
0 0.40237999193223073 0.6214003387916431 0.013311819281968536 0.015810276679841896
0 0.41871722468737393 0.6250705815923208 0.003227107704719645 0.002258610954263128
