0 0.15328761597418314 0.21513269339356295 0.01855586930213796 0.019762845849802372
0 0.20310609116579265 0.21936758893280633 0.043969342476805166 0.023715415019762844
0 0.2335619201290843 0.2161208356860531 0.021782977006857603 0.009316770186335404
0 0.25030254134731744 0.2171089779785432 0.012505042355788625 0.009599096555618294
0 0.26321097216619604 0.21174477696216826 0.012505042355788625 0.019198193111236588
0 0.3029447357805567 0.2127329192546584 0.016942315449778138 0.020609824957651044
0 0.3073820088745462 0.204686617730096 0.003227107704719645 0.00282326369282891
0 0.326946349334409 0.21357989836250707 0.02864058087938685 0.03020892151326934
0 0.38120209762000806 0.2155561829474873 0.035498184751916094 0.018351214003387916
0 0.4005647438483259 0.2127329192546584 0.00645421540943929 0.018351214003387916
0 0.41306978620411455 0.22106154714850368 0.016942315449778138 0.015245623941276116
0 0.4344493747478822 0.20835686053077357 0.004840661557079467 0.01129305477131564
0 0.4372730939895119 0.22063805759457933 0.003227107704719645 0.001976284584980237
0 0.45320693828156516 0.21950875211744778 0.003630496167809601 0.001976284584980237
0 0.4592577652279145 0.21950875211744778 0.003630496167809601 0.002540937323546019
0 0.4661153691004437 0.21880293619424054 0.003630496167809601 0.002258610954263128
0 0.5054457442517144 0.21357989836250707 0.00645421540943929 0.0189158667419537
0 0.5169423154497781 0.2149915302089215 0.01573215006050827 0.0189158667419537
0 0.5522388059701493 0.21753246753246752 0.024203307785397338 0.010446075663466968
0 0.6022589753933038 0.21033314511575382 0.017749092375958047 0.018068887634105024
0 0.617789431222267 0.21640316205533597 0.013311819281968536 0.008752117447769622
0 0.6536910044372731 0.22035573122529645 0.057684550221863654 0.020609824957651044
0 0.7321500605082695 0.21259175607001693 0.060508269463493344 0.018068887634105024
0 0.7805566760790641 0.21329757199322416 0.004840661557079467 0.0189158667419537
0 0.8118192819685357 0.21287408243929984 0.031060911657926585 0.015810276679841896
0 0.8394513916901977 0.21569734613212874 0.028237192416296894 0.01129305477131564
0 0.1609519967728923 0.2682100508187465 0.03227107704719645 0.01129305477131564
0 0.20794675272287214 0.26312817617165446 0.0060508269463493344 0.020327498588368152
0 0.22569584509883017 0.2628458498023715 0.0318676885841065 0.015810276679841896
0 0.245461879790238 0.26256352343308864 0.012505042355788625 0.017504234895539244
0 0.25010084711577246 0.2553642010163749 0.004033884630899556 0.0036702428006775835
0 0.27228721258572003 0.2676453980801807 0.035498184751916094 0.009034443817052512
0 0.3291649858814038 0.26750423489553926 0.017749092375958047 0.01101072840203275
0 0.35498184751916095 0.26143421795595706 0.028237192416296894 0.018633540372670808
0 0.40520371117386045 0.2553642010163749 0.003630496167809601 0.004234895539243365
0 0.4060104881000403 0.2673630717108978 0.004437273093989512 0.009034443817052512
0 0.41427995159338443 0.26538678712591757 0.008067769261799113 0.01129305477131564
0 0.4570391286809197 0.26976284584980237 0.03065752319483663 0.017786561264822136
0 0.48769665187575634 0.2607284020327499 0.03146430012101654 0.01948051948051948
0 0.5076643807987091 0.2683512140033879 0.012505042355788625 0.015527950310559006
0 0.5191609519967729 0.26566911349520045 0.009681323114158934 0.009599096555618294
0 0.5705929810407422 0.2619988706945229 0.051230334812424366 0.018633540372670808
0 0.6222267043162566 0.2636928289102202 0.01008471157724889 0.018068887634105024
0 0.6373537716821299 0.26679841897233203 0.017749092375958047 0.009599096555618294
0 0.655304558289633 0.26355166572557875 0.01653892698668818 0.017786561264822136
0 0.6922146026623639 0.2627046866177301 0.015328761597418314 0.022303783173348392
0 0.709358612343687 0.26750423489553926 0.018152480839048003 0.009881422924901186
0 0.7293263412666398 0.26143421795595706 0.02501008471157725 0.019762845849802372
0 0.7442517144009682 0.26129305477131565 0.014521984671238403 0.015527950310559006
0 0.7837837837837838 0.2618577075098814 0.033884630899556276 0.017786561264822136
0 0.1607503025413473 0.3132411067193676 0.0318676885841065 0.018351214003387916
0 0.19322307382008874 0.31733483907396953 0.03227107704719645 0.010163749294184076
0 0.21641791044776118 0.313382269904009 0.012505042355788625 0.019762845849802372
0 0.22831787010891488 0.31648785996612083 0.008874546187979023 0.007340485601355167
0 0.24425171440096813 0.3177583286278938 0.021379588543767647 0.009881422924901186
0 0.3011294876966519 0.3123941276115189 0.04477611940298507 0.0189158667419537
0 0.3281565147236789 0.3123941276115189 0.013311819281968536 0.017221908526256352
0 0.3810004033884631 0.31733483907396953 0.04881000403388463 0.012422360248447204
0 0.4263816054860831 0.31592320722755507 0.02016942315449778 0.01129305477131564
0 0.4475594997983058 0.3157820440429136 0.02218636546994756 0.009881422924901186
0 0.4703509479628883 0.3207227555053642 0.004840661557079467 0.002258610954263128
0 0.49959661153691004 0.31309994353472614 0.022993142396127472 0.019762845849802372
0 0.5213795885437676 0.31804065499717676 0.013311819281968536 0.007622811970638058
0 0.5330778539733764 0.3136645962732919 0.014925373134328358 0.01637492941840768
0 0.5782573618394514 0.31281761716544326 0.0326744655102864 0.018633540372670808
0 0.627067365873336 0.3125352907961604 0.03993545784590561 0.017504234895539244
0 0.6922146026623639 0.313382269904009 0.03711173860427592 0.019198193111236588
0 0.7347720855183542 0.31804065499717676 0.011698265429608713 0.009316770186335404
0 0.7591770875352964 0.31832298136645965 0.03630496167809601 0.011575381140598532
0 0.8019362646228317 0.31747600225861095 0.01855586930213796 0.01101072840203275
0 0.8188785800726099 0.3170525127046866 0.017749092375958047 0.009034443817052512
0 0.8350141185962081 0.31211180124223603 0.010488100040338847 0.018351214003387916
0 0.16014521984671237 0.36490683229813664 0.03065752319483663 0.027950310559006212
0 0.2236789027833804 0.36702428006775834 0.04881000403388463 0.021456804065499716
0 0.2539330375151271 0.3643421795595709 0.006857603872529245 0.016657255787690572
0 0.2583703106091166 0.35686053077357427 0.003630496167809601 0.0033879164313946925
0 0.2591770875352965 0.3705533596837945 0.0052440500201694235 0.007622811970638058
0 0.26845502218636547 0.36773009599096557 0.007664380798709157 0.01101072840203275
0 0.28418717224687373 0.36490683229813664 0.01734570391286809 0.0189158667419537
0 0.3021379588543768 0.37238848108413325 0.004033884630899556 0.002258610954263128
0 0.3110125050423558 0.3557312252964427 0.003227107704719645 0.007340485601355167
0 0.3414683340056474 0.3619424054206663 0.018959257765227916 0.018068887634105024
0 0.36062928600242034 0.3620835686053077 0.016942315449778138 0.014963297571993224
0 0.37131908027430416 0.3555900621118012 0.003630496167809601 0.002540937323546019
0 0.3721258572004841 0.3684359119141728 0.0052440500201694235 0.00846979107848673
0 0.38886647841871724 0.3632128740824393 0.029850746268656716 0.020045172219085264
0 0.43828156514723676 0.36363636363636365 0.03509479628882614 0.019762845849802372
0 0.48971359419120614 0.3673066064370412 0.041145623235175476 0.01129305477131564
0 0.5488100040338846 0.3675889328063241 0.01734570391286809 0.01129305477131564
0 0.5667607906413876 0.36702428006775834 0.012101653892698669 0.009034443817052512
0 0.5754336425978217 0.36702428006775834 0.003630496167809601 0.007340485601355167
0 0.5764421137555465 0.35403726708074534 0.003227107704719645 0.002258610954263128
0 0.5883420734167003 0.36278938452851495 0.01734570391286809 0.01637492941840768
0 0.5935861234368697 0.35587238848108416 0.0028237192416296895 0.002540937323546019
0 0.6054860830980234 0.3673066064370412 0.009681323114158934 0.007905138339920948
0 0.6189995966115369 0.371682665160926 0.01573215006050827 0.016657255787690572
0 0.653892698668818 0.3650479954827781 0.014521984671238403 0.01693958215697346
0 0.6674062121823315 0.36462450592885376 0.01573215006050827 0.014398644833427442
0 0.6772892295280355 0.358695652173913 0.004840661557079467 0.0036702428006775835
0 0.6774909237595804 0.3708356860530774 0.003630496167809601 0.006493506493506494
0 0.6847519160951997 0.36801242236024845 0.006857603872529245 0.008752117447769622
0 0.7357805566760791 0.36307171089779783 0.05405405405405406 0.021456804065499716
0 0.7987091569181122 0.36391869000564653 0.03146430012101654 0.018068887634105024
0 0.17063331988705124 0.41360813099943533 0.041145623235175476 0.021456804065499716
0 0.19503832190399353 0.4178430265386787 0.008471157724889069 0.009034443817052512
0 0.20592981040742234 0.4138904573687182 0.013311819281968536 0.018068887634105024
0 0.2561516740621218 0.4205251270468662 0.012101653892698669 0.01101072840203275
0 0.2716821298910851 0.4158667419536985 0.01573215006050827 0.028232636928289104
0 0.31242436466317064 0.4147374364765669 0.04477611940298507 0.01693958215697346
0 0.3691004437273094 0.41445511010728403 0.03146430012101654 0.028797289666854884
0 0.3882613957240823 0.4147374364765669 0.01008471157724889 0.019762845849802372
0 0.42517144009681324 0.41360813099943533 0.02581686163775716 0.028797289666854884
0 0.47115772488906815 0.4162902315076228 0.014521984671238403 0.016657255787690572
0 0.4947559499798306 0.4161490683229814 0.031060911657926585 0.01637492941840768
0 0.5421540943929004 0.41332580463015245 0.02016942315449778 0.019198193111236588
0 0.5625252117789431 0.41445511010728403 0.018959257765227916 0.01637492941840768
0 0.5693828156514724 0.4049971767363072 0.004437273093989512 0.003105590062111801
0 0.5885437676482452 0.4230660643704122 0.024203307785397338 0.017786561264822136
0 0.6161758773699072 0.42377188029361945 0.0028237192416296895 0.010163749294184076
0 0.6651875756353368 0.4160079051383399 0.042759177087535294 0.017786561264822136
0 0.7150060508269463 0.4150197628458498 0.014925373134328358 0.015810276679841896
0 0.7388059701492538 0.41544325239977414 0.0318676885841065 0.017786561264822136
0 0.8023396530859217 0.41671372106154714 0.06131504638967326 0.029926595143986448
0 0.8398547801532876 0.41883116883116883 0.007260992335619202 0.00818746470920384
0 0.854981847519161 0.41854884246188595 0.020572811617587738 0.009316770186335404
0 0.8743444937474788 0.422360248447205 0.01573215006050827 0.015810276679841896
0 0.1555062525211779 0.46922642574816487 0.01653892698668818 0.011857707509881422
0 0.1700282371924163 0.46809712027103334 0.00927793465106898 0.010728402032749858
0 0.1811214199273901 0.46809712027103334 0.009681323114158934 0.009034443817052512
0 0.19402985074626866 0.470214568040655 0.01290843081887858 0.00818746470920384
0 0.20935861234368697 0.4704968944099379 0.01855586930213796 0.008752117447769622
0 0.22892295280354982 0.46809712027103334 0.02379991932230738 0.029361942405420668
0 0.24747882210568778 0.468944099378882 0.010891488503428802 0.010728402032749858
0 0.26058894715611136 0.46950875211744775 0.01371520774505849 0.009599096555618294
0 0.3136345300524405 0.4675324675324675 0.0318676885841065 0.030491247882552232
0 0.3567970956030658 0.466403162055336 0.014925373134328358 0.01637492941840768
0 0.37797498991528844 0.4654150197628458 0.028237192416296894 0.016092603049124788
0 0.4396934247680516 0.4738848108413326 0.03953206938281565 0.016657255787690572
0 0.4701492537313433 0.46908526256352345 0.019766034691407825 0.01101072840203275
0 0.48769665187575634 0.46950875211744775 0.014521984671238403 0.01129305477131564
0 0.5068576038725292 0.4696499153020892 0.019766034691407825 0.009881422924901186
0 0.5338846308995563 0.46908526256352345 0.031060911657926585 0.011575381140598532
0 0.554457442517144 0.46597967250141165 0.014925373134328358 0.023433088650479956
0 0.6018555869302138 0.4642857142857143 0.012101653892698669 0.018351214003387916
0 0.618192819685357 0.47247317899491814 0.01734570391286809 0.015527950310559006
0 0.6655909640984268 0.4658385093167702 0.04517950786607503 0.01693958215697346
0 0.7254941508672852 0.4647092038396386 0.018152480839048003 0.018633540372670808
0 0.7438483259378782 0.470214568040655 0.01371520774505849 0.008752117447769622
0 0.7660346914078258 0.46597967250141165 0.03469140782573618 0.017786561264822136
0 0.8140379185155304 0.46597967250141165 0.02743041549011698 0.021739130434782608
0 0.15893505445744252 0.5153867871259176 0.02016942315449778 0.021739130434782608
0 0.17950786607503025 0.5158102766798419 0.01936264622831787 0.019198193111236588
0 0.1899959661153691 0.514257481648786 0.007260992335619202 0.016657255787690572
0 0.1936264622831787 0.5076228119706381 0.0024203307785397336 0.00282326369282891
0 0.19564340459862847 0.5214568040654998 0.004033884630899556 0.006775832862789385
0 0.2156111335215813 0.5249858836815359 0.02864058087938685 0.01948051948051948
0 0.2373941105284389 0.5176453980801807 0.024606696248487294 0.017221908526256352
0 0.2571601452198467 0.5214568040654998 0.014925373134328358 0.007905138339920948
0 0.2755143202904397 0.5249858836815359 0.005647438483259379 0.003105590062111801
