0 0.145421540943929 0.20990965556182947 0.0028237192416296895 0.0036702428006775835
0 0.14743848325937878 0.20722755505364202 0.002016942315449778 0.001129305477131564
0 0.16337232755143202 0.2186617730095991 0.017749092375958047 0.017786561264822136
0 0.17769261799112546 0.21753246753246752 0.00927793465106898 0.014398644833427442
0 0.1865671641791045 0.22402597402597402 0.007664380798709157 0.006493506493506494
0 0.1972569584509883 0.21964991530208922 0.008067769261799113 0.014116318464144552
0 0.22851956434045986 0.22289666854884246 0.01008471157724889 0.007622811970638058
0 0.27853973376361435 0.21880293619424054 0.014925373134328358 0.021456804065499716
0 0.2880193626462283 0.21753246753246752 0.0016135538523598225 0.001411631846414455
0 0.29245663574021785 0.23122529644268774 0.010488100040338847 0.019198193111236588
0 0.3027430415490117 0.22190852625635235 0.00927793465106898 0.012987012987012988
0 0.31686163775716014 0.22106154714850368 0.006857603872529245 0.01355166572557877
0 0.32855990318676886 0.2220496894409938 0.01008471157724889 0.0189158667419537
0 0.3334005647438483 0.2251552795031056 0.013311819281968536 0.004799548277809147
0 0.34489713594191207 0.2217673630717109 0.004840661557079467 0.013269339356295878
0 0.3741427995159338 0.22444946357989837 0.010891488503428802 0.007905138339920948
0 0.3939088342073417 0.22430830039525693 0.02702702702702703 0.008752117447769622
0 0.41488503428801937 0.22261434217955958 0.012505042355788625 0.015527950310559006
0 0.4312222670431626 0.22769621682665162 0.003227107704719645 0.001411631846414455
0 0.4322307382008875 0.21894409937888198 0.003630496167809601 0.011575381140598532
0 0.4445340863251311 0.21047430830039526 0.004033884630899556 0.006493506493506494
0 0.47418313836224285 0.22035573122529645 0.021379588543767647 0.017786561264822136
0 0.5104881000403388 0.22430830039525693 0.01653892698668818 0.007622811970638058
0 0.5229931423961275 0.22543760587238848 0.0052440500201694235 0.004799548277809147
0 0.5258168616377572 0.2230378317334839 0.003630496167809601 0.0033879164313946925
0 0.5318676885841065 0.2245906267645398 0.011698265429608713 0.005364201016374929
0 0.5494150867285196 0.22063805759457933 0.016942315449778138 0.015527950310559006
0 0.5667607906413876 0.22783738001129306 0.004033884630899556 0.0016939582156973462
0 0.5984267849939492 0.2127329192546584 0.003630496167809601 0.005364201016374929
0 0.6024606696248487 0.22077922077922077 0.0052440500201694235 0.018068887634105024
0 0.645219846712384 0.21880293619424054 0.04719645018152481 0.01637492941840768
0 0.6801129487696652 0.21922642574816487 0.024203307785397338 0.018351214003387916
0 0.7045179507866075 0.22529644268774704 0.003630496167809601 0.0016939582156973462
0 0.7079467527228721 0.21329757199322416 0.004033884630899556 0.006493506493506494
0 0.7450584913271481 0.21908526256352343 0.016135538523598225 0.014116318464144552
0 0.7660346914078258 0.21852060982495766 0.01290843081887858 0.012987012987012988
0 0.7753126260588947 0.22388481084133258 0.005647438483259379 0.006775832862789385
0 0.7894312222670432 0.21936758893280633 0.01290843081887858 0.019198193111236588
0 0.1464300121016539 0.26778656126482214 0.0024203307785397336 0.001976284584980237
0 0.14602662363856395 0.2769621682665161 0.0016135538523598225 0.00846979107848673
0 0.15429608713190804 0.2745623941276115 0.011698265429608713 0.007622811970638058
0 0.17507059298104075 0.2732919254658385 0.016942315449778138 0.02258610954263128
0 0.19423154497781364 0.2714568040654997 0.014925373134328358 0.017221908526256352
0 0.21077047196450183 0.27625635234330886 0.007664380798709157 0.006493506493506494
0 0.2236789027833804 0.27089215132693395 0.010891488503428802 0.017221908526256352
0 0.23235175473981445 0.268068887634105 0.0016135538523598225 0.002540937323546019
0 0.24687373941105284 0.27540937323546016 0.020976200080677694 0.006493506493506494
0 0.2708753529649052 0.2789384528514963 0.0028237192416296895 0.002258610954263128
0 0.27410246066962485 0.2672219085262564 0.004437273093989512 0.008752117447769622
0 0.31141589350544574 0.2723037831733484 0.008874546187979023 0.01383399209486166
0 0.3263412666397741 0.2748447204968944 0.01855586930213796 0.007622811970638058
0 0.3511496571198064 0.274703557312253 0.030254134731746672 0.007340485601355167
0 0.37696651875756354 0.27498588368153587 0.01008471157724889 0.007905138339920948
0 0.3872529245663574 0.2701863354037267 0.007260992335619202 0.014116318464144552
0 0.390681726502622 0.27060982495765107 0.0060508269463493344 0.014398644833427442
0 0.3971359419120613 0.28049124788255225 0.011698265429608713 0.017221908526256352
0 0.43243243243243246 0.2715979672501412 0.008067769261799113 0.019198193111236588
0 0.46046793061718433 0.27442123094297005 0.00927793465106898 0.007340485601355167
0 0.472569584509883 0.27498588368153587 0.01653892698668818 0.00564652738565782
0 0.508874546187979 0.2769621682665161 0.0028237192416296895 0.006211180124223602
0 0.5096813231141589 0.2691981931112366 0.0028237192416296895 0.001976284584980237
0 0.5171440096813231 0.2748447204968944 0.007260992335619202 0.005364201016374929
0 0.5330778539733764 0.27216261998870694 0.018959257765227916 0.011857707509881422
0 0.54497781363453 0.26778656126482214 0.0016135538523598225 0.002540937323546019
0 0.5701895925776522 0.2738565782044043 0.04477611940298507 0.021456804065499716
0 0.600040338846309 0.2727272727272727 0.01008471157724889 0.01637492941840768
0 0.6079064138765631 0.28274985883681536 0.004840661557079467 0.006493506493506494
0 0.6298910851149657 0.2728684359119142 0.008471157724889069 0.016092603049124788
0 0.6395724082291246 0.2758328627893845 0.007664380798709157 0.005081874647092038
0 0.6480435659540137 0.2732919254658385 0.007664380798709157 0.009599096555618294
0 0.6510689794271883 0.26693958215697344 0.0016135538523598225 0.001976284584980237
0 0.682129891085115 0.2715979672501412 0.007260992335619202 0.015245623941276116
0 0.709156918112142 0.27498588368153587 0.016942315449778138 0.006775832862789385
0 0.7267043162565551 0.2704686617730096 0.01573215006050827 0.015245623941276116
0 0.7353771682129892 0.269339356295878 0.008874546187979023 0.014680971202710334
0 0.7377974989915288 0.2803500846979108 0.012101653892698669 0.018068887634105024
0 0.7886244453408633 0.2723037831733484 0.05163372327551432 0.017221908526256352
0 0.8142396127470755 0.27216261998870694 0.00927793465106898 0.012422360248447204
0 0.8215006050826946 0.2751270468661773 0.012505042355788625 0.007622811970638058
0 0.145623235175474 0.32368718238283456 0.016135538523598225 0.018351214003387916
0 0.14622831787010893 0.3186053077357425 0.008471157724889069 0.009881422924901186
0 0.15832997176280758 0.3266516092603049 0.007664380798709157 0.005081874647092038
0 0.19140782573618395 0.32735742518351213 0.014925373134328358 0.005928853754940711
0 0.2055264219443324 0.3334274421230943 0.01008471157724889 0.015245623941276116
0 0.24687373941105284 0.32580463015245625 0.008874546187979023 0.00564652738565782
0 0.26058894715611136 0.3265104460756635 0.020976200080677694 0.005928853754940711
0 0.2767244856797096 0.3274985883681536 0.010488100040338847 0.003952569169960474
0 0.2932634126663977 0.322557876905703 0.01290843081887858 0.012140033879164314
0 0.3021379588543768 0.33300395256917 0.012101653892698669 0.017221908526256352
0 0.3235175473981444 0.3290513833992095 0.0024203307785397336 0.001411631846414455
0 0.32755143202904397 0.31832298136645965 0.0024203307785397336 0.005364201016374929
0 0.35619201290843083 0.3210050818746471 0.004840661557079467 0.01355166572557877
0 0.3580072609923356 0.3135234330886505 0.002016942315449778 0.0008469791078486731
0 0.3872529245663574 0.3255223037831734 0.015328761597418314 0.00564652738565782
0 0.4045986284792255 0.3321569734613213 0.01371520774505849 0.018351214003387916
0 0.44231544977813636 0.32269904009034445 0.018152480839048003 0.01355166572557877
0 0.4762000806776926 0.3266516092603049 0.014925373134328358 0.006775832862789385
0 0.4868898749495764 0.3266516092603049 0.004033884630899556 0.005081874647092038
0 0.4901169826542961 0.3197346132128741 0.0016135538523598225 0.001976284584980237
0 0.4967728922952804 0.32608695652173914 0.0052440500201694235 0.006775832862789385
0 0.5062525211778943 0.3235460191981931 0.008067769261799113 0.012422360248447204
0 0.5185558693021379 0.32580463015245625 0.011698265429608713 0.006775832862789385
0 0.5284388866478419 0.322557876905703 0.003227107704719645 0.014963297571993224
0 0.5322710770471965 0.3274985883681536 0.0052440500201694235 0.005081874647092038
0 0.5518354175070593 0.32594579333709767 0.023396530859217425 0.008752117447769622
0 0.5792658329971763 0.3328627893845285 0.004033884630899556 0.00846979107848673
0 0.6109318273497378 0.32495765104460755 0.011698265429608713 0.01129305477131564
0 0.6304961678096006 0.32368718238283456 0.016135538523598225 0.013269339356295878
0 0.6423961274707544 0.32834556747600224 0.008471157724889069 0.004517221908526256
0 0.6577248890681726 0.3197346132128741 0.004437273093989512 0.007058159232072276
0 0.6841468334005647 0.3241106719367589 0.00645421540943929 0.014680971202710334
0 0.7152077450584913 0.326369282891022 0.010488100040338847 0.00564652738565782
0 0.7295280354981848 0.3277809147374365 0.008471157724889069 0.006211180124223602
0 0.7416296893908835 0.32707509881422925 0.007664380798709157 0.0036702428006775835
0 0.7583703106091165 0.32834556747600224 0.020976200080677694 0.00564652738565782
0 0.7761194029850746 0.3235460191981931 0.010488100040338847 0.012422360248447204
0 0.7993142396127471 0.32495765104460755 0.012505042355788625 0.014680971202710334
0 0.8077853973376361 0.3287690570299266 0.007664380798709157 0.004799548277809147
0 0.8176684146833401 0.32495765104460755 0.01371520774505849 0.015245623941276116
0 0.15711980637353773 0.37577639751552794 0.018152480839048003 0.024844720496894408
0 0.172851956434046 0.37859966120835686 0.010891488503428802 0.007340485601355167
0 0.18354175070592982 0.3793054771315641 0.008874546187979023 0.005364201016374929
0 0.22408229124647036 0.3771880293619424 0.018152480839048003 0.01637492941840768
0 0.24041952400161357 0.38099943534726144 0.007260992335619202 0.006493506493506494
0 0.24969745865268253 0.37732919254658387 0.011294876966518758 0.014398644833427442
0 0.29850746268656714 0.37676453980801805 0.01936264622831787 0.016657255787690572
0 0.3170633319887051 0.38085827216261997 0.01290843081887858 0.006775832862789385
0 0.345502218636547 0.3805759457933371 0.014118596208148447 0.006775832862789385
0 0.3598225090762404 0.37972896668548844 0.016135538523598225 0.006775832862789385
0 0.3753529649052037 0.38015245623941274 0.01008471157724889 0.007058159232072276
0 0.38483259378781765 0.38099943534726144 0.009681323114158934 0.008752117447769622
0 0.3880597014925373 0.3800112930547713 0.0016135538523598225 0.0016939582156973462
0 0.39653085921742637 0.38509316770186336 0.014521984671238403 0.014680971202710334
0 0.41327148043565953 0.38085827216261997 0.01653892698668818 0.006775832862789385
0 0.42960871319080274 0.379587803500847 0.011294876966518758 0.005928853754940711
0 0.4431222267043163 0.3761998870694523 0.006857603872529245 0.013269339356295878
0 0.4608713190802743 0.3791643139469226 0.02379991932230738 0.006211180124223602
0 0.4505849132714804 0.37267080745341613 0.0016135538523598225 0.00282326369282891
0 0.5036304961678096 0.38099943534726144 0.011698265429608713 0.005928853754940711
0 0.5163372327551432 0.37775268210050816 0.008067769261799113 0.019762845849802372
0 0.5514320290439694 0.37972896668548844 0.009681323114158934 0.01637492941840768
0 0.5683743444937475 0.378317334839074 0.023396530859217425 0.015245623941276116
0 0.6121419927390077 0.38523433088650477 0.02702702702702703 0.017221908526256352
0 0.6296893908834207 0.3802936194240542 0.009681323114158934 0.006211180124223602
0 0.6417910447761194 0.3845285149632976 0.01371520774505849 0.014116318464144552
0 0.6502622025010085 0.37761151891586675 0.004840661557079467 0.01383399209486166
0 0.6601452198467124 0.37987012987012986 0.014925373134328358 0.007622811970638058
0 0.7033077853973376 0.3793054771315641 0.014925373134328358 0.007058159232072276
0 0.6990722065348931 0.3746470920383964 0.0016135538523598225 0.001129305477131564
0 0.7103670835014119 0.3753529079616036 0.0016135538523598225 0.0008469791078486731
0 0.7164179104477612 0.3750705815923207 0.005647438483259379 0.01383399209486166
0 0.7222670431625655 0.3749294184076793 0.004437273093989512 0.01355166572557877
0 0.7420330778539733 0.3845285149632976 0.011698265429608713 0.011857707509881422
0 0.7569584509883017 0.37972896668548844 0.014118596208148447 0.006775832862789385
0 0.7932634126663978 0.37987012987012986 0.02218636546994756 0.007058159232072276
0 0.1591367486889875 0.43506493506493504 0.008471157724889069 0.019762845849802372
0 0.18212989108511496 0.43054771315640883 0.030254134731746672 0.00846979107848673
0 0.20592981040742234 0.4280067758328628 0.010891488503428802 0.015245623941276116
0 0.2599838644614764 0.42843026538678713 0.021379588543767647 0.012140033879164314
0 0.2952803549818475 0.4280067758328628 0.026623638563937072 0.012987012987012988
0 0.28842275110931825 0.4213721061547149 0.0016135538523598225 0.0008469791078486731
0 0.33945139169019767 0.429983060417843 0.018959257765227916 0.007905138339920948
0 0.36163775716014523 0.42631281761716544 0.019766034691407825 0.014680971202710334
0 0.3807987091569181 0.4298418972332016 0.014521984671238403 0.004799548277809147
0 0.3753529649052037 0.42631281761716544 0.002016942315449778 0.002258610954263128
0 0.41670028237192414 0.4308300395256917 0.01290843081887858 0.007340485601355167
0 0.4336425978217023 0.42828910220214567 0.011294876966518758 0.019762845849802372
0 0.47317466720451795 0.42518351214003386 0.017749092375958047 0.014116318464144552
0 0.4836627672448568 0.4193958215697346 0.003227107704719645 0.004234895539243365
0 0.4937474788221057 0.4246188594014681 0.01371520774505849 0.015245623941276116
0 0.5076643807987091 0.4280067758328628 0.008471157724889069 0.006775832862789385
0 0.5203711173860428 0.42391304347826086 0.014521984671238403 0.01383399209486166
0 0.5318676885841065 0.4277244494635799 0.010891488503428802 0.007340485601355167
0 0.545582896329165 0.42814793901750425 0.008471157724889069 0.005364201016374929
0 0.5540540540540541 0.4345002823263693 0.010891488503428802 0.018068887634105024
0 0.5631302944735781 0.429983060417843 0.003227107704719645 0.007340485601355167
0 0.563937071399758 0.4234895539243365 0.0024203307785397336 0.003952569169960474
0 0.5687777329568374 0.4298418972332016 0.008874546187979023 0.006493506493506494
0 0.5770471964501815 0.4311123658949746 0.0028237192416296895 0.003952569169960474
0 0.5849132714804357 0.4292772444946358 0.016135538523598225 0.005364201016374929
0 0.5984267849939492 0.43492377188029363 0.0060508269463493344 0.007058159232072276
0 0.6282775312626059 0.4244776962168266 0.008471157724889069 0.01383399209486166
0 0.63695038321904 0.42320722755505363 0.007260992335619202 0.010163749294184076
0 0.6518757563533683 0.42518351214003386 0.017749092375958047 0.01129305477131564
0 0.6829366680112948 0.42617165443252397 0.009681323114158934 0.01383399209486166
0 0.6972569584509883 0.42758328627893843 0.01734570391286809 0.012704686617730096
0 0.727511093182735 0.429983060417843 0.01008471157724889 0.006775832862789385
0 0.7470754336425979 0.43040654997176736 0.029850746268656716 0.007622811970638058
0 0.7650262202501008 0.43054771315640883 0.004437273093989512 0.006211180124223602
0 0.7821702299314239 0.43125352907961606 0.03227107704719645 0.008752117447769622
0 0.1617587736990722 0.4754376058723885 0.016135538523598225 0.014680971202710334
0 0.1754739814441307 0.4786843591191417 0.017749092375958047 0.005928853754940711
0 0.19503832190399353 0.4792490118577075 0.019766034691407825 0.009316770186335404
0 0.2488906817265026 0.48009599096555616 0.011294876966518758 0.006493506493506494
0 0.25978217022993144 0.4850367024280068 0.011294876966518758 0.014680971202710334
0 0.2801532876159742 0.480660643704122 0.022993142396127472 0.005928853754940711
0 0.33400564743848327 0.47896668548842464 0.008874546187979023 0.005928853754940711
0 0.3781766841468334 0.4772727272727273 0.01573215006050827 0.01101072840203275
0 0.38785800726099234 0.4741671372106155 0.0012101653892698668 0.003105590062111801
0 0.3973376361436063 0.47783738001129306 0.012101653892698669 0.008752117447769622
0 0.41670028237192414 0.4754376058723885 0.02581686163775716 0.014680971202710334
0 0.4419120613150464 0.47571993224167136 0.00927793465106898 0.01355166572557877
0 0.4471561113352158 0.472755505364201 0.0012101653892698668 0.0008469791078486731
0 0.4626865671641791 0.4803783173348391 0.024203307785397338 0.007058159232072276
0 0.4868898749495764 0.48743647656691136 0.007260992335619202 0.007058159232072276
0 0.5106897942718839 0.48122529644268774 0.01371520774505849 0.006493506493506494
0 0.5235982250907624 0.4776962168266516 0.010488100040338847 0.01129305477131564
0 0.5314643001210165 0.47783738001129306 0.0012101653892698668 0.001411631846414455
0 0.5385235982250908 0.481931112365895 0.008067769261799113 0.00564652738565782
0 0.5475998386446148 0.4784020327498588 0.01008471157724889 0.014398644833427442
0 0.5822912464703509 0.4823546019198193 0.018152480839048003 0.006493506493506494
0 0.5996369503832191 0.4816487859966121 0.01008471157724889 0.006775832862789385
0 0.6101250504235579 0.4798136645962733 0.014118596208148447 0.01383399209486166
0 0.6379588543767648 0.47910784867306605 0.013311819281968536 0.012422360248447204
0 0.6706333198870512 0.47811970638057594 0.01008471157724889 0.012704686617730096
0 0.6714400968132311 0.47501411631846413 0.0012101653892698668 0.001976284584980237
0 0.6901976603469141 0.4775550536420102 0.02501008471157725 0.01383399209486166
0 0.7129891085114965 0.4839073969508752 0.003630496167809601 0.007340485601355167
0 0.7402178297700686 0.48009599096555616 0.022589753933037516 0.009316770186335404
0 0.7573618394513917 0.47557876905702995 0.008471157724889069 0.01383399209486166
0 0.7634126663977411 0.4751552795031056 0.008471157724889069 0.014116318464144552
0 0.7831787010891489 0.47684923771880294 0.020572811617587738 0.015245623941276116
0 0.8160548608309802 0.48023715415019763 0.012101653892698669 0.006775832862789385
0 0.8221056877773296 0.4774138904573687 0.0024203307785397336 0.001129305477131564
0 0.15288422751109318 0.5306324110671937 0.015328761597418314 0.007622811970638058
0 0.16922146026623638 0.5311970638057595 0.011698265429608713 0.007058159232072276
0 0.18334005647438484 0.5313382269904009 0.014925373134328358 0.010163749294184076
0 0.23114158935054457 0.5316205533596838 0.010488100040338847 0.005081874647092038
0 0.24304154901169828 0.5282326369282891 0.010891488503428802 0.020892151326933936
0 0.28499394917305365 0.5275268210050819 0.014925373134328358 0.017786561264822136
0 0.29507866075030253 0.5304912478825522 0.006857603872529245 0.006211180124223602
0 0.2987091569181121 0.528514963297572 0.003630496167809601 0.003952569169960474
0 0.30939895118999594 0.5266798418972332 0.01855586930213796 0.012704686617730096
0 0.3194836627672449 0.5231507622811971 0.0016135538523598225 0.002258610954263128
0 0.3263412666397741 0.5299265951439864 0.010488100040338847 0.00564652738565782
0 0.336022589753933 0.5303500846979108 0.007260992335619202 0.005928853754940711
0 0.3479225494150867 0.5263975155279503 0.00927793465106898 0.014398644833427442
0 0.3537716821298911 0.5230095990965556 0.003227107704719645 0.002540937323546019
0 0.3610326744655103 0.5296442687747036 0.008067769261799113 0.00846979107848673
0 0.372932634126664 0.529785431959345 0.014925373134328358 0.007622811970638058
0 0.3828156514723679 0.5372670807453416 0.004033884630899556 0.009034443817052512
0 0.42295280354981846 0.5280914737436476 0.012505042355788625 0.016657255787690572
0 0.45582896329164985 0.527244494635799 0.016135538523598225 0.014963297571993224
0 0.47438483259378783 0.5304912478825522 0.020976200080677694 0.006775832862789385
0 0.5324727712787414 0.5266798418972332 0.04195240016135539 0.015527950310559006
0 0.5762404195240016 0.5268210050818747 0.013311819281968536 0.015245623941276116
0 0.5875352964905204 0.5311970638057595 0.010891488503428802 0.00818746470920384
0 0.5853166599435257 0.5287972896668549 0.0024203307785397336 0.0016939582156973462
0 0.6062928600242034 0.5314793901750423 0.02501008471157725 0.007622811970638058
0 0.6260588947156112 0.5302089215132694 0.009681323114158934 0.00846979107848673
0 0.6619604679306171 0.5302089215132694 0.016942315449778138 0.009034443817052512
0 0.6736587333602259 0.5276679841897233 0.009681323114158934 0.012422360248447204
0 0.6843485276321097 0.5309147374364765 0.00927793465106898 0.006493506493506494
0 0.6936264622831787 0.5269621682665161 0.008471157724889069 0.014963297571993224
0 0.7192416296893909 0.531055900621118 0.014521984671238403 0.007905138339920948
0 0.7321500605082695 0.5296442687747036 0.010488100040338847 0.00846979107848673
0 0.7422347720855184 0.5355731225296443 0.010488100040338847 0.01637492941840768
0 0.7686567164179104 0.525691699604743 0.01573215006050827 0.017504234895539244
0 0.7831787010891489 0.5302089215132694 0.008471157724889069 0.006211180124223602
0 0.7892295280354982 0.5358554488989271 0.013311819281968536 0.01637492941840768
0 0.800726099233562 0.5343026538678712 0.01371520774505849 0.014963297571993224
0 0.8204921339249698 0.5299265951439864 0.022589753933037516 0.00846979107848673
0 0.836829366680113 0.532326369282891 0.003630496167809601 0.001976284584980237
