0 0.14925373134328357 0.21456804065499718 0.016942315449778138 0.021456804065499716
0 0.172851956434046 0.21329757199322416 0.02944735780556676 0.016657255787690572
0 0.21258572004840662 0.22289666854884246 0.024203307785397338 0.027385657820440428
0 0.2317466720451795 0.21527385657820441 0.012505042355788625 0.011575381140598532
0 0.24122630092779346 0.21527385657820441 0.007260992335619202 0.013269339356295878
0 0.2539330375151271 0.21823828345567475 0.013311819281968536 0.01637492941840768
0 0.27309398951189995 0.2137210615471485 0.01371520774505849 0.0220214568040655
0 0.2991125453812021 0.2248729531338227 0.011698265429608713 0.014398644833427442
0 0.3303751512706737 0.21259175607001693 0.012101653892698669 0.020892151326933936
0 0.34630899556272693 0.21597967250141162 0.012505042355788625 0.010728402032749858
0 0.36385639370713996 0.21583850931677018 0.02016942315449778 0.016092603049124788
0 0.38422751109318276 0.21428571428571427 0.020572811617587738 0.011857707509881422
0 0.40338846308995563 0.21414455110107283 0.016942315449778138 0.014398644833427442
0 0.42315449778136344 0.21414455110107283 0.02743041549011698 0.013269339356295878
0 0.436466317063332 0.22346132128740825 0.01290843081887858 0.013269339356295878
0 0.47398144413069787 0.20934500282326368 0.03227107704719645 0.021174477696216828
0 0.4957644211375555 0.21428571428571427 0.010488100040338847 0.012422360248447204
0 0.5163372327551432 0.20680406549971767 0.016135538523598225 0.016092603049124788
0 0.5570794675272287 0.21019198193111235 0.016135538523598225 0.020609824957651044
0 0.5853166599435257 0.21386222473178995 0.03065752319483663 0.014398644833427442
0 0.6121419927390077 0.21329757199322416 0.012505042355788625 0.010446075663466968
0 0.6226300927793466 0.22063805759457933 0.02702702702702703 0.025691699604743084
0 0.6853569987898346 0.21033314511575382 0.03469140782573618 0.01693958215697346
0 0.7285195643404598 0.21174477696216826 0.015328761597418314 0.015810276679841896
0 0.753731343283582 0.21315640880858272 0.002016942315449778 0.002258610954263128
0 0.7700685760387252 0.21089779785431959 0.029043969342476807 0.023715415019762844
0 0.7944735780556677 0.21089779785431959 0.020572811617587738 0.021456804065499716
0 0.8118192819685357 0.2165443252399774 0.040742234772085516 0.012422360248447204
0 0.817870108914885 0.20976849237718803 0.003630496167809601 0.0016939582156973462
0 0.15671641791044777 0.2694805194805195 0.04961678096006454 0.028514963297571992
0 0.20048406615570794 0.2691981931112366 0.04195240016135539 0.03472614342179559
0 0.23073820088745461 0.26439864483342745 0.02016942315449778 0.01383399209486166
0 0.2488906817265026 0.2607284020327499 0.014521984671238403 0.015527950310559006
0 0.29164985881403793 0.25790513833992096 0.022589753933037516 0.027385657820440428
0 0.33743444937474787 0.262987012987013 0.027833803953206938 0.02456239412761152
0 0.35699878983461075 0.2694805194805195 0.010488100040338847 0.020045172219085264
0 0.36163775716014523 0.2621400338791643 0.002016942315449778 0.001976284584980237
0 0.37333602258975396 0.2598814229249012 0.011698265429608713 0.014963297571993224
0 0.41206131504638965 0.26693958215697344 0.013311819281968536 0.016657255787690572
0 0.42718838241226303 0.2608695652173913 0.012101653892698669 0.021456804065499716
0 0.43303751512706734 0.26242236024844723 0.014118596208148447 0.022303783173348392
0 0.472771278741428 0.26538678712591757 0.023396530859217425 0.015245623941276116
0 0.4963695038321904 0.2658102766798419 0.014118596208148447 0.014963297571993224
0 0.508471157724889 0.2727272727272727 0.02944735780556676 0.02766798418972332
0 0.563735377168213 0.2713156408808583 0.03670835014118596 0.03500846979107849
0 0.609116579265833 0.2632693393562959 0.008874546187979023 0.016092603049124788
0 0.6187979023799919 0.26312817617165446 0.010488100040338847 0.01129305477131564
0 0.6256555062525212 0.25705815923207226 0.0024203307785397336 0.002540937323546019
0 0.635538523598225 0.26101072840203277 0.01653892698668818 0.014398644833427442
0 0.6492537313432836 0.25889328063241107 0.00927793465106898 0.020327498588368152
0 0.6569181121419927 0.26171654432524 0.011698265429608713 0.023150762281197064
0 0.6718434852763211 0.27343308865047994 0.003630496167809601 0.001976284584980237
0 0.7154094392900363 0.2611518915866742 0.026220250100847116 0.024280067758328628
0 0.7361839451391691 0.2576228119706381 0.016135538523598225 0.01948051948051948
0 0.7797498991528842 0.2605872388481084 0.01936264622831787 0.024844720496894408
0 0.7922549415086728 0.27089215132693395 0.004033884630899556 0.001976284584980237
0 0.827753126260589 0.2567758328627894 0.024203307785397338 0.022868435911914172
0 0.8422751109318274 0.26143421795595706 0.03227107704719645 0.012987012987012988
0 0.8648648648648649 0.2587521174477696 0.009681323114158934 0.023997741389045736
0 0.14864864864864866 0.3091473743647657 0.018152480839048003 0.014680971202710334
0 0.16518757563533684 0.3105590062111801 0.011698265429608713 0.01355166572557877
0 0.1791044776119403 0.31154714850367027 0.01371520774505849 0.011575381140598532
0 0.22347720855183542 0.308300395256917 0.016942315449778138 0.023150762281197064
0 0.2488906817265026 0.3136645962732919 0.033884630899556276 0.014116318464144552
0 0.2698668818071803 0.3156408808582722 0.029850746268656716 0.012987012987012988
0 0.2989108511496571 0.32735742518351213 0.01371520774505849 0.014398644833427442
0 0.33844292053247277 0.31225296442687744 0.01371520774505849 0.024844720496894408
0 0.3711173860427592 0.31592320722755507 0.014521984671238403 0.014680971202710334
0 0.38664784187172246 0.31846414455110106 0.01734570391286809 0.011857707509881422
0 0.4173053650665591 0.313382269904009 0.03751512706736587 0.018068887634105024
0 0.44917305365066557 0.31620553359683795 0.026220250100847116 0.019762845849802372
0 0.47135941912061313 0.31309994353472614 0.02379991932230738 0.021456804065499716
0 0.49213392496974584 0.3181818181818182 0.01290843081887858 0.012422360248447204
0 0.509076240419524 0.31197063805759456 0.014521984671238403 0.020892151326933936
0 0.5217829770068576 0.3300395256916996 0.01653892698668818 0.017504234895539244
0 0.5742234772085518 0.31182947487295315 0.035901573215006054 0.0189158667419537
0 0.6060911657926583 0.30957086391869 0.01573215006050827 0.017786561264822136
0 0.6536910044372731 0.3147939017504235 0.01573215006050827 0.015810276679841896
0 0.6712384025816862 0.31719367588932806 0.014521984671238403 0.013269339356295878
0 0.7148043565954014 0.3136645962732919 0.020976200080677694 0.018068887634105024
0 0.7295280354981848 0.3135234330886505 0.020572811617587738 0.015527950310559006
0 0.7563533682936668 0.3243929983060418 0.04759983864461476 0.04178430265386787
0 0.7412263009277935 0.30971202710333146 0.002016942315449778 0.001129305477131564
0 0.7444534086325131 0.3104178430265387 0.002016942315449778 0.001411631846414455
0 0.7591770875352964 0.3138057594579334 0.0024203307785397336 0.001411631846414455
0 0.7946752722872126 0.314652738565782 0.035498184751916094 0.016657255787690572
0 0.8134328358208955 0.313382269904009 0.014925373134328358 0.01355166572557877
0 0.8678902783380396 0.30971202710333146 0.03670835014118596 0.025974025974025976
0 0.8939088342073417 0.31211180124223603 0.016942315449778138 0.021739130434782608
0 0.8987494957644211 0.3135234330886505 0.003227107704719645 0.001411631846414455
0 0.1553045582896329 0.3620835686053077 0.01855586930213796 0.026256352343308864
0 0.16599435256151673 0.37012987012987014 0.008471157724889069 0.01355166572557877
0 0.17244856797095603 0.35304912478825523 0.0060508269463493344 0.0036702428006775835
0 0.18495361032674465 0.36801242236024845 0.027833803953206938 0.011575381140598532
0 0.24062121823315852 0.3654714850367024 0.018959257765227916 0.012140033879164314
0 0.25675675675675674 0.36476566911349523 0.014118596208148447 0.020327498588368152
0 0.2690601048810004 0.36476566911349523 0.015328761597418314 0.020327498588368152
0 0.31141589350544574 0.3746470920383964 0.04759983864461476 0.03162055335968379
0 0.33965308592174265 0.36645962732919257 0.01290843081887858 0.01355166572557877
0 0.3557886244453409 0.36250705815923207 0.016942315449778138 0.020327498588368152
0 0.3711173860427592 0.36278938452851495 0.009681323114158934 0.005081874647092038
0 0.39229528035498185 0.3595426312817617 0.022993142396127472 0.021739130434782608
0 0.41306978620411455 0.3650479954827781 0.01371520774505849 0.010163749294184076
0 0.42698668818071805 0.37337662337662336 0.02864058087938685 0.027950310559006212
0 0.45038321903993545 0.3781761716544325 0.004437273093989512 0.0036702428006775835
0 0.46893908834207343 0.35064935064935066 0.007664380798709157 0.009034443817052512
0 0.1565147236789028 0.41233766233766234 0.017749092375958047 0.020609824957651044
0 0.17325534489713595 0.41516092603049126 0.013311819281968536 0.0251270468661773
0 0.18354175070592982 0.40570299265951437 0.004840661557079467 0.0033879164313946925
0 0.1843485276321097 0.4189723320158103 0.005647438483259379 0.012422360248447204
0 0.1920129084308189 0.41219649915302087 0.007260992335619202 0.021456804065499716
0 0.20330778539733763 0.41798418972332013 0.02016942315449778 0.014963297571993224
0 0.24586526825332797 0.41332580463015245 0.013311819281968536 0.024280067758328628
0 0.2654296087131908 0.4162902315076228 0.017749092375958047 0.017221908526256352
0 0.26522791448164584 0.411914172783738 0.002016942315449778 0.001129305477131564
0 0.3096006454215409 0.41854884246188595 0.014925373134328358 0.014963297571993224
0 0.327148043565954 0.41727837380011296 0.010488100040338847 0.01637492941840768
0 0.336224283985478 0.4192546583850932 0.013311819281968536 0.01693958215697346
0 0.38039532069382814 0.42080745341614906 0.012101653892698669 0.018351214003387916
0 0.38463089955627267 0.40556182947487296 0.002016942315449778 0.002540937323546019
0 0.3870512303348124 0.40556182947487296 0.002016942315449778 0.001411631846414455
0 0.3924969745865268 0.4203839638622247 0.010488100040338847 0.009599096555618294
0 0.43586123436869706 0.41756070016939584 0.020572811617587738 0.021456804065499716
0 0.4574425171440097 0.42857142857142855 0.03791851553045583 0.038396386222473176
0 0.4483662767244857 0.4202428006775833 0.011698265429608713 0.014963297571993224
0 0.4854780153287616 0.41671372106154714 0.024606696248487294 0.019762845849802372
0 0.5439693424768052 0.41459627329192544 0.0326744655102864 0.023997741389045736
0 0.5655506252521177 0.4171372106154715 0.01371520774505849 0.013269339356295878
0 0.5802743041549012 0.4181253529079616 0.014925373134328358 0.010728402032749858
0 0.5939895118999596 0.4161490683229814 0.019766034691407825 0.014680971202710334
0 0.6300927793465106 0.4124788255223038 0.016135538523598225 0.020327498588368152
0 0.6347317466720451 0.41981931112365894 0.010891488503428802 0.01355166572557877
0 0.6444130697862042 0.4184076792772445 0.010891488503428802 0.014680971202710334
0 0.6682129891085115 0.4140316205533597 0.021379588543767647 0.01948051948051948
0 0.709358612343687 0.42080745341614906 0.018152480839048003 0.012140033879164314
0 0.7240822912464704 0.42913608130999437 0.029850746268656716 0.03162055335968379
0 0.753731343283582 0.415725578769057 0.02702702702702703 0.013269339356295878
0 0.7597821702299314 0.422360248447205 0.006857603872529245 0.003952569169960474
0 0.7716821298910851 0.41770186335403725 0.022589753933037516 0.01383399209486166
0 0.7944735780556677 0.41459627329192544 0.01573215006050827 0.018351214003387916
0 0.8390480032271077 0.4178430265386787 0.014521984671238403 0.015245623941276116
0 0.15308592174263816 0.4658385093167702 0.01734570391286809 0.020327498588368152
0 0.17849939491730538 0.4673913043478261 0.030254134731746672 0.014398644833427442
0 0.24102460669624848 0.46852060982495763 0.018959257765227916 0.012704686617730096
0 0.2613957240822912 0.4640033879164314 0.014521984671238403 0.016657255787690572
0 0.27934651068979427 0.466403162055336 0.012505042355788625 0.009034443817052512
0 0.2942718838241226 0.4743083003952569 0.0326744655102864 0.030491247882552232
0 0.3259378781766841 0.4601919819311124 0.02743041549011698 0.019762845849802372
0 0.37333602258975396 0.4717673630717109 0.012505042355788625 0.015810276679841896
0 0.38342073416700284 0.4538396386222473 0.0060508269463493344 0.0036702428006775835
0 0.38886647841871724 0.4683794466403162 0.016135538523598225 0.014680971202710334
0 0.42073416700282373 0.4624505928853755 0.0016135538523598225 0.0016939582156973462
0 0.4372730939895119 0.46414455110107283 0.03065752319483663 0.020327498588368152
0 0.4235578862444534 0.46386222473178995 0.003227107704719645 0.001129305477131564
0 0.46228317870108915 0.46499153020892153 0.021782977006857603 0.014680971202710334
0 0.5058491327148044 0.46160361377752684 0.02501008471157725 0.023150762281197064
0 0.5197660346914078 0.46922642574816487 0.022993142396127472 0.018068887634105024
0 0.5227914481645825 0.4548277809147374 0.004840661557079467 0.002258610954263128
0 0.5413473174667205 0.46259175607001696 0.02016942315449778 0.022303783173348392
0 0.563735377168213 0.46852060982495763 0.018152480839048003 0.010446075663466968
0 0.5687777329568374 0.4784020327498588 0.020976200080677694 0.021739130434782608
0 0.6220250100847116 0.4632975719932242 0.033884630899556276 0.021456804065499716
0 0.6893908834207342 0.4647092038396386 0.03630496167809601 0.023150762281197064
0 0.7148043565954014 0.4775550536420102 0.024203307785397338 0.031338226990400904
0 0.7369907220653489 0.4600508187464709 0.009681323114158934 0.017221908526256352
0 0.7511093182734974 0.4642857142857143 0.03307785397337636 0.014963297571993224
0 0.7781363453005244 0.46301524562394125 0.022589753933037516 0.015245623941276116
0 0.7950786607503025 0.4771315640880858 0.029850746268656716 0.02766798418972332
0 0.7985074626865671 0.4640033879164314 0.004437273093989512 0.013269339356295878
0 0.8229124647035094 0.4549689440993789 0.00645421540943929 0.010446075663466968
0 0.8305768455022187 0.4665443252399774 0.01371520774505849 0.015527950310559006
0 0.15590964098426785 0.5153867871259176 0.01653892698668818 0.021739130434782608
0 0.18031464300121017 0.514257481648786 0.029850746268656716 0.014398644833427442
0 0.20209762000806777 0.51270468661773 0.016135538523598225 0.014680971202710334
0 0.21682129891085114 0.5163749294184077 0.013311819281968536 0.01693958215697346
0 0.23719241629689392 0.5197628458498024 0.017749092375958047 0.017504234895539244
0 0.24687373941105284 0.5031055900621118 0.008874546187979023 0.006775832862789385
0 0.2561516740621218 0.5224449463579899 0.011294876966518758 0.021739130434782608
0 0.2734973779749899 0.5303500846979108 0.016942315449778138 0.029644268774703556
0 0.32654296087131907 0.5162337662337663 0.03670835014118596 0.015527950310559006
0 0.3479225494150867 0.5179277244494636 0.012505042355788625 0.01101072840203275
0 0.36143606292860025 0.5194805194805194 0.012101653892698669 0.01129305477131564
0 0.3741427995159338 0.5191981931112366 0.01653892698668818 0.01129305477131564
0 0.3929003630496168 0.5132693393562959 0.009681323114158934 0.01693958215697346
0 0.40197660346914077 0.5194805194805194 0.006857603872529245 0.009599096555618294
0 0.4530052440500202 0.5115753811405985 0.028237192416296894 0.023150762281197064
0 0.47660346914078255 0.5183512140033879 0.012505042355788625 0.007340485601355167
0 0.527027027027027 0.5200451722190853 0.014118596208148447 0.018633540372670808
0 0.5433642597821702 0.5235742518351214 0.01371520774505849 0.013269339356295878
0 0.5899556272690601 0.5156691134952005 0.01734570391286809 0.014963297571993224
0 0.617789431222267 0.5134105025409373 0.0391286809197257 0.023997741389045736
0 0.6498588140379186 0.5160926030491247 0.014521984671238403 0.012422360248447204
0 0.6678096006454215 0.5111518915866742 0.025413473174667203 0.023997741389045736
0 0.6835417507059298 0.5016939582156974 0.008471157724889069 0.00564652738565782
0 0.690399354578459 0.5139751552795031 0.01008471157724889 0.012140033879164314
0 0.7075433642597821 0.5134105025409373 0.01855586930213796 0.013269339356295878
0 0.7650262202501008 0.5153867871259176 0.014925373134328358 0.017221908526256352
0 0.7795482049213392 0.5101637492941841 0.01734570391286809 0.02258610954263128
0 0.7847922549415087 0.5112930547713156 0.014925373134328358 0.019762845849802372
0 0.799717628075837 0.5166572557876906 0.019766034691407825 0.015245623941276116
0 0.8162565550625253 0.5183512140033879 0.008471157724889069 0.011857707509881422
0 0.8241226300927793 0.5134105025409373 0.004840661557079467 0.004799548277809147
0 0.826946349334409 0.5162337662337663 0.00645421540943929 0.01101072840203275
0 0.8323920935861234 0.5014116318464145 0.0052440500201694235 0.0016939582156973462
0 0.8414683340056475 0.5179277244494636 0.01371520774505849 0.017221908526256352
0 0.8612343686970553 0.5149632975719932 0.017749092375958047 0.023150762281197064
0 0.8713190802743042 0.5057876905702993 0.008067769261799113 0.006493506493506494
0 0.8755546591367487 0.519339356295878 0.011698265429608713 0.007622811970638058
0 0.8884630899556273 0.519621682665161 0.012505042355788625 0.009316770186335404
0 0.1563130294473578 0.5635234330886505 0.014925373134328358 0.010728402032749858
0 0.17688584106494554 0.5597120271033315 0.019766034691407825 0.017786561264822136
0 0.22468737394110527 0.5666290231507622 0.016135538523598225 0.024280067758328628
0 0.2390076643807987 0.5708639186900056 0.006857603872529245 0.01355166572557877
0 0.24405002016942315 0.5564652738565782 0.008874546187979023 0.005081874647092038
0 0.2498991528842275 0.5705815923207228 0.01653892698668818 0.01355166572557877
0 0.29810407422347723 0.5732636928289102 0.024203307785397338 0.027950310559006212
0 0.31585316659943524 0.5659232072275551 0.009681323114158934 0.009881422924901186
0 0.32311415893505446 0.5691699604743083 0.008067769261799113 0.011857707509881422
0 0.33198870512303347 0.5542066629023151 0.004033884630899556 0.003952569169960474
0 0.3372327551432029 0.5721343873517787 0.010488100040338847 0.013269339356295878
0 0.36244453408632515 0.5654997176736307 0.02864058087938685 0.023715415019762844
0 0.3860427591770875 0.5664878599661208 0.016135538523598225 0.023433088650479956
0 0.4441306978620411 0.5680406549971767 0.03630496167809601 0.018633540372670808
0 0.4707543364259782 0.5667701863354038 0.017749092375958047 0.023433088650479956
0 0.4800322710770472 0.5722755505364201 0.01290843081887858 0.015245623941276116
0 0.4981847519160952 0.5664878599661208 0.02016942315449778 0.01948051948051948
0 0.5108914885034288 0.581733483907397 0.02702702702702703 0.026256352343308864
0 0.5141185962081485 0.5714285714285714 0.004437273093989512 0.010728402032749858
0 0.5383219039935457 0.5745341614906833 0.003630496167809601 0.002258610954263128
0 0.5832997176280759 0.564935064935065 0.024203307785397338 0.021456804065499716
0 0.5988301734570391 0.5702992659514399 0.012505042355788625 0.010728402032749858
0 0.6119402985074627 0.5752399774138904 0.016942315449778138 0.012704686617730096
0 0.6335215812827754 0.5719932241671372 0.020572811617587738 0.014116318464144552
0 0.6960467930617185 0.5652173913043478 0.03751512706736587 0.020892151326933936
0 0.744856797095603 0.5667701863354038 0.033481242436466316 0.022303783173348392
0 0.7732956837434449 0.5663466967814794 0.02016942315449778 0.01355166572557877
0 0.8200887454618798 0.5676171654432524 0.022589753933037516 0.014963297571993224
0 0.8390480032271077 0.5677583286278939 0.016135538523598225 0.01129305477131564
0 0.8578055667607907 0.568746470920384 0.026220250100847116 0.01101072840203275
0 0.8836224283985478 0.5677583286278939 0.02944735780556676 0.01129305477131564
0 0.9052037111738604 0.5686053077357425 0.01371520774505849 0.0016939582156973462
0 0.15590964098426785 0.6195652173913043 0.018959257765227916 0.015527950310559006
0 0.17930617184348527 0.6198475437605873 0.026220250100847116 0.012704686617730096
0 0.23961274707543365 0.622953133822699 0.016135538523598225 0.012140033879164314
0 0.26845502218636547 0.623235460191982 0.038321903993545785 0.011575381140598532
0 0.3130294473578056 0.620412196499153 0.017749092375958047 0.011575381140598532
0 0.3344090359015732 0.6184359119141728 0.024203307785397338 0.014963297571993224
0 0.354578459056071 0.6190005646527386 0.02016942315449778 0.0251270468661773
0 0.36789027833803956 0.6088368153585545 0.007260992335619202 0.005364201016374929
0 0.3709156918112142 0.6212591756070017 0.01008471157724889 0.009316770186335404
0 0.38342073416700284 0.6225296442687747 0.012505042355788625 0.011857707509881422
0 0.40137152077450583 0.6215415019762845 0.01371520774505849 0.01383399209486166
0 0.41952400161355385 0.6147656691134952 0.01290843081887858 0.021174477696216828
0 0.463695038321904 0.6170242800677583 0.02218636546994756 0.013269339356295878
0 0.48628479225494153 0.6190005646527386 0.03428801936264623 0.018351214003387916
0 0.5110931827349737 0.6208356860530774 0.017749092375958047 0.015810276679841896
0 0.5302541347317467 0.6174477696216827 0.02218636546994756 0.019198193111236588
0 0.5395320693828156 0.620694522868436 0.006857603872529245 0.00818746470920384
0 0.5480032271077048 0.6098249576510446 0.006857603872529245 0.003952569169960474
0 0.5524405002016942 0.620694522868436 0.013311819281968536 0.011575381140598532
0 0.5657523194836628 0.6211180124223602 0.014925373134328358 0.009599096555618294
0 0.6101250504235579 0.6154714850367025 0.03751512706736587 0.020892151326933936
0 0.6565147236789027 0.6192828910220215 0.022993142396127472 0.015527950310559006
0 0.6686163775716014 0.6151891586674195 0.002016942315449778 0.0016939582156973462
0 0.6799112545381202 0.6142010163749294 0.018959257765227916 0.026256352343308864
0 0.6897942718838241 0.6205533596837944 0.01290843081887858 0.011857707509881422
0 0.700282371924163 0.606154714850367 0.003227107704719645 0.0033879164313946925
0 0.7111738604275918 0.6199887069452287 0.016942315449778138 0.010728402032749858
0 0.7210568777732956 0.6225296442687747 0.003630496167809601 0.0016939582156973462
0 0.7208551835417507 0.6150479954827781 0.0016135538523598225 0.001411631846414455
0 0.7321500605082695 0.617871259175607 0.01290843081887858 0.022303783173348392
0 0.7704719645018152 0.6144833427442123 0.016135538523598225 0.0251270468661773
0 0.781968535699879 0.6194240542066629 0.018959257765227916 0.012987012987012988
0 0.8265429608713191 0.6164596273291926 0.02016942315449778 0.023433088650479956
0 0.8416700282371924 0.6216826651609261 0.011698265429608713 0.012422360248447204
0 0.8604275917708754 0.6170242800677583 0.022589753933037516 0.022303783173348392
0 0.18475191609519967 0.6650197628458498 0.05970149253731343 0.02456239412761152
0 0.20814844695441712 0.6747600225861096 0.0024203307785397336 0.002258610954263128
0 0.24788221056877774 0.6709486166007905 0.02218636546994756 0.01948051948051948
0 0.27390076643807987 0.6688311688311688 0.03227107704719645 0.017504234895539244
0 0.290843081887858 0.6815358554488989 0.01855586930213796 0.024844720496894408
0 0.2977006857603873 0.6586674195369847 0.009681323114158934 0.00564652738565782
0 0.3436869705526422 0.6678430265386787 0.08229124647035095 0.020609824957651044
0 0.41609519967728925 0.6699604743083004 0.019766034691407825 0.015245623941276116
0 0.4300121016538927 0.6727837380011293 0.0016135538523598225 0.001129305477131564
0 0.4398951189995966 0.6675607001693958 0.01734570391286809 0.012704686617730096
0 0.45482049213392495 0.6689723320158103 0.026220250100847116 0.014963297571993224
0 0.49959661153691004 0.669819311123659 0.01734570391286809 0.01383399209486166
0 0.5100847115772489 0.6692546583850931 0.008471157724889069 0.013269339356295878
0 0.5185558693021379 0.6715132693393563 0.013311819281968536 0.011575381140598532
0 0.5171440096813231 0.6548560135516657 0.003227107704719645 0.003105590062111801
0 0.545179507866075 0.6715132693393563 0.0326744655102864 0.012140033879164314
0 0.5937878176684147 0.668548842461886 0.02743041549011698 0.024844720496894408
0 0.6117386042759178 0.6674195369847544 0.01573215006050827 0.019762845849802372
0 0.6070996369503833 0.6645962732919255 0.0024203307785397336 0.001129305477131564
0 0.6286809197256958 0.6688311688311688 0.020572811617587738 0.012987012987012988
0 0.672045179507866 0.6726425748164878 0.02016942315449778 0.014398644833427442
0 0.6837434449374747 0.6804065499717674 0.03469140782573618 0.025974025974025976
0 0.7129891085114965 0.6719367588932806 0.030254134731746672 0.012987012987012988
0 0.7323517547398144 0.67871259175607 0.0391286809197257 0.034443817052512704
0 0.7642194433239209 0.664455110107284 0.0318676885841065 0.022303783173348392
0 0.799717628075837 0.6691134952004517 0.038321903993545785 0.012422360248447204
0 0.8338039532069382 0.6665725578769057 0.02581686163775716 0.015245623941276116
0 0.17103670835014118 0.7183794466403162 0.01855586930213796 0.0251270468661773
0 0.19060104881000403 0.7209203839638623 0.010891488503428802 0.009881422924901186
0 0.20956030657523195 0.7186617730095991 0.01653892698668818 0.02456239412761152
0 0.25312626058894716 0.7158385093167702 0.02379991932230738 0.022868435911914172
0 0.26764824526018555 0.7094861660079052 0.0052440500201694235 0.003952569169960474
0 0.2779346510689794 0.7199322416713722 0.023396530859217425 0.011857707509881422
0 0.2964905203711174 0.7166854884246189 0.012101653892698669 0.017786561264822136
0 0.3465106897942719 0.7185206098249577 0.03953206938281565 0.018633540372670808
0 0.3765631302944736 0.720214568040655 0.010891488503428802 0.009034443817052512
0 0.3914885034288019 0.721485036702428 0.020572811617587738 0.011575381140598532
0 0.4102460669624849 0.7219085262563524 0.016942315449778138 0.01355166572557877
0 0.46772892295280355 0.717391304347826 0.03751512706736587 0.025409373235460192
0 0.5149253731343284 0.720214568040655 0.0609116579265833 0.015810276679841896
0 0.5699878983461073 0.720214568040655 0.048406615570794675 0.0220214568040655
0 0.6018555869302138 0.7234613212874083 0.016135538523598225 0.01383399209486166
0 0.6192012908430818 0.7203557312252964 0.023396530859217425 0.016092603049124788
0 0.6875756353368294 0.7185206098249577 0.050423557886244454 0.01355166572557877
0 0.7194433239209359 0.7199322416713722 0.02944735780556676 0.015810276679841896
0 0.7593787817668415 0.7164031620553359 0.051230334812424366 0.021174477696216828
0 0.827551432029044 0.7279785431959345 0.043162565550625254 0.029644268774703556
0 0.8202904396934247 0.7213438735177866 0.003630496167809601 0.015245623941276116
0 0.8543767648245261 0.718944099378882 0.01290843081887858 0.012704686617730096
0 0.8759580475998386 0.720214568040655 0.02864058087938685 0.014680971202710334
0 0.9058087938684953 0.7289666854884246 0.0028237192416296895 0.0016939582156973462
