0 0.15510286405808793 0.2134387351778656 0.011698265429608713 0.017504234895539244
0 0.17265026220250101 0.217673630717109 0.020976200080677694 0.010163749294184076
0 0.2101653892698669 0.2069452286843591 0.004033884630899556 0.005081874647092038
0 0.21036708350141187 0.21456804065499718 0.0028237192416296895 0.009599096555618294
0 0.218233158531666 0.2155561829474873 0.008067769261799113 0.011575381140598532
0 0.263412666397741 0.21357989836250707 0.033884630899556276 0.0189158667419537
0 0.27874142799515933 0.205957086391869 0.004033884630899556 0.003105590062111801
0 0.28680919725695847 0.21583850931677018 0.008874546187979023 0.008752117447769622
0 0.3259378781766841 0.21202710333145117 0.029850746268656716 0.019198193111236588
0 0.3743444937474788 0.21259175607001693 0.03227107704719645 0.019198193111236588
0 0.42154094392900365 0.2161208356860531 0.02016942315449778 0.010446075663466968
0 0.43485276321097216 0.2183794466403162 0.007260992335619202 0.00818746470920384
0 0.4465510286405809 0.21964991530208922 0.010488100040338847 0.00846979107848673
0 0.481444130697862 0.21315640880858272 0.0609116579265833 0.018633540372670808
0 0.5391286809197257 0.21795595708639187 0.01734570391286809 0.00846979107848673
0 0.5534489713594192 0.2121682665160926 0.016135538523598225 0.0189158667419537
0 0.5697862041145624 0.22430830039525693 0.0028237192416296895 0.009316770186335404
0 0.6111335215812828 0.21541501976284586 0.02581686163775716 0.024844720496894408
0 0.6313029447357805 0.2186617730095991 0.01371520774505849 0.007622811970638058
0 0.6712384025816862 0.2183794466403162 0.014521984671238403 0.008752117447769622
0 0.6805163372327552 0.21626199887069453 0.009681323114158934 0.009034443817052512
0 0.7025010084711577 0.21696781479390176 0.031060911657926585 0.01383399209486166
0 0.7464703509479629 0.21414455110107283 0.024606696248487294 0.014963297571993224
0 0.7829770068576039 0.21513269339356295 0.042759177087535294 0.025409373235460192
0 0.8152480839048003 0.22430830039525693 0.0024203307785397336 0.008752117447769622
0 0.8329971762807584 0.2044042913608131 0.004033884630899556 0.00282326369282891
0 0.8342073416700282 0.21781479390175043 0.004033884630899556 0.008752117447769622
0 0.8459056070996369 0.21823828345567475 0.014521984671238403 0.012422360248447204
0 0.16337232755143202 0.2641163184641446 0.04437273093989512 0.017786561264822136
0 0.21661960467930616 0.2621400338791643 0.016942315449778138 0.012140033879164314
0 0.23477208551835418 0.26383399209486164 0.017749092375958047 0.016657255787690572
0 0.26119402985074625 0.2648221343873518 0.025413473174667203 0.01637492941840768
0 0.281968535699879 0.2686335403726708 0.008874546187979023 0.009881422924901186
0 0.2991125453812021 0.2748447204968944 0.004437273093989512 0.008752117447769622
0 0.336022589753933 0.26778656126482214 0.02581686163775716 0.009316770186335404
0 0.39108511496571197 0.2670807453416149 0.02944735780556676 0.010728402032749858
0 0.41770875352964904 0.268068887634105 0.02702702702702703 0.009316770186335404
0 0.4747882210568778 0.26242236024844723 0.03307785397337636 0.021174477696216828
0 0.4933440903590157 0.26651609260304915 0.005647438483259379 0.010728402032749858
0 0.553852359822509 0.2628458498023715 0.05405405405405406 0.021456804065499716
0 0.6210165389269867 0.262987012987013 0.02702702702702703 0.026256352343308864
0 0.6571198063735377 0.2628458498023715 0.04033884630899556 0.019762845849802372
0 0.7204517950786608 0.2648221343873518 0.03630496167809601 0.026538678712591756
0 0.7942718838241226 0.26383399209486164 0.05647438483259379 0.016657255787690572
0 0.1591367486889875 0.3129587803500847 0.012505042355788625 0.016657255787690572
0 0.17486889874949577 0.314652738565782 0.01734570391286809 0.015527950310559006
0 0.18051633723275515 0.3090062111801242 0.0052440500201694235 0.002540937323546019
0 0.19483662767244858 0.3191699604743083 0.02016942315449778 0.009316770186335404
0 0.24405002016942315 0.3142292490118577 0.014521984671238403 0.01693958215697346
0 0.25554659136748686 0.3170525127046866 0.01008471157724889 0.009034443817052512
0 0.2690601048810004 0.31733483907396953 0.015328761597418314 0.011857707509881422
0 0.28035498184751917 0.31197063805759456 0.009681323114158934 0.020327498588368152
0 0.3021379588543768 0.3188876341050254 0.029043969342476807 0.009316770186335404
0 0.3219039935457846 0.31719367588932806 0.008874546187979023 0.009316770186335404
0 0.3436869705526422 0.31634669678147936 0.03146430012101654 0.012140033879164314
0 0.36607503025413474 0.31719367588932806 0.013311819281968536 0.012140033879164314
0 0.38241226300927794 0.3231225296442688 0.005647438483259379 0.002540937323546019
0 0.4189189189189189 0.313382269904009 0.02864058087938685 0.020892151326933936
0 0.47196450181524807 0.3181818181818182 0.03791851553045583 0.01129305477131564
0 0.5054457442517144 0.3147939017504235 0.02501008471157725 0.024280067758328628
0 0.545582896329165 0.31804065499717676 0.018152480839048003 0.009881422924901186
0 0.5580879386849537 0.3178994918125353 0.006857603872529245 0.010163749294184076
0 0.5941912061315047 0.3132411067193676 0.01855586930213796 0.016657255787690572
0 0.6105284388866479 0.3129587803500847 0.01008471157724889 0.014398644833427442
0 0.6238402581686163 0.3132411067193676 0.014925373134328358 0.01383399209486166
0 0.6395724082291246 0.31493506493506496 0.014118596208148447 0.01383399209486166
0 0.6575231948366277 0.32523997741389044 0.003227107704719645 0.006775832862789385
0 0.6849536103267446 0.3191699604743083 0.01936264622831787 0.007622811970638058
0 0.7144009681323115 0.31493506493506496 0.04195240016135539 0.017221908526256352
0 0.7773295683743445 0.3170525127046866 0.042759177087535294 0.029926595143986448
0 0.8075837031060912 0.3126764539808018 0.024203307785397338 0.020045172219085264
0 0.8354175070592981 0.32156973461321287 0.03065752319483663 0.019762845849802372
0 0.16438079870915692 0.36490683229813664 0.02944735780556676 0.018351214003387916
0 0.1811214199273901 0.35601355166572557 0.004033884630899556 0.002258610954263128
0 0.18394513916901978 0.3719649915302089 0.003227107704719645 0.007058159232072276
0 0.21198063735377168 0.36462450592885376 0.050423557886244454 0.020045172219085264
0 0.2743041549011698 0.36335403726708076 0.021782977006857603 0.019198193111236588
0 0.28156514723678905 0.3567193675889328 0.003227107704719645 0.005364201016374929
0 0.2974989915288423 0.367871259175607 0.02218636546994756 0.01129305477131564
0 0.32855990318676886 0.36561264822134387 0.043162565550625254 0.029361942405420668
0 0.3945139169019766 0.3632128740824393 0.02581686163775716 0.020609824957651044
0 0.45784590560709965 0.36307171089779783 0.028237192416296894 0.0220214568040655
0 0.4937474788221057 0.36885940146809715 0.01371520774505849 0.010446075663466968
0 0.5102864058087939 0.36885940146809715 0.016942315449778138 0.009881422924901186
0 0.5713997579669221 0.36462450592885376 0.04961678096006454 0.0189158667419537
0 0.627067365873336 0.37351778656126483 0.014118596208148447 0.01693958215697346
0 0.6401774909237595 0.36928289102202144 0.010488100040338847 0.00846979107848673
0 0.6482452601855587 0.35728402032749856 0.003227107704719645 0.005928853754940711
0 0.6506655909640984 0.37027103331451156 0.003227107704719645 0.007058159232072276
0 0.6589350544574425 0.36773009599096557 0.013311819281968536 0.009881422924901186
0 0.6704316256555063 0.36462450592885376 0.01290843081887858 0.020045172219085264
0 0.7141992739007664 0.3651891586674195 0.027833803953206938 0.03303218520609825
0 0.7569584509883017 0.3632128740824393 0.014118596208148447 0.018351214003387916
0 0.7910447761194029 0.36180124223602483 0.053247277127874144 0.02456239412761152
0 0.827954820492134 0.3759175607001694 0.003630496167809601 0.010446075663466968
0 0.16780960064542155 0.4147374364765669 0.048406615570794675 0.020327498588368152
0 0.23578055667607906 0.4189723320158103 0.043162565550625254 0.01129305477131564
0 0.34288019362646227 0.42080745341614906 0.09439290036304962 0.03020892151326934
0 0.44695441710367084 0.4184076792772445 0.03146430012101654 0.010163749294184076
0 0.48043565954013717 0.4148785996612084 0.03791851553045583 0.020609824957651044
0 0.4955627269060105 0.40767927724449465 0.004437273093989512 0.005081874647092038
0 0.5040338846308996 0.4191134952004517 0.010891488503428802 0.01101072840203275
0 0.5191609519967729 0.4191134952004517 0.017749092375958047 0.010446075663466968
0 0.5915691811214199 0.41445511010728403 0.0681726502622025 0.019762845849802372
0 0.6335215812827754 0.4140316205533597 0.011698265429608713 0.017221908526256352
0 0.7012908430818878 0.4162902315076228 0.04477611940298507 0.018351214003387916
0 0.7331585316659943 0.4193958215697346 0.018152480839048003 0.01101072840203275
0 0.7496974586526826 0.4184076792772445 0.014118596208148447 0.011857707509881422
0 0.7956837434449375 0.4189723320158103 0.026220250100847116 0.010163749294184076
0 0.15853166599435256 0.4637210615471485 0.021782977006857603 0.020609824957651044
0 0.1881807180314643 0.47007340485601357 0.0318676885841065 0.010728402032749858
0 0.21883824122630094 0.4707792207792208 0.022993142396127472 0.012140033879164314
0 0.23779749899152886 0.4761434217955957 0.012505042355788625 0.01948051948051948
0 0.27591770875352967 0.46908526256352345 0.060508269463493344 0.028514963297571992
0 0.3580072609923356 0.4644268774703557 0.043162565550625254 0.019762845849802372
0 0.4267849939491731 0.46569734613212876 0.011294876966518758 0.0189158667419537
0 0.45482049213392495 0.4704968944099379 0.043969342476805166 0.01101072840203275
0 0.5225897539330375 0.466403162055336 0.010891488503428802 0.018633540372670808
0 0.5332795482049213 0.4699322416713721 0.007260992335619202 0.007622811970638058
0 0.5427591770875353 0.47035573122529645 0.010891488503428802 0.00846979107848673
0 0.5580879386849537 0.4710615471485037 0.01573215006050827 0.008752117447769622
0 0.5720048406615571 0.47656691134952006 0.016942315449778138 0.01693958215697346
0 0.5897539330375151 0.4675324675324675 0.02581686163775716 0.017504234895539244
0 0.6462283178701089 0.4678147939017504 0.026623638563937072 0.020892151326933936
0 0.6994755949979831 0.4652738565782044 0.02743041549011698 0.019762845849802372
0 0.7041145623235175 0.4600508187464709 0.006857603872529245 0.005364201016374929
0 0.7503025413473174 0.46922642574816487 0.014521984671238403 0.010163749294184076
0 0.7615974183138362 0.46908526256352345 0.009681323114158934 0.008752117447769622
0 0.7753126260588947 0.4640033879164314 0.014521984671238403 0.020045172219085264
0 0.781363453005244 0.4587803500846979 0.00645421540943929 0.005081874647092038
0 0.8027430415490117 0.4704968944099379 0.03065752319483663 0.01101072840203275
0 0.8259378781766842 0.4731789949181254 0.006857603872529245 0.002258610954263128
