0 0.15792658329971762 0.22374364765669114 0.03509479628882614 0.018351214003387916
0 0.15167406212182333 0.22529644268774704 0.0016135538523598225 0.0016939582156973462
0 0.18051633723275515 0.22910784867306608 0.00927793465106898 0.007058159232072276
0 0.18858410649455426 0.2251552795031056 0.00927793465106898 0.012140033879164314
0 0.1865671641791045 0.22600225861095427 0.002016942315449778 0.0008469791078486731
0 0.2208551835417507 0.22656691134952003 0.012505042355788625 0.00818746470920384
0 0.22287212585720048 0.2329192546583851 0.014118596208148447 0.018633540372670808
0 0.2515127067365873 0.22826086956521738 0.03993545784590561 0.012140033879164314
0 0.24102460669624848 0.22910784867306608 0.0052440500201694235 0.005928853754940711
0 0.2833803953206938 0.22332015810276679 0.00927793465106898 0.015810276679841896
0 0.29407018959257764 0.2360248447204969 0.004840661557079467 0.012422360248447204
0 0.32876159741831384 0.22557876905702992 0.021782977006857603 0.014116318464144552
0 0.3511496571198064 0.22699040090344438 0.026220250100847116 0.010163749294184076
0 0.3781766841468334 0.2267080745341615 0.024606696248487294 0.009599096555618294
0 0.3892698668818072 0.22289666854884246 0.003227107704719645 0.004799548277809147
0 0.3991528842275111 0.2251552795031056 0.01653892698668818 0.010446075663466968
0 0.39653085921742637 0.22402597402597402 0.004840661557079467 0.004234895539243365
0 0.41770875352964904 0.23193111236589498 0.003630496167809601 0.008752117447769622
0 0.4562323517547398 0.22162619988706944 0.05244050020169423 0.018068887634105024
0 0.49294070189592576 0.22430830039525693 0.009681323114158934 0.018351214003387916
0 0.5260185558693021 0.22275550536420102 0.008874546187979023 0.018633540372670808
0 0.5536506655909641 0.22699040090344438 0.04235578862444534 0.009599096555618294
0 0.581887858007261 0.22939017504234896 0.012505042355788625 0.014963297571993224
0 0.6284792254941509 0.2248729531338227 0.03791851553045583 0.01383399209486166
0 0.6770875352964906 0.22868435911914173 0.014925373134328358 0.01129305477131564
0 0.7156111335215812 0.22868435911914173 0.020976200080677694 0.025974025974025976
0 0.718233158531666 0.21852060982495766 0.0012101653892698668 0.002258610954263128
0 0.7236789027833804 0.22882552230378317 0.004840661557079467 0.005928853754940711
0 0.7337636143606293 0.22374364765669114 0.007260992335619202 0.013269339356295878
0 0.745461879790238 0.2279785431959345 0.024203307785397338 0.010446075663466968
0 0.7855990318676885 0.23193111236589498 0.01573215006050827 0.015527950310559006
0 0.7868091972569584 0.23207227555053642 0.006857603872529245 0.003952569169960474
0 0.8035498184751916 0.22755505364201017 0.01855586930213796 0.010163749294184076
0 0.8285599031867689 0.2274138904573687 0.023396530859217425 0.01948051948051948
0 0.8376361436062929 0.21682665160926032 0.0012101653892698668 0.001129305477131564
0 0.8529649052037112 0.2261434217955957 0.02379991932230738 0.014116318464144552
0 0.8614360629286002 0.2183794466403162 0.0012101653892698668 0.0008469791078486731
0 0.15832997176280758 0.27300959909655564 0.024606696248487294 0.015810276679841896
0 0.21480435659540137 0.27837380011293056 0.05526421944332392 0.018633540372670808
0 0.24808390480032272 0.274703557312253 0.008067769261799113 0.015245623941276116
0 0.29043969342476805 0.2779503105590062 0.014521984671238403 0.01101072840203275
0 0.3019362646228318 0.2751270468661773 0.007664380798709157 0.016092603049124788
0 0.30597014925373134 0.27625635234330886 0.006857603872529245 0.016657255787690572
0 0.3600242033077854 0.27851496329757197 0.026220250100847116 0.008752117447769622
0 0.38120209762000806 0.27738565782044045 0.015328761597418314 0.009316770186335404
0 0.3828156514723679 0.27936194240542067 0.003227107704719645 0.001976284584980237
0 0.3989511899959661 0.2802089215132693 0.01290843081887858 0.014398644833427442
0 0.45320693828156516 0.2779503105590062 0.014925373134328358 0.0189158667419537
0 0.4673255344897136 0.27752682100508186 0.008471157724889069 0.00846979107848673
0 0.5153287615974184 0.27710333145115756 0.02379991932230738 0.009881422924901186
0 0.5344897135941912 0.27639751552795033 0.012101653892698669 0.009034443817052512
0 0.5344897135941912 0.2735742518351214 0.004840661557079467 0.005081874647092038
0 0.5457845905607099 0.2713156408808583 0.004840661557079467 0.01637492941840768
0 0.5518354175070593 0.27442123094297005 0.008874546187979023 0.020327498588368152
0 0.5599031867688584 0.2811970638057595 0.003227107704719645 0.002258610954263128
0 0.5903590157321501 0.27300959909655564 0.02218636546994756 0.014116318464144552
0 0.6058894715611134 0.27738565782044045 0.004033884630899556 0.008752117447769622
0 0.608914885034288 0.2651044607566347 0.0028237192416296895 0.003952569169960474
0 0.6171843485276322 0.27710333145115756 0.009681323114158934 0.009316770186335404
0 0.6639774102460669 0.2732919254658385 0.021782977006857603 0.01693958215697346
0 0.6795078660750302 0.279785431959345 0.002016942315449778 0.0016939582156973462
0 0.7125857200484066 0.27216261998870694 0.026220250100847116 0.015810276679841896
0 0.7329568374344494 0.27653867871259175 0.012101653892698669 0.010446075663466968
0 0.7444534086325131 0.27413890457368717 0.003630496167809601 0.01693958215697346
0 0.7450584913271481 0.2649632975719932 0.0016135538523598225 0.0008469791078486731
0 0.7896329164985881 0.2792207792207792 0.03670835014118596 0.00846979107848673
0 0.7896329164985881 0.27653867871259175 0.003630496167809601 0.0008469791078486731
0 0.8108108108108109 0.2795031055900621 0.022589753933037516 0.009599096555618294
0 0.15752319483662766 0.3243929983060418 0.0326744655102864 0.015810276679841896
0 0.1837434449374748 0.32679277244494637 0.02218636546994756 0.01101072840203275
0 0.2018959257765228 0.3383681535855449 0.007664380798709157 0.012704686617730096
0 0.24425171440096813 0.32241671372106157 0.007664380798709157 0.019198193111236588
0 0.3075837031060912 0.32608695652173914 0.07624041952400161 0.01637492941840768
0 0.35054457442517145 0.3306041784302654 0.010488100040338847 0.012422360248447204
0 0.3652682533279548 0.32820440429136083 0.019766034691407825 0.015527950310559006
0 0.38866478418717226 0.3296160361377753 0.03509479628882614 0.01101072840203275
0 0.4211375554659137 0.33639186900056467 0.004840661557079467 0.012704686617730096
0 0.45784590560709965 0.32707509881422925 0.022589753933037516 0.012140033879164314
0 0.47660346914078255 0.33046301524562394 0.014118596208148447 0.008752117447769622
0 0.49152884227511096 0.32707509881422925 0.004437273093989512 0.01383399209486166
0 0.5443727309398951 0.32933370976849236 0.0326744655102864 0.011575381140598532
0 0.608309802339653 0.3286278938452851 0.026623638563937072 0.014680971202710334
0 0.6248487293263413 0.33243929983060416 0.016135538523598225 0.016092603049124788
0 0.6425978217022993 0.327639751552795 0.01936264622831787 0.010446075663466968
0 0.6484469544171036 0.32707509881422925 0.0012101653892698668 0.0008469791078486731
0 0.6613553852359823 0.3266516092603049 0.024606696248487294 0.010163749294184076
0 0.7045179507866075 0.3243929983060418 0.02379991932230738 0.01355166572557877
0 0.7228721258572005 0.32735742518351213 0.01290843081887858 0.00818746470920384
0 0.7287212585720049 0.3296160361377753 0.0012101653892698668 0.0008469791078486731
0 0.7398144413069786 0.32481648785996614 0.012101653892698669 0.016657255787690572
0 0.7684550221863655 0.32594579333709767 0.01290843081887858 0.014398644833427442
0 0.7811617587736991 0.3190287972896669 0.0012101653892698668 0.0016939582156973462
0 0.781565147236789 0.3298983625070582 0.002016942315449778 0.007058159232072276
0 0.799717628075837 0.33018068887634106 0.027833803953206938 0.007058159232072276
0 0.845502218636547 0.32919254658385094 0.01371520774505849 0.010728402032749858
0 0.8602258975393303 0.3297571993224167 0.020572811617587738 0.02258610954263128
0 0.15832997176280758 0.3818464144551101 0.038321903993545785 0.022303783173348392
0 0.1799112545381202 0.3684359119141728 0.0016135538523598225 0.0016939582156973462
0 0.19423154497781364 0.37704686617730093 0.02944735780556676 0.014963297571993224
0 0.23114158935054457 0.38354037267080743 0.042759177087535294 0.0251270468661773
0 0.2658329971762808 0.38354037267080743 0.0016135538523598225 0.001411631846414455
0 0.27591770875352967 0.37027103331451156 0.0024203307785397336 0.012704686617730096
0 0.15510286405808793 0.4256070016939582 0.035901573215006054 0.017786561264822136
0 0.15308592174263816 0.42264257481648787 0.0028237192416296895 0.003952569169960474
0 0.16478418717224688 0.42758328627893843 0.0012101653892698668 0.0008469791078486731
0 0.17607906413876562 0.4313946922642575 0.0028237192416296895 0.006211180124223602
0 0.17789431222267044 0.4160079051383399 0.0016135538523598225 0.0008469791078486731
0 0.1918112141992739 0.4253246753246753 0.020572811617587738 0.016092603049124788
0 0.24243646631706334 0.4267363071710898 0.03146430012101654 0.016092603049124788
0 0.2882210568777733 0.4301242236024845 0.020572811617587738 0.010446075663466968
0 0.3061718434852763 0.4301242236024845 0.01371520774505849 0.00818746470920384
0 0.3204921339249697 0.43040654997176736 0.01008471157724889 0.00818746470920384
0 0.35760387252924564 0.4313946922642575 0.0028237192416296895 0.006211180124223602
0 0.3707139975796692 0.4322416713721062 0.017749092375958047 0.009599096555618294
0 0.42174263816054863 0.42758328627893843 0.02944735780556676 0.017786561264822136
0 0.445340863251311 0.43464144551101075 0.01290843081887858 0.016657255787690572
0 0.4653085921742638 0.42857142857142855 0.014925373134328358 0.012422360248447204
0 0.4608713190802743 0.4213721061547149 0.002016942315449778 0.001411631846414455
0 0.4737797498991529 0.42871259175607 0.003630496167809601 0.004234895539243365
0 0.47337636143606293 0.43125352907961606 0.0012101653892698668 0.0008469791078486731
0 0.47438483259378783 0.43365330321852064 0.003227107704719645 0.0016939582156973462
0 0.48204921339249696 0.43167701863354035 0.012101653892698669 0.00846979107848673
0 0.5316659943525616 0.4268774703557312 0.04195240016135539 0.01637492941840768
0 0.563331988705123 0.4288537549407115 0.021379588543767647 0.01129305477131564
0 0.5748285599031868 0.43195934500282324 0.003227107704719645 0.001129305477131564
0 0.6135538523598225 0.4277244494635799 0.02743041549011698 0.01637492941840768
0 0.6351351351351351 0.429983060417843 0.014925373134328358 0.012987012987012988
0 0.6740621218233158 0.4298418972332016 0.01371520774505849 0.009316770186335404
0 0.717628075837031 0.43379446640316205 0.07099636950383219 0.018351214003387916
0 0.7793465106897943 0.4329474872953134 0.014521984671238403 0.010446075663466968
0 0.8241226300927793 0.4309712027103331 0.022589753933037516 0.009316770186335404
0 0.8477208551835418 0.43280632411067194 0.02218636546994756 0.009034443817052512
0 0.14784187172246874 0.47783738001129306 0.018959257765227916 0.014398644833427442
0 0.15490116982654295 0.4813664596273292 0.005647438483259379 0.002258610954263128
0 0.17466720451795079 0.4764257481648786 0.03307785397337636 0.016657255787690572
0 0.20310609116579265 0.48404856013551667 0.014925373134328358 0.018351214003387916
0 0.2263009277934651 0.4798136645962733 0.02501008471157725 0.013269339356295878
0 0.2672448567970956 0.4808018068887634 0.004437273093989512 0.007340485601355167
0 0.2716821298910851 0.4709203839638622 0.0028237192416296895 0.00564652738565782
0 0.28297700685760385 0.4837662337662338 0.018152480839048003 0.007622811970638058
0 0.3408632513110125 0.47811970638057594 0.04437273093989512 0.018351214003387916
0 0.3973376361436063 0.4767080745341615 0.016135538523598225 0.014963297571993224
0 0.4080274304154901 0.4707792207792208 0.004437273093989512 0.0036702428006775835
0 0.4243646631706333 0.4786843591191417 0.03711173860427592 0.014398644833427442
0 0.4407018959257765 0.47783738001129306 0.002016942315449778 0.001411631846414455
0 0.4562323517547398 0.4836250705815923 0.017749092375958047 0.018633540372670808
0 0.4977813634530052 0.48122529644268774 0.012101653892698669 0.009316770186335404
0 0.5145219846712384 0.48207227555053644 0.011698265429608713 0.027950310559006212
0 0.5804759983864461 0.48306041784302656 0.05808793868495361 0.02710333145115754
0 0.5968132311415894 0.49421230942970074 0.0052440500201694235 0.004234895539243365
0 0.6222267043162566 0.4792490118577075 0.020572811617587738 0.013269339356295878
0 0.6183945139169019 0.47162619988706944 0.0024203307785397336 0.001411631846414455
0 0.6488503428801936 0.47939017504234893 0.025413473174667203 0.010163749294184076
0 0.6438079870915692 0.475296442687747 0.0024203307785397336 0.001411631846414455
0 0.6456232351754739 0.47684923771880294 0.0012101653892698668 0.001129305477131564
0 0.6728519564340459 0.480660643704122 0.015328761597418314 0.016657255787690572
0 0.690399354578459 0.4731789949181254 0.003630496167809601 0.00846979107848673
0 0.7022993142396128 0.4798136645962733 0.01371520774505849 0.009881422924901186
0 0.7511093182734974 0.4805194805194805 0.03146430012101654 0.010728402032749858
0 0.780960064542154 0.4829192546583851 0.024203307785397338 0.010446075663466968
0 0.7991125453812021 0.48249576510446074 0.012101653892698669 0.010163749294184076
0 0.8073820088745461 0.4827780914737436 0.0012101653892698668 0.0016939582156973462
0 0.8140379185155304 0.4817899491812535 0.011294876966518758 0.010446075663466968
0 0.8212989108511497 0.47882552230378317 0.0016135538523598225 0.002258610954263128
0 0.8219039935457846 0.4837662337662338 0.0028237192416296895 0.007058159232072276
0 0.8235175473981444 0.4743083003952569 0.003630496167809601 0.003952569169960474
0 0.8396530859217426 0.49082439299830605 0.02379991932230738 0.021739130434782608
0 0.14501815248083905 0.5319028797289667 0.014925373134328358 0.012987012987012988
0 0.15308592174263816 0.5287972896668549 0.0012101653892698668 0.0016939582156973462
0 0.15873336022589754 0.5317617165443252 0.010891488503428802 0.010446075663466968
0 0.1734570391286809 0.5324675324675324 0.016942315449778138 0.009034443817052512
0 0.2045179507866075 0.5275268210050819 0.04033884630899556 0.014963297571993224
0 0.2109721661960468 0.5207509881422925 0.0016135538523598225 0.001976284584980237
0 0.2708753529649052 0.5286561264822134 0.021379588543767647 0.026256352343308864
0 0.27974989915288423 0.5169395821569734 0.0012101653892698668 0.001129305477131564
0 0.28721258572004843 0.5296442687747036 0.004033884630899556 0.006775832862789385
0 0.3380395320693828 0.528514963297572 0.03630496167809601 0.011857707509881422
0 0.4048003227107705 0.5317617165443252 0.0326744655102864 0.028514963297571992
0 0.4318273497377975 0.5316205533596838 0.019766034691407825 0.0220214568040655
0 0.4497781363453005 0.5300677583286278 0.01290843081887858 0.008752117447769622
0 0.46430012101653895 0.5282326369282891 0.014521984671238403 0.014680971202710334
0 0.46752722872125857 0.5208921513269339 0.0016135538523598225 0.001129305477131564
0 0.481444130697862 0.5317617165443252 0.013311819281968536 0.00818746470920384
0 0.49515933844292054 0.5300677583286278 0.020572811617587738 0.009316770186335404
0 0.5395320693828156 0.5302089215132694 0.010891488503428802 0.010728402032749858
0 0.554255748285599 0.5248447204968945 0.009681323114158934 0.018068887634105024
0 0.5645421540943929 0.527244494635799 0.018152480839048003 0.0189158667419537
0 0.5861234368697055 0.5321852060982496 0.012101653892698669 0.009599096555618294
0 0.5945945945945946 0.5328910220214568 0.004033884630899556 0.009881422924901186
0 0.5972166196046793 0.5242800677583286 0.0028237192416296895 0.00282326369282891
0 0.6054860830980234 0.5328910220214568 0.014521984671238403 0.009881422924901186
0 0.6234368697055265 0.5283738001129306 0.010891488503428802 0.016092603049124788
0 0.6298910851149657 0.5213156408808582 0.003630496167809601 0.005364201016374929
0 0.63654699475595 0.5319028797289667 0.010488100040338847 0.007340485601355167
0 0.6524808390480032 0.534867306606437 0.019766034691407825 0.008752117447769622
0 0.6885841064945543 0.5319028797289667 0.016135538523598225 0.011857707509881422
0 0.7049213392496975 0.5316205533596838 0.013311819281968536 0.024844720496894408
0 0.7351754739814441 0.5290796160361377 0.012505042355788625 0.014680971202710334
0 0.7523194836627672 0.5320440429136082 0.01290843081887858 0.008752117447769622
0 0.7480839048003227 0.5242800677583286 0.003630496167809601 0.002258610954263128
0 0.7970956030657523 0.5330321852060983 0.02581686163775716 0.018633540372670808
0 0.8100040338846309 0.5282326369282891 0.004033884630899556 0.002258610954263128
0 0.8154497781363453 0.5331733483907397 0.0028237192416296895 0.007058159232072276
0 0.8170633319887052 0.5248447204968945 0.0012101653892698668 0.002258610954263128
0 0.8265429608713191 0.5352907961603613 0.014521984671238403 0.00846979107848673
0 0.8481242436466317 0.5341614906832298 0.018959257765227916 0.025409373235460192
0 0.845703912868092 0.5251270468661773 0.0012101653892698668 0.0016939582156973462
0 0.8646631706333199 0.5324675324675324 0.003630496167809601 0.01693958215697346
0 0.15429608713190804 0.581733483907397 0.02864058087938685 0.010446075663466968
0 0.17668414683340056 0.5828627893845285 0.015328761597418314 0.009881422924901186
0 0.20169423154497781 0.577639751552795 0.01936264622831787 0.017504234895539244
0 0.22186365469947558 0.5821569734613213 0.017749092375958047 0.01129305477131564
0 0.24122630092779346 0.5851214003387917 0.015328761597418314 0.012704686617730096
0 0.2569584509883017 0.5852625635234331 0.0024203307785397336 0.0033879164313946925
0 0.30939895118999594 0.5784867306606437 0.02743041549011698 0.015245623941276116
0 0.34207341670028235 0.5828627893845285 0.033884630899556276 0.009881422924901186
0 0.390681726502622 0.5831451157538114 0.013311819281968536 0.010446075663466968
0 0.4060104881000403 0.5838509316770186 0.013311819281968536 0.029361942405420668
0 0.4598628479225494 0.5790513833992095 0.04517950786607503 0.015810276679841896
0 0.5209762000806777 0.5820158102766798 0.018152480839048003 0.008752117447769622
0 0.5443727309398951 0.5830039525691699 0.01653892698668818 0.009034443817052512
0 0.5746268656716418 0.5834274421230943 0.043162565550625254 0.009316770186335404
0 0.6038725292456636 0.5854037267080745 0.012101653892698669 0.009881422924901186
0 0.6149657119806373 0.5861095426312818 0.013311819281968536 0.009599096555618294
0 0.6339249697458653 0.5845567476002259 0.018152480839048003 0.007622811970638058
0 0.6480435659540137 0.5838509316770186 0.00927793465106898 0.00846979107848673
0 0.6889874949576442 0.5821569734613213 0.012101653892698669 0.01129305477131564
0 0.6932230738200887 0.5789102202145681 0.0012101653892698668 0.0008469791078486731
0 0.699878983461073 0.5827216261998871 0.011294876966518758 0.007340485601355167
0 0.7168212989108511 0.5835686053077357 0.01855586930213796 0.006211180124223602
0 0.7503025413473174 0.5810276679841897 0.041145623235175476 0.010728402032749858
0 0.745260185558693 0.5772162619988707 0.002016942315449778 0.001411631846414455
0 0.7783380395320694 0.5789102202145681 0.012505042355788625 0.014963297571993224
0 0.7827753126260589 0.572557876905703 0.0012101653892698668 0.001129305477131564
0 0.7914481645824929 0.5815923207227555 0.008067769261799113 0.00846979107848673
0 0.8116175877369908 0.5830039525691699 0.028237192416296894 0.010163749294184076
0 0.8348124243646632 0.5807453416149069 0.003630496167809601 0.014680971202710334
0 0.15066559096409843 0.6317052512704686 0.018152480839048003 0.013269339356295878
0 0.18233158531665994 0.6319875776397516 0.042759177087535294 0.009881422924901186
0 0.21682129891085114 0.6302936194240542 0.01573215006050827 0.013269339356295878
0 0.22972972972972974 0.6332580463015246 0.003630496167809601 0.007340485601355167
0 0.2317466720451795 0.6236589497459063 0.002016942315449778 0.002258610954263128
0 0.24122630092779346 0.6329757199322417 0.011294876966518758 0.010728402032749858
0 0.25231948366276724 0.6338226990400904 0.008471157724889069 0.00846979107848673
0 0.29850746268656714 0.6305759457933371 0.02743041549011698 0.014398644833427442
0 0.34852763210972165 0.6317052512704686 0.01936264622831787 0.012704686617730096
0 0.36789027833803956 0.629587803500847 0.017749092375958047 0.014116318464144552
0 0.3799919322307382 0.6238001129305477 0.0024203307785397336 0.001976284584980237
0 0.38019362646228316 0.6329757199322417 0.002016942315449778 0.006211180124223602
0 0.3898749495764421 0.6352343308865048 0.013311819281968536 0.007905138339920948
0 0.4035901573215006 0.6341050254093732 0.01653892698668818 0.012987012987012988
0 0.445542557482856 0.6297289666854884 0.013311819281968536 0.013269339356295878
0 0.4598628479225494 0.633399209486166 0.01371520774505849 0.011575381140598532
0 0.5070592981040742 0.6315640880858272 0.02501008471157725 0.014680971202710334
0 0.5304558289632917 0.6322699040090345 0.012101653892698669 0.013269339356295878
0 0.5851149657119806 0.632128740824393 0.038321903993545785 0.01129305477131564
0 0.6157724889068172 0.6352343308865048 0.022993142396127472 0.009599096555618294
0 0.6530859217426381 0.6331168831168831 0.01371520774505849 0.009881422924901186
0 0.6601452198467124 0.6311405985319029 0.0012101653892698668 0.002540937323546019
0 0.6694231544977813 0.6346696781479391 0.014925373134328358 0.00846979107848673
0 0.6875756353368294 0.6297289666854884 0.018959257765227916 0.014398644833427442
0 0.7045179507866075 0.6394692264257482 0.02379991932230738 0.018633540372670808
0 0.7033077853973376 0.6249294184076792 0.003630496167809601 0.001976284584980237
0 0.7250907624041952 0.6325522303783173 0.007664380798709157 0.007622811970638058
0 0.7311415893505446 0.6342461885940147 0.0028237192416296895 0.001411631846414455
0 0.7384025816861638 0.6298701298701299 0.013311819281968536 0.014680971202710334
0 0.753731343283582 0.6291643139469226 0.014925373134328358 0.013269339356295878
0 0.8019362646228317 0.6300112930547713 0.021782977006857603 0.011575381140598532
0 0.7960871319080274 0.6249294184076792 0.0052440500201694235 0.001976284584980237
0 0.8227107704719645 0.6318464144551101 0.019766034691407825 0.01129305477131564
0 0.8291649858814037 0.627046866177301 0.002016942315449778 0.002258610954263128
0 0.15308592174263816 0.6795595708639187 0.014925373134328358 0.01355166572557877
0 0.16115369100443727 0.6722190852625636 0.0028237192416296895 0.00282326369282891
0 0.16155707946752723 0.6821005081874647 0.0028237192416296895 0.006211180124223602
0 0.18838241226300928 0.6823828345567476 0.042759177087535294 0.010728402032749858
0 0.2702702702702703 0.6802653867871259 0.04759983864461476 0.014963297571993224
0 0.33219039935457845 0.6811123658949746 0.014118596208148447 0.007058159232072276
0 0.3467123840258169 0.6859119141727837 0.014925373134328358 0.015527950310559006
0 0.3434852763210972 0.6771597967250141 0.0012101653892698668 0.0008469791078486731
0 0.37051230334812424 0.6821005081874647 0.026220250100847116 0.007340485601355167
0 0.39653085921742637 0.6860530773574252 0.016942315449778138 0.015810276679841896
0 0.417910447761194 0.6802653867871259 0.02016942315449778 0.014398644833427442
0 0.41528842275110933 0.672077922077922 0.0012101653892698668 0.001411631846414455
0 0.4429205324727713 0.6840767927724449 0.02743041549011698 0.006775832862789385
0 0.4651068979427188 0.6840767927724449 0.009681323114158934 0.010163749294184076
0 0.508471157724889 0.6815358554488989 0.02944735780556676 0.015810276679841896
0 0.5322710770471965 0.6835121400338792 0.01734570391286809 0.014680971202710334
0 0.5716014521984671 0.685064935064935 0.012101653892698669 0.02456239412761152
0 0.5774505849132715 0.6771597967250141 0.0012101653892698668 0.001976284584980237
0 0.5883420734167003 0.6836533032185206 0.01008471157724889 0.009316770186335404
0 0.5966115369100444 0.6829474872953134 0.009681323114158934 0.009599096555618294
0 0.6075030254134732 0.6821005081874647 0.010488100040338847 0.01129305477131564
0 0.6032674465510286 0.674901185770751 0.0012101653892698668 0.001976284584980237
0 0.6409842678499394 0.6821005081874647 0.016135538523598225 0.01129305477131564
0 0.662767244856797 0.6808300395256917 0.02501008471157725 0.014398644833427442
0 0.654699475594998 0.6722190852625636 0.0016135538523598225 0.001129305477131564
0 0.673053650665591 0.6829474872953134 0.0012101653892698668 0.002258610954263128
0 0.6863654699475595 0.6839356295878035 0.020572811617587738 0.008752117447769622
0 0.7069382815651473 0.6863354037267081 0.018959257765227916 0.010728402032749858
0 0.764017749092376 0.6799830604178431 0.04195240016135539 0.018351214003387916
0 0.7638160548608309 0.6736307171089779 0.0028237192416296895 0.001129305477131564
0 0.7995159338442921 0.6835121400338792 0.028237192416296894 0.00846979107848673
0 0.8267446551028641 0.6833709768492378 0.013311819281968536 0.001976284584980237
0 0.1498588140379185 0.7316487859966121 0.01573215006050827 0.012140033879164314
0 0.16216216216216217 0.7315076228119707 0.012101653892698669 0.009599096555618294
0 0.17043162565550626 0.7284020327498588 0.0028237192416296895 0.015810276679841896
0 0.1809197256958451 0.7322134387351779 0.011698265429608713 0.009316770186335404
0 0.19604679306171843 0.7333427442123094 0.017749092375958047 0.009881422924901186
0 0.24868898749495763 0.7319311123658949 0.022993142396127472 0.009881422924901186
0 0.26865671641791045 0.7322134387351779 0.01290843081887858 0.009316770186335404
0 0.2920532472771279 0.7334839073969509 0.033884630899556276 0.009599096555618294
0 0.33642597821702297 0.7315076228119707 0.0500201694231545 0.023150762281197064
0 0.3937071399757967 0.7412478825522304 0.01855586930213796 0.017221908526256352
0 0.409035901573215 0.7360248447204969 0.01290843081887858 0.009599096555618294
0 0.42960871319080274 0.7354601919819311 0.024203307785397338 0.010163749294184076
0 0.44796288826139574 0.7346132128740824 0.01008471157724889 0.01129305477131564
0 0.49596611536910046 0.7296725014116319 0.027833803953206938 0.013269339356295878
0 0.5314643001210165 0.7323546019198193 0.035901573215006054 0.024844720496894408
0 0.5885437676482452 0.7320722755505364 0.03953206938281565 0.014116318464144552
0 0.6456232351754739 0.7317899491812535 0.04235578862444534 0.015245623941276116
0 0.7063331988705123 0.7298136645962733 0.03953206938281565 0.017504234895539244
0 0.7468737394110528 0.7323546019198193 0.014925373134328358 0.01129305477131564
0 0.7559499798305769 0.7317899491812535 0.00645421540943929 0.01355166572557877
0 0.7601855586930214 0.7447769621682665 0.0012101653892698668 0.001129305477131564
0 0.7686567164179104 0.7396950875211745 0.018152480839048003 0.019762845849802372
0 0.7622025010084712 0.7341897233201581 0.004437273093989512 0.00818746470920384
0 0.7672448567970956 0.7237436476566911 0.004033884630899556 0.003105590062111801
0 0.7892295280354982 0.7329192546583851 0.01573215006050827 0.009599096555618294
0 0.8083904800322711 0.7323546019198193 0.01936264622831787 0.014116318464144552
0 0.8031464300121016 0.724025974025974 0.0024203307785397336 0.001976284584980237
0 0.8217022993142397 0.7308018068887634 0.003227107704719645 0.016092603049124788
0 0.845300524405002 0.7333427442123094 0.010891488503428802 0.010446075663466968
0 0.8565954013715208 0.7339073969508753 0.014118596208148447 0.025691699604743084
0 0.86345300524405 0.73729531338227 0.01734570391286809 0.023997741389045736
0 0.8688987494957644 0.7250141163184641 0.005647438483259379 0.003952569169960474
0 0.8783783783783784 0.7343308865047995 0.008471157724889069 0.007340485601355167
0 0.8870512303348125 0.7323546019198193 0.008067769261799113 0.014680971202710334
0 0.8941105284388866 0.7384246188594015 0.0028237192416296895 0.001976284584980237
