0 0.15792658329971762 0.21230942970073405 0.013311819281968536 0.01693958215697346
0 0.16982654296087132 0.21626199887069453 0.008874546187979023 0.006211180124223602
0 0.17849939491730538 0.21569734613212874 0.004437273093989512 0.004517221908526256
0 0.21218233158531666 0.20948616600790515 0.0016135538523598225 0.002258610954263128
0 0.21419927390076643 0.21597967250141162 0.0024203307785397336 0.006775832862789385
0 0.22125857200484067 0.21696781479390176 0.0060508269463493344 0.007622811970638058
0 0.2654296087131908 0.2137210615471485 0.009681323114158934 0.012422360248447204
0 0.27934651068979427 0.21386222473178995 0.014925373134328358 0.014398644833427442
0 0.2833803953206938 0.21075663466967814 0.0012101653892698668 0.001411631846414455
0 0.2932634126663977 0.21823828345567475 0.004033884630899556 0.006211180124223602
0 0.3245260185558693 0.2140033879164314 0.018152480839048003 0.014680971202710334
0 0.3711173860427592 0.21386222473178995 0.02501008471157725 0.016092603049124788
0 0.418112141992739 0.21852060982495766 0.018959257765227916 0.007905138339920948
0 0.4334409035901573 0.21852060982495766 0.01008471157724889 0.00564652738565782
0 0.43586123436869706 0.2161208356860531 0.0012101653892698668 0.0008469791078486731
0 0.4407018959257765 0.2183794466403162 0.003630496167809601 0.004234895539243365
0 0.45018152480839047 0.21541501976284586 0.016942315449778138 0.011857707509881422
0 0.47519160951996775 0.21739130434782608 0.029850746268656716 0.007905138339920948
0 0.49697458652682536 0.2149915302089215 0.008874546187979023 0.012140033879164314
0 0.5482049213392497 0.21597967250141162 0.023396530859217425 0.012987012987012988
0 0.5685760387252925 0.22233201581027667 0.002016942315449778 0.003105590062111801
0 0.6129487696651875 0.21583850931677018 0.01653892698668818 0.021739130434782608
0 0.6286809197256958 0.21795595708639187 0.0060508269463493344 0.005081874647092038
0 0.6589350544574425 0.21880293619424054 0.021379588543767647 0.009034443817052512
0 0.6784993949173054 0.21894409937888198 0.020976200080677694 0.005928853754940711
0 0.7281161758773699 0.21456804065499718 0.01936264622831787 0.01355166572557877
0 0.746268656716418 0.2155561829474873 0.009681323114158934 0.01101072840203275
0 0.7646228317870108 0.22501411631846416 0.02702702702702703 0.02258610954263128
0 0.800726099233562 0.22444946357989837 0.0024203307785397336 0.0033879164313946925
0 0.8219039935457846 0.21753246753246752 0.002016942315449778 0.006493506493506494
0 0.8336022589753933 0.21696781479390176 0.012505042355788625 0.007058159232072276
0 0.15711980637353773 0.26341050254093734 0.01008471157724889 0.014116318464144552
0 0.17244856797095603 0.2636928289102202 0.019766034691407825 0.01355166572557877
0 0.22972972972972974 0.2641163184641446 0.01573215006050827 0.01383399209486166
0 0.24526018555869303 0.2649632975719932 0.008874546187979023 0.014398644833427442
0 0.25958047599838646 0.2652456239412761 0.00927793465106898 0.01101072840203275
0 0.27047196450181527 0.26976284584980237 0.007664380798709157 0.0036702428006775835
0 0.28398547801532875 0.26877470355731226 0.008874546187979023 0.007905138339920948
0 0.3007260992335619 0.27413890457368717 0.0028237192416296895 0.003952569169960474
0 0.3436869705526422 0.2683512140033879 0.026623638563937072 0.007622811970638058
0 0.40237999193223073 0.2684923771880294 0.019766034691407825 0.00846979107848673
0 0.4233561920129084 0.2684923771880294 0.018959257765227916 0.006775832862789385
0 0.4764017749092376 0.2648221343873518 0.021782977006857603 0.014680971202710334
0 0.49213392496974584 0.268068887634105 0.008067769261799113 0.006493506493506494
0 0.5441710367083501 0.2648221343873518 0.041145623235175476 0.01355166572557877
0 0.6107301331181928 0.2673630717108978 0.01936264622831787 0.024280067758328628
0 0.6250504235578862 0.2694805194805195 0.006857603872529245 0.003105590062111801
0 0.6403791851553046 0.265527950310559 0.020572811617587738 0.01101072840203275
0 0.6924162968939088 0.265527950310559 0.01734570391286809 0.020609824957651044
0 0.700282371924163 0.2689158667419537 0.0016135538523598225 0.001411631846414455
0 0.7085518354175071 0.2683512140033879 0.0052440500201694235 0.004799548277809147
0 0.7589753933037515 0.2636928289102202 0.040742234772085516 0.015245623941276116
0 0.15893505445744252 0.31493506493506496 0.01290843081887858 0.016092603049124788
0 0.17406212182331585 0.3142292490118577 0.01008471157724889 0.014680971202710334
0 0.18051633723275515 0.30971202710333146 0.002016942315449778 0.003952569169960474
0 0.18838241226300928 0.3181818181818182 0.009681323114158934 0.006211180124223602
0 0.2390076643807987 0.3156408808582722 0.012505042355788625 0.014680971202710334
0 0.25211778943122226 0.3188876341050254 0.009681323114158934 0.005364201016374929
0 0.26502622025010086 0.3198757763975155 0.009681323114158934 0.005081874647092038
0 0.2771278741427995 0.3157820440429136 0.003227107704719645 0.014398644833427442
0 0.2878176684146833 0.320016939582157 0.011698265429608713 0.006493506493506494
0 0.3051633723275514 0.32156973461321287 0.011698265429608713 0.006211180124223602
0 0.3170633319887051 0.31846414455110106 0.00645421540943929 0.006775832862789385
0 0.33319887051230335 0.3190287972896669 0.022589753933037516 0.007905138339920948
0 0.3527632109721662 0.3188876341050254 0.011698265429608713 0.00818746470920384
0 0.37131908027430416 0.32298136645962733 0.002016942315449778 0.0016939582156973462
0 0.4112545381202098 0.31634669678147936 0.026220250100847116 0.014398644833427442
0 0.47216619604679305 0.3198757763975155 0.033481242436466316 0.009034443817052512
0 0.4963695038321904 0.31620553359683795 0.011698265429608713 0.011857707509881422
0 0.5068576038725292 0.32495765104460755 0.00927793465106898 0.015810276679841896
0 0.5550625252117789 0.31931112365894976 0.011294876966518758 0.00846979107848673
0 0.5681726502622025 0.3191699604743083 0.00927793465106898 0.008752117447769622
0 0.6066962484872933 0.3169113495200452 0.01371520774505849 0.013269339356295878
0 0.6238402581686163 0.31634669678147936 0.01008471157724889 0.014398644833427442
0 0.6413876563130294 0.3166290231507623 0.011294876966518758 0.015527950310559006
0 0.654296087131908 0.31959345002823264 0.008067769261799113 0.003952569169960474
0 0.6742638160548609 0.3256634669678148 0.0028237192416296895 0.005364201016374929
0 0.6994755949979831 0.31846414455110106 0.01855586930213796 0.007905138339920948
0 0.727914481645825 0.31437041219649914 0.03428801936264623 0.014963297571993224
0 0.16922146026623638 0.37295313382269907 0.03993545784590561 0.02710333145115754
0 0.20129084308188785 0.36617730095990964 0.01855586930213796 0.01129305477131564
0 0.2309398951189996 0.3743647656691135 0.0391286809197257 0.019198193111236588
0 0.3011294876966519 0.36363636363636365 0.01008471157724889 0.014116318464144552
0 0.32129891085114964 0.3654714850367024 0.025413473174667203 0.012140033879164314
0 0.3519564340459863 0.36773009599096557 0.02218636546994756 0.007622811970638058
0 0.345502218636547 0.36617730095990964 0.0028237192416296895 0.003952569169960474
0 0.3642597821702299 0.36984754376058726 0.011294876966518758 0.006775832862789385
0 0.3783783783783784 0.36575381140598534 0.008874546187979023 0.012140033879164314
0 0.4281968535699879 0.36617730095990964 0.020572811617587738 0.014116318464144552
0 0.43586123436869706 0.3609542631281762 0.003630496167809601 0.003105590062111801
0 0.4497781363453005 0.36885940146809715 0.015328761597418314 0.007622811970638058
0 0.47196450181524807 0.36914172783738003 0.021782977006857603 0.007058159232072276
0 0.48608309802339655 0.36561264822134387 0.004033884630899556 0.011857707509881422
0 0.4957644211375555 0.3681535855448899 0.010488100040338847 0.021456804065499716
0 0.5385235982250908 0.36575381140598534 0.01936264622831787 0.013269339356295878
0 0.5782573618394514 0.36561264822134387 0.01008471157724889 0.01355166572557877
0 0.5917708753529649 0.36984754376058726 0.015328761597418314 0.00564652738565782
0 0.6329164985881404 0.3697063805759458 0.01290843081887858 0.007058159232072276
0 0.6456232351754739 0.3695652173913043 0.011698265429608713 0.00564652738565782
0 0.6895925776522791 0.3673066064370412 0.03993545784590561 0.014116318464144552
0 0.7593787817668415 0.37210615471485037 0.014118596208148447 0.015245623941276116
0 0.7710770471964502 0.37012987012987014 0.00927793465106898 0.003952569169960474
0 0.7732956837434449 0.367871259175607 0.0024203307785397336 0.001129305477131564
0 0.7775312626058895 0.36180124223602483 0.002016942315449778 0.001976284584980237
0 0.7793465106897943 0.3694240542066629 0.0024203307785397336 0.006493506493506494
0 0.7989108511496571 0.3651891586674195 0.024606696248487294 0.012704686617730096
0 0.8434852763210973 0.36914172783738003 0.011294876966518758 0.006493506493506494
0 0.8553852359822509 0.365330321852061 0.01008471157724889 0.024280067758328628
0 0.15469947559499797 0.4161490683229814 0.01008471157724889 0.012422360248447204
0 0.17809600645421542 0.41516092603049126 0.03670835014118596 0.014398644833427442
0 0.20270270270270271 0.4153020892151327 0.010891488503428802 0.012422360248447204
0 0.23618394513916902 0.4244776962168266 0.002016942315449778 0.0036702428006775835
0 0.2599838644614764 0.41770186335403725 0.007664380798709157 0.012140033879164314
0 0.2799515933844292 0.41798418972332013 0.02743041549011698 0.010446075663466968
0 0.3346107301331182 0.4201016374929418 0.038321903993545785 0.009034443817052512
0 0.3973376361436063 0.41770186335403725 0.016135538523598225 0.01948051948051948
0 0.4144816458249294 0.4193958215697346 0.02218636546994756 0.007622811970638058
0 0.4445340863251311 0.4192546583850932 0.035498184751916094 0.007905138339920948
0 0.5104881000403388 0.4212309429700734 0.024606696248487294 0.00846979107848673
0 0.5346914078257362 0.42066629023150764 0.019766034691407825 0.007905138339920948
0 0.5512303348124243 0.41643139469226426 0.00927793465106898 0.015245623941276116
0 0.5554659136748689 0.41233766233766234 0.0024203307785397336 0.002540937323546019
0 0.5631302944735781 0.4191134952004517 0.008067769261799113 0.006493506493506494
0 0.5768455022186365 0.41953698475437606 0.015328761597418314 0.007340485601355167
0 0.6290843081887858 0.42108977978543194 0.027833803953206938 0.00818746470920384
0 0.6557079467527229 0.41643139469226426 0.019766034691407825 0.01355166572557877
0 0.6782977006857603 0.4168548842461886 0.018152480839048003 0.012704686617730096
0 0.7222670431625655 0.41756070016939584 0.011698265429608713 0.014116318464144552
0 0.7386042759177087 0.4191134952004517 0.01936264622831787 0.005364201016374929
0 0.7583703106091165 0.41798418972332013 0.014521984671238403 0.00818746470920384
0 0.772488906817265 0.4178430265386787 0.011294876966518758 0.006211180124223602
0 0.8112141992739008 0.4213721061547149 0.012101653892698669 0.007058159232072276
0 0.8221056877773296 0.4212309429700734 0.008067769261799113 0.00846979107848673
0 0.8271480435659541 0.4178430265386787 0.002016942315449778 0.001129305477131564
0 0.1555062525211779 0.467673630717109 0.01008471157724889 0.013269339356295878
0 0.16821298910851148 0.47134387351778656 0.010488100040338847 0.006493506493506494
0 0.19685356998789835 0.4712027103331451 0.04033884630899556 0.007340485601355167
0 0.22952803549818476 0.4741671372106155 0.015328761597418314 0.016092603049124788
0 0.2446551028640581 0.4699322416713721 0.00927793465106898 0.005364201016374929
0 0.254739814441307 0.46485036702428006 0.00927793465106898 0.014963297571993224
0 0.2702702702702703 0.47247317899491814 0.01936264622831787 0.026256352343308864
0 0.3483259378781767 0.46569734613212876 0.0326744655102864 0.017786561264822136
0 0.4213392496974587 0.4678147939017504 0.0463896732553449 0.01355166572557877
0 0.49616780960064544 0.4688029361942405 0.01371520774505849 0.011575381140598532
0 0.5155304558289633 0.46950875211744775 0.016942315449778138 0.00846979107848673
0 0.5298507462686567 0.4709203839638622 0.007664380798709157 0.005081874647092038
0 0.5536506655909641 0.4733201581027668 0.04154901169826543 0.029644268774703556
0 0.6250504235578862 0.46809712027103334 0.020572811617587738 0.014680971202710334
0 0.6732553448971359 0.46725014116318464 0.026623638563937072 0.014680971202710334
0 0.6901976603469141 0.47134387351778656 0.009681323114158934 0.011575381140598532
0 0.7347720855183542 0.4720496894409938 0.018959257765227916 0.007340485601355167
0 0.7525211778943123 0.4673913043478261 0.01008471157724889 0.01383399209486166
0 0.7605889471561114 0.4637210615471485 0.002016942315449778 0.005364201016374929
0 0.7765227914481646 0.4704968944099379 0.029043969342476807 0.007622811970638058
0 0.800121016538927 0.47374364765669114 0.003630496167809601 0.0016939582156973462
