0 0.15227914481645824 0.20835686053077357 0.0052440500201694235 0.021456804065499716
0 0.1591367486889875 0.21485036702428006 0.00927793465106898 0.007905138339920948
0 0.19766034691407824 0.21329757199322416 0.029043969342476807 0.031338226990400904
0 0.21782977006857604 0.2137210615471485 0.01371520774505849 0.009599096555618294
0 0.23315853166599435 0.20976849237718803 0.011294876966518758 0.020892151326933936
0 0.2626058894715611 0.21456804065499718 0.011294876966518758 0.009034443817052512
0 0.27228721258572003 0.21823828345567475 0.012101653892698669 0.031055900621118012
0 0.3043565954013715 0.2127329192546584 0.0318676885841065 0.0189158667419537
0 0.3509479628882614 0.22162619988706944 0.016942315449778138 0.019762845849802372
0 0.37373941105284386 0.21640316205533597 0.0326744655102864 0.009881422924901186
0 0.417910447761194 0.20934500282326368 0.016942315449778138 0.020609824957651044
0 0.4308188785800726 0.21583850931677018 0.005647438483259379 0.007058159232072276
0 0.45865268253327957 0.21668548842461885 0.03146430012101654 0.03303218520609825
0 0.47781363453005243 0.21583850931677018 0.0060508269463493344 0.007622811970638058
0 0.48769665187575634 0.21103896103896103 0.008874546187979023 0.018351214003387916
0 0.5205728116175877 0.21583850931677018 0.01734570391286809 0.008752117447769622
0 0.5328761597418313 0.21230942970073405 0.004033884630899556 0.010163749294184076
0 0.5433642597821702 0.21470920383963862 0.017749092375958047 0.029079616036137776
0 0.5673658733360226 0.2121682665160926 0.010891488503428802 0.013269339356295878
0 0.5649455425574829 0.20228684359119142 0.0028237192416296895 0.005364201016374929
0 0.6058894715611134 0.20878035008469792 0.016942315449778138 0.022303783173348392
0 0.6248487293263413 0.21640316205533597 0.01936264622831787 0.008752117447769622
0 0.6409842678499394 0.2124505928853755 0.008067769261799113 0.01948051948051948
0 0.6603469140782574 0.2106154714850367 0.02581686163775716 0.01637492941840768
0 0.6869705526421944 0.21541501976284586 0.009681323114158934 0.0016939582156973462
0 0.6990722065348931 0.21795595708639187 0.003227107704719645 0.005081874647092038
0 0.7057281161758774 0.2134387351778656 0.013311819281968536 0.014116318464144552
0 0.7222670431625655 0.2155561829474873 0.0060508269463493344 0.001976284584980237
0 0.7398144413069786 0.21146245059288538 0.020976200080677694 0.020892151326933936
0 0.7466720451795079 0.21781479390175043 0.011294876966518758 0.007622811970638058
0 0.7630092779346511 0.21894409937888198 0.01573215006050827 0.008752117447769622
0 0.7841871722468737 0.22473178994918125 0.004840661557079467 0.006775832862789385
0 0.8067769261799113 0.21230942970073405 0.011294876966518758 0.017504234895539244
0 0.8235175473981444 0.2127329192546584 0.018959257765227916 0.017786561264822136
0 0.15772488906817264 0.2605872388481084 0.02016942315449778 0.0220214568040655
0 0.1680112948769665 0.2672219085262564 0.003630496167809601 0.00818746470920384
0 0.1772892295280355 0.2704686617730096 0.013311819281968536 0.01637492941840768
0 0.1946349334409036 0.26044607566346695 0.01734570391286809 0.01948051948051948
0 0.21198063735377168 0.2670807453416149 0.014118596208148447 0.005081874647092038
0 0.2265026220250101 0.268068887634105 0.014118596208148447 0.005928853754940711
0 0.24243646631706334 0.2605872388481084 0.014521984671238403 0.018633540372670808
0 0.2529245663574022 0.2673630717108978 0.007260992335619202 0.007905138339920948
0 0.26401774909237596 0.26044607566346695 0.01008471157724889 0.017786561264822136
0 0.29588543767648245 0.2593167701863354 0.00927793465106898 0.01948051948051948
0 0.3110125050423558 0.2651044607566347 0.011294876966518758 0.007340485601355167
0 0.33118192819685355 0.26143421795595706 0.020976200080677694 0.018068887634105024
0 0.3656716417910448 0.2577639751552795 0.014118596208148447 0.019762845849802372
0 0.3783783783783784 0.26566911349520045 0.020976200080677694 0.009034443817052512
0 0.39975796692214605 0.2651044607566347 0.009681323114158934 0.00846979107848673
0 0.41609519967728925 0.26679841897233203 0.02218636546994756 0.010163749294184076
0 0.4421137555465914 0.2662337662337662 0.026623638563937072 0.02710333145115754
0 0.463896732553449 0.27526821005081875 0.004033884630899556 0.007905138339920948
0 0.4919322307382009 0.2605872388481084 0.012505042355788625 0.021456804065499716
0 0.5050423557886244 0.2686335403726708 0.011294876966518758 0.005928853754940711
0 0.5211778943122227 0.26157538114059853 0.01855586930213796 0.01948051948051948
0 0.5534489713594192 0.2672219085262564 0.017749092375958047 0.009316770186335404
0 0.5713997579669221 0.2658102766798419 0.013311819281968536 0.01101072840203275
0 0.5796692214602662 0.25734048560135514 0.0024203307785397336 0.0036702428006775835
0 0.6032674465510286 0.2583286278938453 0.0318676885841065 0.025974025974025976
0 0.6502622025010085 0.25945793337097683 0.020976200080677694 0.023150762281197064
0 0.6843485276321097 0.26665725578769056 0.01008471157724889 0.007058159232072276
0 0.700282371924163 0.2627046866177301 0.020976200080677694 0.020609824957651044
0 0.7133924969745865 0.26792772444946356 0.01008471157724889 0.00846979107848673
0 0.7212585720048407 0.26792772444946356 0.004840661557079467 0.00846979107848673
0 0.727914481645825 0.2683512140033879 0.006857603872529245 0.008752117447769622
0 0.7392093586123437 0.2673630717108978 0.010891488503428802 0.00846979107848673
0 0.7765227914481646 0.26242236024844723 0.03065752319483663 0.023433088650479956
0 0.8065752319483662 0.2683512140033879 0.02944735780556676 0.029644268774703556
0 0.8327954820492134 0.26792772444946356 0.019766034691407825 0.00846979107848673
0 0.8497377974989915 0.2723037831733484 0.018152480839048003 0.017221908526256352
0 0.8493344090359016 0.2662337662337662 0.0052440500201694235 0.006211180124223602
0 0.16115369100443727 0.31197063805759456 0.019766034691407825 0.020327498588368152
0 0.19019766034691407 0.32382834556747603 0.019766034691407825 0.025974025974025976
0 0.20794675272287214 0.3178994918125353 0.01008471157724889 0.007905138339920948
0 0.21863654699475596 0.31804065499717676 0.010488100040338847 0.007622811970638058
0 0.2498991528842275 0.31070016939582157 0.006857603872529245 0.017786561264822136
0 0.26321097216619604 0.31098249576510445 0.018959257765227916 0.020045172219085264
0 0.2966922146026624 0.3169113495200452 0.011698265429608713 0.008752117447769622
0 0.3085921742638161 0.3235460191981931 0.017749092375958047 0.018633540372670808
0 0.32331585316659944 0.3167701863354037 0.010891488503428802 0.007340485601355167
0 0.33662767244856795 0.31084133258046304 0.01573215006050827 0.020892151326933936
0 0.35599031867688585 0.3188876341050254 0.01734570391286809 0.007058159232072276
0 0.3918918918918919 0.3177583286278938 0.014118596208148447 0.009316770186335404
0 0.4308188785800726 0.3091473743647657 0.024203307785397338 0.0220214568040655
0 0.4584509883017346 0.31084133258046304 0.027833803953206938 0.021456804065499716
0 0.47983057684550223 0.3234048560135517 0.004437273093989512 0.007622811970638058
0 0.5060508269463493 0.3156408808582722 0.012505042355788625 0.009599096555618294
0 0.5260185558693021 0.3129587803500847 0.024203307785397338 0.018351214003387916
0 0.554255748285599 0.32298136645962733 0.04759983864461476 0.031055900621118012
0 0.5348931020572811 0.3085827216261999 0.0024203307785397336 0.00282326369282891
0 0.608309802339653 0.3123941276115189 0.011294876966518758 0.01948051948051948
0 0.6206131504638968 0.3125352907961604 0.013311819281968536 0.019198193111236588
0 0.6311012505042356 0.31945228684359117 0.008471157724889069 0.004799548277809147
0 0.6430012101653892 0.3138057594579334 0.008874546187979023 0.016657255787690572
0 0.6653892698668818 0.31592320722755507 0.0052440500201694235 0.010163749294184076
0 0.6760790641387656 0.3126764539808018 0.010488100040338847 0.017786561264822136
0 0.7061315046389673 0.31733483907396953 0.01653892698668818 0.00846979107848673
0 0.7210568777732956 0.31832298136645965 0.00927793465106898 0.005928853754940711
0 0.7303348124243647 0.3169113495200452 0.007664380798709157 0.007058159232072276
0 0.7656313029447358 0.30872388481084134 0.023396530859217425 0.023433088650479956
0 0.7934651068979427 0.3125352907961604 0.022589753933037516 0.012422360248447204
0 0.808592174263816 0.3222755505364201 0.014118596208148447 0.020609824957651044
0 0.16317063331988704 0.36589497459062675 0.024606696248487294 0.014116318464144552
0 0.18132311415893507 0.3620835686053077 0.008471157724889069 0.021174477696216828
0 0.1918112141992739 0.3622247317899492 0.012505042355788625 0.020327498588368152
0 0.20613150463896732 0.36900056465273856 0.009681323114158934 0.007340485601355167
0 0.2172246873739411 0.36928289102202144 0.013311819281968536 0.007340485601355167
0 0.24263816054860832 0.36250705815923207 0.03428801936264623 0.0220214568040655
0 0.2876159741831384 0.36928289102202144 0.016135538523598225 0.010163749294184076
0 0.299717628075837 0.36716544325239975 0.003227107704719645 0.009881422924901186
0 0.3055667607906414 0.3575663466967815 0.0028237192416296895 0.001976284584980237
0 0.3118192819685357 0.36264822134387353 0.012101653892698669 0.020609824957651044
0 0.32129891085114964 0.3613777526821005 0.01008471157724889 0.019762845849802372
0 0.3578055667607906 0.36702428006775834 0.015328761597418314 0.01129305477131564
0 0.37252924566357404 0.3675889328063241 0.011698265429608713 0.009599096555618294
0 0.39572408229124645 0.3620835686053077 0.028237192416296894 0.020609824957651044
0 0.42617991125453814 0.367871259175607 0.02379991932230738 0.009599096555618294
0 0.4550221863654699 0.36391869000564653 0.033884630899556276 0.01637492941840768
0 0.48083904800322713 0.367871259175607 0.012101653892698669 0.00846979107848673
0 0.4953610326744655 0.367871259175607 0.01290843081887858 0.010163749294184076
0 0.5046389673255345 0.3728119706380576 0.01936264622831787 0.0189158667419537
0 0.5425574828559904 0.3674477696216827 0.008874546187979023 0.008752117447769622
0 0.5613150463896732 0.36829474872953133 0.021379588543767647 0.007622811970638058
0 0.5786607503025414 0.3681535855448899 0.01008471157724889 0.006775832862789385
0 0.5903590157321501 0.36801242236024845 0.007664380798709157 0.007058159232072276
0 0.5990318676885841 0.36914172783738003 0.008067769261799113 0.007622811970638058
0 0.608309802339653 0.3694240542066629 0.007260992335619202 0.007622811970638058
0 0.6357402178297701 0.3687182382834557 0.017749092375958047 0.01129305477131564
0 0.6296893908834207 0.3709768492377188 0.004033884630899556 0.00564652738565782
0 0.6746672045179508 0.3567193675889328 0.033481242436466316 0.007622811970638058
0 0.6916095199677289 0.3642010163749294 0.05445744251714401 0.014116318464144552
0 0.7325534489713594 0.36716544325239975 0.022589753933037516 0.01101072840203275
0 0.7749092375958048 0.36688311688311687 0.026623638563937072 0.009881422924901186
0 0.7972972972972973 0.36363636363636365 0.01653892698668818 0.015810276679841896
0 0.8255344897135942 0.36236589497459065 0.010891488503428802 0.0189158667419537
0 0.8376361436062929 0.36250705815923207 0.018959257765227916 0.017504234895539244
0 0.8559903186768858 0.3759175607001694 0.02501008471157725 0.021739130434782608
0 0.8537716821298911 0.3629305477131564 0.00927793465106898 0.0189158667419537
0 0.8598225090762405 0.366600790513834 0.003630496167809601 0.005364201016374929
0 0.8759580475998386 0.37577639751552794 0.007664380798709157 0.009034443817052512
0 0.15732150060508268 0.4148785996612084 0.01371520774505849 0.009316770186335404
0 0.17123840258168616 0.41671372106154714 0.008471157724889069 0.004517221908526256
0 0.1853569987898346 0.4116318464144551 0.018959257765227916 0.020892151326933936
0 0.21863654699475596 0.4116318464144551 0.010488100040338847 0.019198193111236588
0 0.23275514320290439 0.41332580463015245 0.01855586930213796 0.019762845849802372
0 0.24788221056877774 0.4124788255223038 0.0060508269463493344 0.019762845849802372
0 0.27773295683743443 0.40923207227555053 0.011698265429608713 0.020045172219085264
0 0.290843081887858 0.41643139469226426 0.010488100040338847 0.009034443817052512
0 0.33743444937474787 0.410643704121965 0.0391286809197257 0.020609824957651044
0 0.3761597418313836 0.41219649915302087 0.031060911657926585 0.020327498588368152
0 0.39229528035498185 0.4158667419536985 0.013311819281968536 0.028232636928289104
0 0.43061718434852764 0.41699604743083 0.020572811617587738 0.011857707509881422
0 0.4465510286405809 0.4178430265386787 0.011294876966518758 0.007340485601355167
0 0.45764421137555467 0.41699604743083 0.0060508269463493344 0.009599096555618294
0 0.49213392496974584 0.4124788255223038 0.02501008471157725 0.021456804065499716
0 0.5139169019766034 0.4160079051383399 0.01855586930213796 0.01383399209486166
0 0.527027027027027 0.4253246753246753 0.00927793465106898 0.01948051948051948
0 0.5635336829366681 0.4113495200451722 0.01855586930213796 0.024280067758328628
0 0.5845098830173457 0.41883116883116883 0.020976200080677694 0.009316770186335404
0 0.6036708350141186 0.41431394692264256 0.013311819281968536 0.020609824957651044
0 0.6198063735377168 0.4160079051383399 0.018152480839048003 0.017221908526256352
0 0.6290843081887858 0.4059853190287973 0.0028237192416296895 0.002258610954263128
0 0.6520774505849133 0.4199604743083004 0.014118596208148447 0.00818746470920384
0 0.6663977410246067 0.4212309429700734 0.010488100040338847 0.005081874647092038
0 0.6883824122630092 0.4155844155844156 0.0318676885841065 0.018068887634105024
0 0.7301331181928197 0.41869000564652736 0.01290843081887858 0.007340485601355167
0 0.7658329971762807 0.41360813099943533 0.025413473174667203 0.018068887634105024
0 0.7759177087535296 0.41981931112365894 0.008471157724889069 0.007905138339920948
0 0.7853973376361436 0.4205251270468662 0.010488100040338847 0.007058159232072276
0 0.7972972972972973 0.4129023150762281 0.010891488503428802 0.0189158667419537
0 0.8150463896732554 0.4192546583850932 0.024606696248487294 0.007905138339920948
0 0.15893505445744252 0.4678147939017504 0.01936264622831787 0.015810276679841896
0 0.1789027833803953 0.46301524562394125 0.013311819281968536 0.018633540372670808
0 0.19241629689390882 0.46922642574816487 0.009681323114158934 0.010163749294184076
0 0.2382008874546188 0.4634387351778656 0.03993545784590561 0.020609824957651044
0 0.2866075030254135 0.4707792207792208 0.010891488503428802 0.009881422924901186
0 0.3053650665590964 0.4623094297007341 0.016942315449778138 0.022868435911914172
0 0.3249294070189593 0.4655561829474873 0.019766034691407825 0.018633540372670808
0 0.33985478015328763 0.4712027103331451 0.00927793465106898 0.006775832862789385
0 0.35397337636143605 0.4662619988706945 0.018152480839048003 0.01948051948051948
0 0.39229528035498185 0.4704968944099379 0.014118596208148447 0.009316770186335404
0 0.4060104881000403 0.4709203839638622 0.00927793465106898 0.004517221908526256
0 0.427390076643808 0.4654150197628458 0.030254134731746672 0.018351214003387916
0 0.4649052037111739 0.46809712027103334 0.0052440500201694235 0.009599096555618294
0 0.4759983864461476 0.46485036702428006 0.00645421540943929 0.014963297571993224
0 0.48305768455022186 0.46922642574816487 0.007664380798709157 0.006775832862789385
0 0.5219846712384025 0.4696499153020892 0.022589753933037516 0.028514963297571992
0 0.5399354578459056 0.4697910784867307 0.012505042355788625 0.00846979107848673
0 0.5532472771278741 0.4699322416713721 0.011698265429608713 0.004234895539243365
0 0.5772488906817265 0.4662619988706945 0.03469140782573618 0.017786561264822136
0 0.6125453812020977 0.4767080745341615 0.0052440500201694235 0.008752117447769622
0 0.636345300524405 0.4647092038396386 0.013311819281968536 0.021456804065499716
0 0.6502622025010085 0.4644268774703557 0.023396530859217425 0.020327498588368152
0 0.691407825736184 0.46908526256352345 0.014521984671238403 0.010446075663466968
0 0.7109721661960468 0.47684923771880294 0.022993142396127472 0.0220214568040655
0 0.7321500605082695 0.4645680406549972 0.016942315449778138 0.017221908526256352
0 0.7700685760387252 0.46485036702428006 0.023396530859217425 0.016657255787690572
0 0.7668414683340057 0.46414455110107283 0.003227107704719645 0.009034443817052512
0 0.7853973376361436 0.4686617730095991 0.009681323114158934 0.009599096555618294
0 0.7920532472771279 0.4717673630717109 0.0028237192416296895 0.00282326369282891
0 0.8198870512303348 0.46357989836250707 0.019766034691407825 0.018633540372670808
0 0.8317870108914885 0.4704968944099379 0.011294876966518758 0.00818746470920384
0 0.8620411456232352 0.4655561829474873 0.04679306171843485 0.019762845849802372
0 0.1653892698668818 0.5095990965556183 0.009681323114158934 0.018068887634105024
0 0.1772892295280355 0.5124223602484472 0.01573215006050827 0.0220214568040655
0 0.19120613150463897 0.512987012987013 0.008067769261799113 0.019762845849802372
0 0.2101653892698669 0.5199040090344438 0.02016942315449778 0.00818746470920384
0 0.23961274707543365 0.5197628458498024 0.03146430012101654 0.01129305477131564
0 0.26663977410246065 0.5220214568040655 0.02016942315449778 0.007340485601355167
0 0.2880193626462283 0.5231507622811971 0.003227107704719645 0.00282326369282891
