0 0.14421137555465913 0.22233201581027667 0.01653892698668818 0.017221908526256352
0 0.18495361032674465 0.23037831733483907 0.011698265429608713 0.01355166572557877
0 0.1972569584509883 0.22473178994918125 0.004840661557079467 0.015245623941276116
0 0.20330778539733763 0.22755505364201017 0.008067769261799113 0.007340485601355167
0 0.21359419120613152 0.2264257481648786 0.00927793465106898 0.006775832862789385
0 0.22710770471964503 0.2267080745341615 0.012101653892698669 0.00846979107848673
0 0.2400161355385236 0.2267080745341615 0.010488100040338847 0.007905138339920948
0 0.25131101250504234 0.22684923771880294 0.010488100040338847 0.006493506493506494
0 0.2607906413876563 0.22430830039525693 0.0060508269463493344 0.011575381140598532
0 0.2946752722872126 0.22289666854884246 0.0052440500201694235 0.012704686617730096
0 0.30032271077047196 0.22586109542631283 0.0052440500201694235 0.006211180124223602
0 0.3065752319483663 0.21753246753246752 0.005647438483259379 0.004234895539243365
0 0.3126260588947156 0.22346132128740825 0.009681323114158934 0.01383399209486166
0 0.32230738200887454 0.22727272727272727 0.010488100040338847 0.006775832862789385
0 0.3688987494957644 0.2230378317334839 0.021379588543767647 0.015810276679841896
0 0.38463089955627267 0.2264257481648786 0.010891488503428802 0.006775832862789385
0 0.3971359419120613 0.2274138904573687 0.013311819281968536 0.021174477696216828
0 0.4219443323920936 0.22727272727272727 0.004840661557079467 0.005081874647092038
0 0.4237595804759984 0.2183794466403162 0.006857603872529245 0.009316770186335404
0 0.4312222670431626 0.23037831733483907 0.004033884630899556 0.0016939582156973462
0 0.43848325937878174 0.23094297007340486 0.003227107704719645 0.0016939582156973462
0 0.44796288826139574 0.2305194805194805 0.0028237192416296895 0.002540937323546019
0 0.4802339653085922 0.22402597402597402 0.0052440500201694235 0.014398644833427442
0 0.4870915691811214 0.22317899491812535 0.008471157724889069 0.01383399209486166
0 0.5201694231544978 0.22571993224167136 0.011698265429608713 0.008752117447769622
0 0.5312626058894716 0.2274138904573687 0.012101653892698669 0.007622811970638058
0 0.5697862041145624 0.22233201581027667 0.010891488503428802 0.016657255787690572
0 0.581081081081081 0.22713156408808582 0.007664380798709157 0.006493506493506494
0 0.5945945945945946 0.23207227555053642 0.01371520774505849 0.012987012987012988
0 0.609116579265833 0.23122529644268774 0.016135538523598225 0.01355166572557877
0 0.6286809197256958 0.2279785431959345 0.020572811617587738 0.007622811970638058
0 0.6462283178701089 0.22811970638057594 0.014521984671238403 0.007340485601355167
0 0.6883824122630092 0.22233201581027667 0.012505042355788625 0.016092603049124788
0 0.700080677692618 0.22374364765669114 0.00927793465106898 0.014398644833427442
0 0.709560306575232 0.2274138904573687 0.008874546187979023 0.005928853754940711
0 0.7220653489310206 0.22275550536420102 0.00645421540943929 0.015245623941276116
0 0.7573618394513917 0.22346132128740825 0.0060508269463493344 0.014963297571993224
0 0.7886244453408633 0.22402597402597402 0.012101653892698669 0.016092603049124788
0 0.8009277934651069 0.2289666854884246 0.008471157724889069 0.006211180124223602
0 0.8116175877369908 0.22811970638057594 0.010488100040338847 0.00564652738565782
0 0.8237192416296893 0.2279785431959345 0.009681323114158934 0.007058159232072276
0 0.1444130697862041 0.2748447204968944 0.02016942315449778 0.010446075663466968
0 0.19402985074626866 0.27300959909655564 0.00645421540943929 0.015810276679841896
0 0.1990722065348931 0.2737154150197628 0.00927793465106898 0.015527950310559006
0 0.20935861234368697 0.27738565782044045 0.009681323114158934 0.006493506493506494
0 0.21964501815248083 0.2737154150197628 0.0052440500201694235 0.014398644833427442
0 0.2236789027833804 0.2769621682665161 0.004437273093989512 0.006775832862789385
0 0.23215006050826947 0.27780914737436474 0.010891488503428802 0.00846979107848673
0 0.23053650665590963 0.26877470355731226 0.0052440500201694235 0.004517221908526256
0 0.24526018555869303 0.277244494635799 0.011294876966518758 0.00564652738565782
0 0.2876159741831384 0.27738565782044045 0.015328761597418314 0.01101072840203275
0 0.3027430415490117 0.27498588368153587 0.010891488503428802 0.015245623941276116
0 0.31343283582089554 0.2792207792207792 0.008067769261799113 0.007905138339920948
0 0.3501411859620815 0.2779503105590062 0.003227107704719645 0.006493506493506494
0 0.3590157321500605 0.27710333145115756 0.014521984671238403 0.007622811970638058
0 0.3557886244453409 0.2707509881422925 0.004840661557079467 0.005081874647092038
0 0.4045986284792255 0.28147939017504237 0.03146430012101654 0.015810276679841896
0 0.43142396127470756 0.2745623941276115 0.011698265429608713 0.013269339356295878
0 0.4441306978620411 0.27837380011293056 0.008874546187979023 0.00564652738565782
0 0.4572408229124647 0.28204404291360813 0.012505042355788625 0.012987012987012988
0 0.46994755949979833 0.2776679841897233 0.011294876966518758 0.006493506493506494
0 0.5060508269463493 0.2732919254658385 0.007664380798709157 0.014116318464144552
0 0.5161355385235982 0.27399774138904576 0.010891488503428802 0.012140033879164314
0 0.5308592174263816 0.27639751552795033 0.012101653892698669 0.006775832862789385
0 0.572609923356192 0.2735742518351214 0.024606696248487294 0.014116318464144552
0 0.5895522388059702 0.2782326369282891 0.010891488503428802 0.00818746470920384
0 0.5996369503832191 0.2748447204968944 0.00927793465106898 0.01101072840203275
0 0.6427995159338443 0.2724449463579898 0.01734570391286809 0.014116318464144552
0 0.6512706736587334 0.27710333145115756 0.01008471157724889 0.006493506493506494
0 0.6663977410246067 0.2745623941276115 0.01290843081887858 0.01383399209486166
0 0.6778943122226704 0.27442123094297005 0.006857603872529245 0.014116318464144552
0 0.7172246873739411 0.27399774138904576 0.02743041549011698 0.016092603049124788
0 0.7704719645018152 0.27555053642010163 0.023396530859217425 0.014680971202710334
0 0.790439693424768 0.27865612648221344 0.010891488503428802 0.007905138339920948
0 0.8031464300121016 0.2782326369282891 0.01290843081887858 0.006493506493506494
0 0.8176684146833401 0.27526821005081875 0.009681323114158934 0.011857707509881422
0 0.8287615974183138 0.27752682100508186 0.01008471157724889 0.005081874647092038
0 0.8390480032271077 0.2776679841897233 0.008874546187979023 0.007058159232072276
0 0.14017749092375958 0.3265104460756635 0.01008471157724889 0.014963297571993224
0 0.15732150060508268 0.3269339356295878 0.021782977006857603 0.014680971202710334
0 0.1744655102864058 0.32622811970638055 0.007664380798709157 0.012140033879164314
0 0.21682129891085114 0.32919254658385094 0.038321903993545785 0.010163749294184076
0 0.2672448567970956 0.32806324110671936 0.01573215006050827 0.007905138339920948
0 0.28075837031060913 0.3294748729531338 0.011294876966518758 0.007340485601355167
0 0.2934651068979427 0.3286278938452851 0.013311819281968536 0.007340485601355167
0 0.29689390883420735 0.3315923207227555 0.0024203307785397336 0.003105590062111801
0 0.33864461476401775 0.3241106719367589 0.038321903993545785 0.01693958215697346
0 0.38422751109318276 0.32298136645962733 0.011698265429608713 0.014680971202710334
0 0.39552238805970147 0.3269339356295878 0.00927793465106898 0.006775832862789385
0 0.43303751512706734 0.3243929983060418 0.014925373134328358 0.015245623941276116
0 0.44493747478822104 0.32792207792207795 0.008067769261799113 0.005928853754940711
0 0.4580475998386446 0.3277809147374365 0.011698265429608713 0.006775832862789385
0 0.490923759580476 0.326369282891022 0.011294876966518758 0.010728402032749858
0 0.5026220250100847 0.3286278938452851 0.007260992335619202 0.006211180124223602
0 0.5135135135135135 0.32608695652173914 0.005647438483259379 0.014116318464144552
0 0.5439693424768052 0.3296160361377753 0.010891488503428802 0.007622811970638058
0 0.5552642194433239 0.32933370976849236 0.01008471157724889 0.007622811970638058
0 0.5665590964098427 0.3272162619988707 0.00927793465106898 0.006775832862789385
0 0.6042759177087536 0.3269339356295878 0.01371520774505849 0.00846979107848673
0 0.6145623235175474 0.3284867306606437 0.007664380798709157 0.007058159232072276
0 0.627269060104881 0.32806324110671936 0.012101653892698669 0.005081874647092038
0 0.6434045986284792 0.325098814229249 0.017749092375958047 0.01383399209486166
0 0.6712384025816862 0.3286278938452851 0.009681323114158934 0.007905138339920948
0 0.6837434449374747 0.3246753246753247 0.008874546187979023 0.014116318464144552
0 0.72650262202501 0.326369282891022 0.02501008471157725 0.014116318464144552
0 0.7416296893908835 0.33483907396950874 0.013311819281968536 0.017504234895539244
0 0.7531262605889472 0.3269339356295878 0.004840661557079467 0.011857707509881422
0 0.7573618394513917 0.3296160361377753 0.004437273093989512 0.006493506493506494
0 0.763210972166196 0.32269904009034445 0.004840661557079467 0.003952569169960474
0 0.7694634933440904 0.33018068887634106 0.011698265429608713 0.00818746470920384
0 0.781363453005244 0.32523997741389044 0.008874546187979023 0.014116318464144552
0 0.7896329164985881 0.33145115753811405 0.003630496167809601 0.002258610954263128
0 0.8045582896329165 0.3210050818746471 0.004437273093989512 0.010163749294184076
0 0.14320290439693426 0.3738001129305477 0.020976200080677694 0.015245623941276116
0 0.1581282775312626 0.3752117447769622 0.009681323114158934 0.014116318464144552
0 0.16680112948769665 0.379587803500847 0.004437273093989512 0.006493506493506494
0 0.17244856797095603 0.37210615471485037 0.004437273093989512 0.003952569169960474
0 0.1791044776119403 0.37662337662337664 0.004840661557079467 0.012987012987012988
0 0.18757563533682936 0.37789384528514963 0.010488100040338847 0.007058159232072276
0 0.22226704316256554 0.37549407114624506 0.010488100040338847 0.012987012987012988
0 0.2335619201290843 0.3771880293619424 0.009681323114158934 0.006775832862789385
0 0.2698668818071803 0.3746470920383964 0.015328761597418314 0.009034443817052512
0 0.2823719241629689 0.3753529079616036 0.010488100040338847 0.006493506493506494
0 0.2962888261395724 0.37549407114624506 0.012505042355788625 0.007340485601355167
0 0.33521581282775315 0.3759175607001694 0.016135538523598225 0.009881422924901186
0 0.35135135135135137 0.37648221343873517 0.011294876966518758 0.005364201016374929
0 0.3592174263816055 0.3780350084697911 0.004437273093989512 0.007905138339920948
0 0.36506655909640984 0.3695652173913043 0.008874546187979023 0.003952569169960474
0 0.3743444937474788 0.37450592885375494 0.009681323114158934 0.014398644833427442
0 0.3826139572408229 0.37888198757763975 0.003630496167809601 0.007340485601355167
0 0.38866478418717226 0.3699887069452287 0.008471157724889069 0.004799548277809147
0 0.3918918918918919 0.3790231507622812 0.010891488503428802 0.008752117447769622
0 0.4005647438483259 0.38608130999435347 0.01371520774505849 0.018351214003387916
0 0.4441306978620411 0.37549407114624506 0.01936264622831787 0.01637492941840768
0 0.4582492940701896 0.37874082439299833 0.003227107704719645 0.007622811970638058
0 0.46208148446954417 0.37140033879164314 0.0060508269463493344 0.004799548277809147
0 0.46692214602662363 0.3780350084697911 0.011698265429608713 0.007340485601355167
0 0.5165389269866881 0.3739412761151892 0.03509479628882614 0.015527950310559006
0 0.5411456232351755 0.3774703557312253 0.018152480839048003 0.009599096555618294
0 0.5808793868495361 0.3759175607001694 0.010488100040338847 0.014398644833427442
0 0.5935861234368697 0.3780350084697911 0.00927793465106898 0.006775832862789385
0 0.6325131101250504 0.3759175607001694 0.022589753933037516 0.016657255787690572
0 0.6528842275110932 0.37972896668548844 0.01734570391286809 0.007905138339920948
0 0.6740621218233158 0.37676453980801805 0.017749092375958047 0.013269339356295878
0 0.7057281161758774 0.379587803500847 0.008471157724889069 0.007622811970638058
0 0.7178297700685761 0.37634105025409376 0.006857603872529245 0.014116318464144552
0 0.7569584509883017 0.37676453980801805 0.00927793465106898 0.014398644833427442
0 0.772488906817265 0.37648221343873517 0.020976200080677694 0.012140033879164314
0 0.827349737797499 0.3752117447769622 0.016942315449778138 0.01637492941840768
0 0.8420734167002824 0.37761151891586675 0.004437273093989512 0.012704686617730096
0 0.846107301331182 0.3784584980237154 0.0052440500201694235 0.012140033879164314
0 0.14340459862847924 0.42913608130999437 0.01008471157724889 0.009034443817052512
0 0.1555062525211779 0.42617165443252397 0.00927793465106898 0.014398644833427442
0 0.19564340459862847 0.427442123094297 0.02016942315449778 0.01637492941840768
0 0.21399757966922145 0.4311123658949746 0.010891488503428802 0.007340485601355167
0 0.25756353368293666 0.4264539808018069 0.014925373134328358 0.012704686617730096
0 0.2700685760387253 0.42730095990965555 0.007664380798709157 0.014398644833427442
0 0.2779346510689794 0.43054771315640883 0.004033884630899556 0.006211180124223602
0 0.28398547801532875 0.42320722755505363 0.009681323114158934 0.003952569169960474
0 0.28580072609923357 0.435347261434218 0.011698265429608713 0.015810276679841896
0 0.299717628075837 0.43040654997176736 0.009681323114158934 0.007622811970638058
0 0.3100040338846309 0.4367588932806324 0.003630496167809601 0.00564652738565782
0 0.3370310609116579 0.42970073404856013 0.00927793465106898 0.007905138339920948
0 0.3489310205728116 0.4302653867871259 0.008874546187979023 0.007340485601355167
0 0.3620411456232352 0.42871259175607 0.014118596208148447 0.011575381140598532
0 0.39774102460669625 0.4267363071710898 0.008874546187979023 0.01383399209486166
0 0.4072206534893102 0.4268774703557312 0.008471157724889069 0.014116318464144552
0 0.4191206131504639 0.4298418972332016 0.01371520774505849 0.007058159232072276
0 0.45118999596611536 0.4265951439864483 0.008471157724889069 0.01693958215697346
0 0.4683340056474385 0.4289949181253529 0.023396530859217425 0.008752117447769622
0 0.4870915691811214 0.43195934500282324 0.012505042355788625 0.012987012987012988
0 0.5018152480839048 0.4292772444946358 0.009681323114158934 0.007622811970638058
0 0.5215812827753126 0.429983060417843 0.02016942315449778 0.007905138339920948
0 0.5435659540137152 0.43506493506493504 0.019766034691407825 0.01637492941840768
0 0.5822912464703509 0.429983060417843 0.011698265429608713 0.006775832862789385
0 0.5982250907624042 0.4298418972332016 0.012101653892698669 0.005928853754940711
0 0.609116579265833 0.4302653867871259 0.012101653892698669 0.007340485601355167
0 0.6304961678096006 0.42970073404856013 0.02501008471157725 0.007905138339920948
0 0.6494554255748286 0.4339356295878035 0.010488100040338847 0.012422360248447204
0 0.664179104477612 0.4258893280632411 0.007664380798709157 0.013269339356295878
0 0.6740621218233158 0.4311123658949746 0.004033884630899556 0.006775832862789385
0 0.6807180314643001 0.4227837380011293 0.006857603872529245 0.004234895539243365
0 0.6857603872529245 0.4309712027103331 0.009681323114158934 0.005928853754940711
0 0.6978620411456232 0.4311123658949746 0.009681323114158934 0.006211180124223602
0 0.7311415893505446 0.43040654997176736 0.008471157724889069 0.005928853754940711
0 0.7420330778539733 0.4264539808018069 0.007664380798709157 0.01383399209486166
0 0.7839854780153288 0.4257481648785997 0.01008471157724889 0.012422360248447204
0 0.8009277934651069 0.42603049124788256 0.019766034691407825 0.014680971202710334
0 0.14501815248083905 0.4851778656126482 0.011698265429608713 0.01948051948051948
0 0.15873336022589754 0.48094297007340486 0.01008471157724889 0.007622811970638058
0 0.1754739814441307 0.48023715415019763 0.01371520774505849 0.007905138339920948
0 0.19503832190399353 0.4815076228119706 0.02702702702702703 0.008752117447769622
0 0.22771278741427994 0.48094297007340486 0.033481242436466316 0.008752117447769622
0 0.2507059298104074 0.4775550536420102 0.006857603872529245 0.012140033879164314
0 0.29709560306575233 0.481931112365895 0.02218636546994756 0.023715415019762844
0 0.3317870108914885 0.47699040090344436 0.00927793465106898 0.01383399209486166
0 0.3414683340056474 0.4772727272727273 0.00927793465106898 0.013269339356295878
0 0.35215812827753123 0.48023715415019763 0.011294876966518758 0.007340485601355167
0 0.3937071399757967 0.4754376058723885 0.033884630899556276 0.015810276679841896
0 0.4134731746672045 0.4754376058723885 0.004840661557079467 0.014116318464144552
0 0.41851553045582895 0.4786843591191417 0.006857603872529245 0.007058159232072276
0 0.4257765227914482 0.47882552230378317 0.010891488503428802 0.006775832862789385
0 0.4598628479225494 0.47811970638057594 0.010488100040338847 0.006493506493506494
0 0.4717628075837031 0.47501411631846413 0.008471157724889069 0.014398644833427442
0 0.5108914885034288 0.475296442687747 0.01653892698668818 0.015527950310559006
0 0.527027027027027 0.4774138904573687 0.01573215006050827 0.01355166572557877
0 0.5352964905203711 0.4775550536420102 0.005647438483259379 0.014398644833427442
0 0.5447761194029851 0.4798136645962733 0.0060508269463493344 0.008752117447769622
0 0.5508269463493344 0.4730378317334839 0.007664380798709157 0.004799548277809147
0 0.5572811617587737 0.47939017504234893 0.010891488503428802 0.006211180124223602
0 0.5701895925776522 0.4850367024280068 0.013311819281968536 0.017504234895539244
0 0.5843081887858007 0.47699040090344436 0.00927793465106898 0.014398644833427442
0 0.5982250907624042 0.4805194805194805 0.01855586930213796 0.007905138339920948
0 0.6113352158128278 0.48334274421230944 0.0028237192416296895 0.002258610954263128
