0 0.15389269866881808 0.21414455110107283 0.019766034691407825 0.016092603049124788
0 0.16135538523598225 0.2267080745341615 0.02581686163775716 0.02766798418972332
0 0.2063331988705123 0.21485036702428006 0.012505042355788625 0.015245623941276116
0 0.22468737394110527 0.21357989836250707 0.02501008471157725 0.015527950310559006
0 0.2755143202904397 0.21682665160926032 0.029043969342476807 0.009034443817052512
0 0.3021379588543768 0.21287408243929984 0.02581686163775716 0.018068887634105024
0 0.3354175070592981 0.21682665160926032 0.011698265429608713 0.009034443817052512
0 0.35034288019362647 0.2149915302089215 0.021379588543767647 0.020045172219085264
0 0.38886647841871724 0.21357989836250707 0.014521984671238403 0.014963297571993224
0 0.4062121823315853 0.2127329192546584 0.023396530859217425 0.014963297571993224
0 0.45421540943929006 0.2155561829474873 0.020976200080677694 0.010446075663466968
0 0.4715611133521581 0.21569734613212874 0.010488100040338847 0.00846979107848673
0 0.48527632109721663 0.21597967250141162 0.01290843081887858 0.007905138339920948
0 0.5034288019362646 0.21301524562394128 0.01936264622831787 0.016092603049124788
0 0.5151270673658733 0.2137210615471485 0.017749092375958047 0.015810276679841896
0 0.563937071399758 0.21160361377752682 0.022589753933037516 0.014963297571993224
0 0.600242033077854 0.2155561829474873 0.010488100040338847 0.010446075663466968
0 0.6157724889068172 0.2121682665160926 0.01573215006050827 0.016092603049124788
0 0.6331181928196854 0.2127329192546584 0.01653892698668818 0.016657255787690572
0 0.6311012505042356 0.20539243365330323 0.0028237192416296895 0.002540937323546019
0 0.6383622428398548 0.21230942970073405 0.013311819281968536 0.01355166572557877
0 0.6768858410649455 0.2111801242236025 0.02743041549011698 0.01637492941840768
0 0.7008874546187979 0.21132128740824394 0.01573215006050827 0.014963297571993224
0 0.7113755546591367 0.2220496894409938 0.022993142396127472 0.020045172219085264
0 0.7065348931020573 0.21527385657820441 0.007664380798709157 0.006493506493506494
0 0.7160145219846712 0.20652173913043478 0.0024203307785397336 0.001976284584980237
0 0.7337636143606293 0.21174477696216826 0.015328761597418314 0.015245623941276116
0 0.7519160951996773 0.2134387351778656 0.02016942315449778 0.015810276679841896
0 0.7795482049213392 0.21357989836250707 0.02864058087938685 0.016657255787690572
0 0.8140379185155304 0.2161208356860531 0.011294876966518758 0.01101072840203275
0 0.8225090762404196 0.20736871823828346 0.0024203307785397336 0.001976284584980237
0 0.8285599031867689 0.2155561829474873 0.012101653892698669 0.007622811970638058
0 0.1498588140379185 0.2648221343873518 0.022993142396127472 0.015245623941276116
0 0.1609519967728923 0.2676453980801807 0.010488100040338847 0.009599096555618294
0 0.1734570391286809 0.2717391304347826 0.02016942315449778 0.017221908526256352
0 0.1926179911254538 0.2652456239412761 0.012505042355788625 0.014398644833427442
0 0.19665187575635337 0.2682100508187465 0.011698265429608713 0.009034443817052512
0 0.21198063735377168 0.268068887634105 0.00927793465106898 0.009881422924901186
0 0.22186365469947558 0.2720214568040655 0.003227107704719645 0.002540937323546019
0 0.2678499394917305 0.264257481648786 0.021782977006857603 0.015810276679841896
0 0.2781363453005244 0.26693958215697344 0.010891488503428802 0.00818746470920384
0 0.3164582492940702 0.262987012987013 0.021379588543767647 0.017221908526256352
0 0.3372327551432029 0.2621400338791643 0.016942315449778138 0.017786561264822136
0 0.3501411859620815 0.2618577075098814 0.02501008471157725 0.017221908526256352
0 0.399959661153691 0.26355166572557875 0.01653892698668818 0.015527950310559006
0 0.41206131504638965 0.2628458498023715 0.014925373134328358 0.01693958215697346
0 0.41629689390883423 0.2663749294184077 0.010488100040338847 0.008752117447769622
0 0.4310205728116176 0.2670807453416149 0.014118596208148447 0.009599096555618294
0 0.44695441710367084 0.26750423489553926 0.010488100040338847 0.009316770186335404
0 0.46228317870108915 0.26693958215697344 0.016942315449778138 0.00818746470920384
0 0.491327148043566 0.27498588368153587 0.03791851553045583 0.026538678712591756
0 0.5359015732150061 0.2628458498023715 0.018152480839048003 0.017504234895539244
0 0.54538120209762 0.262987012987013 0.01371520774505849 0.014963297571993224
0 0.5594997983057685 0.2660926030491248 0.012101653892698669 0.007622811970638058
0 0.5778539733763615 0.26228119706380576 0.018152480839048003 0.017504234895539244
0 0.6143606292860024 0.26171654432524 0.02743041549011698 0.018633540372670808
0 0.6684146833400565 0.26651609260304915 0.026623638563937072 0.009599096555618294
0 0.6827349737797499 0.2738565782044043 0.022993142396127472 0.023150762281197064
0 0.7014925373134329 0.2648221343873518 0.010488100040338847 0.007340485601355167
0 0.7156111335215812 0.2725861095426313 0.03469140782573618 0.02456239412761152
0 0.7010891488503429 0.25691699604743085 0.0024203307785397336 0.002258610954263128
0 0.7486889874949576 0.26143421795595706 0.026623638563937072 0.018068887634105024
0 0.780960064542154 0.264257481648786 0.011294876966518758 0.010163749294184076
0 0.7938684953610327 0.2618577075098814 0.01371520774505849 0.014398644833427442
0 0.7892295280354982 0.25607001693958215 0.002016942315449778 0.002258610954263128
0 0.8204921339249698 0.2652456239412761 0.01371520774505849 0.009316770186335404
0 0.8336022589753933 0.265527950310559 0.010891488503428802 0.008752117447769622
0 0.16276724485679708 0.31846414455110106 0.04235578862444534 0.011857707509881422
0 0.2008874546187979 0.3142292490118577 0.03146430012101654 0.019198193111236588
0 0.2488906817265026 0.3177583286278938 0.01371520774505849 0.010446075663466968
0 0.25958047599838646 0.3186053077357425 0.008471157724889069 0.00818746470920384
0 0.2972972972972973 0.3145115753811406 0.024203307785397338 0.01637492941840768
0 0.31665994352561516 0.3191699604743083 0.010488100040338847 0.009881422924901186
0 0.3136345300524405 0.3091473743647657 0.0028237192416296895 0.002258610954263128
0 0.36244453408632515 0.3145115753811406 0.022993142396127472 0.017504234895539244
0 0.3795885437676482 0.31959345002823264 0.009681323114158934 0.00846979107848673
0 0.39653085921742637 0.313382269904009 0.015328761597418314 0.018068887634105024
0 0.40641387656313027 0.3142292490118577 0.014118596208148447 0.015245623941276116
0 0.41972569584509883 0.3147939017504235 0.014118596208148447 0.01637492941840768
0 0.45865268253327957 0.3222755505364201 0.023396530859217425 0.020045172219085264
0 0.4757966922146027 0.31634669678147936 0.007664380798709157 0.007622811970638058
0 0.4854780153287616 0.3170525127046866 0.010891488503428802 0.009599096555618294
0 0.508874546187979 0.3176171654432524 0.0318676885841065 0.01129305477131564
0 0.5354981847519161 0.3145115753811406 0.014118596208148447 0.01355166572557877
0 0.5312626058894716 0.308300395256917 0.0024203307785397336 0.002258610954263128
0 0.5486083098023397 0.31493506493506496 0.01855586930213796 0.015527950310559006
0 0.5744251714400969 0.3138057594579334 0.02743041549011698 0.0189158667419537
0 0.6171843485276322 0.3142292490118577 0.024203307785397338 0.015810276679841896
0 0.6440096813231142 0.31747600225861095 0.022993142396127472 0.009316770186335404
0 0.6345300524405002 0.3085827216261999 0.0024203307785397336 0.0016939582156973462
0 0.6831383622428399 0.313382269904009 0.014925373134328358 0.015245623941276116
0 0.6938281565147236 0.3160643704121965 0.008874546187979023 0.00818746470920384
0 0.7365873336022589 0.31535855448898925 0.03146430012101654 0.009599096555618294
0 0.754336425978217 0.32128740824393 0.02016942315449778 0.017504234895539244
0 0.7807583703106091 0.3255223037831734 0.03428801936264623 0.025974025974025976
0 0.77269060104881 0.3061829474872953 0.002016942315449778 0.001976284584980237
0 0.8491327148043566 0.3232636928289102 0.05405405405405406 0.024280067758328628
0 0.8874546187979023 0.31394692264257484 0.010488100040338847 0.002258610954263128
0 0.145623235175474 0.36377752682100506 0.016135538523598225 0.016657255787690572
0 0.1617587736990722 0.36462450592885376 0.020976200080677694 0.016092603049124788
0 0.18192819685356998 0.3697063805759458 0.01290843081887858 0.00818746470920384
0 0.17789431222267044 0.3589779785431959 0.0024203307785397336 0.001976284584980237
0 0.1899959661153691 0.37775268210050816 0.02501008471157725 0.0220214568040655
0 0.21137555465913674 0.37238848108413325 0.003227107704719645 0.002258610954263128
0 0.24384832593787817 0.35827216261998873 0.006857603872529245 0.00846979107848673
0 0.2615974183138362 0.3654714850367024 0.018959257765227916 0.016092603049124788
0 0.28136345300524407 0.36462450592885376 0.02944735780556676 0.016092603049124788
0 0.3259378781766841 0.3650479954827781 0.02016942315449778 0.01637492941840768
0 0.34328358208955223 0.3685770750988142 0.01290843081887858 0.008752117447769622
0 0.3574021782977007 0.3687182382834557 0.010488100040338847 0.007905138339920948
0 0.372730939895119 0.36589497459062675 0.016942315449778138 0.019198193111236588
0 0.38967325534489716 0.35940146809712026 0.007260992335619202 0.007340485601355167
0 0.39330375151270675 0.37676453980801805 0.010488100040338847 0.008752117447769622
0 0.44150867285195644 0.3642010163749294 0.024606696248487294 0.015810276679841896
0 0.48668818071803144 0.366600790513834 0.019766034691407825 0.011575381140598532
0 0.5022186365469947 0.36674195369847545 0.009681323114158934 0.00846979107848673
0 0.5123033481242436 0.36688311688311687 0.009681323114158934 0.007058159232072276
0 0.5346914078257362 0.36278938452851495 0.02944735780556676 0.021456804065499716
0 0.5560709963695039 0.3749294184076793 0.00927793465106898 0.00846979107848673
0 0.5933844292053247 0.3579898362507058 0.00645421540943929 0.00564652738565782
0 0.6022589753933038 0.36702428006775834 0.009681323114158934 0.01129305477131564
0 0.6121419927390077 0.36702428006775834 0.010891488503428802 0.009599096555618294
0 0.608309802339653 0.35926030491247885 0.0024203307785397336 0.001976284584980237
0 0.6555062525211779 0.36773009599096557 0.028237192416296894 0.009881422924901186
0 0.6750705929810408 0.36801242236024845 0.014925373134328358 0.009316770186335404
0 0.6851553045582897 0.36801242236024845 0.008471157724889069 0.009881422924901186
0 0.6938281565147236 0.3578486730660644 0.0024203307785397336 0.001976284584980237
0 0.700080677692618 0.3674477696216827 0.014925373134328358 0.01101072840203275
0 0.7103670835014119 0.36885940146809715 0.009681323114158934 0.010446075663466968
0 0.7309398951189996 0.3650479954827781 0.026623638563937072 0.020892151326933936
0 0.7420330778539733 0.37549407114624506 0.008471157724889069 0.00846979107848673
0 0.7755143202904397 0.36773009599096557 0.01734570391286809 0.009316770186335404
0 0.7989108511496571 0.36278938452851495 0.022993142396127472 0.015810276679841896
0 0.8192819685356999 0.36674195369847545 0.009681323114158934 0.007905138339920948
0 0.81807180314643 0.3564370412196499 0.0024203307785397336 0.001976284584980237
0 0.8382412263009278 0.3629305477131564 0.016135538523598225 0.016657255787690572
0 0.14078257361839452 0.41826651609260307 0.008874546187979023 0.010446075663466968
0 0.1498588140379185 0.4178430265386787 0.01008471157724889 0.010163749294184076
0 0.1498588140379185 0.40866741953698477 0.002016942315449778 0.001976284584980237
0 0.1855586930213796 0.4189723320158103 0.014521984671238403 0.010163749294184076
0 0.2156111335215813 0.4278656126482213 0.02702702702702703 0.03020892151326934
0 0.23477208551835418 0.4193958215697346 0.010488100040338847 0.009881422924901186
0 0.24707543364259782 0.4189723320158103 0.01008471157724889 0.010163749294184076
0 0.2601855586930214 0.41883116883116883 0.01290843081887858 0.008752117447769622
0 0.27934651068979427 0.4153020892151327 0.01734570391286809 0.01637492941840768
0 0.3138362242839855 0.41798418972332013 0.012101653892698669 0.008752117447769622
0 0.32412263009277936 0.41826651609260307 0.011698265429608713 0.009316770186335404
0 0.3380395320693828 0.4178430265386787 0.009681323114158934 0.010163749294184076
0 0.3471157724889068 0.41869000564652736 0.012505042355788625 0.009599096555618294
0 0.36264622831787013 0.4191134952004517 0.015328761597418314 0.008752117447769622
0 0.3781766841468334 0.41953698475437606 0.012505042355788625 0.00846979107848673
0 0.39653085921742637 0.41953698475437606 0.02581686163775716 0.009599096555618294
0 0.41770875352964904 0.4222190852625635 0.0028237192416296895 0.001976284584980237
0 0.4598628479225494 0.41332580463015245 0.016942315449778138 0.015810276679841896
0 0.46954417103670837 0.4165725578769057 0.009681323114158934 0.009881422924901186
0 0.48083904800322713 0.4171372106154715 0.010488100040338847 0.01101072840203275
0 0.4963695038321904 0.4178430265386787 0.014925373134328358 0.009599096555618294
0 0.5159338442920532 0.41770186335403725 0.015328761597418314 0.009316770186335404
0 0.526825332795482 0.4178430265386787 0.008067769261799113 0.009034443817052512
0 0.5413473174667205 0.41756070016939584 0.015328761597418314 0.010163749294184076
0 0.5391286809197257 0.4062676453980802 0.0028237192416296895 0.002258610954263128
0 0.5584913271480436 0.41741953698475437 0.010891488503428802 0.01101072840203275
0 0.6012505042355789 0.41671372106154714 0.012505042355788625 0.010163749294184076
0 0.6192012908430818 0.4168548842461886 0.02501008471157725 0.010446075663466968
0 0.6456232351754739 0.41671372106154714 0.022993142396127472 0.01129305477131564
0 0.6617587736990722 0.4178430265386787 0.01008471157724889 0.010728402032749858
0 0.6988705123033482 0.41219649915302087 0.01573215006050827 0.01693958215697346
0 0.708753529649052 0.41643139469226426 0.010488100040338847 0.007340485601355167
0 0.7412263009277935 0.41304347826086957 0.01734570391286809 0.015810276679841896
0 0.7579669221460267 0.41643139469226426 0.010488100040338847 0.010163749294184076
0 0.7968939088342073 0.4127611518915867 0.018959257765227916 0.015245623941276116
0 0.8172650262202501 0.4162902315076228 0.01290843081887858 0.00818746470920384
0 0.8128277531262605 0.4075381140598532 0.0024203307785397336 0.001976284584980237
0 0.8301734570391287 0.4162902315076228 0.012101653892698669 0.008752117447769622
0 0.8513513513513513 0.41219649915302087 0.02944735780556676 0.01693958215697346
0 0.8656716417910447 0.4225014116318464 0.014521984671238403 0.01101072840203275
0 0.8707139975796693 0.41332580463015245 0.0028237192416296895 0.002258610954263128
0 0.1581282775312626 0.46612083568605306 0.03227107704719645 0.015245623941276116
0 0.17567567567567569 0.4666854884246189 0.0028237192416296895 0.002258610954263128
0 0.20411456232351755 0.4668266516092603 0.024203307785397338 0.015527950310559006
0 0.23517547398144414 0.4697910784867307 0.008067769261799113 0.009034443817052512
0 0.2462686567164179 0.470214568040655 0.00927793465106898 0.009881422924901186
0 0.2436466317063332 0.4601919819311124 0.0024203307785397336 0.0016939582156973462
0 0.2771278741427995 0.47684923771880294 0.024203307785397338 0.025409373235460192
0 0.29810407422347723 0.46950875211744775 0.021782977006857603 0.009034443817052512
0 0.31464300121016536 0.45948616600790515 0.0024203307785397336 0.002540937323546019
0 0.32109721661960466 0.4697910784867307 0.014521984671238403 0.007340485601355167
0 0.32876159741831384 0.47882552230378317 0.028237192416296894 0.028797289666854884
0 0.36829366680112946 0.468944099378882 0.012101653892698669 0.00846979107848673
0 0.38241226300927794 0.4688029361942405 0.01371520774505849 0.006493506493506494
0 0.40137152077450583 0.4658385093167702 0.016942315449778138 0.01637492941840768
0 0.4281968535699879 0.46823828345567475 0.02702702702702703 0.023433088650479956
0 0.4376764824526019 0.46950875211744775 0.01290843081887858 0.009599096555618294
0 0.45340863251311014 0.4683794466403162 0.012101653892698669 0.009599096555618294
0 0.4683340056474385 0.4655561829474873 0.01855586930213796 0.017504234895539244
0 0.4824526018555869 0.4719085262563523 0.003227107704719645 0.002540937323546019
0 0.4927390076643808 0.47219085262563526 0.0052440500201694235 0.001976284584980237
0 0.5008067769261799 0.4719085262563523 0.003630496167809601 0.002540937323546019
0 0.5064542154094392 0.4717673630717109 0.0028237192416296895 0.002258610954263128
0 0.5526421944332393 0.46485036702428006 0.023396530859217425 0.016657255787690572
0 0.5709963695038321 0.4652738565782044 0.011698265429608713 0.015245623941276116
0 0.5861234368697055 0.46950875211744775 0.010488100040338847 0.007905138339920948
0 0.6085114965711981 0.46485036702428006 0.018152480839048003 0.016657255787690572
0 0.6448164582492941 0.4686617730095991 0.014118596208148447 0.009599096555618294
0 0.6740621218233158 0.4772727272727273 0.028237192416296894 0.027385657820440428
0 0.7071399757966922 0.4772727272727273 0.03227107704719645 0.026821005081874648
0 0.7379991932230738 0.4754376058723885 0.00927793465106898 0.00846979107848673
0 0.7749092375958048 0.46485036702428006 0.015328761597418314 0.014963297571993224
0 0.7797498991528842 0.46795595708639187 0.008874546187979023 0.007622811970638058
0 0.7932634126663978 0.4666854884246189 0.011698265429608713 0.009034443817052512
0 0.790439693424768 0.45920383963862227 0.0028237192416296895 0.001976284584980237
0 0.8059701492537313 0.4673913043478261 0.009681323114158934 0.009316770186335404
0 0.8208955223880597 0.4762845849802372 0.02743041549011698 0.024280067758328628
0 0.8219039935457846 0.4640033879164314 0.01573215006050827 0.014963297571993224
0 0.14400968132311415 0.5237154150197628 0.03227107704719645 0.019198193111236588
0 0.16821298910851148 0.5203274985883681 0.011294876966518758 0.009034443817052512
0 0.17809600645421542 0.5251270468661773 0.022993142396127472 0.017504234895539244
0 0.1990722065348931 0.5160926030491247 0.01653892698668818 0.01637492941840768
0 0.20653489310205728 0.5203274985883681 0.01855586930213796 0.007905138339920948
0 0.21924162968939087 0.5258328627893846 0.007664380798709157 0.006493506493506494
0 0.2517144009681323 0.5208921513269339 0.03065752319483663 0.01129305477131564
0 0.2845905607099637 0.5160926030491247 0.025413473174667203 0.017504234895539244
0 0.3247277127874143 0.5201863354037267 0.017749092375958047 0.008752117447769622
0 0.34388866478418717 0.5163749294184077 0.01653892698668818 0.018068887634105024
0 0.35518354175070593 0.5220214568040655 0.01008471157724889 0.007905138339920948
0 0.373134328358209 0.5183512140033879 0.017749092375958047 0.015810276679841896
0 0.41044776119402987 0.5190570299265952 0.014118596208148447 0.009881422924901186
0 0.45482049213392495 0.5158102766798419 0.014925373134328358 0.01693958215697346
0 0.46873739411052845 0.5194805194805194 0.012101653892698669 0.007905138339920948
0 0.48971359419120614 0.5302089215132694 0.033884630899556276 0.029361942405420668
0 0.4828559903186769 0.5194805194805194 0.010488100040338847 0.009599096555618294
0 0.5352964905203711 0.5148221343873518 0.016942315449778138 0.014398644833427442
0 0.54538120209762 0.5187747035573123 0.012101653892698669 0.008752117447769622
0 0.5631302944735781 0.5189158667419537 0.01855586930213796 0.009599096555618294
0 0.5830980233965308 0.5201863354037267 0.014925373134328358 0.012140033879164314
0 0.6022589753933038 0.5215979672501412 0.003227107704719645 0.002540937323546019
0 0.6415893505445744 0.5162337662337663 0.024606696248487294 0.015527950310559006
0 0.6565147236789027 0.5163749294184077 0.014118596208148447 0.012987012987012988
0 0.6895925776522791 0.5160926030491247 0.022993142396127472 0.015245623941276116
0 0.7020976200080677 0.5187747035573123 0.01008471157724889 0.007622811970638058
0 0.7230738200887454 0.5180688876341051 0.02379991932230738 0.00846979107848673
0 0.7476805163372328 0.5177865612648221 0.020572811617587738 0.00846979107848673
0 0.763614360629286 0.5247035573122529 0.012101653892698669 0.009881422924901186
0 0.8053650665590965 0.5180688876341051 0.03428801936264623 0.010728402032749858
0 0.836224283985478 0.5189158667419537 0.02501008471157725 0.009034443817052512
0 0.8507462686567164 0.5289384528514963 0.03227107704719645 0.029644268774703556
0 0.14481645824929407 0.5707227555053642 0.01290843081887858 0.009316770186335404
0 0.1607503025413473 0.5666290231507622 0.018152480839048003 0.018068887634105024
0 0.17789431222267044 0.567476002258611 0.02581686163775716 0.018633540372670808
0 0.20028237192416296 0.5715697346132129 0.011698265429608713 0.008752117447769622
0 0.2408229124647035 0.57128740824393 0.02016942315449778 0.009316770186335404
0 0.25877369907220654 0.5708639186900056 0.010891488503428802 0.00846979107848673
0 0.2757160145219847 0.5707227555053642 0.011698265429608713 0.009316770186335404
0 0.32230738200887454 0.5697346132128741 0.01936264622831787 0.009034443817052512
0 0.33844292053247277 0.5701581027667985 0.01290843081887858 0.009881422924901186
0 0.35074626865671643 0.5708639186900056 0.00927793465106898 0.009034443817052512
0 0.3828156514723679 0.5694522868435912 0.014521984671238403 0.01129305477131564
0 0.4171036708350141 0.5742518351214003 0.024203307785397338 0.018633540372670808
0 0.43686970552642196 0.5688876341050254 0.011294876966518758 0.007905138339920948
0 0.44594594594594594 0.5698757763975155 0.007664380798709157 0.008752117447769622
0 0.4538120209762001 0.55957086391869 0.0024203307785397336 0.002258610954263128
0 0.4584509883017346 0.5691699604743083 0.008471157724889069 0.00846979107848673
0 0.46893908834207343 0.5701581027667985 0.01008471157724889 0.009881422924901186
0 0.4838644614764018 0.5670525127046866 0.01653892698668818 0.017786561264822136
0 0.4991932230738201 0.5691699604743083 0.0028237192416296895 0.0016939582156973462
0 0.5026220250100847 0.5657820440429137 0.0024203307785397336 0.0016939582156973462
0 0.5397337636143607 0.5662055335968379 0.02501008471157725 0.017221908526256352
0 0.5609116579265833 0.5694522868435912 0.010891488503428802 0.009034443817052512
0 0.572609923356192 0.5700169395821569 0.011698265429608713 0.010163749294184076
0 0.6125453812020977 0.5654997176736307 0.01573215006050827 0.014116318464144552
0 0.6313029447357805 0.5663466967814794 0.02501008471157725 0.015245623941276116
0 0.672650262202501 0.5736871823828346 0.025413473174667203 0.018068887634105024
0 0.690802743041549 0.5691699604743083 0.011698265429608713 0.00846979107848673
0 0.700080677692618 0.5695934500282326 0.00927793465106898 0.008752117447769622
0 0.7123840258168617 0.5697346132128741 0.008874546187979023 0.009034443817052512
0 0.7103670835014119 0.5605590062111802 0.0024203307785397336 0.001976284584980237
0 0.7250907624041952 0.5695934500282326 0.010891488503428802 0.009881422924901186
0 0.7412263009277935 0.5656408808582721 0.018152480839048003 0.016092603049124788
0 0.7741024606696248 0.5688876341050254 0.009681323114158934 0.010728402032749858
0 0.7849939491730537 0.5677583286278939 0.009681323114158934 0.00846979107848673
0 0.7829770068576039 0.5594297007340485 0.0024203307785397336 0.001976284584980237
0 0.14965711980637353 0.6173066064370413 0.017749092375958047 0.011575381140598532
0 0.16780960064542155 0.6190005646527386 0.012101653892698669 0.010446075663466968
0 0.1801129487696652 0.6197063805759458 0.011698265429608713 0.009034443817052512
0 0.20512303348124244 0.6238001129305477 0.045582896329164985 0.021174477696216828
0 0.23961274707543365 0.620412196499153 0.01936264622831787 0.010446075663466968
0 0.26522791448164584 0.6157538114059853 0.027833803953206938 0.018633540372670808
0 0.2934651068979427 0.6158949745906268 0.02379991932230738 0.018351214003387916
0 0.33945139169019767 0.6168831168831169 0.013311819281968536 0.01637492941840768
0 0.3499394917305365 0.629305477131564 0.026220250100847116 0.026538678712591756
0 0.3852359822509076 0.61914172783738 0.01290843081887858 0.014116318464144552
0 0.40540540540540543 0.6185770750988142 0.024203307785397338 0.01637492941840768
0 0.4505849132714804 0.6214003387916431 0.01290843081887858 0.011857707509881422
0 0.46046793061718433 0.6209768492377188 0.01008471157724889 0.00818746470920384
0 0.47660346914078255 0.6173066064370413 0.014925373134328358 0.017786561264822136
0 0.4945542557482856 0.6158949745906268 0.03146430012101654 0.016657255787690572
0 0.5141185962081485 0.6103896103896104 0.002016942315449778 0.002258610954263128
0 0.5209762000806777 0.6205533596837944 0.011698265429608713 0.009599096555618294
0 0.5328761597418313 0.6212591756070017 0.012101653892698669 0.008752117447769622
0 0.5651472367890278 0.6175889328063241 0.012101653892698669 0.001976284584980237
0 0.5964098426784994 0.6202710333145116 0.01573215006050827 0.010163749294184076
0 0.6403791851553046 0.6188594014680971 0.022993142396127472 0.020327498588368152
0 0.6496571198063735 0.620694522868436 0.011698265429608713 0.008752117447769622
0 0.6678096006454215 0.6216826651609261 0.010891488503428802 0.00846979107848673
0 0.6801129487696652 0.6216826651609261 0.012101653892698669 0.00846979107848673
0 0.7045179507866075 0.6222473178994918 0.0318676885841065 0.00846979107848673
0 0.7305365066559096 0.6216826651609261 0.015328761597418314 0.00846979107848673
0 0.7507059298104074 0.6170242800677583 0.017749092375958047 0.020045172219085264
0 0.7650262202501008 0.6197063805759458 0.018959257765227916 0.018068887634105024
0 0.7747075433642597 0.6226708074534162 0.021379588543767647 0.009881422924901186
0 0.8206938281565147 0.6182947487295314 0.033481242436466316 0.019198193111236588
0 0.8569987898346108 0.6235177865612648 0.033481242436466316 0.00818746470920384
0 0.8868495361032674 0.6317052512704686 0.03670835014118596 0.023433088650479956
0 0.14340459862847924 0.6708074534161491 0.00927793465106898 0.009599096555618294
0 0.15348931020572812 0.6702428006775832 0.013311819281968536 0.009034443817052512
0 0.1518757563533683 0.6629023150762281 0.002016942315449778 0.0016939582156973462
0 0.19846712384025816 0.6708074534161491 0.021782977006857603 0.00846979107848673
0 0.2146026623638564 0.6809712027103332 0.026623638563937072 0.025409373235460192
0 0.2845905607099637 0.6798418972332015 0.04719645018152481 0.026538678712591756
0 0.31423961274707546 0.6806888763410502 0.009681323114158934 0.009599096555618294
0 0.3602258975393304 0.6770186335403726 0.02501008471157725 0.020327498588368152
0 0.3795885437676482 0.6709486166007905 0.011294876966518758 0.00818746470920384
0 0.39572408229124645 0.669819311123659 0.012101653892698669 0.009316770186335404
0 0.4102460669624849 0.668266516092603 0.01290843081887858 0.014116318464144552
0 0.41871722468737393 0.6712309429700734 0.009681323114158934 0.009316770186335404
0 0.4277934651068979 0.6626199887069453 0.0028237192416296895 0.002258610954263128
0 0.43263412666397744 0.6713721061547149 0.011698265429608713 0.009599096555618294
0 0.44675272287212586 0.6709486166007905 0.01573215006050827 0.009881422924901186
0 0.46692214602662363 0.6695369847543761 0.014118596208148447 0.014963297571993224
0 0.47398144413069787 0.672360248447205 0.011294876966518758 0.007622811970638058
0 0.4870915691811214 0.672077922077922 0.01008471157724889 0.007622811970638058
0 0.5060508269463493 0.6815358554488989 0.027833803953206938 0.024280067758328628
0 0.5032271077047197 0.6696781479390175 0.01573215006050827 0.015245623941276116
0 0.5512303348124243 0.6712309429700734 0.012505042355788625 0.008752117447769622
0 0.5667607906413876 0.6703839638622248 0.010488100040338847 0.009316770186335404
0 0.599838644614764 0.6671372106154715 0.015328761597418314 0.015245623941276116
0 0.6189995966115369 0.6669960474308301 0.026220250100847116 0.016657255787690572
0 0.6583299717628076 0.6674195369847544 0.016942315449778138 0.018068887634105024
0 0.6684146833400565 0.6713721061547149 0.011294876966518758 0.007905138339920948
0 0.6811214199273901 0.6719367588932806 0.012505042355788625 0.00846979107848673
0 0.6966518757563533 0.6717955957086392 0.010488100040338847 0.008752117447769622
0 0.7063331988705123 0.6773009599096556 0.028237192416296894 0.020892151326933936
0 0.7291246470350948 0.6719367588932806 0.01008471157724889 0.009034443817052512
0 0.7664380798709157 0.672360248447205 0.01290843081887858 0.009316770186335404
0 0.781565147236789 0.6717955957086392 0.01008471157724889 0.00818746470920384
0 0.7968939088342073 0.6719367588932806 0.011698265429608713 0.007340485601355167
0 0.8331988705123033 0.6715132693393563 0.01653892698668818 0.009881422924901186
0 0.8519564340459863 0.6725014116318464 0.02581686163775716 0.00846979107848673
0 0.8684953610326744 0.6854884246188594 0.03872529245663574 0.033314511575381144
0 0.15893505445744252 0.721485036702428 0.022589753933037516 0.022303783173348392
0 0.17043162565550626 0.721485036702428 0.008471157724889069 0.007058159232072276
0 0.19039935457845905 0.7210615471485037 0.02743041549011698 0.009034443817052512
0 0.17950786607503025 0.7128740824392998 0.0024203307785397336 0.002258610954263128
0 0.21661960467930616 0.7258610954263128 0.004033884630899556 0.002258610954263128
0 0.24041952400161357 0.7152738565782044 0.009681323114158934 0.009881422924901186
