0 0.1565147236789028 0.2217673630717109 0.01936264622831787 0.01948051948051948
0 0.18898749495764422 0.23178994918125354 0.01008471157724889 0.015245623941276116
0 0.2035094796288826 0.22219085262563523 0.00927793465106898 0.01693958215697346
0 0.21157724889068172 0.22557876905702992 0.014118596208148447 0.006211180124223602
0 0.22509076240419523 0.22473178994918125 0.010488100040338847 0.006775832862789385
0 0.23336022589753933 0.2267080745341615 0.007664380798709157 0.010728402032749858
0 0.25030254134731744 0.22600225861095427 0.020572811617587738 0.007622811970638058
0 0.2716821298910851 0.22120271033314512 0.00927793465106898 0.013269339356295878
0 0.29306171843485274 0.2220496894409938 0.01008471157724889 0.017221908526256352
0 0.29810407422347723 0.22586109542631283 0.0024203307785397336 0.006211180124223602
0 0.3019362646228318 0.2180971202710333 0.0012101653892698668 0.001411631846414455
0 0.3128277531262606 0.22416713721061546 0.01734570391286809 0.0220214568040655
0 0.3519564340459863 0.22134387351778656 0.021379588543767647 0.018633540372670808
0 0.36849536103267444 0.221485036702428 0.007664380798709157 0.01383399209486166
0 0.3745461879790238 0.23178994918125354 0.013311819281968536 0.017504234895539244
0 0.3894715611133522 0.22939017504234896 0.0028237192416296895 0.001976284584980237
0 0.3929003630496168 0.21823828345567475 0.004033884630899556 0.009599096555618294
0 0.40681726502622023 0.2310841332580463 0.0052440500201694235 0.001976284584980237
0 0.418112141992739 0.23023715415019763 0.0028237192416296895 0.001411631846414455
0 0.4288019362646228 0.22826086956521738 0.003227107704719645 0.001976284584980237
0 0.4717628075837031 0.22275550536420102 0.003630496167809601 0.01129305477131564
0 0.47337636143606293 0.21569734613212874 0.0028237192416296895 0.00282326369282891
0 0.48083904800322713 0.220214568040655 0.012101653892698669 0.014116318464144552
0 0.518354175070593 0.22473178994918125 0.026623638563937072 0.009599096555618294
0 0.5080677692617991 0.22543760587238848 0.0028237192416296895 0.0008469791078486731
0 0.5490116982654296 0.22275550536420102 0.010488100040338847 0.012987012987012988
0 0.563331988705123 0.22699040090344438 0.007664380798709157 0.00564652738565782
0 0.5711980637353772 0.23150762281197063 0.012101653892698669 0.014680971202710334
0 0.5843081887858007 0.2329192546583851 0.011698265429608713 0.015245623941276116
0 0.6042759177087536 0.22840203274985885 0.024203307785397338 0.00846979107848673
0 0.6230334812424365 0.2289666854884246 0.008471157724889069 0.009034443817052512
0 0.6623638563937071 0.22317899491812535 0.029043969342476807 0.018351214003387916
0 0.6849536103267446 0.22219085262563523 0.011294876966518758 0.014680971202710334
0 0.7164179104477612 0.22374364765669114 0.008874546187979023 0.016092603049124788
0 0.7323517547398144 0.22275550536420102 0.008471157724889069 0.014680971202710334
0 0.7426381605486083 0.22755505364201017 0.00645421540943929 0.006211180124223602
0 0.7595804759983864 0.2267080745341615 0.021782977006857603 0.007340485601355167
0 0.8027430415490117 0.22755505364201017 0.02581686163775716 0.007340485601355167
0 0.1444130697862041 0.27103331451157536 0.004840661557079467 0.018068887634105024
0 0.1565147236789028 0.2707509881422925 0.014521984671238403 0.017504234895539244
0 0.17063331988705124 0.26990400903444384 0.007260992335619202 0.014680971202710334
0 0.17567567567567569 0.2660926030491248 0.002016942315449778 0.001976284584980237
0 0.17527228721258573 0.2686335403726708 0.0012101653892698668 0.002540937323546019
0 0.1891891891891892 0.27428006775832864 0.020976200080677694 0.00818746470920384
0 0.24667204517950786 0.27498588368153587 0.03428801936264623 0.014680971202710334
0 0.29306171843485274 0.27004517221908525 0.004437273093989512 0.002540937323546019
0 0.29386849536103266 0.2776679841897233 0.0028237192416296895 0.005928853754940711
0 0.3017345703912868 0.27555053642010163 0.007260992335619202 0.009034443817052512
0 0.3436869705526422 0.28077357425183513 0.009681323114158934 0.014963297571993224
0 0.3590157321500605 0.277244494635799 0.016942315449778138 0.007340485601355167
0 0.3741427995159338 0.2724449463579898 0.010891488503428802 0.011857707509881422
0 0.3870512303348124 0.2768210050818746 0.006857603872529245 0.007058159232072276
0 0.3947156111335216 0.282326369282891 0.010891488503428802 0.015810276679841896
0 0.4100443727309399 0.27625635234330886 0.008471157724889069 0.007058159232072276
0 0.4429205324727713 0.2728684359119142 0.029043969342476807 0.016092603049124788
0 0.5018152480839048 0.2728684359119142 0.04033884630899556 0.018351214003387916
0 0.5536506655909641 0.27315076228119706 0.011698265429608713 0.017221908526256352
0 0.5659540137152077 0.2758328627893845 0.009681323114158934 0.006775832862789385
0 0.5760387252924566 0.27188029361942406 0.007260992335619202 0.015810276679841896
0 0.5845098830173457 0.27639751552795033 0.014521984671238403 0.007340485601355167
0 0.5974183138362242 0.2724449463579898 0.015328761597418314 0.014116318464144552
0 0.6333198870512303 0.2737154150197628 0.029043969342476807 0.016092603049124788
0 0.6748688987494957 0.274703557312253 0.02581686163775716 0.014116318464144552
0 0.6968535699878984 0.2782326369282891 0.008471157724889069 0.007622811970638058
0 0.7119806373537717 0.277244494635799 0.01936264622831787 0.006775832862789385
0 0.7289229528035498 0.2758328627893845 0.014521984671238403 0.015810276679841896
0 0.745865268253328 0.27752682100508186 0.020976200080677694 0.007340485601355167
0 0.7827753126260589 0.27498588368153587 0.011698265429608713 0.015810276679841896
0 0.7934651068979427 0.27428006775832864 0.008067769261799113 0.013269339356295878
0 0.8027430415490117 0.2780914737436477 0.009681323114158934 0.006211180124223602
0 0.8146430012101654 0.27428006775832864 0.010891488503428802 0.014398644833427442
0 0.14743848325937878 0.3266516092603049 0.014118596208148447 0.00846979107848673
0 0.16760790641387657 0.32594579333709767 0.025413473174667203 0.008752117447769622
0 0.2200484066155708 0.326369282891022 0.02864058087938685 0.00846979107848673
0 0.23315853166599435 0.3256634669678148 0.0016135538523598225 0.001411631846414455
0 0.23396530859217426 0.3241106719367589 0.0016135538523598225 0.001129305477131564
0 0.24223477208551836 0.3272162619988707 0.00927793465106898 0.00846979107848673
0 0.26522791448164584 0.3300395256916996 0.0028237192416296895 0.002258610954263128
0 0.30254134731746674 0.3234048560135517 0.022589753933037516 0.016657255787690572
0 0.30475998386446146 0.32594579333709767 0.0028237192416296895 0.0008469791078486731
0 0.3219039935457846 0.32396950875211744 0.009681323114158934 0.012140033879164314
0 0.354376764824526 0.3243929983060418 0.011698265429608713 0.015810276679841896
0 0.3674868898749496 0.3286278938452851 0.012101653892698669 0.006775832862789385
0 0.40116982654296085 0.32396950875211744 0.010891488503428802 0.016092603049124788
0 0.4136748688987495 0.3277809147374365 0.008471157724889069 0.006211180124223602
0 0.4223477208551835 0.3284867306606437 0.005647438483259379 0.007058159232072276
0 0.4481645824929407 0.32806324110671936 0.010488100040338847 0.006211180124223602
0 0.45966115369100446 0.32891022021456806 0.011698265429608713 0.00564652738565782
0 0.47398144413069787 0.3234048560135517 0.012101653892698669 0.014963297571993224
0 0.5104881000403388 0.3277809147374365 0.018959257765227916 0.006211180124223602
0 0.5286405808793868 0.32806324110671936 0.013311819281968536 0.007905138339920948
0 0.5772488906817265 0.3287690570299266 0.03630496167809601 0.009881422924901186
0 0.6018555869302138 0.32495765104460755 0.016135538523598225 0.015245623941276116
0 0.6456232351754739 0.32594579333709767 0.02218636546994756 0.017786561264822136
0 0.6857603872529245 0.32495765104460755 0.022589753933037516 0.01355166572557877
0 0.6871722468737395 0.3269339356295878 0.01008471157724889 0.0016939582156973462
0 0.6958450988301734 0.32806324110671936 0.008874546187979023 0.006211180124223602
0 0.7049213392496975 0.3331451157538114 0.012505042355788625 0.01693958215697346
0 0.7170229931423961 0.3246753246753247 0.00927793465106898 0.01355166572557877
0 0.72650262202501 0.3221343873517787 0.0024203307785397336 0.002258610954263128
0 0.7311415893505446 0.3290513833992095 0.008471157724889069 0.006493506493506494
0 0.7412263009277935 0.3255223037831734 0.008471157724889069 0.015245623941276116
0 0.7533279548204921 0.3339920948616601 0.0028237192416296895 0.0016939582156973462
0 0.7706736587333602 0.322557876905703 0.004437273093989512 0.007622811970638058
0 0.1526825332795482 0.3718238283455675 0.02944735780556676 0.01637492941840768
0 0.15348931020572812 0.3687182382834557 0.0012101653892698668 0.00282326369282891
0 0.16881807180314642 0.37012987012987014 0.0012101653892698668 0.004517221908526256
0 0.17507059298104075 0.3718238283455675 0.007260992335619202 0.015810276679841896
0 0.18293666801129488 0.37648221343873517 0.011698265429608713 0.00818746470920384
0 0.2109721661960468 0.3738001129305477 0.008874546187979023 0.015245623941276116
0 0.22226704316256554 0.3784584980237154 0.012101653892698669 0.007622811970638058
0 0.263614360629286 0.3781761716544325 0.01573215006050827 0.009881422924901186
0 0.2791448164582493 0.3774703557312253 0.008067769261799113 0.007340485601355167
0 0.28680919725695847 0.3791643139469226 0.008067769261799113 0.00846979107848673
0 0.32432432432432434 0.3781761716544325 0.01371520774505849 0.007622811970638058
0 0.33783783783783783 0.37775268210050816 0.007664380798709157 0.006775832862789385
0 0.34308188785800725 0.37140033879164314 0.0012101653892698668 0.001411631846414455
0 0.3509479628882614 0.3747882552230378 0.004033884630899556 0.016657255787690572
0 0.354578459056071 0.37859966120835686 0.005647438483259379 0.005081874647092038
0 0.3688987494957644 0.3883399209486166 0.012505042355788625 0.025691699604743084
0 0.4027833803953207 0.3715415019762846 0.018152480839048003 0.015810276679841896
0 0.41528842275110933 0.37027103331451156 0.002016942315449778 0.001976284584980237
0 0.4213392496974587 0.37732919254658387 0.008471157724889069 0.007622811970638058
0 0.45320693828156516 0.37351778656126483 0.004437273093989512 0.015245623941276116
0 0.46107301331181927 0.37732919254658387 0.014521984671238403 0.007058159232072276
0 0.48083904800322713 0.3752117447769622 0.028237192416296894 0.01637492941840768
0 0.5203711173860428 0.37111801242236025 0.01290843081887858 0.014963297571993224
0 0.5332795482049213 0.37676453980801805 0.012101653892698669 0.007058159232072276
0 0.5647438483259378 0.37337662337662336 0.01371520774505849 0.016657255787690572
0 0.5933844292053247 0.37351778656126483 0.04356595401371521 0.014680971202710334
0 0.6440096813231142 0.3761998870694523 0.022993142396127472 0.01948051948051948
0 0.6823315853166599 0.37662337662337664 0.02702702702702703 0.01637492941840768
0 0.7248890681726503 0.37888198757763975 0.02501008471157725 0.020327498588368152
0 0.7394110528438886 0.3759175607001694 0.00645421540943929 0.014963297571993224
0 0.7565550625252118 0.38015245623941274 0.012505042355788625 0.007058159232072276
0 0.772488906817265 0.38071710897797856 0.011294876966518758 0.015527950310559006
0 0.7787414279951593 0.37323546019198195 0.006857603872529245 0.007905138339920948
0 0.8031464300121016 0.37859966120835686 0.007260992335619202 0.012422360248447204
0 0.817466720451795 0.378317334839074 0.019766034691407825 0.015245623941276116
0 0.16014521984671237 0.42391304347826086 0.029850746268656716 0.018351214003387916
0 0.16115369100443727 0.4212309429700734 0.0012101653892698668 0.0016939582156973462
0 0.17406212182331585 0.42292490118577075 0.002016942315449778 0.00564652738565782
0 0.18233158531665994 0.4343591191417278 0.010488100040338847 0.022303783173348392
0 0.19584509883017345 0.4268774703557312 0.008471157724889069 0.007905138339920948
0 0.21621621621621623 0.4367588932806324 0.005647438483259379 0.009034443817052512
0 0.2613957240822912 0.42843026538678713 0.021782977006857603 0.007622811970638058
0 0.2843888664784187 0.4256070016939582 0.01855586930213796 0.017786561264822136
0 0.3239209358612344 0.4246188594014681 0.017749092375958047 0.015245623941276116
0 0.32210568777732956 0.4233483907396951 0.0012101653892698668 0.0008469791078486731
0 0.33864461476401775 0.4289949181253529 0.012505042355788625 0.006493506493506494
0 0.38886647841871724 0.42617165443252397 0.03065752319483663 0.016657255787690572
0 0.40843081887858007 0.4345002823263693 0.013311819281968536 0.01637492941840768
0 0.4300121016538927 0.42828910220214567 0.016942315449778138 0.006775832862789385
0 0.4461476401774909 0.42730095990965555 0.011294876966518758 0.005928853754940711
0 0.46006454215409437 0.4361942405420666 0.01573215006050827 0.019762845849802372
0 0.5082694634933441 0.42758328627893843 0.009681323114158934 0.008752117447769622
0 0.5159338442920532 0.4278656126482213 0.008874546187979023 0.00818746470920384
0 0.5240016135538523 0.4278656126482213 0.007260992335619202 0.009316770186335404
0 0.5411456232351755 0.42871259175607 0.02944735780556676 0.00818746470920384
0 0.5621218233158531 0.4332298136645963 0.00927793465106898 0.015527950310559006
0 0.572206534893102 0.4258893280632411 0.014118596208148447 0.017221908526256352
0 0.5778539733763615 0.422360248447205 0.004437273093989512 0.0033879164313946925
0 0.5923759580475998 0.42857142857142855 0.02218636546994756 0.007340485601355167
0 0.6308995562726906 0.42701863354037267 0.02501008471157725 0.022868435911914172
0 0.6760790641387656 0.4253246753246753 0.03065752319483663 0.018351214003387916
0 0.7226704316256555 0.4330886504799548 0.014118596208148447 0.018068887634105024
0 0.736385639370714 0.42843026538678713 0.011698265429608713 0.006493506493506494
0 0.753731343283582 0.4278656126482213 0.024606696248487294 0.007622811970638058
0 0.7958854376764825 0.4278656126482213 0.05405405405405406 0.00818746470920384
0 0.8321903993545785 0.42377188029361945 0.012101653892698669 0.018068887634105024
0 0.15792658329971762 0.4738848108413326 0.011698265429608713 0.020045172219085264
0 0.16417910447761194 0.4850367024280068 0.005647438483259379 0.01637492941840768
0 0.19705526421944333 0.47656691134952006 0.007664380798709157 0.01693958215697346
0 0.2127874142799516 0.4748729531338227 0.021379588543767647 0.01693958215697346
0 0.2593787817668415 0.47571993224167136 0.02501008471157725 0.015245623941276116
0 0.27954820492133925 0.4761434217955957 0.00645421540943929 0.014398644833427442
0 0.290843081887858 0.48023715415019763 0.01371520774505849 0.006775832862789385
0 0.33299717628075837 0.47699040090344436 0.024606696248487294 0.021739130434782608
0 0.3797902379991932 0.4771315640880858 0.019766034691407825 0.014680971202710334
0 0.40116982654296085 0.4762845849802372 0.018959257765227916 0.015810276679841896
0 0.4126663977410246 0.4772727272727273 0.00645421540943929 0.014963297571993224
0 0.418112141992739 0.4719085262563523 0.0052440500201694235 0.0036702428006775835
0 0.4237595804759984 0.4803783173348391 0.007664380798709157 0.006493506493506494
0 0.43263412666397744 0.48616600790513836 0.011698265429608713 0.020327498588368152
0 0.4505849132714804 0.4774138904573687 0.015328761597418314 0.015245623941276116
0 0.44876966518757566 0.46950875211744775 0.0012101653892698668 0.001129305477131564
0 0.4651068979427188 0.4827780914737436 0.014521984671238403 0.006775832862789385
0 0.4854780153287616 0.4867306606437041 0.003630496167809601 0.00282326369282891
