0 0.13937071399757966 0.1935347261434218 0.01573215006050827 0.016092603049124788
0 0.20835014118596207 0.1979107848673066 0.09237595804759983 0.0220214568040655
0 0.28418717224687373 0.1960756634669678 0.03670835014118596 0.021739130434782608
0 0.34187172246873737 0.19847543760587238 0.056070996369503835 0.024844720496894408
0 0.37575635336829366 0.20327498588368154 0.0028237192416296895 0.002258610954263128
0 0.3773699072206535 0.19240542066629024 0.0028237192416296895 0.008752117447769622
0 0.38886647841871724 0.20299265951439865 0.0024203307785397336 0.002258610954263128
0 0.39552238805970147 0.20369847543760589 0.003630496167809601 0.0036702428006775835
0 0.40318676885841065 0.20383963862224733 0.003630496167809601 0.0033879164313946925
0 0.427390076643808 0.1950875211744777 0.025413473174667203 0.018633540372670808
0 0.4582492940701896 0.20143986448334275 0.02501008471157725 0.009316770186335404
0 0.5282371924162969 0.20016939582156973 0.0891488503428802 0.024844720496894408
0 0.6103267446551028 0.19776962168266515 0.04679306171843485 0.017786561264822136
0 0.6569181121419927 0.2000282326369283 0.013311819281968536 0.013269339356295878
0 0.6962484872932634 0.19805194805194806 0.04517950786607503 0.017786561264822136
0 0.7486889874949576 0.20143986448334275 0.029850746268656716 0.01101072840203275
0 0.8154497781363453 0.1994635798983625 0.06494554255748286 0.016092603049124788
0 0.8255344897135942 0.18929983060417843 0.0012101653892698668 0.001411631846414455
0 0.8287615974183138 0.1880293619424054 0.003630496167809601 0.002258610954263128
0 0.15691811214199275 0.24449463579898362 0.05163372327551432 0.019198193111236588
0 0.19786204114562322 0.2494353472614342 0.020572811617587738 0.008752117447769622
0 0.1954417103670835 0.2381422924901186 0.0028237192416296895 0.005364201016374929
0 0.25877369907220654 0.24816487859966121 0.07704719645018153 0.024844720496894408
0 0.3249294070189593 0.24590626764539808 0.026220250100847116 0.017504234895539244
0 0.37152077450584914 0.24548277809147373 0.04033884630899556 0.0189158667419537
0 0.41407825736183945 0.24731789949181254 0.02218636546994756 0.015245623941276116
0 0.436668011294877 0.2471767363071711 0.04154901169826543 0.0189158667419537
0 0.47862041145623235 0.2478825522303783 0.020572811617587738 0.018068887634105024
0 0.5490116982654296 0.24872953133822698 0.09600645421540945 0.01693958215697346
0 0.6407825736183945 0.2490118577075099 0.04800322710770472 0.019198193111236588
0 0.663775716014522 0.25352907961603616 0.0052440500201694235 0.002258610954263128
0 0.699878983461073 0.25395256916996045 0.04921339249697459 0.009881422924901186
0 0.7557482855990318 0.25169395821569734 0.03993545784590561 0.010446075663466968
0 0.7779346510689794 0.2567758328627894 0.0028237192416296895 0.002540937323546019
0 0.8172650262202501 0.2490118577075099 0.04356595401371521 0.01693958215697346
0 0.14481645824929407 0.29488989271597965 0.021782977006857603 0.018351214003387916
0 0.18757563533682936 0.29601919819311123 0.035498184751916094 0.0189158667419537
0 0.23598225090762404 0.29573687182382835 0.03872529245663574 0.018351214003387916
0 0.2769261799112545 0.2996894409937888 0.035901573215006054 0.01101072840203275
0 0.33743444937474787 0.29827780914737434 0.05526421944332392 0.016657255787690572
0 0.3850342880193626 0.2977131564088086 0.026220250100847116 0.0189158667419537
0 0.4417103670835014 0.2994071146245059 0.06938281565147236 0.021739130434782608
0 0.4618797902379992 0.2909373235460192 0.004033884630899556 0.0036702428006775835
0 0.4759983864461476 0.30138339920948615 0.005647438483259379 0.007622811970638058
0 0.4838644614764018 0.3029361942405421 0.003630496167809601 0.002258610954263128
0 0.4937474788221057 0.29150197628458496 0.0024203307785397336 0.005928853754940711
0 0.518757563533683 0.29884246188594016 0.02501008471157725 0.014398644833427442
0 0.5463896732553449 0.2987012987012987 0.043969342476805166 0.015810276679841896
0 0.5486083098023397 0.2886787125917561 0.003227107704719645 0.004799548277809147
0 0.5970149253731343 0.29757199322416716 0.024203307785397338 0.015245623941276116
0 0.6434045986284792 0.3016657255787691 0.03872529245663574 0.01101072840203275
0 0.718636546994756 0.30350084697910784 0.08430818878580072 0.023150762281197064
0 0.7168212989108511 0.2912196499153021 0.004033884630899556 0.003105590062111801
0 0.744856797095603 0.29390175042348954 0.0028237192416296895 0.0033879164313946925
0 0.8079870915691811 0.30138339920948615 0.04921339249697459 0.017221908526256352
0 0.8229124647035094 0.2930547713156409 0.0024203307785397336 0.005081874647092038
0 0.15873336022589754 0.3469791078486731 0.05687777329568374 0.01637492941840768
0 0.21077047196450183 0.3474025974025974 0.018959257765227916 0.014398644833427442
0 0.25231948366276724 0.34641445511010727 0.043969342476805166 0.015810276679841896
0 0.28176684146833403 0.34641445511010727 0.01573215006050827 0.015810276679841896
0 0.3140379185155305 0.3489553924336533 0.022993142396127472 0.020892151326933936
0 0.3523598225090762 0.3474025974025974 0.0318676885841065 0.015527950310559006
0 0.3874546187979024 0.34937888198757766 0.011698265429608713 0.020609824957651044
0 0.40520371117386045 0.3481084133258046 0.031060911657926585 0.015245623941276116
0 0.4396934247680516 0.351072840203275 0.02501008471157725 0.020609824957651044
0 0.4745865268253328 0.3474025974025974 0.0326744655102864 0.017786561264822136
0 0.5244050020169423 0.3492377188029362 0.026623638563937072 0.015245623941276116
0 0.5502218636546995 0.352343308865048 0.04356595401371521 0.02258610954263128
0 0.5560709963695039 0.3440146809712027 0.003630496167809601 0.004799548277809147
0 0.5808793868495361 0.3595426312817617 0.004840661557079467 0.006493506493506494
0 0.6157724889068172 0.3513551665725579 0.04800322710770472 0.014398644833427442
0 0.6649858814037919 0.3490965556182947 0.030254134731746672 0.016657255787690572
0 0.7006857603872529 0.3503670242800678 0.012101653892698669 0.015810276679841896
0 0.7535296490520371 0.35629587803500845 0.10326744655102864 0.017504234895539244
0 0.1891891891891892 0.4007622811970638 0.11698265429608713 0.022303783173348392
0 0.2345703912868092 0.3893280632411067 0.0028237192416296895 0.005081874647092038
0 0.24122630092779346 0.4049971767363072 0.0016135538523598225 0.001411631846414455
0 0.2692617991125454 0.3996329757199322 0.022993142396127472 0.0189158667419537
0 0.3073820088745462 0.39779785431959347 0.03307785397337636 0.018068887634105024
0 0.39673255344897135 0.4028797289666855 0.12303348124243646 0.019198193111236588
0 0.34630899556272693 0.397656691134952 0.0012101653892698668 0.0008469791078486731
0 0.48971359419120614 0.40429136081309996 0.03065752319483663 0.023150762281197064
0 0.5326744655102864 0.40019762845849804 0.033481242436466316 0.016657255787690572
0 0.5651472367890278 0.4000564652738566 0.017749092375958047 0.01637492941840768
0 0.5897539330375151 0.3996329757199322 0.03227107704719645 0.018351214003387916
0 0.6317063331988705 0.4007622811970638 0.028237192416296894 0.0189158667419537
0 0.672448567970956 0.4009034443817053 0.029850746268656716 0.014116318464144552
0 0.7252924566357403 0.40372670807453415 0.09116579265832997 0.02258610954263128
0 0.7238805970149254 0.39469226425748166 0.004437273093989512 0.003952569169960474
0 0.7718838241226301 0.4096555618294749 0.0028237192416296895 0.00282326369282891
