0 0.1619604679306172 0.2100508187464709 0.018152480839048003 0.018633540372670808
0 0.20613150463896732 0.2155561829474873 0.009681323114158934 0.016657255787690572
0 0.22468737394110527 0.20835686053077357 0.02581686163775716 0.014116318464144552
0 0.24526018555869303 0.21428571428571427 0.015328761597418314 0.010728402032749858
0 0.263816054860831 0.20990965556182947 0.01855586930213796 0.014963297571993224
0 0.3140379185155305 0.21033314511575382 0.00927793465106898 0.01637492941840768
0 0.318273497377975 0.20355731225296442 0.003227107704719645 0.001129305477131564
0 0.3338039532069383 0.2124505928853755 0.018152480839048003 0.0251270468661773
0 0.37696651875756354 0.21160361377752682 0.020572811617587738 0.016092603049124788
0 0.39027833803953205 0.21146245059288538 0.0028237192416296895 0.01637492941840768
0 0.3993545784590561 0.2204968944099379 0.010488100040338847 0.018633540372670808
0 0.41770875352964904 0.20511010728402032 0.006857603872529245 0.014963297571993224
0 0.4199273900766438 0.21725014116318464 0.0024203307785397336 0.0008469791078486731
0 0.436466317063332 0.22007340485601354 0.0024203307785397336 0.001411631846414455
0 0.4463493344090359 0.22077922077922077 0.0028237192416296895 0.001129305477131564
0 0.45764421137555467 0.21979107848673066 0.0012101653892698668 0.0008469791078486731
0 0.4935457845905607 0.21089779785431959 0.002016942315449778 0.012987012987012988
0 0.5032271077047197 0.21132128740824394 0.008471157724889069 0.013269339356295878
0 0.5334812424364663 0.21569734613212874 0.008471157724889069 0.009034443817052512
0 0.5439693424768052 0.21725014116318464 0.012505042355788625 0.006493506493506494
0 0.5828963291649859 0.2127329192546584 0.020976200080677694 0.016657255787690572
0 0.6052843888664784 0.221485036702428 0.014118596208148447 0.018351214003387916
0 0.618192819685357 0.2204968944099379 0.010891488503428802 0.015245623941276116
0 0.6292860024203307 0.21781479390175043 0.008874546187979023 0.009881422924901186
0 0.6351351351351351 0.22007340485601354 0.002016942315449778 0.001411631846414455
0 0.6413876563130294 0.21781479390175043 0.008874546187979023 0.009881422924901186
0 0.6565147236789027 0.217673630717109 0.012505042355788625 0.007340485601355167
0 0.691407825736184 0.21386222473178995 0.009681323114158934 0.014398644833427442
0 0.7103670835014119 0.21315640880858272 0.021782977006857603 0.01637492941840768
0 0.7250907624041952 0.21132128740824394 0.004437273093989512 0.016657255787690572
0 0.7642194433239209 0.2137210615471485 0.0028237192416296895 0.019198193111236588
0 0.8063735377168213 0.21527385657820441 0.041145623235175476 0.016657255787690572
0 0.8620411456232352 0.217673630717109 0.02501008471157725 0.010728402032749858
0 0.1718434852763211 0.25804630152456237 0.01936264622831787 0.017504234895539244
0 0.1871722468737394 0.2593167701863354 0.011294876966518758 0.016657255787690572
0 0.19019766034691407 0.2542348955392434 0.002016942315449778 0.001976284584980237
0 0.20613150463896732 0.2639751552795031 0.021782977006857603 0.007340485601355167
0 0.2569584509883017 0.2648221343873518 0.014521984671238403 0.009034443817052512
0 0.2755143202904397 0.26044607566346695 0.020976200080677694 0.017221908526256352
0 0.31464300121016536 0.2567758328627894 0.0024203307785397336 0.001976284584980237
0 0.31766841468334006 0.2651044607566347 0.0028237192416296895 0.005081874647092038
0 0.3227107704719645 0.26538678712591757 0.007260992335619202 0.005081874647092038
0 0.3646631706333199 0.269339356295878 0.029043969342476807 0.018068887634105024
0 0.38886647841871724 0.26171654432524 0.02016942315449778 0.01693958215697346
0 0.4058087938684954 0.2694805194805195 0.012101653892698669 0.017221908526256352
0 0.4199273900766438 0.2663749294184077 0.00645421540943929 0.006493506493506494
0 0.4705526421944332 0.2628458498023715 0.03428801936264623 0.015245623941276116
0 0.5225897539330375 0.26355166572557875 0.01008471157724889 0.015527950310559006
0 0.5373134328358209 0.2672219085262564 0.016942315449778138 0.007058159232072276
0 0.5518354175070593 0.26256352343308864 0.009681323114158934 0.012987012987012988
0 0.590964098426785 0.2628458498023715 0.011294876966518758 0.015810276679841896
0 0.6006454215409439 0.26792772444946356 0.008067769261799113 0.005081874647092038
0 0.6133521581282775 0.2627046866177301 0.014925373134328358 0.016657255787690572
0 0.627067365873336 0.26256352343308864 0.006857603872529245 0.011857707509881422
0 0.6252521177894312 0.25578769057029926 0.0016135538523598225 0.001129305477131564
0 0.664179104477612 0.2660926030491248 0.019766034691407825 0.011575381140598532
0 0.7119806373537717 0.265527950310559 0.029850746268656716 0.014963297571993224
0 0.7287212585720049 0.2691981931112366 0.0052440500201694235 0.004234895539243365
0 0.7430415490116983 0.2691981931112366 0.015328761597418314 0.005364201016374929
0 0.7581686163775716 0.26383399209486164 0.01008471157724889 0.015527950310559006
0 0.7775312626058895 0.2686335403726708 0.02379991932230738 0.007622811970638058
0 0.8196853569987899 0.2639751552795031 0.009681323114158934 0.014116318464144552
0 0.8374344493747479 0.26651609260304915 0.022589753933037516 0.014116318464144552
0 0.8513513513513513 0.2660926030491248 0.0060508269463493344 0.011575381140598532
0 0.1619604679306172 0.3166290231507623 0.020572811617587738 0.011575381140598532
0 0.18071803146430013 0.31592320722755507 0.016942315449778138 0.007340485601355167
0 0.2345703912868092 0.3147939017504235 0.014925373134328358 0.00846979107848673
0 0.24747882210568778 0.31521739130434784 0.010891488503428802 0.007058159232072276
0 0.2591770875352965 0.31620553359683795 0.01008471157724889 0.00846979107848673
0 0.2781363453005244 0.31846414455110106 0.002016942315449778 0.002258610954263128
0 0.3259378781766841 0.31309994353472614 0.01855586930213796 0.01637492941840768
0 0.34066155707946755 0.313382269904009 0.0052440500201694235 0.010728402032749858
0 0.3874546187979024 0.31437041219649914 0.019766034691407825 0.01383399209486166
0 0.4336425978217023 0.31521739130434784 0.01855586930213796 0.014398644833427442
0 0.4475594997983058 0.31804065499717676 0.0060508269463493344 0.007622811970638058
0 0.48668818071803144 0.31733483907396953 0.018152480839048003 0.00846979107848673
0 0.50040338846309 0.3145115753811406 0.006857603872529245 0.011857707509881422
0 0.5330778539733764 0.3186053077357425 0.00927793465106898 0.006493506493506494
0 0.5504235578862444 0.31874647092038394 0.02379991932230738 0.00564652738565782
0 0.5984267849939492 0.3167701863354037 0.01653892698668818 0.007340485601355167
0 0.6127470754336426 0.3167701863354037 0.008067769261799113 0.005081874647092038
0 0.6244453408632513 0.31634669678147936 0.004033884630899556 0.004234895539243365
0 0.6329164985881404 0.31521739130434784 0.009681323114158934 0.010446075663466968
0 0.6805163372327552 0.31959345002823264 0.007260992335619202 0.007340485601355167
0 0.691004437273094 0.31648785996612083 0.007260992335619202 0.0220214568040655
0 0.727511093182735 0.31592320722755507 0.010891488503428802 0.015245623941276116
0 0.7470754336425979 0.32171089779785433 0.03065752319483663 0.027950310559006212
0 0.7599838644614764 0.3125352907961604 0.003227107704719645 0.002258610954263128
0 0.7712787414279951 0.3207227555053642 0.005647438483259379 0.00846979107848673
0 0.7799515933844292 0.31634669678147936 0.01008471157724889 0.01383399209486166
0 0.7956837434449375 0.3197346132128741 0.002016942315449778 0.001976284584980237
0 0.8061718434852764 0.3080180688876341 0.003630496167809601 0.007340485601355167
0 0.15994352561516742 0.3613777526821005 0.01573215006050827 0.015245623941276116
0 0.1782977006857604 0.36151891586674195 0.016135538523598225 0.015527950310559006
0 0.181726502622025 0.3564370412196499 0.0028237192416296895 0.003105590062111801
0 0.1974586526825333 0.3622247317899492 0.020572811617587738 0.012987012987012988
0 0.2428398547801533 0.3629305477131564 0.01936264622831787 0.015527950310559006
0 0.29043969342476805 0.3654714850367024 0.016135538523598225 0.008752117447769622
0 0.3037515127067366 0.36575381140598534 0.008874546187979023 0.005364201016374929
0 0.3055667607906414 0.36264822134387353 0.0028237192416296895 0.001411631846414455
0 0.31444130697862044 0.36561264822134387 0.006857603872529245 0.009034443817052512
0 0.3150463896732553 0.3619424054206663 0.0016135538523598225 0.001129305477131564
0 0.3652682533279548 0.367871259175607 0.01734570391286809 0.010728402032749858
0 0.37696651875756354 0.36589497459062675 0.006857603872529245 0.007340485601355167
0 0.3805970149253731 0.35940146809712026 0.002016942315449778 0.00282326369282891
0 0.38321903993545786 0.36773009599096557 0.003227107704719645 0.005928853754940711
0 0.3937071399757967 0.3632128740824393 0.012101653892698669 0.012140033879164314
0 0.39431222267043164 0.35968379446640314 0.003630496167809601 0.002258610954263128
0 0.41206131504638965 0.37422360248447206 0.01734570391286809 0.022868435911914172
0 0.46329164985881405 0.3629305477131564 0.02702702702702703 0.017221908526256352
0 0.4802339653085922 0.3687182382834557 0.004437273093989512 0.00846979107848673
0 0.5189592577652279 0.3650479954827781 0.01653892698668818 0.015810276679841896
0 0.5322710770471965 0.36335403726708076 0.007664380798709157 0.015245623941276116
0 0.5492133924969745 0.36914172783738003 0.02218636546994756 0.009881422924901186
0 0.5966115369100444 0.3660361377752682 0.017749092375958047 0.016657255787690572
0 0.6571198063735377 0.36702428006775834 0.04921339249697459 0.014680971202710334
0 0.7291246470350948 0.3681535855448899 0.01734570391286809 0.0220214568040655
0 0.7743041549011698 0.3681535855448899 0.030254134731746672 0.015245623941276116
0 0.8271480435659541 0.36885940146809715 0.018152480839048003 0.02456239412761152
0 0.8402581686163776 0.3675889328063241 0.005647438483259379 0.015810276679841896
0 0.1563130294473578 0.415725578769057 0.007664380798709157 0.007058159232072276
0 0.15994352561516742 0.415725578769057 0.0012101653892698668 0.001976284584980237
0 0.1690197660346914 0.41445511010728403 0.009681323114158934 0.023150762281197064
0 0.2063331988705123 0.4127611518915867 0.00927793465106898 0.015245623941276116
0 0.2263009277934651 0.411914172783738 0.024203307785397338 0.015810276679841896
0 0.2898346107301331 0.4140316205533597 0.018959257765227916 0.016657255787690572
0 0.3120209762000807 0.41431394692264256 0.01573215006050827 0.015527950310559006
0 0.3150463896732553 0.409373235460192 0.0024203307785397336 0.002258610954263128
0 0.32876159741831384 0.4234895539243365 0.008874546187979023 0.01693958215697346
0 0.33945139169019767 0.4097967250141163 0.003630496167809601 0.0036702428006775835
0 0.35215812827753123 0.41953698475437606 0.007260992335619202 0.007905138339920948
0 0.3799919322307382 0.4264539808018069 0.0024203307785397336 0.004799548277809147
0 0.40500201694231547 0.41981931112365894 0.012101653892698669 0.007340485601355167
0 0.4225494150867285 0.41671372106154714 0.02218636546994756 0.014680971202710334
0 0.4856797095603066 0.4134669678147939 0.03065752319483663 0.015527950310559006
0 0.5369100443727309 0.4150197628458498 0.007260992335619202 0.014680971202710334
0 0.5578862444534086 0.41826651609260307 0.024203307785397338 0.00818746470920384
0 0.5800726099233562 0.42377188029361945 0.008874546187979023 0.014116318464144552
0 0.5895522388059702 0.42108977978543194 0.008471157724889069 0.005928853754940711
0 0.599838644614764 0.4203839638622247 0.004840661557079467 0.006211180124223602
0 0.6137555465913674 0.4212309429700734 0.013311819281968536 0.009034443817052512
0 0.6292860024203307 0.42631281761716544 0.017749092375958047 0.019198193111236588
0 0.6827349737797499 0.41967814793901753 0.01008471157724889 0.007622811970638058
0 0.6932230738200887 0.4199604743083004 0.0060508269463493344 0.009316770186335404
0 0.7051230334812424 0.4199604743083004 0.01371520774505849 0.009881422924901186
0 0.7202501008471158 0.4213721061547149 0.013311819281968536 0.006493506493506494
0 0.736385639370714 0.4254658385093168 0.012505042355788625 0.018068887634105024
0 0.7549415086728519 0.415725578769057 0.01653892698668818 0.0189158667419537
0 0.754538120209762 0.4127611518915867 0.002016942315449778 0.003952569169960474
0 0.7704719645018152 0.42108977978543194 0.009681323114158934 0.005364201016374929
0 0.8073820088745461 0.42264257481648787 0.00927793465106898 0.004517221908526256
0 0.8176684146833401 0.4184076792772445 0.009681323114158934 0.025974025974025976
0 0.15873336022589754 0.46287408243929984 0.007664380798709157 0.016092603049124788
0 0.16317063331988704 0.4606154714850367 0.0012101653892698668 0.0008469791078486731
0 0.17466720451795079 0.46273291925465837 0.020976200080677694 0.015245623941276116
0 0.23578055667607906 0.47289666854884244 0.018959257765227916 0.02258610954263128
0 0.2537313432835821 0.46612083568605306 0.011294876966518758 0.009034443817052512
0 0.2668414683340056 0.46725014116318464 0.01653892698668818 0.009034443817052512
0 0.28378378378378377 0.467673630717109 0.011698265429608713 0.00818746470920384
0 0.31807180314643 0.46414455110107283 0.04961678096006454 0.01693958215697346
0 0.39027833803953205 0.4637210615471485 0.00927793465106898 0.014398644833427442
0 0.40116982654296085 0.47501411631846413 0.00927793465106898 0.01948051948051948
0 0.4374747882210569 0.4637210615471485 0.011698265429608713 0.01383399209486166
0 0.4574425171440097 0.4642857142857143 0.020976200080677694 0.015527950310559006
0 0.5139169019766034 0.46414455110107283 0.01371520774505849 0.018633540372670808
0 0.5231948366276724 0.4704968944099379 0.007260992335619202 0.005928853754940711
0 0.5411456232351755 0.4662619988706945 0.022993142396127472 0.01383399209486166
0 0.5976200080677693 0.46950875211744775 0.019766034691407825 0.025974025974025976
0 0.6468334005647438 0.466403162055336 0.020572811617587738 0.018068887634105024
0 0.6619604679306171 0.4699322416713721 0.010488100040338847 0.009881422924901186
0 0.6700282371924163 0.4658385093167702 0.004033884630899556 0.014680971202710334
0 0.6778943122226704 0.466403162055336 0.00927793465106898 0.015810276679841896
0 0.6809197256958451 0.46259175607001696 0.0024203307785397336 0.001411631846414455
0 0.6922146026623639 0.4786843591191417 0.01371520774505849 0.021174477696216828
0 0.7099636950383219 0.46612083568605306 0.01371520774505849 0.018068887634105024
0 0.7238805970149254 0.4704968944099379 0.01008471157724889 0.007622811970638058
0 0.7384025816861638 0.47656691134952006 0.003630496167809601 0.00282326369282891
