0 0.16377571601452198 0.18972332015810275 0.04356595401371521 0.018633540372670808
0 0.2045179507866075 0.1945228684359119 0.020976200080677694 0.010163749294184076
0 0.2029043969342477 0.18068887634105024 0.0024203307785397336 0.003952569169960474
0 0.24647035094796288 0.19042913608130999 0.03872529245663574 0.018351214003387916
0 0.25756353368293666 0.18139469226425747 0.0028237192416296895 0.005364201016374929
0 0.28862444534086323 0.1907114624505929 0.027833803953206938 0.021174477696216828
0 0.3215006050826946 0.19240542066629024 0.026623638563937072 0.017786561264822136
0 0.40641387656313027 0.19395821569734614 0.11738604275917709 0.018068887634105024
0 0.48749495764421136 0.19536984754376058 0.025413473174667203 0.01693958215697346
0 0.5062525211778943 0.20355731225296442 0.008067769261799113 0.009599096555618294
0 0.5417507059298104 0.19861660079051383 0.03307785397337636 0.02456239412761152
0 0.5933844292053247 0.19847543760587238 0.048406615570794675 0.01129305477131564
0 0.6686163775716014 0.19875776397515527 0.06655909640984267 0.028232636928289104
0 0.7085518354175071 0.2031338226990401 0.0052440500201694235 0.00818746470920384
0 0.7303348124243647 0.19833427442123094 0.027833803953206938 0.009881422924901186
0 0.7382008874546188 0.18534726143421795 0.004840661557079467 0.0036702428006775835
0 0.7793465106897943 0.19424054206662902 0.04356595401371521 0.017504234895539244
0 0.8208955223880597 0.19551101072840205 0.010488100040338847 0.014398644833427442
0 0.8311819281968535 0.1976284584980237 0.012505042355788625 0.012987012987012988
0 0.8428801936264623 0.1972049689440994 0.012505042355788625 0.014398644833427442
0 0.8586123436869706 0.19875776397515527 0.018959257765227916 0.011857707509881422
0 0.8691004437273094 0.20708639186900057 0.00927793465106898 0.008752117447769622
0 0.15510286405808793 0.24576510446075664 0.0318676885841065 0.013269339356295878
0 0.2109721661960468 0.2453416149068323 0.05405405405405406 0.01355166572557877
0 0.27289229528035497 0.24265951439864483 0.038321903993545785 0.01948051948051948
0 0.3245260185558693 0.24449463579898362 0.045582896329164985 0.01693958215697346
0 0.3949173053650666 0.2456239412761152 0.07018959257765228 0.02766798418972332
0 0.4584509883017346 0.24830604178430266 0.0326744655102864 0.021739130434782608
0 0.4802339653085922 0.2468944099378882 0.011698265429608713 0.004799548277809147
0 0.5167406212182332 0.24378881987577639 0.03469140782573618 0.017221908526256352
0 0.5673658733360226 0.24745906267645398 0.011698265429608713 0.01383399209486166
0 0.5897539330375151 0.24731789949181254 0.02743041549011698 0.014680971202710334
0 0.5962081484469545 0.23870694522868435 0.004840661557079467 0.0036702428006775835
0 0.6926179911254539 0.2471767363071711 0.14602662363856395 0.017221908526256352
0 0.764017749092376 0.2532467532467532 0.003227107704719645 0.002258610954263128
0 0.7989108511496571 0.24802371541501977 0.031060911657926585 0.01383399209486166
0 0.17224687373941105 0.29757199322416716 0.060508269463493344 0.025409373235460192
0 0.22771278741427994 0.29827780914737434 0.027833803953206938 0.009881422924901186
0 0.2702702702702703 0.2929136081309994 0.015328761597418314 0.014963297571993224
0 0.2809600645421541 0.2943252399774139 0.013311819281968536 0.012704686617730096
0 0.30032271077047196 0.2943252399774139 0.02944735780556676 0.01383399209486166
0 0.3293666801129488 0.30223037831733485 0.006857603872529245 0.00818746470920384
0 0.36809197256958454 0.29446640316205536 0.05526421944332392 0.019198193111236588
0 0.46006454215409437 0.2994071146245059 0.09479628882613957 0.02456239412761152
0 0.564340459862848 0.295313382269904 0.08713190802743041 0.01693958215697346
0 0.573013311819282 0.2881140598531903 0.0028237192416296895 0.002540937323546019
0 0.6653892698668818 0.29799548277809146 0.08834207341670028 0.022303783173348392
0 0.6524808390480032 0.28698475437605875 0.004437273093989512 0.004234895539243365
0 0.7313432835820896 0.2963015245623941 0.01855586930213796 0.016657255787690572
0 0.7430415490116983 0.3006775832862789 0.02016942315449778 0.009599096555618294
0 0.77269060104881 0.2977131564088086 0.02702702702702703 0.014398644833427442
0 0.809197256958451 0.30124223602484473 0.02743041549011698 0.009034443817052512
0 0.8467123840258168 0.29686617730095993 0.03146430012101654 0.01383399209486166
0 0.86345300524405 0.3018068887634105 0.019766034691407825 0.006775832862789385
0 0.1700282371924163 0.3471202710333145 0.05929810407422348 0.02456239412761152
0 0.1809197256958451 0.3352625635234331 0.0052440500201694235 0.0036702428006775835
0 0.2208551835417507 0.34528514963297574 0.026220250100847116 0.02258610954263128
0 0.2763210972166196 0.3430265386787126 0.05970149253731343 0.019198193111236588
0 0.31040742234772084 0.35191981931112365 0.007664380798709157 0.01101072840203275
0 0.34066155707946755 0.3435911914172784 0.02944735780556676 0.017504234895539244
0 0.38664784187172246 0.3469791078486731 0.051230334812424366 0.012422360248447204
0 0.45340863251311014 0.3471202710333145 0.08148446954417103 0.0189158667419537
0 0.5506252521177895 0.34599096555618297 0.09116579265832997 0.015527950310559006
0 0.5808793868495361 0.33540372670807456 0.003227107704719645 0.003952569169960474
0 0.6286809197256958 0.3471202710333145 0.043162565550625254 0.014963297571993224
0 0.6645824929407019 0.3476849237718803 0.0463896732553449 0.017221908526256352
0 0.72730939895119 0.3461321287408244 0.04921339249697459 0.019762845849802372
0 0.7571601452198468 0.3520609824957651 0.029850746268656716 0.00846979107848673
0 0.8055667607906414 0.34966120835686054 0.03469140782573618 0.009316770186335404
0 0.21359419120613152 0.3979390175042349 0.13513513513513514 0.026821005081874648
0 0.31968535699878986 0.3956804065499718 0.040742234772085516 0.017786561264822136
0 0.3717224687373941 0.3953980801806889 0.04235578862444534 0.01383399209486166
0 0.44695441710367084 0.3994918125352908 0.08148446954417103 0.024280067758328628
0 0.5163372327551432 0.396386222473179 0.02581686163775716 0.015245623941276116
0 0.554255748285599 0.397656691134952 0.03065752319483663 0.018351214003387916
0 0.5649455425574829 0.38735177865612647 0.0028237192416296895 0.0033879164313946925
0 0.608713190802743 0.39935064935064934 0.060508269463493344 0.018351214003387916
0 0.6298910851149657 0.3883399209486166 0.003630496167809601 0.004234895539243365
0 0.6490520371117386 0.40796160361377753 0.007260992335619202 0.00564652738565782
