0 0.1581282775312626 0.21456804065499718 0.024203307785397338 0.018633540372670808
0 0.19221460266236384 0.2171089779785432 0.040742234772085516 0.018068887634105024
0 0.24142799515933844 0.21569734613212874 0.038321903993545785 0.020892151326933936
0 0.28943122226704315 0.2204968944099379 0.035901573215006054 0.01129305477131564
0 0.3043565954013715 0.20976849237718803 0.003630496167809601 0.00282326369282891
0 0.3154497781363453 0.2171089779785432 0.014521984671238403 0.015810276679841896
0 0.3237192416296894 0.2100508187464709 0.0028237192416296895 0.0033879164313946925
0 0.33844292053247277 0.2245906267645398 0.028237192416296894 0.017786561264822136
0 0.3870512303348124 0.21964991530208922 0.0536506655909641 0.01129305477131564
0 0.4193223073820089 0.22077922077922077 0.008471157724889069 0.00846979107848673
0 0.4336425978217023 0.22092038396386224 0.014521984671238403 0.007058159232072276
0 0.45966115369100446 0.21964991530208922 0.018152480839048003 0.00846979107848673
0 0.4828559903186769 0.2204968944099379 0.02501008471157725 0.010163749294184076
0 0.5127067365873336 0.22416713721061546 0.011294876966518758 0.01637492941840768
0 0.5312626058894716 0.22077922077922077 0.023396530859217425 0.009034443817052512
0 0.5496167809600645 0.21823828345567475 0.010891488503428802 0.014680971202710334
0 0.5619201290843082 0.2285431959345003 0.0024203307785397336 0.005928853754940711
0 0.5841064945542558 0.21823828345567475 0.02743041549011698 0.015810276679841896
0 0.6325131101250504 0.21781479390175043 0.05486083098023396 0.016092603049124788
0 0.6835417507059298 0.21894409937888198 0.021379588543767647 0.017221908526256352
0 0.7158128277531263 0.21922642574816487 0.0463896732553449 0.016092603049124788
0 0.7624041952400161 0.21950875211744778 0.015328761597418314 0.014963297571993224
0 0.7783380395320694 0.22162619988706944 0.011698265429608713 0.00846979107848673
0 0.799717628075837 0.21725014116318464 0.025413473174667203 0.017786561264822136
0 0.8394513916901977 0.21725014116318464 0.020976200080677694 0.017221908526256352
0 0.16861637757160144 0.26651609260304915 0.03953206938281565 0.018068887634105024
0 0.20028237192416296 0.27413890457368717 0.022993142396127472 0.031055900621118012
0 0.23013311819281967 0.2713156408808583 0.0326744655102864 0.009599096555618294
0 0.25433642597821704 0.26679841897233203 0.013311819281968536 0.01637492941840768
0 0.2698668818071803 0.27738565782044045 0.0024203307785397336 0.006493506493506494
0 0.29386849536103266 0.27103331451157536 0.027833803953206938 0.009599096555618294
0 0.31665994352561516 0.2682100508187465 0.016942315449778138 0.015810276679841896
0 0.3465106897942719 0.2714568040654997 0.01936264622831787 0.009881422924901186
0 0.3743444937474788 0.268068887634105 0.03307785397337636 0.016092603049124788
0 0.40500201694231547 0.27188029361942406 0.024203307785397338 0.007340485601355167
0 0.4265832997176281 0.2684923771880294 0.01573215006050827 0.015810276679841896
0 0.4574425171440097 0.2683512140033879 0.01936264622831787 0.016092603049124788
0 0.4901169826542961 0.26651609260304915 0.035498184751916094 0.019762845849802372
0 0.5246066962484873 0.27188029361942406 0.030254134731746672 0.009034443817052512
0 0.5675675675675675 0.27188029361942406 0.033884630899556276 0.026538678712591756
0 0.6119402985074627 0.2686335403726708 0.033884630899556276 0.016092603049124788
0 0.6502622025010085 0.27060982495765107 0.024203307785397338 0.010446075663466968
0 0.662767244856797 0.2619988706945229 0.0024203307785397336 0.0016939582156973462
0 0.6702299314239613 0.27188029361942406 0.013311819281968536 0.009034443817052512
0 0.6948366276724486 0.26792772444946356 0.02944735780556676 0.01637492941840768
0 0.7131908027430416 0.2768210050818746 0.004033884630899556 0.002540937323546019
0 0.7390076643807987 0.2676453980801807 0.023396530859217425 0.018068887634105024
0 0.781766841468334 0.2670807453416149 0.03953206938281565 0.018068887634105024
0 0.15792658329971762 0.31620553359683795 0.018959257765227916 0.017504234895539244
0 0.17305365066559097 0.3210050818746471 0.009681323114158934 0.009034443817052512
0 0.20250100847115773 0.32269904009034445 0.04195240016135539 0.00846979107848673
0 0.24243646631706334 0.31804065499717676 0.035498184751916094 0.016092603049124788
0 0.26744655102864057 0.32806324110671936 0.004033884630899556 0.007340485601355167
0 0.2936668011294877 0.31804065499717676 0.026623638563937072 0.01948051948051948
0 0.32331585316659944 0.3210050818746471 0.01734570391286809 0.00846979107848673
0 0.3434852763210972 0.32142857142857145 0.020572811617587738 0.00818746470920384
0 0.37333602258975396 0.31281761716544326 0.003630496167809601 0.007340485601355167
0 0.3983461073013312 0.32495765104460755 0.04800322710770472 0.025409373235460192
0 0.43807987091569184 0.3235460191981931 0.028237192416296894 0.009034443817052512
0 0.4519967728922953 0.3147939017504235 0.002016942315449778 0.0016939582156973462
0 0.4673255344897136 0.3277809147374365 0.02864058087938685 0.015810276679841896
0 0.5072609923356192 0.3219932241671372 0.02864058087938685 0.009881422924901186
0 0.5486083098023397 0.3219932241671372 0.02743041549011698 0.009316770186335404
0 0.5867285195643405 0.3191699604743083 0.03993545784590561 0.016657255787690572
0 0.6143606292860024 0.3116883116883117 0.003227107704719645 0.005081874647092038
0 0.6196046793061718 0.3290513833992095 0.0024203307785397336 0.005364201016374929
0 0.6593384429205325 0.31931112365894976 0.04477611940298507 0.01637492941840768
0 0.6986688180718031 0.3198757763975155 0.01290843081887858 0.01637492941840768
0 0.7107704719645018 0.3242518351214003 0.008874546187979023 0.006493506493506494
0 0.7254941508672852 0.3272162619988707 0.014925373134328358 0.015810276679841896
0 0.7482855990318676 0.3190287972896669 0.02581686163775716 0.018068887634105024
0 0.7700685760387252 0.3274985883681536 0.003227107704719645 0.007340485601355167
0 0.7983057684550222 0.31874647092038394 0.026623638563937072 0.01637492941840768
0 0.16054860830980233 0.36702428006775834 0.026623638563937072 0.018633540372670808
0 0.18212989108511496 0.3685770750988142 0.01573215006050827 0.016092603049124788
0 0.22771278741427994 0.36914172783738003 0.0463896732553449 0.020609824957651044
0 0.2757160145219847 0.3706945228684359 0.0463896732553449 0.017504234895539244
0 0.3041549011698265 0.38015245623941274 0.0024203307785397336 0.004799548277809147
0 0.3190802743041549 0.3613777526821005 0.0024203307785397336 0.005081874647092038
0 0.33682936668011293 0.3687182382834557 0.01855586930213796 0.01693958215697346
0 0.36789027833803956 0.3747882552230378 0.015328761597418314 0.029644268774703556
0 0.37797498991528844 0.36476566911349523 0.003227107704719645 0.002258610954263128
0 0.390480032271077 0.37012987012987014 0.02581686163775716 0.014680971202710334
0 0.43263412666397744 0.3699887069452287 0.033481242436466316 0.015527950310559006
0 0.45219846712384026 0.36462450592885376 0.003227107704719645 0.002540937323546019
0 0.45683743444937475 0.3746470920383964 0.010891488503428802 0.009599096555618294
0 0.47962888261395725 0.37775268210050816 0.012101653892698669 0.018068887634105024
0 0.4899152884227511 0.371682665160926 0.007664380798709157 0.01383399209486166
0 0.5131101250504235 0.3743647656691135 0.035498184751916094 0.010163749294184076
0 0.5556676079064139 0.3780350084697911 0.02944735780556676 0.018068887634105024
0 0.5849132714804357 0.37224731789949184 0.03307785397337636 0.007622811970638058
0 0.6248487293263413 0.3725296442687747 0.023396530859217425 0.010446075663466968
0 0.636345300524405 0.3629305477131564 0.0028237192416296895 0.001976284584980237
0 0.6512706736587334 0.37125917560700167 0.024606696248487294 0.01637492941840768
0 0.6926179911254539 0.37351778656126483 0.03711173860427592 0.01129305477131564
0 0.7511093182734974 0.36914172783738003 0.0653489310205728 0.01948051948051948
0 0.8067769261799113 0.3708356860530774 0.02581686163775716 0.017221908526256352
0 0.8354175070592981 0.3740824392998306 0.029850746268656716 0.009034443817052512
0 0.15853166599435256 0.41883116883116883 0.029043969342476807 0.020609824957651044
0 0.18676885841064947 0.4277244494635799 0.028237192416296894 0.014680971202710334
0 0.21520774505849133 0.42165443252399776 0.025413473174667203 0.013269339356295878
0 0.23699072206534894 0.42701863354037267 0.003630496167809601 0.001976284584980237
0 0.25655506252521176 0.41854884246188595 0.023396530859217425 0.01948051948051948
0 0.2801532876159742 0.4201016374929418 0.024606696248487294 0.015245623941276116
0 0.3174667204517951 0.42843026538678713 0.03146430012101654 0.017221908526256352
0 0.3162565550625252 0.41417278373800115 0.003227107704719645 0.0016939582156973462
0 0.3481242436466317 0.4244776962168266 0.02581686163775716 0.00818746470920384
0 0.3860427591770875 0.4289949181253529 0.04437273093989512 0.018351214003387916
0 0.4277934651068979 0.4192546583850932 0.014118596208148447 0.019198193111236588
0 0.4499798305768455 0.423630717108978 0.025413473174667203 0.009316770186335404
0 0.5010084711577248 0.41981931112365894 0.05163372327551432 0.017504234895539244
0 0.564340459862848 0.42843026538678713 0.050826946349334406 0.0189158667419537
0 0.5895522388059702 0.4160079051383399 0.0028237192416296895 0.001411631846414455
0 0.6121419927390077 0.4209486166007905 0.03993545784590561 0.015810276679841896
0 0.6569181121419927 0.42405420666290233 0.03428801936264623 0.009599096555618294
0 0.6809197256958451 0.42843026538678713 0.003227107704719645 0.004799548277809147
0 0.7039128680919726 0.4243365330321852 0.023396530859217425 0.010728402032749858
0 0.7557482855990318 0.4199604743083004 0.0536506655909641 0.01948051948051948
0 0.8029447357805567 0.4191134952004517 0.014118596208148447 0.014963297571993224
0 0.8235175473981444 0.423630717108978 0.022993142396127472 0.01101072840203275
0 0.181726502622025 0.4696499153020892 0.05203711173860428 0.017786561264822136
0 0.24526018555869303 0.4738848108413326 0.04195240016135539 0.009316770186335404
0 0.28075837031060913 0.47035573122529645 0.02581686163775716 0.01693958215697346
0 0.3215006050826946 0.4741671372106155 0.029850746268656716 0.009316770186335404
0 0.3380395320693828 0.4645680406549972 0.003227107704719645 0.002540937323546019
0 0.34630899556272693 0.4743083003952569 0.01573215006050827 0.007340485601355167
0 0.38221056877773296 0.47444946357989837 0.033481242436466316 0.009881422924901186
0 0.40923759580476 0.4712027103331451 0.01734570391286809 0.015810276679841896
0 0.44574425171440096 0.4710615471485037 0.03227107704719645 0.017221908526256352
0 0.472569584509883 0.47571993224167136 0.018152480839048003 0.007905138339920948
0 0.49213392496974584 0.47995482778091475 0.01371520774505849 0.01355166572557877
0 0.5062525211778943 0.4810841332580463 0.003227107704719645 0.00564652738565782
0 0.5302541347317467 0.4707792207792208 0.013311819281968536 0.017786561264822136
0 0.5441710367083501 0.47557876905702995 0.016135538523598225 0.005928853754940711
0 0.5601048810004033 0.47148503670242803 0.013311819281968536 0.014680971202710334
0 0.5929810407422348 0.47219085262563526 0.03711173860427592 0.016657255787690572
0 0.6478418717224688 0.47134387351778656 0.04517950786607503 0.016657255787690572
0 0.691407825736184 0.4803783173348391 0.03469140782573618 0.017786561264822136
0 0.7444534086325131 0.4717673630717109 0.06978620411456232 0.015810276679841896
0 0.791246470350948 0.4748729531338227 0.0028237192416296895 0.00846979107848673
0 0.7960871319080274 0.46513269339356295 0.003630496167809601 0.002540937323546019
0 0.8027430415490117 0.47557876905702995 0.012101653892698669 0.01101072840203275
0 0.16700282371924163 0.5173630717108978 0.024203307785397338 0.020045172219085264
0 0.1801129487696652 0.5148221343873518 0.003630496167809601 0.001976284584980237
0 0.1954417103670835 0.5271033314511575 0.02864058087938685 0.02710333145115754
0 0.2379991932230738 0.519339356295878 0.017749092375958047 0.018351214003387916
0 0.26321097216619604 0.5221626199887069 0.0060508269463493344 0.018351214003387916
0 0.28842275110931825 0.521880293619424 0.014521984671238403 0.017221908526256352
0 0.31887858007260994 0.5251270468661773 0.043162565550625254 0.009599096555618294
0 0.36587333602258976 0.5255505364201016 0.02581686163775716 0.009881422924901186
0 0.3882613957240823 0.5228684359119141 0.011698265429608713 0.014116318464144552
0 0.4277934651068979 0.527244494635799 0.04477611940298507 0.03077357425183512
0 0.4838644614764018 0.5217391304347826 0.02864058087938685 0.019762845849802372
0 0.5048406615570795 0.5268210050818747 0.00927793465106898 0.00846979107848673
0 0.5409439290036305 0.5286561264822134 0.05889471561113352 0.029079616036137776
0 0.5947962888261396 0.5300677583286278 0.027833803953206938 0.026256352343308864
0 0.628075837031061 0.5258328627893846 0.01290843081887858 0.008752117447769622
0 0.6619604679306171 0.5276679841897233 0.01936264622831787 0.03162055335968379
0 0.673053650665591 0.5156691134952005 0.0028237192416296895 0.001976284584980237
0 0.6829366680112948 0.5242800677583286 0.017749092375958047 0.007340485601355167
0 0.7025010084711577 0.5268210050818747 0.0052440500201694235 0.002258610954263128
0 0.7107704719645018 0.527244494635799 0.004033884630899556 0.001976284584980237
0 0.718031464300121 0.5275268210050819 0.003227107704719645 0.001976284584980237
0 0.7234772085518354 0.5261151891586674 0.003630496167809601 0.001976284584980237
