0 0.15792658329971762 0.2127329192546584 0.024606696248487294 0.01948051948051948
0 0.17144009681323114 0.21908526256352343 0.008874546187979023 0.010728402032749858
0 0.1827349737797499 0.21852060982495766 0.015328761597418314 0.011857707509881422
0 0.2018959257765228 0.21583850931677018 0.022993142396127472 0.009881422924901186
0 0.22246873739411052 0.20708639186900057 0.004437273093989512 0.00818746470920384
0 0.22831787010891488 0.21668548842461885 0.012101653892698669 0.008752117447769622
0 0.2690601048810004 0.2137210615471485 0.017749092375958047 0.019198193111236588
0 0.2801532876159742 0.20821569734613213 0.0060508269463493344 0.002540937323546019
0 0.28721258572004843 0.2155561829474873 0.01371520774505849 0.007622811970638058
0 0.30032271077047196 0.21597967250141162 0.013311819281968536 0.009599096555618294
0 0.31665994352561516 0.2127329192546584 0.016135538523598225 0.013269339356295878
0 0.3642597821702299 0.21781479390175043 0.016942315449778138 0.010446075663466968
0 0.37898346107301334 0.21753246753246752 0.014925373134328358 0.00818746470920384
0 0.39774102460669625 0.21470920383963862 0.022589753933037516 0.014963297571993224
0 0.409035901573215 0.20609824957651043 0.0016135538523598225 0.001129305477131564
0 0.4128680919725696 0.20793337097684925 0.0060508269463493344 0.003105590062111801
0 0.42759177087535294 0.21485036702428006 0.03146430012101654 0.007905138339920948
0 0.48325937878176684 0.21626199887069453 0.016942315449778138 0.010163749294184076
0 0.4933440903590157 0.21315640880858272 0.0024203307785397336 0.001129305477131564
0 0.5028237192416297 0.2165443252399774 0.013311819281968536 0.01129305477131564
0 0.5118999596611536 0.21753246753246752 0.007260992335619202 0.01101072840203275
0 0.5645421540943929 0.21485036702428006 0.026220250100847116 0.019198193111236588
0 0.6131504638967326 0.21597967250141162 0.016942315449778138 0.012987012987012988
0 0.6353368293666801 0.21456804065499718 0.021782977006857603 0.01129305477131564
0 0.6466317063331989 0.2155561829474873 0.010488100040338847 0.009881422924901186
0 0.6657926583299718 0.21160361377752682 0.030254134731746672 0.013269339356295878
0 0.6563130294473578 0.20426312817617165 0.008067769261799113 0.003105590062111801
0 0.7115772488906817 0.21287408243929984 0.0024203307785397336 0.001129305477131564
0 0.72730939895119 0.21188594014680973 0.03065752319483663 0.018351214003387916
0 0.7644211375554659 0.2140033879164314 0.01936264622831787 0.02258610954263128
0 0.7763210972166196 0.21894409937888198 0.00927793465106898 0.009316770186335404
0 0.7849939491730537 0.22106154714850368 0.007260992335619202 0.006775832862789385
0 0.7862041145623235 0.20878035008469792 0.004033884630899556 0.001976284584980237
0 0.790843081887858 0.21894409937888198 0.00927793465106898 0.013269339356295878
0 0.8267446551028641 0.2124505928853755 0.01734570391286809 0.012140033879164314
0 0.836425978217023 0.21259175607001693 0.020572811617587738 0.012422360248447204
0 0.8533682936668011 0.2127329192546584 0.013311819281968536 0.012140033879164314
0 0.864461476401775 0.2140033879164314 0.02581686163775716 0.01129305477131564
0 0.8797902379991932 0.21456804065499718 0.016135538523598225 0.010728402032749858
0 0.8947156111335216 0.2124505928853755 0.01371520774505849 0.016092603049124788
0 0.15409439290036306 0.26143421795595706 0.02581686163775716 0.015810276679841896
0 0.1754739814441307 0.26468097120271034 0.016942315449778138 0.012704686617730096
0 0.190802743041549 0.2651044607566347 0.011294876966518758 0.012987012987012988
0 0.21298910851149658 0.26171654432524 0.03227107704719645 0.018633540372670808
0 0.2583703106091166 0.2662337662337662 0.012505042355788625 0.014116318464144552
0 0.27390076643807987 0.2608695652173913 0.012101653892698669 0.020327498588368152
0 0.33662767244856795 0.2632693393562959 0.01734570391286809 0.020609824957651044
0 0.35296490520371115 0.2670807453416149 0.015328761597418314 0.00846979107848673
0 0.3479225494150867 0.25818746470920384 0.0028237192416296895 0.001411631846414455
0 0.3672851956434046 0.25508187464709203 0.007664380798709157 0.00818746470920384
0 0.3741427995159338 0.2556465273856578 0.01008471157724889 0.009881422924901186
0 0.39310205728116177 0.2618577075098814 0.02218636546994756 0.020609824957651044
0 0.4110528438886648 0.2618577075098814 0.023396530859217425 0.01383399209486166
0 0.41044776119402987 0.25395256916996045 0.002016942315449778 0.001411631846414455
0 0.43243243243243246 0.26312817617165446 0.029043969342476807 0.011857707509881422
0 0.4592577652279145 0.2769621682665161 0.014925373134328358 0.012422360248447204
0 0.4989915288422751 0.2641163184641446 0.01936264622831787 0.012140033879164314
0 0.5229931423961275 0.2649632975719932 0.03509479628882614 0.014963297571993224
0 0.5508269463493344 0.2648221343873518 0.019766034691407825 0.009599096555618294
0 0.6151674062121824 0.268068887634105 0.060508269463493344 0.032467532467532464
0 0.6250504235578862 0.25254093732354604 0.002016942315449778 0.001411631846414455
0 0.6561113352158128 0.26256352343308864 0.024606696248487294 0.014116318464144552
0 0.6718434852763211 0.27413890457368717 0.02864058087938685 0.029361942405420668
0 0.6700282371924163 0.25254093732354604 0.005647438483259379 0.001976284584980237
0 0.7014925373134329 0.2732919254658385 0.015328761597418314 0.01129305477131564
0 0.7373941105284388 0.2619988706945229 0.016135538523598225 0.009599096555618294
0 0.7482855990318676 0.26538678712591757 0.0024203307785397336 0.0033879164313946925
0 0.7567567567567568 0.26242236024844723 0.008067769261799113 0.011575381140598532
0 0.77349737797499 0.25903444381705254 0.026220250100847116 0.021174477696216828
0 0.7753126260588947 0.25804630152456237 0.0024203307785397336 0.0016939582156973462
0 0.7898346107301332 0.25169395821569734 0.00645421540943929 0.0036702428006775835
0 0.7944735780556677 0.2649632975719932 0.014925373134328358 0.008752117447769622
0 0.809197256958451 0.2728684359119142 0.02501008471157725 0.032467532467532464
0 0.8019362646228317 0.28049124788255225 0.0016135538523598225 0.001411631846414455
0 0.8525615167406212 0.25663466967814796 0.025413473174667203 0.020892151326933936
0 0.8765631302944735 0.26016374929418407 0.023396530859217425 0.009316770186335404
0 0.15288422751109318 0.31225296442687744 0.014521984671238403 0.017504234895539244
0 0.1674062121823316 0.30759457933370976 0.014521984671238403 0.020609824957651044
0 0.18071803146430013 0.3136645962732919 0.01371520774505849 0.012422360248447204
0 0.20250100847115773 0.3170525127046866 0.03791851553045583 0.01693958215697346
0 0.19302137958854376 0.30039525691699603 0.0060508269463493344 0.00282326369282891
0 0.23557886244453408 0.3198757763975155 0.0024203307785397336 0.002258610954263128
0 0.2743041549011698 0.3102766798418972 0.014521984671238403 0.017504234895539244
0 0.27934651068979427 0.31634669678147936 0.018152480839048003 0.011575381140598532
0 0.28075837031060913 0.30039525691699603 0.0024203307785397336 0.0016939582156973462
0 0.32876159741831384 0.3138057594579334 0.023396530859217425 0.0189158667419537
0 0.34227511093182733 0.3176171654432524 0.011698265429608713 0.010728402032749858
0 0.35034288019362647 0.320016939582157 0.01008471157724889 0.012140033879164314
0 0.3592174263816055 0.3037831733483907 0.0060508269463493344 0.002258610954263128
0 0.36688180718031466 0.320016939582157 0.018959257765227916 0.012704686617730096
0 0.3783783783783784 0.32834556747600224 0.028237192416296894 0.031055900621118012
0 0.4344493747478822 0.3160643704121965 0.02743041549011698 0.016092603049124788
0 0.445340863251311 0.3178994918125353 0.014521984671238403 0.012422360248447204
0 0.49152884227511096 0.3123941276115189 0.01573215006050827 0.020045172219085264
0 0.5112948769665188 0.3147939017504235 0.024606696248487294 0.01355166572557877
0 0.5609116579265833 0.31197063805759456 0.035901573215006054 0.018633540372670808
0 0.5841064945542558 0.3142292490118577 0.01371520774505849 0.01129305477131564
0 0.6153691004437273 0.3160643704121965 0.04154901169826543 0.011575381140598532
0 0.6399757966922146 0.31648785996612083 0.01573215006050827 0.01355166572557877
0 0.6645824929407019 0.31225296442687744 0.035901573215006054 0.015810276679841896
0 0.6532876159741832 0.3026538678712592 0.006857603872529245 0.003952569169960474
0 0.6938281565147236 0.3104178430265387 0.024203307785397338 0.020609824957651044
0 0.7472771278741428 0.30999435347261434 0.018959257765227916 0.019762845849802372
0 0.7575635336829367 0.3157820440429136 0.01290843081887858 0.012704686617730096
0 0.7662363856393707 0.3142292490118577 0.011698265429608713 0.010728402032749858
0 0.763614360629286 0.3005364201016375 0.0024203307785397336 0.001976284584980237
0 0.7670431625655506 0.30237154150197626 0.003630496167809601 0.002258610954263128
0 0.8098023396530859 0.3104178430265387 0.024606696248487294 0.020045172219085264
0 0.8323920935861234 0.31070016939582157 0.03751512706736587 0.023997741389045736
0 0.8305768455022187 0.3026538678712592 0.004033884630899556 0.002258610954263128
0 0.8495361032674466 0.31126482213438733 0.011294876966518758 0.010446075663466968
0 0.8620411456232352 0.3136645962732919 0.022589753933037516 0.012987012987012988
0 0.8701089148850343 0.3219932241671372 0.029850746268656716 0.026256352343308864
0 0.8596208148446954 0.29545454545454547 0.0024203307785397336 0.001976284584980237
0 0.8626462283178701 0.29601919819311123 0.002016942315449778 0.001411631846414455
0 0.8943122226704316 0.31535855448898925 0.014521984671238403 0.012422360248447204
0 0.9054054054054054 0.3156408808582722 0.008471157724889069 0.009599096555618294
0 0.9150867285195643 0.31535855448898925 0.006857603872529245 0.010163749294184076
0 0.9144816458249294 0.3046301524562394 0.0024203307785397336 0.00282326369282891
0 0.926986688180718 0.3135234330886505 0.016135538523598225 0.016657255787690572
0 0.9386849536103268 0.3176171654432524 0.009681323114158934 0.010163749294184076
0 0.9528035498184751 0.3138057594579334 0.017749092375958047 0.017786561264822136
0 0.15127067365873337 0.37351778656126483 0.02581686163775716 0.02710333145115754
0 0.17103670835014118 0.36773009599096557 0.01290843081887858 0.012704686617730096
0 0.19443323920935862 0.36490683229813664 0.020976200080677694 0.0251270468661773
0 0.20774505849132716 0.35304912478825523 0.005647438483259379 0.004799548277809147
0 0.22025010084711577 0.36575381140598534 0.028237192416296894 0.016092603049124788
0 0.24687373941105284 0.36307171089779783 0.017749092375958047 0.019198193111236588
0 0.3154497781363453 0.3699887069452287 0.016135538523598225 0.014398644833427442
0 0.33098023396530857 0.37027103331451156 0.01573215006050827 0.015527950310559006
0 0.35498184751916095 0.36391869000564653 0.023396530859217425 0.0220214568040655
0 0.40217829770068575 0.36377752682100506 0.016135538523598225 0.020045172219085264
0 0.4191206131504639 0.3687182382834557 0.01936264622831787 0.01637492941840768
0 0.4213392496974587 0.35530773574251834 0.0060508269463493344 0.0036702428006775835
0 0.4691407825736184 0.3651891586674195 0.020976200080677694 0.014963297571993224
0 0.48063735377168215 0.37704686617730093 0.03509479628882614 0.03359683794466403
0 0.5201694231544978 0.36490683229813664 0.031060911657926585 0.012704686617730096
0 0.5419524001613554 0.3752117447769622 0.043162565550625254 0.04009034443817053
0 0.5716014521984671 0.358695652173913 0.022589753933037516 0.021174477696216828
0 0.5901573215006051 0.36589497459062675 0.02581686163775716 0.012987012987012988
0 0.6040742234772085 0.37210615471485037 0.002016942315449778 0.0016939582156973462
0 0.6113352158128278 0.3654714850367024 0.014925373134328358 0.017786561264822136
0 0.6070996369503833 0.3699887069452287 0.004033884630899556 0.002540937323546019
0 0.6200080677692618 0.35813099943534726 0.0024203307785397336 0.001976284584980237
0 0.645219846712384 0.378317334839074 0.0060508269463493344 0.003952569169960474
0 0.6936264622831787 0.3606719367588933 0.040742234772085516 0.0251270468661773
0 0.7353771682129892 0.3651891586674195 0.0024203307785397336 0.001976284584980237
0 0.754739814441307 0.36236589497459065 0.041145623235175476 0.020045172219085264
0 0.7783380395320694 0.3629305477131564 0.02379991932230738 0.01948051948051948
0 0.8287615974183138 0.36123658949745907 0.033481242436466316 0.026256352343308864
0 0.854578459056071 0.3622247317899492 0.01734570391286809 0.0220214568040655
0 0.8844292053247277 0.3644833427442123 0.04881000403388463 0.012987012987012988
0 0.917507059298104 0.36900056465273856 0.014118596208148447 0.014680971202710334
0 0.9286002420330779 0.36773009599096557 0.016135538523598225 0.009881422924901186
0 0.9409035901573215 0.36885940146809715 0.01573215006050827 0.009881422924901186
0 0.15429608713190804 0.41318464144551104 0.0326744655102864 0.027950310559006212
0 0.17486889874949577 0.4162902315076228 0.00927793465106898 0.010446075663466968
0 0.1918112141992739 0.4103613777526821 0.014925373134328358 0.016657255787690572
0 0.24223477208551836 0.4126199887069452 0.018152480839048003 0.017786561264822136
0 0.2563533682936668 0.41459627329192544 0.01573215006050827 0.014398644833427442
0 0.30677692617991126 0.4147374364765669 0.0463896732553449 0.020327498588368152
0 0.34187172246873737 0.4202428006775833 0.022993142396127472 0.012140033879164314
0 0.36385639370713996 0.415725578769057 0.01855586930213796 0.018351214003387916
0 0.4300121016538927 0.41459627329192544 0.03469140782573618 0.020609824957651044
0 0.45320693828156516 0.4302653867871259 0.02944735780556676 0.033314511575381144
0 0.4431222267043163 0.4385940146809712 0.002016942315449778 0.002540937323546019
0 0.4762000806776926 0.4158667419536985 0.01573215006050827 0.0220214568040655
0 0.4872932634126664 0.41671372106154714 0.01855586930213796 0.012987012987012988
0 0.5016135538523598 0.4171372106154715 0.014118596208148447 0.012704686617730096
0 0.518354175070593 0.415725578769057 0.015328761597418314 0.013269339356295878
0 0.5312626058894716 0.42603049124788256 0.035498184751916094 0.030491247882552232
0 0.5907624041952401 0.41643139469226426 0.01734570391286809 0.018068887634105024
0 0.6379588543767648 0.41445511010728403 0.019766034691407825 0.015810276679841896
0 0.6597418313836224 0.4113495200451722 0.02864058087938685 0.019198193111236588
0 0.681726502622025 0.4126199887069452 0.011294876966518758 0.009316770186335404
0 0.6956434045986285 0.41671372106154714 0.018959257765227916 0.012987012987012988
0 0.7071399757966922 0.4234895539243365 0.02581686163775716 0.028232636928289104
0 0.718434852763211 0.41318464144551104 0.0016135538523598225 0.001976284584980237
0 0.735982250907624 0.42701863354037267 0.01653892698668818 0.01383399209486166
0 0.7771278741427995 0.4137492941840768 0.03509479628882614 0.014963297571993224
0 0.8057684550221864 0.4148785996612084 0.031060911657926585 0.013269339356295878
0 0.8013311819281969 0.4385940146809712 0.0060508269463493344 0.007622811970638058
0 0.8386446147640177 0.4227837380011293 0.07745058491327148 0.04206662902315076
0 0.8662767244856797 0.4007622811970638 0.0028237192416296895 0.001411631846414455
0 0.8826139572408229 0.40217391304347827 0.007260992335619202 0.003105590062111801
0 0.8888664784187172 0.4153020892151327 0.013311819281968536 0.007340485601355167
0 0.890278338039532 0.4116318464144551 0.003227107704719645 0.001129305477131564
0 0.1661960467930617 0.46696781479390176 0.023396530859217425 0.015245623941276116
0 0.16498588140379186 0.45920383963862227 0.0016135538523598225 0.001411631846414455
0 0.18676885841064947 0.4678147939017504 0.009681323114158934 0.010728402032749858
0 0.20673658733360226 0.46852060982495763 0.01734570391286809 0.008752117447769622
0 0.27611940298507465 0.4686617730095991 0.025413473174667203 0.011857707509881422
0 0.29164985881403793 0.46725014116318464 0.012101653892698669 0.012422360248447204
0 0.30899556272690604 0.4658385093167702 0.026623638563937072 0.018068887634105024
0 0.3031464300121017 0.45426312817617165 0.0052440500201694235 0.002258610954263128
0 0.3239209358612344 0.46287408243929984 0.01936264622831787 0.0189158667419537
0 0.37676482452601856 0.4665443252399774 0.01290843081887858 0.015527950310559006
0 0.43303751512706734 0.4741671372106155 0.038321903993545785 0.032467532467532464
0 0.4352561516740621 0.46357989836250707 0.0016135538523598225 0.0016939582156973462
0 0.45118999596611536 0.466403162055336 0.002016942315449778 0.0016939582156973462
0 0.4582492940701896 0.4699322416713721 0.01371520774505849 0.014963297571993224
0 0.48527632109721663 0.4640033879164314 0.03146430012101654 0.020609824957651044
0 0.5024203307785398 0.4655561829474873 0.033481242436466316 0.015245623941276116
0 0.5764421137555465 0.466403162055336 0.017749092375958047 0.014116318464144552
0 0.6006454215409439 0.46597967250141165 0.03469140782573618 0.0251270468661773
0 0.6577248890681726 0.46950875211744775 0.020572811617587738 0.01355166572557877
0 0.6831383622428399 0.4662619988706945 0.02944735780556676 0.021739130434782608
0 0.7039128680919726 0.4675324675324675 0.01855586930213796 0.009034443817052512
0 0.7234772085518354 0.46809712027103334 0.022993142396127472 0.015810276679841896
0 0.7410246066962485 0.4704968944099379 0.016135538523598225 0.013269339356295878
0 0.7555465913674869 0.4719085262563523 0.017749092375958047 0.014963297571993224
0 0.7533279548204921 0.457227555053642 0.008471157724889069 0.0036702428006775835
0 0.7648245260185559 0.47783738001129306 0.026623638563937072 0.026821005081874648
0 0.8204921339249698 0.4678147939017504 0.01855586930213796 0.010728402032749858
0 0.8271480435659541 0.4710615471485037 0.003630496167809601 0.001411631846414455
0 0.8396530859217426 0.46513269339356295 0.018152480839048003 0.020045172219085264
0 0.854578459056071 0.4675324675324675 0.012505042355788625 0.01129305477131564
0 0.8691004437273094 0.46696781479390176 0.018959257765227916 0.010728402032749858
0 0.8789834610730133 0.4668266516092603 0.008874546187979023 0.00818746470920384
0 0.8888664784187172 0.4673913043478261 0.008471157724889069 0.007622811970638058
0 0.8939088342073417 0.4642857142857143 0.004033884630899556 0.002540937323546019
0 0.9150867285195643 0.46273291925465837 0.04477611940298507 0.015810276679841896
0 0.9316256555062525 0.47586109542631283 0.011698265429608713 0.007622811970638058
0 0.1700282371924163 0.5173630717108978 0.0391286809197257 0.017786561264822136
0 0.20431625655506253 0.5162337662337663 0.02702702702702703 0.012140033879164314
0 0.23658733360225898 0.5166572557876906 0.010891488503428802 0.0016939582156973462
0 0.263614360629286 0.5186335403726708 0.021379588543767647 0.0220214568040655
0 0.29043969342476805 0.5189158667419537 0.03711173860427592 0.014680971202710334
0 0.32412263009277936 0.5262563523433089 0.03428801936264623 0.024280067758328628
0 0.3483259378781767 0.5207509881422925 0.018959257765227916 0.013269339356295878
0 0.3622428398547802 0.5187747035573123 0.016135538523598225 0.009316770186335404
0 0.3745461879790238 0.5189158667419537 0.01653892698668818 0.010728402032749858
0 0.38019362646228316 0.5138339920948617 0.002016942315449778 0.001129305477131564
0 0.3961274707543364 0.5153867871259176 0.022589753933037516 0.0189158667419537
0 0.46147640177490923 0.5204686617730095 0.016135538523598225 0.017786561264822136
0 0.47761194029850745 0.5210333145115754 0.01371520774505849 0.009881422924901186
0 0.499798305768455 0.5151044607566346 0.017749092375958047 0.016657255787690572
0 0.5691811214199274 0.5204686617730095 0.03711173860427592 0.015527950310559006
0 0.600242033077854 0.516798418972332 0.02581686163775716 0.021739130434782608
0 0.6141589350544574 0.5223037831733484 0.012505042355788625 0.010163749294184076
0 0.6202097620008068 0.5180688876341051 0.0060508269463493344 0.0033879164313946925
0 0.6407825736183945 0.5173630717108978 0.03509479628882614 0.0189158667419537
0 0.6803146430012101 0.5316205533596838 0.01573215006050827 0.012422360248447204
0 0.7164179104477612 0.5183512140033879 0.02016942315449778 0.01693958215697346
0 0.7371924162968939 0.5175042348955392 0.013311819281968536 0.00846979107848673
0 0.755143202904397 0.5145398080180689 0.022589753933037516 0.020609824957651044
0 0.790843081887858 0.5163749294184077 0.02218636546994756 0.014116318464144552
0 0.8100040338846309 0.5165160926030491 0.01290843081887858 0.008752117447769622
0 0.837232755143203 0.5172219085262564 0.027833803953206938 0.014116318464144552
0 0.8491327148043566 0.5182100508187465 0.01371520774505849 0.014963297571993224
0 0.864058087938685 0.5132693393562959 0.02016942315449778 0.020892151326933936
0 0.8735377168212989 0.5251270468661773 0.030254134731746672 0.021456804065499716
0 0.86345300524405 0.5018351214003388 0.008471157724889069 0.004234895539243365
0 0.8749495764421138 0.5158102766798419 0.005647438483259379 0.005081874647092038
0 0.1536910044372731 0.5714285714285714 0.01371520774505849 0.015245623941276116
0 0.1674062121823316 0.5670525127046866 0.021782977006857603 0.010446075663466968
0 0.15974183138362244 0.5563241106719368 0.005647438483259379 0.005364201016374929
0 0.18212989108511496 0.568746470920384 0.021379588543767647 0.013269339356295878
0 0.19342476805163372 0.5686053077357425 0.012505042355788625 0.01355166572557877
0 0.20835014118596207 0.5645115753811406 0.026220250100847116 0.020609824957651044
0 0.2045179507866075 0.5535008469791078 0.00645421540943929 0.0036702428006775835
0 0.2525211778943122 0.5630999435347261 0.05486083098023396 0.021174477696216828
0 0.24808390480032272 0.5645115753811406 0.007260992335619202 0.004234895539243365
0 0.24848729326341268 0.5614059853190287 0.005647438483259379 0.002540937323546019
0 0.31585316659943524 0.581733483907397 0.017749092375958047 0.021174477696216828
0 0.3574021782977007 0.5722755505364201 0.022589753933037516 0.019198193111236588
0 0.3721258572004841 0.5667701863354038 0.03509479628882614 0.017221908526256352
0 0.4027833803953207 0.5630999435347261 0.02864058087938685 0.022868435911914172
0 0.4189189189189189 0.5556182947487295 0.004437273093989512 0.005081874647092038
0 0.4322307382008875 0.5657820440429137 0.02944735780556676 0.012987012987012988
0 0.4560306575231948 0.5639469226425748 0.01653892698668818 0.017221908526256352
0 0.5062525211778943 0.5670525127046866 0.01371520774505849 0.013269339356295878
0 0.5189592577652279 0.568746470920384 0.019766034691407825 0.012140033879164314
0 0.5423557886244453 0.5645115753811406 0.021379588543767647 0.020045172219085264
0 0.5988301734570391 0.5753811405985318 0.03993545784590561 0.030491247882552232
0 0.6260588947156112 0.5650762281197064 0.020976200080677694 0.013269339356295878
0 0.6419927390076644 0.5642292490118577 0.018152480839048003 0.00818746470920384
0 0.6702299314239613 0.5666290231507622 0.0391286809197257 0.014116318464144552
0 0.7037111738604276 0.5647939017504235 0.02218636546994756 0.01101072840203275
0 0.7178297700685761 0.5657820440429137 0.018959257765227916 0.012422360248447204
0 0.7309398951189996 0.5618294748729531 0.00645421540943929 0.0016939582156973462
0 0.7373941105284388 0.5667701863354038 0.01290843081887858 0.012704686617730096
0 0.7553448971359419 0.5670525127046866 0.027833803953206938 0.014963297571993224
0 0.7426381605486083 0.551948051948052 0.0016135538523598225 0.001129305477131564
0 0.7642194433239209 0.5810276679841897 0.0318676885841065 0.03896103896103896
0 0.8039532069382815 0.5780632411067194 0.011294876966518758 0.007622811970638058
0 0.8426784993949173 0.549124788255223 0.011294876966518758 0.009599096555618294
0 0.8594191206131505 0.5577357425183512 0.018152480839048003 0.017786561264822136
0 0.8779749899152884 0.5598531902879729 0.01734570391286809 0.00564652738565782
0 0.8941105284388866 0.5573122529644269 0.014118596208148447 0.01637492941840768
0 0.1897942718838241 0.6136363636363636 0.0326744655102864 0.026821005081874648
0 0.25574828559903184 0.6181535855448899 0.017749092375958047 0.016657255787690572
0 0.2843888664784187 0.6256352343308865 0.06292860024203308 0.03387916431394692
0 0.32210568777732956 0.6175889328063241 0.014925373134328358 0.012140033879164314
0 0.3390480032271077 0.617871259175607 0.019766034691407825 0.008752117447769622
0 0.3481242436466317 0.6214003387916431 0.004033884630899556 0.00282326369282891
0 0.3563937071399758 0.61914172783738 0.013311819281968536 0.009599096555618294
0 0.418313836224284 0.6160361377752682 0.035498184751916094 0.024844720496894408
0 0.49152884227511096 0.6151891586674195 0.038321903993545785 0.018633540372670808
0 0.5235982250907624 0.6175889328063241 0.022589753933037516 0.010446075663466968
0 0.5377168212989109 0.6288819875776398 0.035498184751916094 0.03303218520609825
0 0.5627269060104881 0.6151891586674195 0.012101653892698669 0.00564652738565782
0 0.5659540137152077 0.61914172783738 0.004033884630899556 0.006211180124223602
0 0.5750302541347317 0.6188594014680971 0.014118596208148447 0.011857707509881422
0 0.5929810407422348 0.6167419536984754 0.017749092375958047 0.00818746470920384
0 0.5869302137958854 0.6019198193111237 0.004033884630899556 0.00282326369282891
0 0.645018152480839 0.6181535855448899 0.017749092375958047 0.013269339356295878
0 0.6692214602662364 0.6133540372670807 0.02581686163775716 0.020609824957651044
0 0.7164179104477612 0.6139186900056465 0.021782977006857603 0.017221908526256352
0 0.7283178701089149 0.6154714850367025 0.010891488503428802 0.01129305477131564
0 0.7365873336022589 0.6120835686053078 0.008874546187979023 0.006211180124223602
0 0.7549415086728519 0.6139186900056465 0.03751512706736587 0.014398644833427442
0 0.8206938281565147 0.6185770750988142 0.043162565550625254 0.02258610954263128
0 0.8313836224283986 0.6144833427442123 0.005647438483259379 0.004234895539243365
0 0.8473174667204518 0.6243647656691135 0.012505042355788625 0.01383399209486166
0 0.8592174263816055 0.627046866177301 0.026623638563937072 0.025409373235460192
0 0.8499394917305365 0.60742518351214 0.005647438483259379 0.004799548277809147
0 0.1865671641791045 0.6678430265386787 0.018152480839048003 0.013269339356295878
0 0.1936264622831787 0.6634669678147939 0.003227107704719645 0.001129305477131564
0 0.20270270270270271 0.6695369847543761 0.011698265429608713 0.014398644833427442
0 0.22206534893102056 0.6699604743083004 0.01573215006050827 0.014116318464144552
0 0.23598225090762404 0.6688311688311688 0.017749092375958047 0.014116318464144552
0 0.2525211778943122 0.6658667419536984 0.014521984671238403 0.020045172219085264
0 0.2688584106494554 0.6740542066629023 0.004437273093989512 0.005364201016374929
0 0.2882210568777733 0.653020892151327 0.01008471157724889 0.011857707509881422
