0 0.1555062525211779 0.21230942970073405 0.014925373134328358 0.018633540372670808
0 0.17224687373941105 0.21908526256352343 0.012101653892698669 0.01129305477131564
0 0.18515530455828963 0.21753246753246752 0.010488100040338847 0.011575381140598532
0 0.19604679306171843 0.20539243365330323 0.004033884630899556 0.003105590062111801
0 0.19604679306171843 0.21753246753246752 0.0024203307785397336 0.00818746470920384
0 0.20411456232351755 0.20143986448334275 0.0024203307785397336 0.002540937323546019
0 0.20512303348124244 0.21188594014680973 0.004437273093989512 0.018351214003387916
0 0.25010084711577246 0.21823828345567475 0.014521984671238403 0.010728402032749858
0 0.26321097216619604 0.21513269339356295 0.00927793465106898 0.020892151326933936
0 0.27309398951189995 0.21950875211744778 0.009681323114158934 0.009316770186335404
0 0.2880193626462283 0.22656691134952003 0.016135538523598225 0.0251270468661773
0 0.30475998386446146 0.22501411631846416 0.014118596208148447 0.024844720496894408
0 0.31766841468334006 0.21795595708639187 0.01008471157724889 0.009599096555618294
0 0.3315853166599435 0.217673630717109 0.01371520774505849 0.009599096555618294
0 0.34066155707946755 0.21075663466967814 0.004437273093989512 0.022303783173348392
0 0.3826139572408229 0.2121682665160926 0.013311819281968536 0.01948051948051948
0 0.3973376361436063 0.21541501976284586 0.010488100040338847 0.010163749294184076
0 0.41629689390883423 0.21583850931677018 0.01855586930213796 0.011575381140598532
0 0.43606292860024204 0.2161208356860531 0.014521984671238403 0.01101072840203275
0 0.45018152480839047 0.21795595708639187 0.00645421540943929 0.007905138339920948
0 0.4592577652279145 0.2127329192546584 0.014118596208148447 0.021739130434782608
0 0.472569584509883 0.21753246753246752 0.011698265429608713 0.01101072840203275
0 0.5262202501008472 0.21160361377752682 0.014118596208148447 0.021174477696216828
0 0.5467930617184349 0.21301524562394128 0.024606696248487294 0.021174477696216828
0 0.5869302137958854 0.21428571428571427 0.012101653892698669 0.0220214568040655
0 0.5978217022993142 0.21075663466967814 0.003227107704719645 0.0036702428006775835
0 0.5988301734570391 0.2204968944099379 0.0028237192416296895 0.007340485601355167
0 0.6145623235175474 0.21880293619424054 0.014118596208148447 0.010728402032749858
0 0.6278741427995159 0.22007340485601354 0.003630496167809601 0.007058159232072276
0 0.6288826139572409 0.20638057594579334 0.003227107704719645 0.00282326369282891
0 0.6399757966922146 0.22063805759457933 0.010891488503428802 0.009316770186335404
0 0.654497781363453 0.2285431959345003 0.011698265429608713 0.026821005081874648
0 0.6829366680112948 0.21894409937888198 0.00645421540943929 0.01101072840203275
0 0.691407825736184 0.21852060982495766 0.01371520774505849 0.010163749294184076
0 0.7057281161758774 0.21922642574816487 0.012505042355788625 0.009881422924901186
0 0.7283178701089149 0.21908526256352343 0.024606696248487294 0.007340485601355167
0 0.7474788221056877 0.22219085262563523 0.0024203307785397336 0.0016939582156973462
0 0.7765227914481646 0.2056747600225861 0.0024203307785397336 0.003105590062111801
0 0.7833803953206938 0.2161208356860531 0.004033884630899556 0.012140033879164314
0 0.7922549415086728 0.20652173913043478 0.003227107704719645 0.009316770186335404
0 0.8035498184751916 0.2183794466403162 0.02016942315449778 0.007622811970638058
0 0.15711980637353773 0.26665725578769056 0.014925373134328358 0.014963297571993224
0 0.1782977006857604 0.26693958215697344 0.014521984671238403 0.01101072840203275
0 0.1920129084308189 0.26905702992659514 0.005647438483259379 0.009599096555618294
0 0.20371117386042759 0.26877470355731226 0.010488100040338847 0.010728402032749858
0 0.25231948366276724 0.274703557312253 0.014118596208148447 0.018633540372670808
0 0.2515127067365873 0.2676453980801807 0.003630496167809601 0.010728402032749858
0 0.2692617991125454 0.268068887634105 0.01008471157724889 0.00818746470920384
0 0.2835820895522388 0.2683512140033879 0.010488100040338847 0.007622811970638058
0 0.33985478015328763 0.26877470355731226 0.020572811617587738 0.009034443817052512
0 0.3612343686970553 0.2682100508187465 0.013311819281968536 0.00846979107848673
0 0.37232755143202906 0.2684923771880294 0.008874546187979023 0.010728402032749858
0 0.3826139572408229 0.26341050254093734 0.007664380798709157 0.019762845849802372
0 0.43485276321097216 0.2649632975719932 0.016942315449778138 0.016092603049124788
0 0.4292053247277128 0.25578769057029926 0.0024203307785397336 0.0016939582156973462
0 0.4526018555869302 0.26778656126482214 0.015328761597418314 0.009881422924901186
0 0.4953610326744655 0.2636928289102202 0.01290843081887858 0.01637492941840768
0 0.5050423557886244 0.2684923771880294 0.004033884630899556 0.009034443817052512
0 0.5066559096409843 0.26030491247882553 0.0024203307785397336 0.003952569169960474
0 0.517749092375958 0.26778656126482214 0.00927793465106898 0.01101072840203275
0 0.5256151674062122 0.2683512140033879 0.008874546187979023 0.009316770186335404
0 0.5375151270673659 0.2628458498023715 0.013311819281968536 0.018633540372670808
0 0.5611133521581283 0.27738565782044045 0.004840661557079467 0.009881422924901186
0 0.5786607503025414 0.25790513833992096 0.0028237192416296895 0.008752117447769622
0 0.6046793061718435 0.2639751552795031 0.015328761597418314 0.018633540372670808
0 0.6155707946752723 0.2713156408808583 0.003227107704719645 0.003952569169960474
0 0.618596208148447 0.2584697910784867 0.003630496167809601 0.005364201016374929
0 0.6244453408632513 0.2684923771880294 0.012101653892698669 0.010728402032749858
0 0.6595401371520775 0.2696216826651609 0.01936264622831787 0.00846979107848673
0 0.6770875352964906 0.2707509881422925 0.01008471157724889 0.010163749294184076
0 0.7067365873336022 0.2636928289102202 0.04517950786607503 0.019762845849802372
0 0.7470754336425979 0.2683512140033879 0.004033884630899556 0.007622811970638058
0 0.7503025413473174 0.25790513833992096 0.004840661557079467 0.005364201016374929
0 0.7617991125453812 0.268068887634105 0.011698265429608713 0.009881422924901186
0 0.77349737797499 0.26792772444946356 0.010891488503428802 0.012422360248447204
0 0.7835820895522388 0.2676453980801807 0.003630496167809601 0.009034443817052512
0 0.7837837837837838 0.25607001693958215 0.003227107704719645 0.0033879164313946925
0 0.7930617184348527 0.2686335403726708 0.01371520774505849 0.012140033879164314
0 0.8158531665994353 0.26157538114059853 0.0318676885841065 0.022868435911914172
0 0.8386446147640177 0.2737154150197628 0.005647438483259379 0.003105590062111801
0 0.1498588140379185 0.29686617730095993 0.002016942315449778 0.004799548277809147
0 0.16377571601452198 0.3071710897797854 0.012101653892698669 0.02258610954263128
0 0.17648245260185558 0.31592320722755507 0.01008471157724889 0.010163749294184076
0 0.1920129084308189 0.31648785996612083 0.01371520774505849 0.009034443817052512
0 0.19786204114562322 0.3040654997176736 0.0028237192416296895 0.007905138339920948
0 0.20512303348124244 0.3170525127046866 0.006857603872529245 0.009034443817052512
0 0.21520774505849133 0.3181818181818182 0.014925373134328358 0.01129305477131564
0 0.27591770875352967 0.31945228684359117 0.03146430012101654 0.013269339356295878
0 0.29790237999193225 0.3272162619988707 0.01008471157724889 0.025409373235460192
0 0.33884630899556273 0.31154714850367027 0.003227107704719645 0.0036702428006775835
0 0.3402581686163776 0.32156973461321287 0.0060508269463493344 0.009034443817052512
0 0.3557886244453409 0.32185206098249575 0.009681323114158934 0.01129305477131564
0 0.3688987494957644 0.32241671372106157 0.008471157724889069 0.010728402032749858
0 0.3765631302944736 0.3094297007340486 0.003630496167809601 0.004517221908526256
0 0.3771682129891085 0.32269904009034445 0.003227107704719645 0.005081874647092038
0 0.39108511496571197 0.3154997176736307 0.013311819281968536 0.015527950310559006
0 0.4027833803953207 0.32029926595143987 0.011698265429608713 0.011575381140598532
0 0.4213392496974587 0.3160643704121965 0.01653892698668818 0.0189158667419537
0 0.43828156514723676 0.3197346132128741 0.011698265429608713 0.009316770186335404
0 0.45340863251311014 0.3256634669678148 0.003227107704719645 0.007058159232072276
0 0.49213392496974584 0.3178994918125353 0.01371520774505849 0.014116318464144552
0 0.5116982654296087 0.3188876341050254 0.018959257765227916 0.008752117447769622
0 0.5280354981847519 0.32481648785996614 0.010488100040338847 0.017786561264822136
0 0.5494150867285196 0.3201581027667984 0.02501008471157725 0.011857707509881422
0 0.5689794271883825 0.3255223037831734 0.01008471157724889 0.019762845849802372
0 0.5800726099233562 0.3243929983060418 0.004033884630899556 0.0016939582156973462
0 0.5859217426381605 0.3090062111801242 0.004437273093989512 0.010446075663466968
0 0.6175877369907221 0.3073122529644269 0.0024203307785397336 0.006493506493506494
0 0.627269060104881 0.3132411067193676 0.004033884630899556 0.017221908526256352
0 0.6319080274304155 0.305759457933371 0.0028237192416296895 0.006775832862789385
0 0.6417910447761194 0.31945228684359117 0.01936264622831787 0.009881422924901186
0 0.6855586930213796 0.31507622811970637 0.018152480839048003 0.021456804065499716
0 0.7047196450181524 0.3170525127046866 0.014521984671238403 0.015810276679841896
0 0.7198467123840259 0.3073122529644269 0.018152480839048003 0.004234895539243365
0 0.7178297700685761 0.31733483907396953 0.003630496167809601 0.015245623941276116
0 0.7521177894312223 0.3169113495200452 0.014925373134328358 0.01948051948051948
0 0.7648245260185559 0.3129587803500847 0.004033884630899556 0.001976284584980237
0 0.7646228317870108 0.322557876905703 0.003630496167809601 0.009316770186335404
0 0.7743041549011698 0.32185206098249575 0.0060508269463493344 0.010728402032749858
0 0.782371924162969 0.3204404291360813 0.00927793465106898 0.009034443817052512
0 0.7944735780556677 0.31521739130434784 0.013311819281968536 0.01948051948051948
0 0.14945542557482855 0.36674195369847545 0.014925373134328358 0.012987012987012988
0 0.17103670835014118 0.36236589497459065 0.02743041549011698 0.020609824957651044
0 0.21883824122630094 0.3629305477131564 0.0052440500201694235 0.020045172219085264
0 0.22670431625655507 0.3541784302653868 0.003227107704719645 0.00818746470920384
0 0.23860427591770875 0.3684359119141728 0.01653892698668818 0.009034443817052512
0 0.27833803953206937 0.36462450592885376 0.016942315449778138 0.020609824957651044
0 0.2962888261395724 0.36645962732919257 0.01653892698668818 0.01693958215697346
0 0.31484469544171034 0.35587238848108416 0.021379588543767647 0.004234895539243365
0 0.3136345300524405 0.36617730095990964 0.003630496167809601 0.012422360248447204
0 0.35518354175070593 0.36928289102202144 0.004437273093989512 0.00846979107848673
0 0.3553852359822509 0.3579898362507058 0.004033884630899556 0.0033879164313946925
0 0.3656716417910448 0.37012987012987014 0.007664380798709157 0.010728402032749858
0 0.37797498991528844 0.37125917560700167 0.00645421540943929 0.009599096555618294
0 0.3862444534086325 0.3725296442687747 0.0028237192416296895 0.00818746470920384
0 0.3874546187979024 0.3588368153585545 0.0028237192416296895 0.002258610954263128
0 0.3991528842275111 0.36589497459062675 0.010891488503428802 0.019762845849802372
0 0.41327148043565953 0.37027103331451156 0.012505042355788625 0.010446075663466968
0 0.43505445744251714 0.36490683229813664 0.013311819281968536 0.018351214003387916
0 0.445139169019766 0.36462450592885376 0.0060508269463493344 0.017786561264822136
0 0.4538120209762001 0.36885940146809715 0.011294876966518758 0.009881422924901186
0 0.4661153691004437 0.37295313382269907 0.003630496167809601 0.00282326369282891
0 0.47519160951996775 0.3598249576510446 0.004033884630899556 0.01383399209486166
0 0.5139169019766034 0.354884246188594 0.0024203307785397336 0.00846979107848673
0 0.5274304154901169 0.364059853190288 0.010891488503428802 0.023433088650479956
0 0.536304961678096 0.3681535855448899 0.010891488503428802 0.011857707509881422
0 0.545582896329165 0.36801242236024845 0.006857603872529245 0.011575381140598532
0 0.554457442517144 0.3781761716544325 0.013311819281968536 0.028514963297571992
0 0.5526421944332393 0.3685770750988142 0.004033884630899556 0.008752117447769622
0 0.6022589753933038 0.367871259175607 0.02016942315449778 0.012987012987012988
0 0.6163775716014522 0.36885940146809715 0.010488100040338847 0.01101072840203275
0 0.6250504235578862 0.36391869000564653 0.006857603872529245 0.023715415019762844
0 0.6296893908834207 0.36391869000564653 0.008067769261799113 0.023150762281197064
0 0.6472367890278338 0.3651891586674195 0.008471157724889069 0.020045172219085264
0 0.6605486083098023 0.36561264822134387 0.020572811617587738 0.019762845849802372
0 0.6780960064542154 0.3706945228684359 0.010488100040338847 0.009034443817052512
0 0.6895925776522791 0.3752117447769622 0.0028237192416296895 0.0016939582156973462
0 0.6964501815248084 0.35530773574251834 0.003630496167809601 0.010446075663466968
0 0.7311415893505446 0.3634952004517222 0.012505042355788625 0.023997741389045736
0 0.7392093586123437 0.3697063805759458 0.0028237192416296895 0.007622811970638058
0 0.7412263009277935 0.35841332580463015 0.004437273093989512 0.0036702428006775835
0 0.7490923759580476 0.3687182382834557 0.009681323114158934 0.011857707509881422
0 0.1565147236789028 0.4147374364765669 0.02743041549011698 0.018068887634105024
0 0.17466720451795079 0.41318464144551104 0.008874546187979023 0.022868435911914172
0 0.19786204114562322 0.4127611518915867 0.033481242436466316 0.020892151326933936
0 0.254941508672852 0.42165443252399776 0.012101653892698669 0.013269339356295878
0 0.28479225494150867 0.4140316205533597 0.03711173860427592 0.025691699604743084
0 0.30798709156918114 0.4201016374929418 0.01008471157724889 0.009599096555618294
0 0.32029043969342474 0.4147374364765669 0.01290843081887858 0.020892151326933936
0 0.38140379185155304 0.4212309429700734 0.020572811617587738 0.010163749294184076
0 0.3949173053650666 0.4072557876905703 0.0024203307785397336 0.001976284584980237
0 0.39552238805970147 0.42207792207792205 0.003630496167809601 0.00564652738565782
0 0.39673255344897135 0.4095143986448334 0.0028237192416296895 0.001976284584980237
0 0.40641387656313027 0.4155844155844156 0.0060508269463493344 0.023150762281197064
0 0.4189189189189189 0.41431394692264256 0.010891488503428802 0.021174477696216828
0 0.4703509479628883 0.4202428006775833 0.010488100040338847 0.012704686617730096
0 0.4844695441710367 0.4209486166007905 0.010488100040338847 0.007340485601355167
0 0.49757966922146024 0.4147374364765669 0.012505042355788625 0.0220214568040655
0 0.5211778943122227 0.41953698475437606 0.03146430012101654 0.012422360248447204
0 0.5405405405405406 0.4147374364765669 0.008067769261799113 0.019762845849802372
0 0.5500201694231545 0.41869000564652736 0.012505042355788625 0.010163749294184076
0 0.5709963695038321 0.4155844155844156 0.027833803953206938 0.023150762281197064
0 0.5883420734167003 0.422360248447205 0.0028237192416296895 0.005081874647092038
0 0.5907624041952401 0.409373235460192 0.0028237192416296895 0.004517221908526256
0 0.600040338846309 0.42080745341614906 0.014118596208148447 0.006493506493506494
0 0.6101250504235579 0.43068887634105024 0.00927793465106898 0.028514963297571992
0 0.6236385639370714 0.4230660643704122 0.0024203307785397336 0.001976284584980237
0 0.6510689794271883 0.4064088085827216 0.0024203307785397336 0.001411631846414455
0 0.6514723678902783 0.4097967250141163 0.0024203307785397336 0.0036702428006775835
0 0.6587333602258976 0.4161490683229814 0.008874546187979023 0.019198193111236588
0 0.6647841871722469 0.4199604743083004 0.009681323114158934 0.011575381140598532
0 0.6750705929810408 0.4213721061547149 0.008471157724889069 0.009316770186335404
0 0.6867688584106495 0.4083850931677019 0.0028237192416296895 0.00818746470920384
0 0.6986688180718031 0.42066629023150764 0.004840661557079467 0.010728402032749858
0 0.7031060911657927 0.41699604743083 0.0024203307785397336 0.002258610954263128
0 0.7073416700282372 0.42080745341614906 0.006857603872529245 0.009881422924901186
0 0.7416296893908835 0.41854884246188595 0.030254134731746672 0.0189158667419537
0 0.77269060104881 0.4178430265386787 0.008471157724889069 0.021456804065499716
0 0.7803549818475192 0.423630717108978 0.0028237192416296895 0.005364201016374929
0 0.7807583703106091 0.4105025409373235 0.0028237192416296895 0.0033879164313946925
0 0.7876159741831383 0.42377188029361945 0.0052440500201694235 0.009599096555618294
0 0.7938684953610327 0.42264257481648787 0.008874546187979023 0.010163749294184076
0 0.8041549011698266 0.4155844155844156 0.014925373134328358 0.023150762281197064
0 0.8194836627672448 0.4257481648785997 0.0052440500201694235 0.005081874647092038
0 0.1591367486889875 0.46612083568605306 0.026220250100847116 0.026538678712591756
0 0.1843485276321097 0.46569734613212876 0.016135538523598225 0.021739130434782608
0 0.20512303348124244 0.46386222473178995 0.024606696248487294 0.020892151326933936
0 0.22609923356192013 0.4761434217955957 0.011698265429608713 0.021174477696216828
0 0.2390076643807987 0.45976849237718803 0.0028237192416296895 0.00818746470920384
0 0.24969745865268253 0.4699322416713721 0.01290843081887858 0.012704686617730096
0 0.2936668011294877 0.466403162055336 0.011294876966518758 0.020327498588368152
0 0.3071803146430012 0.4719085262563523 0.0028237192416296895 0.009881422924901186
0 0.3108108108108108 0.45962732919254656 0.003630496167809601 0.005081874647092038
0 0.32109721661960466 0.47148503670242803 0.004840661557079467 0.010163749294184076
0 0.3307785397337636 0.4704968944099379 0.011294876966518758 0.009316770186335404
0 0.3434852763210972 0.47007340485601357 0.014925373134328358 0.020892151326933936
0 0.3537716821298911 0.4792490118577075 0.0024203307785397336 0.002540937323546019
0 0.4048003227107705 0.4668266516092603 0.01573215006050827 0.022303783173348392
0 0.42295280354981846 0.4696499153020892 0.010891488503428802 0.009316770186335404
0 0.4388866478418717 0.4709203839638622 0.017749092375958047 0.009599096555618294
0 0.47337636143606293 0.4785431959345003 0.01008471157724889 0.020327498588368152
0 0.4757966922146027 0.45525127046866176 0.0028237192416296895 0.003105590062111801
0 0.48971359419120614 0.47148503670242803 0.014521984671238403 0.009034443817052512
0 0.5012101653892699 0.47261434217955955 0.012505042355788625 0.009599096555618294
0 0.5116982654296087 0.4662619988706945 0.01008471157724889 0.022868435911914172
0 0.5572811617587737 0.46852060982495763 0.004437273093989512 0.008752117447769622
0 0.5603065752319484 0.4774138904573687 0.010488100040338847 0.023715415019762844
0 0.5766438079870916 0.4710615471485037 0.012505042355788625 0.012704686617730096
0 0.5903590157321501 0.47219085262563526 0.014118596208148447 0.011575381140598532
0 0.6240419524001614 0.4710615471485037 0.00645421540943929 0.010446075663466968
0 0.6379588543767648 0.47219085262563526 0.013311819281968536 0.011575381140598532
0 0.6534893102057281 0.47134387351778656 0.01371520774505849 0.009316770186335404
0 0.6972569584509883 0.47134387351778656 0.013311819281968536 0.012140033879164314
0 0.7071399757966922 0.4665443252399774 0.004033884630899556 0.0189158667419537
0 0.7178297700685761 0.47162619988706944 0.012505042355788625 0.01101072840203275
0 0.7315449778136345 0.47134387351778656 0.012505042355788625 0.007622811970638058
0 0.745260185558693 0.480660643704122 0.010891488503428802 0.027385657820440428
0 0.1510689794271884 0.5169395821569734 0.011698265429608713 0.015245623941276116
0 0.16861637757160144 0.527244494635799 0.022589753933037516 0.025691699604743084
0 0.19221460266236384 0.5151044607566346 0.022993142396127472 0.021174477696216828
0 0.20169423154497781 0.5097402597402597 0.004033884630899556 0.0036702428006775835
0 0.21238402581686164 0.5182100508187465 0.004437273093989512 0.01101072840203275
0 0.2210568777732957 0.5177865612648221 0.008067769261799113 0.01129305477131564
0 0.2900363049616781 0.5203274985883681 0.012101653892698669 0.009599096555618294
0 0.30576845502218636 0.5210333145115754 0.016135538523598225 0.009316770186335404
0 0.31968535699878986 0.5131281761716544 0.013311819281968536 0.023433088650479956
0 0.36163775716014523 0.5214568040654998 0.019766034691407825 0.014116318464144552
0 0.3783783783783784 0.5201863354037267 0.012101653892698669 0.009316770186335404
0 0.3894715611133522 0.5208921513269339 0.01008471157724889 0.010728402032749858
0 0.4027833803953207 0.5160926030491247 0.01573215006050827 0.019198193111236588
0 0.44917305365066557 0.5287972896668549 0.013311819281968536 0.02258610954263128
0 0.4628882613957241 0.5203274985883681 0.008471157724889069 0.007905138339920948
0 0.4764017749092376 0.5207509881422925 0.012101653892698669 0.007622811970638058
0 0.4891085114965712 0.5204686617730095 0.006857603872529245 0.007622811970638058
0 0.527632109721662 0.515527950310559 0.024203307785397338 0.02258610954263128
0 0.5492133924969745 0.5208921513269339 0.011698265429608713 0.007905138339920948
0 0.5619201290843082 0.5151044607566346 0.012101653892698669 0.018351214003387916
0 0.5709963695038321 0.5208921513269339 0.007664380798709157 0.01129305477131564
0 0.6313029447357805 0.5204686617730095 0.024203307785397338 0.01948051948051948
0 0.6486486486486487 0.528514963297572 0.003227107704719645 0.007340485601355167
0 0.6512706736587334 0.5134105025409373 0.0028237192416296895 0.0036702428006775835
0 0.6569181121419927 0.5186335403726708 0.0052440500201694235 0.019198193111236588
0 0.6653892698668818 0.5239977413890458 0.00927793465106898 0.009599096555618294
0 0.6770875352964906 0.5176453980801807 0.01008471157724889 0.020045172219085264
0 0.7162162162162162 0.516798418972332 0.011698265429608713 0.0189158667419537
0 0.7216619604679306 0.5052230378317335 0.015328761597418314 0.002540937323546019
0 0.7492940701895926 0.5316205533596838 0.019766034691407825 0.02710333145115754
0 0.7666397741024606 0.5169395821569734 0.00927793465106898 0.023150762281197064
0 0.16034691407825735 0.5647939017504235 0.018959257765227916 0.023997741389045736
0 0.17426381605486083 0.5697346132128741 0.004033884630899556 0.007340485601355167
0 0.17587736990722067 0.5584415584415584 0.004033884630899556 0.005081874647092038
0 0.18676885841064947 0.5700169395821569 0.011294876966518758 0.010728402032749858
0 0.20048406615570794 0.5700169395821569 0.01290843081887858 0.012987012987012988
0 0.21863654699475596 0.5691699604743083 0.022589753933037516 0.01355166572557877
0 0.2880193626462283 0.571005081874647 0.00645421540943929 0.009881422924901186
0 0.30052440500201694 0.5700169395821569 0.008067769261799113 0.009034443817052512
0 0.31444130697862044 0.5636645962732919 0.01653892698668818 0.021739130434782608
0 0.32775312626058895 0.5770750988142292 0.013311819281968536 0.020327498588368152
0 0.34590560709963697 0.5731225296442688 0.0028237192416296895 0.0033879164313946925
0 0.35397337636143605 0.5568887634105025 0.003630496167809601 0.00818746470920384
