0 0.14058087938684954 0.21470920383963862 0.002016942315449778 0.008752117447769622
0 0.15933844292053248 0.2186617730095991 0.01290843081887858 0.020609824957651044
0 0.17204517950786608 0.21922642574816487 0.006857603872529245 0.020609824957651044
0 0.18212989108511496 0.21428571428571427 0.002016942315449778 0.006775832862789385
0 0.1899959661153691 0.22374364765669114 0.009681323114158934 0.011575381140598532
0 0.22065348931020573 0.22430830039525693 0.022589753933037516 0.008752117447769622
0 0.2400161355385236 0.2245906267645398 0.008874546187979023 0.008752117447769622
0 0.2519160951996773 0.22063805759457933 0.010891488503428802 0.016092603049124788
0 0.28721258572004843 0.2236024844720497 0.033884630899556276 0.009034443817052512
0 0.31484469544171034 0.22388481084133258 0.01573215006050827 0.007340485601355167
0 0.30939895118999594 0.2075098814229249 0.0024203307785397336 0.001129305477131564
0 0.32755143202904397 0.2245906267645398 0.008874546187979023 0.004799548277809147
0 0.3356192012908431 0.22261434217955958 0.008067769261799113 0.010446075663466968
0 0.3323920935861234 0.22007340485601354 0.0016135538523598225 0.001411631846414455
0 0.3527632109721662 0.2261434217955957 0.0028237192416296895 0.0016939582156973462
0 0.3672851956434046 0.21132128740824394 0.0012101653892698668 0.0008469791078486731
0 0.37152077450584914 0.21964991530208922 0.009681323114158934 0.018633540372670808
0 0.39874949576442115 0.22162619988706944 0.018152480839048003 0.012422360248447204
0 0.4173053650665591 0.22416713721061546 0.018959257765227916 0.010163749294184076
0 0.43707139975796694 0.2245906267645398 0.01573215006050827 0.008752117447769622
0 0.4540137152077451 0.21880293619424054 0.0028237192416296895 0.003952569169960474
0 0.46752722872125857 0.22092038396386224 0.010488100040338847 0.012140033879164314
0 0.49495764421137556 0.2248729531338227 0.010488100040338847 0.010446075663466968
0 0.5076643807987091 0.22430830039525693 0.00927793465106898 0.008752117447769622
0 0.5064542154094392 0.2121682665160926 0.0028237192416296895 0.001976284584980237
0 0.5213795885437676 0.22077922077922077 0.011698265429608713 0.019198193111236588
0 0.5425574828559904 0.22600225861095427 0.020976200080677694 0.009316770186335404
0 0.5352964905203711 0.2134387351778656 0.003227107704719645 0.0016939582156973462
0 0.5597014925373134 0.23136645962732919 0.01008471157724889 0.020609824957651044
0 0.5867285195643405 0.22332015810276679 0.00927793465106898 0.014116318464144552
0 0.5990318676885841 0.22275550536420102 0.016135538523598225 0.018068887634105024
0 0.6238402581686163 0.22557876905702992 0.027833803953206938 0.012422360248447204
0 0.6474384832593788 0.22939017504234896 0.0024203307785397336 0.001411631846414455
0 0.653892698668818 0.2183794466403162 0.0024203307785397336 0.004799548277809147
0 0.6778943122226704 0.22261434217955958 0.00927793465106898 0.018351214003387916
0 0.6956434045986285 0.22289666854884246 0.020572811617587738 0.016657255787690572
0 0.7291246470350948 0.21922642574816487 0.01008471157724889 0.017786561264822136
0 0.7555465913674869 0.22077922077922077 0.03872529245663574 0.01693958215697346
0 0.7498991528842275 0.20934500282326368 0.0024203307785397336 0.001976284584980237
0 0.7807583703106091 0.2217673630717109 0.01008471157724889 0.0189158667419537
0 0.7898346107301332 0.22501411631846416 0.007260992335619202 0.00846979107848673
0 0.8009277934651069 0.22134387351778656 0.01008471157724889 0.018068887634105024
0 0.15691811214199275 0.2683512140033879 0.03307785397337636 0.020045172219085264
0 0.14501815248083905 0.268068887634105 0.0028237192416296895 0.001411631846414455
0 0.16236385639370715 0.26129305477131565 0.0028237192416296895 0.001411631846414455
0 0.18212989108511496 0.26778656126482214 0.010891488503428802 0.017786561264822136
0 0.1791044776119403 0.26905702992659514 0.0024203307785397336 0.001129305477131564
0 0.20835014118596207 0.2732919254658385 0.03670835014118596 0.01129305477131564
0 0.20693828156514724 0.2627046866177301 0.0024203307785397336 0.001976284584980237
0 0.23154497781363453 0.27738565782044045 0.009681323114158934 0.027385657820440428
0 0.263412666397741 0.27639751552795033 0.0500201694231545 0.031055900621118012
0 0.23961274707543365 0.2714568040654997 0.0016135538523598225 0.0008469791078486731
0 0.3100040338846309 0.2738565782044043 0.013311819281968536 0.007905138339920948
0 0.3229124647035095 0.269339356295878 0.007664380798709157 0.01637492941840768
0 0.3501411859620815 0.27060982495765107 0.01290843081887858 0.015527950310559006
0 0.37797498991528844 0.27442123094297005 0.035498184751916094 0.009034443817052512
0 0.3642597821702299 0.25903444381705254 0.0024203307785397336 0.001411631846414455
0 0.4310205728116176 0.27428006775832864 0.030254134731746672 0.009881422924901186
0 0.45582896329164985 0.27216261998870694 0.010488100040338847 0.015245623941276116
0 0.45764421137555467 0.2628458498023715 0.0028237192416296895 0.00282326369282891
0 0.48305768455022186 0.27555053642010163 0.006857603872529245 0.01129305477131564
0 0.49737797498991526 0.2713156408808583 0.007260992335619202 0.021456804065499716
0 0.5078660750302542 0.2768210050818746 0.010488100040338847 0.01101072840203275
0 0.5223880597014925 0.28274985883681536 0.012101653892698669 0.021739130434782608
0 0.5373134328358209 0.2824675324675325 0.012101653892698669 0.020609824957651044
0 0.5504235578862444 0.2769621682665161 0.007664380798709157 0.010728402032749858
0 0.5619201290843082 0.2745623941276115 0.011294876966518758 0.01383399209486166
0 0.5631302944735781 0.26595143986448333 0.0016135538523598225 0.00282326369282891
0 0.5899556272690601 0.2748447204968944 0.007664380798709157 0.010446075663466968
0 0.6058894715611134 0.2756916996047431 0.015328761597418314 0.009316770186335404
0 0.618192819685357 0.26228119706380576 0.002016942315449778 0.0016939582156973462
0 0.6214199273900767 0.27188029361942406 0.008471157724889069 0.01693958215697346
0 0.6345300524405002 0.2800677583286279 0.0024203307785397336 0.0016939582156973462
0 0.14683340056474384 0.31945228684359117 0.012101653892698669 0.021739130434782608
0 0.14158935054457442 0.3167701863354037 0.0016135538523598225 0.0016939582156973462
0 0.16054860830980233 0.32086391869000563 0.008067769261799113 0.0189158667419537
0 0.18797902379991932 0.32298136645962733 0.01936264622831787 0.011857707509881422
0 0.20935861234368697 0.3245341614906832 0.020976200080677694 0.012704686617730096
0 0.24304154901169828 0.32580463015245625 0.013311819281968536 0.01129305477131564
0 0.2769261799112545 0.32382834556747603 0.027833803953206938 0.010728402032749858
0 0.30133118192819686 0.3243929983060418 0.017749092375958047 0.00846979107848673
0 0.3327954820492134 0.32086391869000563 0.010488100040338847 0.01948051948051948
0 0.3372327551432029 0.32269904009034445 0.0016135538523598225 0.004517221908526256
0 0.354376764824526 0.3245341614906832 0.0318676885841065 0.010446075663466968
0 0.3555869302137959 0.31507622811970637 0.0028237192416296895 0.0016939582156973462
0 0.3763614360629286 0.32806324110671936 0.00645421540943929 0.025409373235460192
0 0.3785800726099234 0.31648785996612083 0.006857603872529245 0.009034443817052512
0 0.390480032271077 0.32594579333709767 0.009681323114158934 0.01101072840203275
0 0.4124647035094796 0.3269339356295878 0.0318676885841065 0.011857707509881422
0 0.4409035901573215 0.3334274421230943 0.0016135538523598225 0.007340485601355167
0 0.4709560306575232 0.32523997741389044 0.0326744655102864 0.00846979107848673
0 0.463493344090359 0.3210050818746471 0.0016135538523598225 0.001129305477131564
0 0.4963695038321904 0.32284020327498586 0.010891488503428802 0.017221908526256352
0 0.4967728922952804 0.3129587803500847 0.0012101653892698668 0.001411631846414455
0 0.5302541347317467 0.326369282891022 0.021379588543767647 0.010728402032749858
0 0.5756353368293666 0.3234048560135517 0.03711173860427592 0.0189158667419537
0 0.6151674062121824 0.32086391869000563 0.009681323114158934 0.017221908526256352
0 0.6466317063331989 0.32622811970638055 0.05244050020169423 0.010446075663466968
0 0.654296087131908 0.30999435347261434 0.004033884630899556 0.0016939582156973462
0 0.6952400161355385 0.33201581027667987 0.01008471157724889 0.020892151326933936
0 0.6978620411456232 0.3091473743647657 0.0024203307785397336 0.001129305477131564
0 0.7115772488906817 0.3255223037831734 0.008067769261799113 0.009034443817052512
0 0.7333602258975394 0.33272162619988704 0.03065752319483663 0.025691699604743084
0 0.7569584509883017 0.32171089779785433 0.010891488503428802 0.017786561264822136
0 0.7886244453408633 0.3210050818746471 0.021782977006857603 0.020327498588368152
0 0.8156514723678903 0.3253811405985319 0.02581686163775716 0.009316770186335404
0 0.8350141185962081 0.3346979107848673 0.012101653892698669 0.028514963297571992
0 0.15469947559499797 0.37027103331451156 0.0318676885841065 0.017221908526256352
0 0.15026220250100847 0.3616600790513834 0.0012101653892698668 0.001129305477131564
0 0.1964501815248084 0.3749294184076793 0.008874546187979023 0.009599096555618294
0 0.2018959257765228 0.3728119706380576 0.0012101653892698668 0.0008469791078486731
0 0.20653489310205728 0.36053077357425184 0.0016135538523598225 0.001129305477131564
0 0.21298910851149658 0.37027103331451156 0.01290843081887858 0.017786561264822136
0 0.23779749899152886 0.3746470920383964 0.027833803953206938 0.010163749294184076
0 0.23053650665590963 0.35742518351214003 0.0028237192416296895 0.001129305477131564
0 0.25877369907220654 0.3818464144551101 0.012505042355788625 0.020609824957651044
0 0.2902379991932231 0.37577639751552794 0.011698265429608713 0.010728402032749858
0 0.30475998386446146 0.3705533596837945 0.0060508269463493344 0.014963297571993224
0 0.3217022993142396 0.37662337662337664 0.021379588543767647 0.010163749294184076
0 0.3414683340056474 0.38071710897797856 0.012505042355788625 0.021739130434782608
0 0.37252924566357404 0.3715415019762846 0.00927793465106898 0.015810276679841896
0 0.39128680919725695 0.3753529079616036 0.017749092375958047 0.008752117447769622
0 0.41750705929810406 0.3761998870694523 0.024203307785397338 0.008752117447769622
0 0.409035901573215 0.36250705815923207 0.0024203307785397336 0.0016939582156973462
0 0.4332392093586123 0.3728119706380576 0.005647438483259379 0.016092603049124788
0 0.4411052843888665 0.37337662337662336 0.010891488503428802 0.012704686617730096
0 0.4584509883017346 0.37224731789949184 0.01573215006050827 0.017786561264822136
0 0.4770068576038725 0.3709768492377188 0.012505042355788625 0.019198193111236588
0 0.5040338846308996 0.3629305477131564 0.0028237192416296895 0.001976284584980237
0 0.518354175070593 0.3750705815923207 0.02743041549011698 0.009316770186335404
0 0.5385235982250908 0.3743647656691135 0.011294876966518758 0.010728402032749858
0 0.5506252521177895 0.3771880293619424 0.008874546187979023 0.007340485601355167
0 0.5522388059701493 0.36561264822134387 0.004033884630899556 0.0016939582156973462
0 0.563331988705123 0.3718238283455675 0.008471157724889069 0.020892151326933936
0 0.581686163775716 0.37704686617730093 0.02743041549011698 0.01101072840203275
0 0.5782573618394514 0.358695652173913 0.0028237192416296895 0.001976284584980237
0 0.599435256151674 0.37648221343873517 0.005647438483259379 0.006493506493506494
0 0.6161758773699072 0.37859966120835686 0.02864058087938685 0.03613777526821005
0 0.6639774102460669 0.37295313382269907 0.02581686163775716 0.020327498588368152
0 0.6974586526825333 0.3730942970073405 0.012101653892698669 0.014963297571993224
0 0.7105687777329568 0.3759175607001694 0.01008471157724889 0.009881422924901186
0 0.7335619201290843 0.3699887069452287 0.02944735780556676 0.021739130434782608
0 0.7222670431625655 0.3738001129305477 0.003630496167809601 0.002258610954263128
0 0.7329568374344494 0.36180124223602483 0.0024203307785397336 0.001976284584980237
0 0.7613957240822913 0.38198757763975155 0.0028237192416296895 0.00282326369282891
0 0.1399757966922146 0.42264257481648787 0.007260992335619202 0.015810276679841896
0 0.1373537716821299 0.41318464144551104 0.0012101653892698668 0.002540937323546019
0 0.145623235175474 0.42320722755505363 0.004840661557079467 0.017504234895539244
0 0.15490116982654295 0.4267363071710898 0.010488100040338847 0.01101072840203275
0 0.18777732956837434 0.4244776962168266 0.018152480839048003 0.011575381140598532
0 0.20149253731343283 0.4246188594014681 0.0028237192416296895 0.00282326369282891
0 0.21298910851149658 0.42701863354037267 0.02501008471157725 0.008752117447769622
0 0.24687373941105284 0.42179559570863917 0.03791851553045583 0.019198193111236588
0 0.2734973779749899 0.4215132693393563 0.011294876966518758 0.019198193111236588
0 0.30919725695845096 0.4256070016939582 0.01734570391286809 0.009316770186335404
0 0.32855990318676886 0.4225014116318464 0.011698265429608713 0.016092603049124788
0 0.3434852763210972 0.4256070016939582 0.013311819281968536 0.009881422924901186
0 0.35397337636143605 0.4234895539243365 0.00927793465106898 0.019762845849802372
0 0.37878176684146836 0.4160079051383399 0.0024203307785397336 0.001976284584980237
0 0.3874546187979024 0.42320722755505363 0.019766034691407825 0.015810276679841896
0 0.3892698668818072 0.4134669678147939 0.0016135538523598225 0.001976284584980237
0 0.42073416700282373 0.4257481648785997 0.010488100040338847 0.009034443817052512
0 0.4199273900766438 0.4201016374929418 0.004033884630899556 0.0016939582156973462
0 0.44352561516740624 0.4267363071710898 0.030254134731746672 0.010446075663466968
0 0.46006454215409437 0.41318464144551104 0.002016942315449778 0.002540937323546019
0 0.4618797902379992 0.42320722755505363 0.004840661557079467 0.017504234895539244
0 0.4649052037111739 0.42320722755505363 0.003630496167809601 0.0016939582156973462
0 0.49515933844292054 0.4258893280632411 0.04800322710770472 0.009881422924901186
0 0.4933440903590157 0.40923207227555053 0.003227107704719645 0.001411631846414455
0 0.5278338039532069 0.41981931112365894 0.011698265429608713 0.018068887634105024
0 0.5490116982654296 0.4298418972332016 0.003227107704719645 0.003105590062111801
0 0.5748285599031868 0.42080745341614906 0.01290843081887858 0.021739130434782608
0 0.5903590157321501 0.4280067758328628 0.02218636546994756 0.010163749294184076
0 0.6159741831383623 0.4227837380011293 0.02743041549011698 0.021174477696216828
0 0.6397741024606697 0.4227837380011293 0.012101653892698669 0.0189158667419537
0 0.6587333602258976 0.42913608130999437 0.02501008471157725 0.032185206098249576
0 0.6980637353771683 0.4225014116318464 0.035901573215006054 0.017786561264822136
0 0.7450584913271481 0.4246188594014681 0.023396530859217425 0.014116318464144552
0 0.77349737797499 0.4268774703557312 0.030254134731746672 0.009034443817052512
0 0.8166599435256152 0.42715979672501414 0.05203711173860428 0.009599096555618294
0 0.8138362242839855 0.41120835686053075 0.003630496167809601 0.001976284584980237
0 0.14138765631302944 0.4771315640880858 0.007664380798709157 0.010163749294184076
0 0.15127067365873337 0.4776962168266516 0.008067769261799113 0.028797289666854884
0 0.18132311415893507 0.47783738001129306 0.01008471157724889 0.010446075663466968
0 0.2154094392900363 0.4771315640880858 0.04679306171843485 0.011857707509881422
0 0.1954417103670835 0.47473178994918125 0.003630496167809601 0.001411631846414455
0 0.26058894715611136 0.4761434217955957 0.03711173860427592 0.008752117447769622
0 0.2864058087938685 0.47219085262563526 0.004033884630899556 0.00818746470920384
0 0.299919322307382 0.4786843591191417 0.007664380798709157 0.009316770186335404
0 0.34509883017345705 0.47374364765669114 0.050423557886244454 0.018068887634105024
0 0.38563937071399756 0.4720496894409938 0.023396530859217425 0.021456804065499716
0 0.4199273900766438 0.47459062676453984 0.011294876966518758 0.011857707509881422
0 0.4376764824526019 0.4774138904573687 0.01290843081887858 0.009599096555618294
0 0.46551028640580877 0.47882552230378317 0.016942315449778138 0.00846979107848673
0 0.4965711980637354 0.480660643704122 0.009681323114158934 0.027385657820440428
0 0.5080677692617991 0.47896668548842464 0.00927793465106898 0.010446075663466968
0 0.5139169019766034 0.47600225861095424 0.0016135538523598225 0.0016939582156973462
0 0.5227914481645825 0.4774138904573687 0.017749092375958047 0.009599096555618294
0 0.553852359822509 0.4779785431959345 0.009681323114158934 0.012987012987012988
0 0.5681726502622025 0.47811970638057594 0.010891488503428802 0.010446075663466968
0 0.5968132311415894 0.47374364765669114 0.04154901169826543 0.019762845849802372
0 0.6595401371520775 0.47995482778091475 0.048406615570794675 0.031055900621118012
0 0.6510689794271883 0.46202710333145114 0.003227107704719645 0.001411631846414455
0 0.6972569584509883 0.4817899491812535 0.0028237192416296895 0.001411631846414455
0 0.1518757563533683 0.5217391304347826 0.013311819281968536 0.018633540372670808
0 0.15449778136345302 0.5136928289102202 0.003227107704719645 0.001411631846414455
0 0.1672045179507866 0.525691699604743 0.010891488503428802 0.012422360248447204
0 0.19241629689390882 0.5252682100508187 0.009681323114158934 0.009881422924901186
0 0.21379588543767647 0.5265386787125917 0.02501008471157725 0.009599096555618294
0 0.2263009277934651 0.5121400338791643 0.0024203307785397336 0.001129305477131564
0 0.23235175473981445 0.5266798418972332 0.008067769261799113 0.009316770186335404
0 0.24707543364259782 0.5204686617730095 0.019766034691407825 0.020045172219085264
0 0.26603469140782576 0.5215979672501412 0.013311819281968536 0.022868435911914172
0 0.299919322307382 0.521880293619424 0.024606696248487294 0.023433088650479956
0 0.33118192819685355 0.5122811970638057 0.0016135538523598225 0.0008469791078486731
0 0.34852763210972165 0.5227272727272727 0.035498184751916094 0.0189158667419537
0 0.35316659943525613 0.5128458498023716 0.002016942315449778 0.001411631846414455
0 0.38765631302944736 0.5258328627893846 0.008874546187979023 0.012140033879164314
0 0.4102460669624849 0.525691699604743 0.022589753933037516 0.011857707509881422
0 0.4342476805163372 0.5271033314511575 0.020572811617587738 0.007905138339920948
0 0.46430012101653895 0.5158102766798419 0.0016135538523598225 0.0016939582156973462
0 0.47337636143606293 0.532326369282891 0.011698265429608713 0.0189158667419537
0 0.4891085114965712 0.5273856578204404 0.01008471157724889 0.009599096555618294
0 0.4864864864864865 0.5249858836815359 0.0024203307785397336 0.0008469791078486731
0 0.5151270673658733 0.5238565782044043 0.024203307785397338 0.020045172219085264
