0 0.1446147640177491 0.21527385657820441 0.003630496167809601 0.007622811970638058
0 0.15046389673255345 0.22106154714850368 0.009681323114158934 0.020892151326933936
0 0.15873336022589754 0.2264257481648786 0.014925373134328358 0.010163749294184076
0 0.17164179104477612 0.22628458498023715 0.01008471157724889 0.007622811970638058
0 0.17507059298104075 0.2230378317334839 0.0024203307785397336 0.0033879164313946925
0 0.18212989108511496 0.22473178994918125 0.0060508269463493344 0.00846979107848673
0 0.21863654699475596 0.21936758893280633 0.012101653892698669 0.021456804065499716
0 0.23336022589753933 0.2245906267645398 0.01008471157724889 0.009881422924901186
0 0.24505849132714805 0.22557876905702992 0.01008471157724889 0.00846979107848673
0 0.2615974183138362 0.22063805759457933 0.012505042355788625 0.016092603049124788
0 0.2743041549011698 0.22374364765669114 0.011294876966518758 0.00818746470920384
0 0.31121419927390076 0.21725014116318464 0.011698265429608713 0.017221908526256352
0 0.32855990318676886 0.21781479390175043 0.019766034691407825 0.014398644833427442
0 0.33965308592174265 0.2127329192546584 0.0024203307785397336 0.001411631846414455
0 0.34429205324727713 0.22120271033314512 0.01008471157724889 0.00818746470920384
0 0.36143606292860025 0.21527385657820441 0.0024203307785397336 0.005928853754940711
0 0.3686970552642194 0.22134387351778656 0.012101653892698669 0.009034443817052512
0 0.3991528842275111 0.22162619988706944 0.01008471157724889 0.00846979107848673
0 0.4171036708350141 0.2220496894409938 0.02581686163775716 0.007622811970638058
0 0.4346510689794272 0.2230378317334839 0.007664380798709157 0.007905138339920948
0 0.43929003630496166 0.21541501976284586 0.0016135538523598225 0.0016939582156973462
0 0.4445340863251311 0.22289666854884246 0.010488100040338847 0.007622811970638058
0 0.4560306575231948 0.2261434217955957 0.011698265429608713 0.012987012987012988
0 0.4883017345703913 0.22219085262563523 0.0060508269463493344 0.00846979107848673
0 0.49173053650665594 0.2134387351778656 0.0016135538523598225 0.0016939582156973462
0 0.49737797498991526 0.2217673630717109 0.009681323114158934 0.007058159232072276
0 0.5284388866478419 0.21950875211744778 0.016942315449778138 0.027385657820440428
0 0.5383219039935457 0.22120271033314512 0.011698265429608713 0.006493506493506494
0 0.5528438886647842 0.22134387351778656 0.011698265429608713 0.007340485601355167
0 0.5804759983864461 0.22120271033314512 0.011294876966518758 0.006493506493506494
0 0.6208148446954417 0.2224731789949181 0.024203307785397338 0.009599096555618294
0 0.6379588543767648 0.22529644268774704 0.012505042355788625 0.012422360248447204
0 0.6712384025816862 0.2236024844720497 0.021782977006857603 0.024844720496894408
0 0.6994755949979831 0.22219085262563523 0.01371520774505849 0.012987012987012988
0 0.7109721661960468 0.22374364765669114 0.011698265429608713 0.008752117447769622
0 0.7434449374747882 0.2204968944099379 0.008874546187979023 0.015810276679841896
0 0.7609923356192013 0.22190852625635235 0.0326744655102864 0.014680971202710334
0 0.8212989108511497 0.22501411631846416 0.04033884630899556 0.011857707509881422
0 0.13594191206131503 0.2816205533596838 0.009681323114158934 0.016092603049124788
0 0.14118596208148446 0.26990400903444384 0.0024203307785397336 0.002258610954263128
0 0.15348931020572812 0.2776679841897233 0.02218636546994756 0.007058159232072276
0 0.19503832190399353 0.27526821005081875 0.012505042355788625 0.012987012987012988
0 0.20613150463896732 0.27710333145115756 0.008874546187979023 0.007058159232072276
0 0.2172246873739411 0.27738565782044045 0.00927793465106898 0.007058159232072276
0 0.2299314239612747 0.2769621682665161 0.014521984671238403 0.006211180124223602
0 0.27228721258572003 0.27498588368153587 0.012101653892698669 0.011857707509881422
0 0.2833803953206938 0.27639751552795033 0.008471157724889069 0.006211180124223602
0 0.2962888261395724 0.27555053642010163 0.01653892698668818 0.007340485601355167
0 0.33118192819685355 0.2780914737436477 0.010488100040338847 0.009599096555618294
0 0.34509883017345705 0.2751270468661773 0.01734570391286809 0.012704686617730096
0 0.39229528035498185 0.27555053642010163 0.027833803953206938 0.012422360248447204
0 0.42416296893908834 0.27780914737436474 0.00927793465106898 0.006211180124223602
0 0.4519967728922953 0.28063241106719367 0.013311819281968536 0.01637492941840768
0 0.46248487293263413 0.2779503105590062 0.01008471157724889 0.007058159232072276
0 0.4780153287615974 0.27540937323546016 0.022589753933037516 0.012704686617730096
0 0.5074626865671642 0.2756916996047431 0.009681323114158934 0.013269339356295878
0 0.5125050423557886 0.2782326369282891 0.00927793465106898 0.007058159232072276
0 0.5201694231544978 0.2787972896668549 0.00927793465106898 0.00818746470920384
0 0.5326744655102864 0.2751270468661773 0.01008471157724889 0.012140033879164314
0 0.5605082694634933 0.27752682100508186 0.008471157724889069 0.007340485601355167
0 0.5800726099233562 0.27780914737436474 0.035498184751916094 0.00846979107848673
0 0.6062928600242034 0.2761151891586674 0.014521984671238403 0.010728402032749858
0 0.6313029447357805 0.2789384528514963 0.008067769261799113 0.007340485601355167
0 0.6442113755546591 0.2790796160361378 0.014521984671238403 0.007622811970638058
0 0.6555062525211779 0.27851496329757197 0.00645421540943929 0.006493506493506494
0 0.663170633319887 0.28091473743647655 0.011294876966518758 0.011857707509881422
0 0.6774909237595804 0.27865612648221344 0.014118596208148447 0.006775832862789385
0 0.6855586930213796 0.2768210050818746 0.003630496167809601 0.004799548277809147
0 0.6972569584509883 0.2769621682665161 0.01653892698668818 0.011857707509881422
0 0.7137958854376765 0.27936194240542067 0.01734570391286809 0.009316770186335404
0 0.7321500605082695 0.2824675324675325 0.0024203307785397336 0.001411631846414455
0 0.7617991125453812 0.27188029361942406 0.010891488503428802 0.0016939582156973462
0 0.7585720048406616 0.27992659514398643 0.004437273093989512 0.007622811970638058
0 0.772488906817265 0.27752682100508186 0.01855586930213796 0.009599096555618294
0 0.7902379991932231 0.2776679841897233 0.016135538523598225 0.005364201016374929
0 0.826946349334409 0.27865612648221344 0.017749092375958047 0.007340485601355167
0 0.8434852763210973 0.2789384528514963 0.02016942315449778 0.006775832862789385
0 0.14058087938684954 0.32933370976849236 0.00927793465106898 0.007622811970638058
0 0.1863654699475595 0.325098814229249 0.02581686163775716 0.013269339356295878
0 0.20774505849132716 0.32580463015245625 0.010488100040338847 0.012422360248447204
0 0.22186365469947558 0.32495765104460755 0.01290843081887858 0.011857707509881422
0 0.28075837031060913 0.3290513833992095 0.02743041549011698 0.007058159232072276
0 0.30254134731746674 0.32806324110671936 0.01290843081887858 0.009034443817052512
0 0.33098023396530857 0.3318746470920384 0.008471157724889069 0.007058159232072276
0 0.3610326744655103 0.3286278938452851 0.008067769261799113 0.012422360248447204
0 0.3691004437273094 0.32834556747600224 0.008067769261799113 0.011857707509881422
0 0.3810004033884631 0.33201581027667987 0.008471157724889069 0.006211180124223602
0 0.39511899959661156 0.32834556747600224 0.01573215006050827 0.011857707509881422
0 0.4288019362646228 0.33272162619988704 0.02016942315449778 0.021739130434782608
0 0.45219846712384026 0.33258046301524563 0.021782977006857603 0.006775832862789385
0 0.5116982654296087 0.32792207792207795 0.035901573215006054 0.01383399209486166
0 0.5286405808793868 0.3235460191981931 0.002016942315449778 0.0016939582156973462
0 0.5407422347720855 0.32679277244494637 0.019766034691407825 0.01101072840203275
0 0.5877369907220653 0.327639751552795 0.009681323114158934 0.01383399209486166
0 0.5986284792254941 0.326369282891022 0.016942315449778138 0.01355166572557877
0 0.6456232351754739 0.3290513833992095 0.00927793465106898 0.007622811970638058
0 0.6555062525211779 0.32919254658385094 0.009681323114158934 0.006211180124223602
0 0.6704316256555063 0.32523997741389044 0.02016942315449778 0.012422360248447204
0 0.7141992739007664 0.33018068887634106 0.01008471157724889 0.00818746470920384
0 0.7248890681726503 0.33116883116883117 0.011294876966518758 0.007905138339920948
0 0.7345703912868092 0.3321569734613213 0.01290843081887858 0.012704686617730096
0 0.7648245260185559 0.3269339356295878 0.03953206938281565 0.01129305477131564
0 0.7936668011294877 0.3245341614906832 0.01573215006050827 0.013269339356295878
0 0.8037515127067366 0.3337097684923772 0.003630496167809601 0.002258610954263128
0 0.8360225897539331 0.3253811405985319 0.030254134731746672 0.016092603049124788
0 0.8533682936668011 0.3211462450592885 0.002016942315449778 0.003105590062111801
0 0.8574021782977007 0.32523997741389044 0.010891488503428802 0.01129305477131564
0 0.8612343686970553 0.3294748729531338 0.010488100040338847 0.006775832862789385
0 0.15066559096409843 0.3780350084697911 0.019766034691407825 0.006775832862789385
0 0.1845502218636547 0.3750705815923207 0.04719645018152481 0.014963297571993224
0 0.2561516740621218 0.3750705815923207 0.016942315449778138 0.012140033879164314
0 0.26946349334409037 0.3769057029926595 0.008874546187979023 0.00564652738565782
0 0.28620411456232353 0.3769057029926595 0.021379588543767647 0.007340485601355167
0 0.3051633723275514 0.3761998870694523 0.014925373134328358 0.01101072840203275
0 0.34066155707946755 0.3784584980237154 0.010891488503428802 0.007622811970638058
0 0.3501411859620815 0.379587803500847 0.007260992335619202 0.005928853754940711
0 0.37152077450584914 0.3784584980237154 0.03307785397337636 0.006493506493506494
0 0.400363049616781 0.37337662337662336 0.014118596208148447 0.010446075663466968
0 0.4213392496974587 0.37634105025409376 0.006857603872529245 0.006211180124223602
0 0.4263816054860831 0.3695652173913043 0.0024203307785397336 0.002258610954263128
0 0.4288019362646228 0.37704686617730093 0.007260992335619202 0.004799548277809147
0 0.472569584509883 0.37365894974590624 0.019766034691407825 0.01383399209486166
0 0.49173053650665594 0.378317334839074 0.029043969342476807 0.007905138339920948
0 0.4784187172246874 0.3709768492377188 0.0016135538523598225 0.002258610954263128
0 0.5375151270673659 0.3730942970073405 0.018959257765227916 0.012140033879164314
0 0.5859217426381605 0.37422360248447206 0.02702702702702703 0.008752117447769622
0 0.6401774909237595 0.37648221343873517 0.028237192416296894 0.012140033879164314
0 0.690802743041549 0.3769057029926595 0.01008471157724889 0.012987012987012988
0 0.7012908430818878 0.3791643139469226 0.00927793465106898 0.006211180124223602
0 0.7115772488906817 0.37874082439299833 0.011294876966518758 0.007058159232072276
0 0.7164179104477612 0.3718238283455675 0.0024203307785397336 0.0016939582156973462
0 0.7202501008471158 0.379587803500847 0.007664380798709157 0.005928853754940711
0 0.7321500605082695 0.3780350084697911 0.02016942315449778 0.02258610954263128
0 0.7539330375151271 0.3790231507622812 0.03791851553045583 0.007622811970638058
0 0.800322710770472 0.38170525127046867 0.007260992335619202 0.005081874647092038
0 0.8045582896329165 0.3794466403162055 0.0012101653892698668 0.001129305477131564
0 0.8093989511899959 0.38085827216261997 0.008471157724889069 0.006211180124223602
0 0.8154497781363453 0.37987012987012986 0.0060508269463493344 0.007058159232072276
0 0.81847519160952 0.3749294184076793 0.0024203307785397336 0.00282326369282891
0 0.8217022993142397 0.37775268210050816 0.008067769261799113 0.009599096555618294
0 0.8303751512706736 0.3802936194240542 0.00927793465106898 0.005081874647092038
0 0.8380395320693829 0.38311688311688313 0.013311819281968536 0.012422360248447204
0 0.8515530455828964 0.3814229249011858 0.015328761597418314 0.006211180124223602
0 0.14501815248083905 0.4289949181253529 0.012505042355788625 0.008752117447769622
0 0.1565147236789028 0.4318181818181818 0.016135538523598225 0.014398644833427442
0 0.1920129084308189 0.42419536984754375 0.05970149253731343 0.016657255787690572
0 0.18959257765227913 0.4171372106154715 0.003227107704719645 0.001976284584980237
0 0.2698668818071803 0.4265951439864483 0.028237192416296894 0.015245623941276116
0 0.33198870512303347 0.4280067758328628 0.009681323114158934 0.012987012987012988
0 0.33985478015328763 0.4292772444946358 0.008471157724889069 0.005928853754940711
0 0.3580072609923356 0.4288537549407115 0.030254134731746672 0.007340485601355167
0 0.4164985881403792 0.4288537549407115 0.006857603872529245 0.007340485601355167
0 0.4227511093182735 0.427442123094297 0.005647438483259379 0.004517221908526256
0 0.43162565550625254 0.4288537549407115 0.01855586930213796 0.006211180124223602
0 0.4572408229124647 0.42631281761716544 0.02864058087938685 0.01355166572557877
0 0.4800322710770472 0.42617165443252397 0.01936264622831787 0.014398644833427442
0 0.5326744655102864 0.4268774703557312 0.04154901169826543 0.01355166572557877
0 0.5619201290843082 0.42701863354037267 0.017749092375958047 0.011575381140598532
0 0.5853166599435257 0.43379446640316205 0.003227107704719645 0.001411631846414455
0 0.6121419927390077 0.41981931112365894 0.0052440500201694235 0.006775832862789385
0 0.636345300524405 0.424901185770751 0.021379588543767647 0.01129305477131564
0 0.6516740621218233 0.42715979672501414 0.00927793465106898 0.006775832862789385
0 0.6617587736990722 0.4243365330321852 0.01008471157724889 0.012422360248447204
0 0.6688180718031465 0.42377188029361945 0.012101653892698669 0.012987012987012988
0 0.6865671641791045 0.43040654997176736 0.012101653892698669 0.005928853754940711
0 0.7075433642597821 0.4311123658949746 0.02743041549011698 0.006775832862789385
0 0.736789027833804 0.43407679277244493 0.002016942315449778 0.001411631846414455
0 0.7440500201694231 0.4205251270468662 0.007664380798709157 0.008752117447769622
0 0.7654296087131908 0.42264257481648787 0.011698265429608713 0.010728402032749858
0 0.7787414279951593 0.42292490118577075 0.012505042355788625 0.014116318464144552
0 0.7934651068979427 0.4234895539243365 0.01936264622831787 0.014680971202710334
0 0.7868091972569584 0.41643139469226426 0.0028237192416296895 0.001129305477131564
0 0.8336022589753933 0.4256070016939582 0.013311819281968536 0.012704686617730096
0 0.8436869705526422 0.42843026538678713 0.00927793465106898 0.006493506493506494
0 0.8600242033077854 0.4289949181253529 0.02501008471157725 0.00818746470920384
0 0.8745461879790238 0.42264257481648787 0.0016135538523598225 0.0016939582156973462
0 0.8858410649455426 0.4244776962168266 0.024203307785397338 0.017221908526256352
0 0.14965711980637353 0.47811970638057594 0.015328761597418314 0.012140033879164314
0 0.1718434852763211 0.4805194805194805 0.021782977006857603 0.007905138339920948
0 0.19019766034691407 0.4815076228119706 0.02218636546994756 0.008752117447769622
0 0.21500605082694635 0.4785431959345003 0.01936264622831787 0.012987012987012988
0 0.2692617991125454 0.480660643704122 0.006857603872529245 0.00818746470920384
0 0.2755143202904397 0.4723320158102767 0.0024203307785397336 0.0016939582156973462
0 0.2809600645421541 0.4743083003952569 0.012505042355788625 0.015810276679841896
0 0.33118192819685355 0.47882552230378317 0.028237192416296894 0.007905138339920948
0 0.3555869302137959 0.47600225861095424 0.018152480839048003 0.017504234895539244
0 0.39693424768051633 0.48320158102766797 0.02581686163775716 0.01383399209486166
0 0.41226300927793463 0.4730378317334839 0.0016135538523598225 0.001411631846414455
0 0.41770875352964904 0.4817899491812535 0.010891488503428802 0.005928853754940711
0 0.43142396127470756 0.4786843591191417 0.013311819281968536 0.01101072840203275
0 0.4445340863251311 0.4810841332580463 0.010488100040338847 0.006775832862789385
0 0.4608713190802743 0.47684923771880294 0.020572811617587738 0.015245623941276116
0 0.5082694634933441 0.4810841332580463 0.004033884630899556 0.004517221908526256
0 0.5195643404598629 0.4743083003952569 0.012101653892698669 0.015810276679841896
0 0.5163372327551432 0.47219085262563526 0.003227107704719645 0.003105590062111801
0 0.5534489713594192 0.4776962168266516 0.010488100040338847 0.009034443817052512
0 0.5651472367890278 0.48122529644268774 0.016135538523598225 0.014963297571993224
0 0.5841064945542558 0.4847543760587239 0.003227107704719645 0.00282326369282891
