0 0.1526825332795482 0.22134387351778656 0.05929810407422348 0.02258610954263128
0 0.17749092375958048 0.22755505364201017 0.03791851553045583 0.00846979107848673
0 0.2392093586123437 0.2267080745341615 0.06131504638967326 0.03557312252964427
0 0.26744655102864057 0.2285431959345003 0.03711173860427592 0.009881422924901186
0 0.30798709156918114 0.22120271033314512 0.04961678096006454 0.029644268774703556
0 0.2942718838241226 0.22007340485601354 0.0052440500201694235 0.003105590062111801
0 0.3410649455425575 0.22755505364201017 0.038321903993545785 0.01355166572557877
0 0.3610326744655103 0.2279785431959345 0.015328761597418314 0.00818746470920384
0 0.3935054457442517 0.22755505364201017 0.019766034691407825 0.010163749294184076
0 0.42174263816054863 0.22882552230378317 0.043969342476805166 0.008752117447769622
0 0.45885437676482455 0.21950875211744778 0.011698265429608713 0.008752117447769622
0 0.4762000806776926 0.2204968944099379 0.03993545784590561 0.026538678712591756
0 0.5110931827349737 0.22162619988706944 0.04033884630899556 0.028232636928289104
0 0.5413473174667205 0.22035573122529645 0.063735377168213 0.029644268774703556
0 0.6131504638967326 0.2406832298136646 0.10972166196046793 0.03359683794466403
0 0.6871722468737395 0.23348390739695088 0.011698265429608713 0.009034443817052512
0 0.7252924566357403 0.22473178994918125 0.05647438483259379 0.02710333145115754
0 0.7039128680919726 0.2204968944099379 0.008874546187979023 0.00564652738565782
0 0.7938684953610327 0.22995482778091475 0.05405405405405406 0.012140033879164314
0 0.781363453005244 0.22699040090344438 0.0016135538523598225 0.001129305477131564
0 0.8695038321903994 0.22120271033314512 0.1044776119402985 0.027950310559006212
0 0.12989108511496572 0.27780914737436474 0.022589753933037516 0.012422360248447204
0 0.16518757563533684 0.269339356295878 0.04235578862444534 0.025974025974025976
0 0.20492133924969747 0.27032749858836813 0.07503025413473174 0.026821005081874648
0 0.245663574021783 0.25508187464709203 0.005647438483259379 0.001411631846414455
0 0.23557886244453408 0.27780914737436474 0.008067769261799113 0.00282326369282891
0 0.29507866075030253 0.27498588368153587 0.08108108108108109 0.039525691699604744
0 0.3709156918112142 0.2834556747600226 0.02864058087938685 0.004517221908526256
0 0.38241226300927794 0.2745623941276115 0.028237192416296894 0.016657255787690572
0 0.3971359419120613 0.2621400338791643 0.03428801936264623 0.002540937323546019
0 0.40742234772085517 0.2717391304347826 0.03630496167809601 0.023433088650479956
0 0.4169019766034691 0.2803500846979108 0.019766034691407825 0.009034443817052512
0 0.43162565550625254 0.26468097120271034 0.021782977006857603 0.012704686617730096
0 0.45038321903993545 0.28176171654432525 0.02379991932230738 0.01129305477131564
0 0.4881000403388463 0.28091473743647655 0.03065752319483663 0.015810276679841896
0 0.5308592174263816 0.27428006775832864 0.05970149253731343 0.026256352343308864
0 0.5401371520774506 0.2824675324675325 0.022589753933037516 0.01101072840203275
0 0.5974183138362242 0.27964426877470355 0.05970149253731343 0.04488989271597967
0 0.6286809197256958 0.277244494635799 0.038321903993545785 0.021456804065499716
0 0.6323114158935055 0.28698475437605875 0.008471157724889069 0.003105590062111801
0 0.6464300121016539 0.2649632975719932 0.026220250100847116 0.0036702428006775835
0 0.6466317063331989 0.28642010163749293 0.01936264622831787 0.002540937323546019
0 0.6651875756353368 0.2756916996047431 0.03953206938281565 0.020045172219085264
0 0.6603469140782574 0.2875494071146245 0.005647438483259379 0.001976284584980237
0 0.6841468334005647 0.2789384528514963 0.03630496167809601 0.019762845849802372
0 0.6750705929810408 0.2649632975719932 0.002016942315449778 0.001411631846414455
0 0.6990722065348931 0.2691981931112366 0.02743041549011698 0.006493506493506494
0 0.6974586526825333 0.2886787125917561 0.004840661557079467 0.002540937323546019
0 0.7335619201290843 0.28387916431394694 0.05526421944332392 0.03698475437605872
0 0.7593787817668415 0.283596837944664 0.0326744655102864 0.010446075663466968
0 0.800322710770472 0.28176171654432525 0.03872529245663574 0.010163749294184076
0 0.8289632916498588 0.28289102202145683 0.01855586930213796 0.009599096555618294
0 0.8338039532069382 0.29178430265386784 0.01290843081887858 0.009316770186335404
0 0.8666801129487697 0.2922077922077922 0.038321903993545785 0.03500846979107849
0 0.9023799919322307 0.2833145115753811 0.03227107704719645 0.016092603049124788
0 0.13795885437676483 0.3298983625070582 0.053247277127874144 0.016092603049124788
0 0.19281968535699878 0.3359683794466403 0.0935861234368697 0.05928853754940711
0 0.17224687373941105 0.32156973461321287 0.00645421540943929 0.005081874647092038
0 0.25312626058894716 0.32933370976849236 0.025413473174667203 0.020045172219085264
0 0.2825736183945139 0.33032185206098247 0.0391286809197257 0.04291360813099943
0 0.3334005647438483 0.33116883116883117 0.030254134731746672 0.011857707509881422
0 0.36042759177087536 0.33046301524562394 0.025413473174667203 0.011575381140598532
0 0.39411052843888666 0.3221343873517787 0.03711173860427592 0.029926595143986448
0 0.4288019362646228 0.32368718238283456 0.035498184751916094 0.027385657820440428
0 0.48749495764421136 0.32142857142857145 0.06736587333602259 0.03303218520609825
0 0.5235982250907624 0.3318746470920384 0.022589753933037516 0.012704686617730096
0 0.545986284792255 0.32933370976849236 0.011698265429608713 0.001411631846414455
0 0.5875352964905204 0.33243929983060416 0.03993545784590561 0.012140033879164314
0 0.6111335215812828 0.33243929983060416 0.01855586930213796 0.01101072840203275
0 0.6391690197660347 0.3245341614906832 0.040742234772085516 0.026256352343308864
0 0.63654699475595 0.3390739695087521 0.008874546187979023 0.004517221908526256
0 0.6732553448971359 0.32933370976849236 0.06857603872529246 0.052795031055900624
0 0.7398144413069786 0.325098814229249 0.07099636950383219 0.0251270468661773
0 0.7922549415086728 0.33173348390739693 0.05163372327551432 0.014116318464144552
0 0.8356192012908431 0.32580463015245625 0.040742234772085516 0.024280067758328628
0 0.8937071399757966 0.32594579333709767 0.06897942718838242 0.03698475437605872
0 0.1399757966922146 0.37140033879164314 0.09197256958450989 0.021739130434782608
0 0.20935861234368697 0.37888198757763975 0.06292860024203308 0.011857707509881422
0 0.23416700282371924 0.3880575945793337 0.024606696248487294 0.011575381140598532
0 0.28176684146833403 0.38015245623941274 0.035901573215006054 0.012704686617730096
0 0.32129891085114964 0.39257481648785997 0.03751512706736587 0.032467532467532464
0 0.3588140379185155 0.38099943534726144 0.031060911657926585 0.009316770186335404
0 0.41226300927793463 0.3826933935629588 0.04437273093989512 0.009881422924901186
0 0.436466317063332 0.3911631846414455 0.03791851553045583 0.035290796160361376
0 0.44473578055667606 0.37111801242236025 0.008471157724889069 0.005364201016374929
0 0.46893908834207343 0.37422360248447206 0.033481242436466316 0.027950310559006212
0 0.49495764421137556 0.371682665160926 0.042759177087535294 0.025691699604743084
0 0.5264219443323921 0.37648221343873517 0.04356595401371521 0.031338226990400904
0 0.5494150867285196 0.3818464144551101 0.05244050020169423 0.012704686617730096
0 0.581887858007261 0.38170525127046867 0.020572811617587738 0.007905138339920948
0 0.6206131504638968 0.3749294184076793 0.040742234772085516 0.032185206098249576
0 0.6534893102057281 0.3839638622247318 0.029043969342476807 0.007340485601355167
0 0.645421540943929 0.3715415019762846 0.004033884630899556 0.004517221908526256
0 0.6958450988301734 0.364059853190288 0.01855586930213796 0.010446075663466968
0 0.6793061718434853 0.3891869000564653 0.014521984671238403 0.004799548277809147
0 0.7365873336022589 0.3681535855448899 0.016942315449778138 0.006775832862789385
0 0.7712787414279951 0.37365894974590624 0.07260992335619201 0.027950310559006212
0 0.8553852359822509 0.37351778656126483 0.07785397337636143 0.029361942405420668
0 0.12162162162162163 0.42730095990965555 0.019766034691407825 0.016657255787690572
0 0.15873336022589754 0.42080745341614906 0.045582896329164985 0.029644268774703556
0 0.18212989108511496 0.4289949181253529 0.0326744655102864 0.015527950310559006
0 0.20713997579669222 0.44113495200451724 0.0318676885841065 0.03077357425183512
0 0.21379588543767647 0.4178430265386787 0.026623638563937072 0.03162055335968379
0 0.27208551835417505 0.4253246753246753 0.06978620411456232 0.023433088650479956
0 0.2991125453812021 0.43054771315640883 0.021379588543767647 0.009599096555618294
0 0.3174667204517951 0.43125352907961606 0.020976200080677694 0.00818746470920384
0 0.363654699475595 0.423630717108978 0.07301331181928197 0.025691699604743084
0 0.38019362646228316 0.43379446640316205 0.012505042355788625 0.00818746470920384
0 0.40116982654296085 0.43562958780350086 0.02218636546994756 0.00564652738565782
0 0.40116982654296085 0.4205251270468662 0.003630496167809601 0.0036702428006775835
0 0.4473578055667608 0.4438170525127047 0.06292860024203308 0.03162055335968379
0 0.47882210568777733 0.44000564652738566 0.010488100040338847 0.009881422924901186
0 0.5137152077450585 0.4168548842461886 0.014925373134328358 0.009316770186335404
0 0.5262202501008472 0.4301242236024845 0.02218636546994756 0.018351214003387916
0 0.5461879790237999 0.4309712027103331 0.03227107704719645 0.014963297571993224
0 0.5919725695845098 0.4225014116318464 0.04477611940298507 0.03190287972896669
0 0.572206534893102 0.42292490118577075 0.003630496167809601 0.004517221908526256
0 0.6536910044372731 0.4264539808018069 0.09802339653085922 0.03359683794466403
0 0.7388059701492538 0.43266516092603047 0.043969342476805166 0.01101072840203275
0 0.772488906817265 0.4462168266516093 0.06938281565147236 0.03472614342179559
0 0.827349737797499 0.43562958780350086 0.03872529245663574 0.042348955392433656
0 0.8102057281161759 0.43153585544889894 0.002016942315449778 0.001976284584980237
0 0.8164582492940702 0.424901185770751 0.007260992335619202 0.007905138339920948
0 0.8426784993949173 0.4401468097120271 0.008874546187979023 0.00846979107848673
0 0.8832190399354578 0.42066629023150764 0.010891488503428802 0.010728402032749858
0 0.10588947156111335 0.4805194805194805 0.04235578862444534 0.042348955392433656
0 0.127269060104881 0.4786843591191417 0.031060911657926585 0.01101072840203275
0 0.17386042759177087 0.4795313382269904 0.03146430012101654 0.008752117447769622
0 0.20431625655506253 0.48122529644268774 0.031060911657926585 0.007622811970638058
0 0.23517547398144414 0.4738848108413326 0.028237192416296894 0.020609824957651044
0 0.2672448567970956 0.47444946357989837 0.04235578862444534 0.022303783173348392
0 0.3253327954820492 0.4748729531338227 0.02702702702702703 0.023715415019762844
0 0.3465106897942719 0.48249576510446074 0.01855586930213796 0.007340485601355167
0 0.3434852763210972 0.4709203839638622 0.0028237192416296895 0.00282326369282891
0 0.3852359822509076 0.4971767363071711 0.055667607906413875 0.03274985883681536
0 0.36163775716014523 0.4847543760587239 0.007664380798709157 0.004517221908526256
0 0.37575635336829366 0.4731789949181254 0.0028237192416296895 0.004517221908526256
0 0.43686970552642196 0.481931112365895 0.01371520774505849 0.00846979107848673
0 0.45038321903993545 0.48404856013551667 0.018152480839048003 0.007058159232072276
0 0.45482049213392495 0.46823828345567475 0.0052440500201694235 0.004234895539243365
0 0.5052440500201695 0.474025974025974 0.05203711173860428 0.028232636928289104
0 0.5599031867688584 0.4816487859966121 0.04033884630899556 0.010728402032749858
0 0.6137555465913674 0.47699040090344436 0.06171843485276321 0.021739130434782608
0 0.5867285195643405 0.472755505364201 0.0052440500201694235 0.004234895539243365
0 0.6857603872529245 0.4772727272727273 0.0935861234368697 0.026256352343308864
0 0.6476401774909237 0.46950875211744775 0.0028237192416296895 0.0016939582156973462
0 0.8011294876966518 0.4847543760587239 0.1355385235982251 0.04121964991530209
0 0.8953206938281565 0.46725014116318464 0.02218636546994756 0.010728402032749858
0 0.1044776119402985 0.5146809712027103 0.012101653892698669 0.009599096555618294
0 0.11657926583299717 0.5213156408808582 0.03227107704719645 0.026256352343308864
0 0.136345300524405 0.5369847543760587 0.01371520774505849 0.009599096555618294
0 0.19584509883017345 0.5201863354037267 0.0754336425978217 0.03359683794466403
0 0.22166196046793063 0.5328910220214568 0.008471157724889069 0.007058159232072276
0 0.2498991528842275 0.5221626199887069 0.03993545784590561 0.032467532467532464
0 0.24041952400161357 0.516798418972332 0.004033884630899556 0.004799548277809147
0 0.2710770471964502 0.5170807453416149 0.03065752319483663 0.022303783173348392
0 0.26421944332392094 0.5313382269904009 0.022589753933037516 0.012422360248447204
0 0.29386849536103266 0.5316205533596838 0.018959257765227916 0.010728402032749858
0 0.32573618394513915 0.5334556747600225 0.026220250100847116 0.012140033879164314
0 0.35296490520371115 0.5468661773009599 0.0500201694231545 0.03670242800677583
0 0.33420734167002825 0.5607001693958216 0.002016942315449778 0.0016939582156973462
0 0.37918515530455826 0.5571710897797855 0.021782977006857603 0.014398644833427442
0 0.390681726502622 0.5489836250705816 0.0028237192416296895 0.001411631846414455
0 0.40399354578459057 0.5374082439299831 0.022993142396127472 0.021739130434782608
0 0.4854780153287616 0.5173630717108978 0.14320290439693426 0.04206662902315076
0 0.5794675272287213 0.525691699604743 0.11415893505445744 0.033314511575381144
0 0.6127470754336426 0.5416431394692264 0.020976200080677694 0.011575381140598532
0 0.6748688987494957 0.525974025974026 0.04517950786607503 0.021456804065499716
0 0.7049213392496975 0.5320440429136082 0.018959257765227916 0.00818746470920384
0 0.7089552238805971 0.540231507622812 0.004437273093989512 0.001976284584980237
0 0.7563533682936668 0.5252682100508187 0.04517950786607503 0.027950310559006212
0 0.8071803146430012 0.5359966120835686 0.09600645421540945 0.051665725578769056
0 0.8578055667607907 0.5436194240542067 0.02218636546994756 0.016092603049124788
0 0.10528438886647842 0.5861095426312818 0.029043969342476807 0.031055900621118012
0 0.1319080274304155 0.5798983625070582 0.03711173860427592 0.015810276679841896
0 0.17507059298104075 0.5666290231507622 0.01290843081887858 0.01129305477131564
0 0.18596208148446955 0.5748164878599661 0.02501008471157725 0.02258610954263128
0 0.19786204114562322 0.5719932241671372 0.022993142396127472 0.024280067758328628
0 0.21419927390076643 0.577639751552795 0.0500201694231545 0.042348955392433656
0 0.24041952400161357 0.5866741953698476 0.016135538523598225 0.010163749294184076
0 0.24304154901169828 0.5705815923207228 0.006857603872529245 0.00846979107848673
0 0.28620411456232353 0.5704404291360813 0.051230334812424366 0.03698475437605872
0 0.32674465510286405 0.5752399774138904 0.060508269463493344 0.031338226990400904
0 0.3346107301331182 0.5653585544889893 0.002016942315449778 0.002540937323546019
0 0.3785800726099234 0.5748164878599661 0.04477611940298507 0.03387916431394692
0 0.40419524001613555 0.5845567476002259 0.01936264622831787 0.00818746470920384
0 0.4255748285599032 0.5841332580463016 0.014521984671238403 0.007905138339920948
0 0.4683340056474385 0.5835686053077357 0.017749092375958047 0.009034443817052512
0 0.5086728519564341 0.5807453416149069 0.07341670028237192 0.01637492941840768
0 0.4872932634126664 0.5705815923207228 0.003227107704719645 0.007340485601355167
0 0.5663574021782977 0.5832862789384529 0.03872529245663574 0.009034443817052512
0 0.5984267849939492 0.5854037267080745 0.01573215006050827 0.009881422924901186
0 0.6204114562323517 0.5858272162619989 0.02501008471157725 0.01355166572557877
0 0.6797095603065753 0.5808865047995483 0.03307785397337636 0.01383399209486166
0 0.7047196450181524 0.5844155844155844 0.029043969342476807 0.010163749294184076
0 0.7327551432029044 0.5893562958780351 0.0463896732553449 0.027385657820440428
0 0.7730939895119 0.585544889892716 0.04235578862444534 0.014116318464144552
0 0.8194836627672448 0.5870976849237719 0.04235578862444534 0.01383399209486166
0 0.8176684146833401 0.5697346132128741 0.005647438483259379 0.003952569169960474
0 0.845502218636547 0.5924618859401468 0.020976200080677694 0.015527950310559006
0 0.11375554659136748 0.6278938452851497 0.041145623235175476 0.017504234895539244
0 0.1690197660346914 0.6240824392998306 0.04033884630899556 0.03020892151326934
0 0.18838241226300928 0.6317052512704686 0.03307785397337636 0.012140033879164314
0 0.2146026623638564 0.6192828910220215 0.003227107704719645 0.0036702428006775835
0 0.22791448164582492 0.6228119706380576 0.028237192416296894 0.024844720496894408
0 0.24162968939088342 0.6226708074534162 0.03630496167809601 0.0251270468661773
0 0.26502622025010086 0.6455392433653303 0.05244050020169423 0.035290796160361376
0 0.24808390480032272 0.629587803500847 0.01371520774505849 0.009599096555618294
0 0.24687373941105284 0.6528797289666854 0.011294876966518758 0.008752117447769622
0 0.2591770875352965 0.6297289666854884 0.002016942315449778 0.001976284584980237
0 0.26099233561920127 0.6195652173913043 0.0024203307785397336 0.001976284584980237
0 0.3301734570391287 0.6301524562394127 0.038321903993545785 0.014116318464144552
0 0.3618394513916902 0.6342461885940147 0.02501008471157725 0.010446075663466968
0 0.39027833803953205 0.6352343308865048 0.018152480839048003 0.010728402032749858
0 0.3860427591770875 0.6221061547148503 0.003227107704719645 0.0036702428006775835
0 0.4173053650665591 0.6283173348390739 0.03751512706736587 0.026821005081874648
0 0.4485679709560307 0.6345285149632975 0.04517950786607503 0.013269339356295878
0 0.44251714400968134 0.620412196499153 0.004033884630899556 0.004799548277809147
0 0.4661153691004437 0.6441276115189158 0.01653892698668818 0.009881422924901186
0 0.509277934651069 0.6355166572557877 0.06897942718838242 0.044607566346696784
0 0.5713997579669221 0.6300112930547713 0.043162565550625254 0.028514963297571992
0 0.6167809600645422 0.6302936194240542 0.08874546187979024 0.034161490683229816
0 0.7014925373134329 0.6269057029926595 0.10488100040338846 0.025691699604743084
0 0.7498991528842275 0.6250705815923208 0.05244050020169423 0.029361942405420668
0 0.7712787414279951 0.6421513269339356 0.01371520774505849 0.008752117447769622
0 0.8077853973376361 0.6349520045172219 0.03428801936264623 0.010163749294184076
0 0.8221056877773296 0.635940146809712 0.009681323114158934 0.004799548277809147
0 0.8513513513513513 0.6300112930547713 0.040742234772085516 0.020609824957651044
0 0.8414683340056475 0.6254940711462451 0.0024203307785397336 0.003105590062111801
0 0.8691004437273094 0.6260587238848109 0.04154901169826543 0.022868435911914172
0 0.11395724082291246 0.6819593450028233 0.02702702702702703 0.016092603049124788
0 0.15429608713190804 0.6750423489553924 0.043969342476805166 0.025974025974025976
0 0.1811214199273901 0.6832298136645962 0.045986284792254944 0.01129305477131564
0 0.2446551028640581 0.685347261434218 0.07059298104074223 0.045454545454545456
0 0.3239209358612344 0.6775832862789385 0.053247277127874144 0.0220214568040655
0 0.34409035901573215 0.6667137210615471 0.0016135538523598225 0.0008469791078486731
0 0.3884630899556273 0.682523997741389 0.03469140782573618 0.01101072840203275
0 0.4118596208148447 0.6842179559570863 0.01371520774505849 0.010446075663466968
0 0.43061718434852764 0.6856295878035008 0.051230334812424366 0.03472614342179559
0 0.4245663574021783 0.6737718802936195 0.003630496167809601 0.003105590062111801
0 0.4780153287615974 0.6717955957086392 0.01936264622831787 0.012140033879164314
0 0.47680516337232753 0.6833709768492378 0.02581686163775716 0.013269339356295878
0 0.5231948366276724 0.6857707509881423 0.028237192416296894 0.012422360248447204
0 0.5562726906010488 0.6839356295878035 0.04679306171843485 0.012704686617730096
0 0.5956030657523195 0.6861942405420667 0.031060911657926585 0.01101072840203275
0 0.6446147640177491 0.695511010728402 0.06776926179911255 0.032467532467532464
0 0.6298910851149657 0.6840767927724449 0.019766034691407825 0.007905138339920948
0 0.6238402581686163 0.6739130434782609 0.003630496167809601 0.00564652738565782
0 0.6799112545381202 0.689158667419537 0.006857603872529245 0.00282326369282891
