0 0.15490116982654295 0.2522586109542631 0.008067769261799113 0.01948051948051948
0 0.16780960064542155 0.2576228119706381 0.02016942315449778 0.010446075663466968
0 0.2208551835417507 0.2586109542631282 0.013311819281968536 0.014116318464144552
0 0.23860427591770875 0.26228119706380576 0.026220250100847116 0.0220214568040655
0 0.2539330375151271 0.25734048560135514 0.0052440500201694235 0.006493506493506494
0 0.26058894715611136 0.24463579898362506 0.003227107704719645 0.002540937323546019
0 0.27874142799515933 0.2531055900621118 0.03065752319483663 0.017786561264822136
0 0.3372327551432029 0.25691699604743085 0.035498184751916094 0.030491247882552232
0 0.39673255344897135 0.25790513833992096 0.01734570391286809 0.010446075663466968
0 0.4154901169826543 0.2532467532467532 0.008067769261799113 0.014116318464144552
0 0.42496974586526826 0.25367024280067757 0.010891488503428802 0.016657255787690572
0 0.4737797498991529 0.2542348955392434 0.040742234772085516 0.020045172219085264
0 0.5522388059701493 0.2523997741389046 0.03146430012101654 0.02258610954263128
0 0.5713997579669221 0.25296442687747034 0.018959257765227916 0.012422360248447204
0 0.5907624041952401 0.2562111801242236 0.018152480839048003 0.009881422924901186
0 0.6187979023799919 0.2522586109542631 0.03711173860427592 0.029079616036137776
0 0.6446147640177491 0.2542348955392434 0.009681323114158934 0.011575381140598532
0 0.6575231948366277 0.25296442687747034 0.012101653892698669 0.010163749294184076
0 0.6682129891085115 0.2542348955392434 0.012505042355788625 0.012140033879164314
0 0.6881807180314643 0.2522586109542631 0.02581686163775716 0.017786561264822136
0 0.745260185558693 0.25663466967814796 0.033481242436466316 0.011857707509881422
0 0.782371924162969 0.25395256916996045 0.043969342476805166 0.016657255787690572
0 0.8112141992739008 0.25592885375494073 0.021782977006857603 0.01101072840203275
0 0.8243243243243243 0.2562111801242236 0.0052440500201694235 0.003105590062111801
0 0.8426784993949173 0.2636928289102202 0.022589753933037516 0.040654997176736304
0 0.836425978217023 0.24435347261434218 0.002016942315449778 0.001976284584980237
0 0.17164179104477612 0.30561829474872954 0.050423557886244454 0.020609824957651044
0 0.2472771278741428 0.30688876341050253 0.01936264622831787 0.01129305477131564
0 0.2755143202904397 0.30745341614906835 0.03146430012101654 0.010163749294184076
0 0.33844292053247277 0.3090062111801242 0.033884630899556276 0.014398644833427442
0 0.37575635336829366 0.3059006211180124 0.035901573215006054 0.017786561264822136
0 0.4037918515530456 0.3085827216261999 0.015328761597418314 0.007905138339920948
0 0.43384429205324726 0.3050536420101638 0.03993545784590561 0.017221908526256352
0 0.5030254134731746 0.30745341614906835 0.02501008471157725 0.012987012987012988
0 0.5207745058491328 0.30745341614906835 0.003227107704719645 0.005081874647092038
0 0.527228721258572 0.29884246188594016 0.0024203307785397336 0.0036702428006775835
0 0.5437676482452601 0.2992659514398645 0.02501008471157725 0.01693958215697346
0 0.5903590157321501 0.3026538678712592 0.018152480839048003 0.019762845849802372
0 0.608713190802743 0.3167701863354037 0.015328761597418314 0.023150762281197064
0 0.6668011294876967 0.30547713156408807 0.028237192416296894 0.01637492941840768
0 0.6891891891891891 0.30759457933370976 0.00927793465106898 0.008752117447769622
0 0.7386042759177087 0.31394692264257484 0.022589753933037516 0.018633540372670808
0 0.7700685760387252 0.30547713156408807 0.041145623235175476 0.015245623941276116
0 0.8039532069382815 0.30688876341050253 0.026623638563937072 0.012422360248447204
0 0.7958854376764825 0.29446640316205536 0.0024203307785397336 0.003952569169960474
0 0.8267446551028641 0.30350084697910784 0.014925373134328358 0.015810276679841896
0 0.8370310609116579 0.30787690570299264 0.014521984671238403 0.009881422924901186
0 0.8428801936264623 0.3181818181818182 0.014925373134328358 0.01129305477131564
0 0.16417910447761194 0.365330321852061 0.035498184751916094 0.02258610954263128
0 0.1946349334409036 0.35926030491247885 0.01653892698668818 0.011575381140598532
0 0.21782977006857604 0.35813099943534726 0.016942315449778138 0.010446075663466968
0 0.3009277934651069 0.35290796160361376 0.048406615570794675 0.025409373235460192
0 0.3358208955223881 0.35827216261998873 0.031060911657926585 0.01355166572557877
0 0.3620411456232352 0.3588368153585545 0.021379588543767647 0.010163749294184076
0 0.445139169019766 0.3599661208356861 0.057684550221863654 0.01355166572557877
0 0.5100847115772489 0.3608130999435347 0.018152480839048003 0.009599096555618294
0 0.5320693828156515 0.3620835686053077 0.017749092375958047 0.005364201016374929
0 0.5859217426381605 0.36363636363636365 0.0052440500201694235 0.006775832862789385
0 0.5917708753529649 0.3520609824957651 0.003227107704719645 0.005081874647092038
0 0.6016538926986689 0.36278938452851495 0.011698265429608713 0.007905138339920948
0 0.6256555062525212 0.3613777526821005 0.022589753933037516 0.028797289666854884
0 0.6462283178701089 0.36180124223602483 0.01371520774505849 0.006493506493506494
0 0.6643807987091569 0.35686053077357427 0.008874546187979023 0.01355166572557877
0 0.6770875352964906 0.3564370412196499 0.011698265429608713 0.002540937323546019
0 0.691004437273094 0.35926030491247885 0.003227107704719645 0.005928853754940711
0 0.6952400161355385 0.3502258610954263 0.004437273093989512 0.003105590062111801
0 0.7039128680919726 0.3591191417278374 0.01290843081887858 0.007905138339920948
0 0.7224687373941105 0.3541784302653868 0.008067769261799113 0.002540937323546019
0 0.7424364663170633 0.3567193675889328 0.018959257765227916 0.007058159232072276
0 0.7597821702299314 0.3570016939582157 0.010891488503428802 0.01101072840203275
0 0.7858007260992336 0.3578486730660644 0.035498184751916094 0.00818746470920384
0 0.8134328358208955 0.3591191417278374 0.01573215006050827 0.010728402032749858
0 0.8569987898346108 0.3577075098814229 0.01653892698668818 0.011857707509881422
0 0.8759580475998386 0.35502540937323546 0.01734570391286809 0.012140033879164314
0 0.15429608713190804 0.4127611518915867 0.018152480839048003 0.01129305477131564
0 0.15772488906817264 0.40866741953698477 0.00645421540943929 0.004799548277809147
0 0.22025010084711577 0.40457368718238285 0.016942315449778138 0.015810276679841896
0 0.2400161355385236 0.4105025409373235 0.016135538523598225 0.01355166572557877
0 0.25857200484066156 0.4201016374929418 0.017749092375958047 0.028232636928289104
0 0.27732956837434447 0.40866741953698477 0.012505042355788625 0.01101072840203275
0 0.29608713190802743 0.40923207227555053 0.01371520774505849 0.010446075663466968
0 0.3400564743848326 0.41078486730660646 0.026623638563937072 0.026538678712591756
0 0.4288019362646228 0.4138904573687182 0.05244050020169423 0.025409373235460192
0 0.4889068172650262 0.41417278373800115 0.06292860024203308 0.03557312252964427
0 0.527632109721662 0.4109260304912479 0.0024203307785397336 0.003105590062111801
0 0.5752319483662768 0.40400903444381703 0.029043969342476807 0.015245623941276116
0 0.5958047599838645 0.40683229813664595 0.014521984671238403 0.009034443817052512
0 0.6036708350141186 0.41699604743083 0.007664380798709157 0.007340485601355167
0 0.6500605082694635 0.40993788819875776 0.01734570391286809 0.012422360248447204
0 0.6651875756353368 0.4105025409373235 0.01371520774505849 0.01129305477131564
0 0.6805163372327552 0.40654997176736307 0.012101653892698669 0.01693958215697346
0 0.7361839451391691 0.40782044042913607 0.05647438483259379 0.011575381140598532
0 0.7993142396127471 0.410643704121965 0.014925373134328358 0.009316770186335404
0 0.8029447357805567 0.409373235460192 0.004437273093989512 0.00282326369282891
0 0.8223073820088745 0.41332580463015245 0.018959257765227916 0.00846979107848673
0 0.1438079870915692 0.45863918690005645 0.0028237192416296895 0.006493506493506494
0 0.1464300121016539 0.44748729531338227 0.004840661557079467 0.0016939582156973462
0 0.15792658329971762 0.45976849237718803 0.014925373134328358 0.007622811970638058
0 0.18576038725292457 0.45976849237718803 0.03509479628882614 0.026256352343308864
0 0.21117386042759176 0.45652173913043476 0.010891488503428802 0.014680971202710334
0 0.22327551432029044 0.45609824957651046 0.006857603872529245 0.001411631846414455
0 0.23719241629689392 0.4600508187464709 0.005647438483259379 0.004799548277809147
0 0.24324324324324326 0.4504517221908526 0.003227107704719645 0.002540937323546019
0 0.2505042355788624 0.4608977978543196 0.009681323114158934 0.006493506493506494
0 0.26966518757563535 0.45511010728402035 0.006857603872529245 0.0016939582156973462
0 0.29064138765631303 0.4611801242236025 0.02218636546994756 0.007622811970638058
0 0.29306171843485274 0.45892151326933933 0.004437273093989512 0.003105590062111801
0 0.3075837031060912 0.46047430830039526 0.006857603872529245 0.00846979107848673
0 0.3317870108914885 0.4618859401468097 0.031060911657926585 0.007905138339920948
0 0.3537716821298911 0.4624505928853755 0.012101653892698669 0.006775832862789385
0 0.4146833400564744 0.45849802371541504 0.03630496167809601 0.01355166572557877
0 0.4400968132311416 0.4577922077922078 0.00645421540943929 0.010446075663466968
0 0.47862041145623235 0.461038961038961 0.018959257765227916 0.006775832862789385
0 0.5274304154901169 0.45976849237718803 0.018959257765227916 0.006493506493506494
0 0.5429608713190803 0.461038961038961 0.011294876966518758 0.009599096555618294
0 0.5629286002420331 0.4631564088085827 0.022993142396127472 0.007622811970638058
0 0.5853166599435257 0.45765104460756634 0.0024203307785397336 0.001129305477131564
0 0.5897539330375151 0.4575098814229249 0.005647438483259379 0.001411631846414455
0 0.6121419927390077 0.45736871823828346 0.030254134731746672 0.015245623941276116
0 0.6476401774909237 0.46075663466967814 0.030254134731746672 0.010163749294184076
0 0.7008874546187979 0.4590626764539808 0.013311819281968536 0.015810276679841896
0 0.718636546994756 0.4611801242236025 0.01573215006050827 0.010446075663466968
0 0.7430415490116983 0.45920383963862227 0.02581686163775716 0.012704686617730096
0 0.7654296087131908 0.47035573122529645 0.01008471157724889 0.010728402032749858
0 0.800726099233562 0.4640033879164314 0.014521984671238403 0.01101072840203275
0 0.14925373134328357 0.516798418972332 0.017749092375958047 0.020045172219085264
0 0.17224687373941105 0.5083286278938453 0.028237192416296894 0.013269339356295878
0 0.20592981040742234 0.5080463015245624 0.02944735780556676 0.007622811970638058
0 0.23376361436062928 0.5097402597402597 0.01734570391286809 0.008752117447769622
0 0.25958047599838646 0.5069169960474308 0.030254134731746672 0.015527950310559006
0 0.281968535699879 0.5101637492941841 0.00645421540943929 0.007340485601355167
0 0.2983057684550222 0.5081874647092038 0.018959257765227916 0.007905138339920948
0 0.3588140379185155 0.5125635234330886 0.020572811617587738 0.016092603049124788
0 0.37394110528438884 0.5095990965556183 0.00645421540943929 0.006211180124223602
0 0.3836224283985478 0.49858836815358554 0.004033884630899556 0.002258610954263128
0 0.3892698668818072 0.5097402597402597 0.015328761597418314 0.009881422924901186
0 0.4037918515530456 0.5090344438170525 0.01290843081887858 0.009034443817052512
0 0.4193223073820089 0.5100225861095427 0.013311819281968536 0.009881422924901186
0 0.46772892295280355 0.510446075663467 0.01573215006050827 0.007905138339920948
0 0.48628479225494153 0.5080463015245624 0.014925373134328358 0.017786561264822136
0 0.5556676079064139 0.5090344438170525 0.0463896732553449 0.026538678712591756
0 0.5839048003227107 0.5118577075098815 0.007664380798709157 0.006211180124223602
0 0.5903590157321501 0.5005646527385658 0.0028237192416296895 0.005081874647092038
0 0.5990318676885841 0.5081874647092038 0.009681323114158934 0.018068887634105024
0 0.6179911254538121 0.515527950310559 0.02501008471157725 0.029361942405420668
0 0.6621621621621622 0.5136928289102202 0.0052440500201694235 0.006493506493506494
0 0.6686163775716014 0.5057876905702993 0.002016942315449778 0.002540937323546019
0 0.6768858410649455 0.5146809712027103 0.01371520774505849 0.006775832862789385
0 0.7248890681726503 0.5128458498023716 0.017749092375958047 0.008752117447769622
0 0.7434449374747882 0.5138339920948617 0.012101653892698669 0.006775832862789385
0 0.7872125857200484 0.5105872388481084 0.01573215006050827 0.008752117447769622
0 0.8061718434852764 0.5114342179559571 0.01734570391286809 0.009316770186335404
0 0.8196853569987899 0.5183512140033879 0.017749092375958047 0.01693958215697346
0 0.8338039532069382 0.5210333145115754 0.022589753933037516 0.022868435911914172
0 0.8600242033077854 0.5128458498023716 0.028237192416296894 0.012140033879164314
0 0.8894715611133521 0.5117165443252399 0.009681323114158934 0.002540937323546019
0 0.1663977410246067 0.5577357425183512 0.03428801936264623 0.016657255787690572
0 0.1952400161355385 0.5578769057029926 0.01371520774505849 0.014680971202710334
0 0.25211778943122226 0.5574534161490683 0.012101653892698669 0.009881422924901186
0 0.2656313029447358 0.5602766798418972 0.01653892698668818 0.027385657820440428
0 0.3190802743041549 0.5604178430265386 0.015328761597418314 0.006775832862789385
0 0.3358208955223881 0.5567476002258611 0.010891488503428802 0.01693958215697346
0 0.3600242033077854 0.5568887634105025 0.04235578862444534 0.014398644833427442
0 0.41750705929810406 0.5594297007340485 0.004033884630899556 0.005364201016374929
0 0.4201290843081888 0.5489836250705816 0.002016942315449778 0.0036702428006775835
0 0.42940701895925776 0.560841332580463 0.012505042355788625 0.008752117447769622
0 0.4461476401774909 0.5612648221343873 0.014521984671238403 0.007340485601355167
0 0.4606696248487293 0.5622529644268774 0.01371520774505849 0.010446075663466968
0 0.4889068172650262 0.562111801242236 0.03630496167809601 0.011857707509881422
0 0.5215812827753126 0.5628176171654432 0.026623638563937072 0.011575381140598532
0 0.5443727309398951 0.5666290231507622 0.002016942315449778 0.001129305477131564
0 0.5873336022589754 0.5556182947487295 0.02581686163775716 0.018068887634105024
0 0.6109318273497378 0.5573122529644269 0.031060911657926585 0.01637492941840768
0 0.6736587333602259 0.560841332580463 0.03307785397337636 0.009881422924901186
0 0.7053247277127874 0.5609824957651045 0.024606696248487294 0.006211180124223602
0 0.7287212585720049 0.5686053077357425 0.024606696248487294 0.014116318464144552
0 0.7575635336829367 0.5592885375494071 0.023396530859217425 0.01693958215697346
0 0.7827753126260589 0.5625352907961604 0.027833803953206938 0.009316770186335404
0 0.7993142396127471 0.5520892151326934 0.0028237192416296895 0.001976284584980237
0 0.817870108914885 0.5693111236589498 0.0326744655102864 0.03303218520609825
0 0.8697055264219443 0.5581592320722756 0.015328761597418314 0.009034443817052512
0 0.8824122630092779 0.5607001693958216 0.018959257765227916 0.025974025974025976
0 0.16256555062525213 0.6060135516657256 0.028237192416296894 0.022303783173348392
0 0.1918112141992739 0.6070016939582157 0.027833803953206938 0.015245623941276116
0 0.25030254134731744 0.5989553924336533 0.0060508269463493344 0.003105590062111801
0 0.2509076240419524 0.609966120835686 0.005647438483259379 0.00818746470920384
0 0.2617991125453812 0.6103896103896104 0.01371520774505849 0.00846979107848673
0 0.28075837031060913 0.6108130999435347 0.016942315449778138 0.00818746470920384
0 0.299717628075837 0.610248447204969 0.015328761597418314 0.010446075663466968
0 0.3338039532069383 0.6095426312817617 0.040742234772085516 0.01129305477131564
0 0.3666801129487697 0.6137775268210051 0.029043969342476807 0.01355166572557877
0 0.4227511093182735 0.6113777526821005 0.020976200080677694 0.010446075663466968
0 0.4427188382412263 0.6113777526821005 0.018959257765227916 0.007058159232072276
0 0.4582492940701896 0.6108130999435347 0.010488100040338847 0.009316770186335404
0 0.5153287615974184 0.6075663466967814 0.01653892698668818 0.012422360248447204
0 0.5308592174263816 0.6091191417278374 0.016942315449778138 0.009881422924901186
0 0.5457845905607099 0.6064370412196499 0.01290843081887858 0.018633540372670808
0 0.5576845502218637 0.6106719367588933 0.014118596208148447 0.009599096555618294
0 0.5792658329971763 0.6105307735742518 0.029850746268656716 0.012140033879164314
0 0.599435256151674 0.6139186900056465 0.01855586930213796 0.007058159232072276
0 0.6216216216216216 0.6106719367588933 0.011294876966518758 0.014680971202710334
0 0.6319080274304155 0.6180124223602484 0.002016942315449778 0.0016939582156973462
0 0.6649858814037919 0.6120835686053078 0.010891488503428802 0.01355166572557877
0 0.6784993949173054 0.611518915866742 0.014521984671238403 0.01355166572557877
0 0.718233158531666 0.6110954263128177 0.014118596208148447 0.017786561264822136
0 0.7494957644211375 0.6126482213438735 0.04437273093989512 0.015245623941276116
0 0.8106091165792658 0.6109542631281761 0.020572811617587738 0.015810276679841896
0 0.8160548608309802 0.6160361377752682 0.01855586930213796 0.00846979107848673
0 0.8325937878176685 0.6254940711462451 0.02581686163775716 0.022868435911914172
0 0.8666801129487697 0.6154714850367025 0.03428801936264623 0.01129305477131564
0 0.15994352561516742 0.655561829474873 0.021379588543767647 0.012987012987012988
0 0.1972569584509883 0.6564088085827217 0.053247277127874144 0.02710333145115754
0 0.25756353368293666 0.6561264822134387 0.004437273093989512 0.018633540372670808
0 0.27228721258572003 0.6595143986448334 0.017749092375958047 0.009599096555618294
0 0.2882210568777733 0.6736307171089779 0.01573215006050827 0.030491247882552232
0 0.31565147236789026 0.6617730095990966 0.033481242436466316 0.012987012987012988
0 0.3676885841064946 0.6614906832298136 0.010891488503428802 0.00846979107848673
0 0.38422751109318276 0.6592320722755506 0.013311819281968536 0.02258610954263128
0 0.4203307785397338 0.6627611518915867 0.003227107704719645 0.004234895539243365
0 0.42496974586526826 0.6521739130434783 0.003630496167809601 0.00282326369282891
0 0.4302137958854377 0.659373235460192 0.008471157724889069 0.013269339356295878
0 0.43929003630496166 0.6585262563523433 0.01371520774505849 0.014963297571993224
0 0.4528035498184752 0.661914172783738 0.014925373134328358 0.008752117447769622
0 0.46571198063735375 0.6613495200451722 0.014118596208148447 0.009316770186335404
0 0.47680516337232753 0.6609260304912479 0.003227107704719645 0.006211180124223602
0 0.4834610730133118 0.651468097120271 0.0028237192416296895 0.003105590062111801
0 0.4899152884227511 0.6606437041219649 0.013311819281968536 0.007340485601355167
0 0.5114965711980637 0.6647374364765669 0.017749092375958047 0.00818746470920384
0 0.563937071399758 0.6589497459062676 0.029043969342476807 0.018068887634105024
0 0.617789431222267 0.6617730095990966 0.031060911657926585 0.01355166572557877
0 0.7069382815651473 0.6674195369847544 0.10125050423557887 0.028232636928289104
0 0.7775312626058895 0.6641727837380011 0.014118596208148447 0.009881422924901186
0 0.800322710770472 0.663184641445511 0.026623638563937072 0.028232636928289104
0 0.8432835820895522 0.664455110107284 0.019766034691407825 0.009881422924901186
0 0.864058087938685 0.66600790513834 0.017749092375958047 0.007340485601355167
0 0.8870512303348125 0.6640316205533597 0.029850746268656716 0.014116318464144552
0 0.163574021782977 0.7083568605307736 0.014118596208148447 0.01637492941840768
0 0.17507059298104075 0.7086391869000565 0.014521984671238403 0.012422360248447204
0 0.19402985074626866 0.7145680406549971 0.016135538523598225 0.02258610954263128
0 0.20875352964905203 0.7058159232072275 0.011698265429608713 0.020892151326933936
0 0.22186365469947558 0.7120271033314511 0.014521984671238403 0.006211180124223602
0 0.2559499798305768 0.7076510446075663 0.04800322710770472 0.015527950310559006
0 0.31665994352561516 0.7075098814229249 0.020976200080677694 0.010728402032749858
0 0.3317870108914885 0.7075098814229249 0.003630496167809601 0.006775832862789385
0 0.3370310609116579 0.698334274421231 0.0028237192416296895 0.003105590062111801
0 0.34530052440500203 0.7024280067758328 0.008067769261799113 0.015245623941276116
0 0.354780153287616 0.7044042913608131 0.011698265429608713 0.018068887634105024
0 0.39774102460669625 0.7080745341614907 0.017749092375958047 0.014116318464144552
0 0.4126663977410246 0.7106154714850367 0.016135538523598225 0.012987012987012988
0 0.43586123436869706 0.7077922077922078 0.025413473174667203 0.017504234895539244
0 0.4774102460669625 0.7077922077922078 0.010891488503428802 0.019198193111236588
0 0.4945542557482856 0.7128740824392998 0.015328761597418314 0.009599096555618294
0 0.5104881000403388 0.7123094297007341 0.014925373134328358 0.010163749294184076
0 0.527632109721662 0.7116036137775268 0.02016942315449778 0.009881422924901186
0 0.5657523194836628 0.7103331451157539 0.04719645018152481 0.015810276679841896
0 0.5488100040338846 0.7028514963297572 0.002016942315449778 0.003105590062111801
0 0.5917708753529649 0.7195087521174478 0.041145623235175476 0.023997741389045736
0 0.6224283985478015 0.7130152456239413 0.016942315449778138 0.00818746470920384
0 0.6434045986284792 0.7094861660079052 0.024203307785397338 0.019762845849802372
0 0.6607503025413474 0.700875211744777 0.003227107704719645 0.005928853754940711
0 0.6702299314239613 0.7089215132693394 0.014925373134328358 0.019198193111236588
0 0.6847519160951997 0.7029926595143986 0.003630496167809601 0.003952569169960474
0 0.6984671238402582 0.7188029361942405 0.02944735780556676 0.031055900621118012
0 0.7234772085518354 0.7188029361942405 0.0028237192416296895 0.002258610954263128
