0 0.14300121016538928 0.2069452286843591 0.003630496167809601 0.007905138339920948
0 0.1472367890278338 0.2062394127611519 0.00645421540943929 0.008752117447769622
0 0.1680112948769665 0.2171089779785432 0.02944735780556676 0.031055900621118012
0 0.19423154497781364 0.21668548842461885 0.018152480839048003 0.014963297571993224
0 0.20855183541750705 0.2165443252399774 0.014521984671238403 0.014116318464144552
0 0.2244856797095603 0.21569734613212874 0.018152480839048003 0.014116318464144552
0 0.2390076643807987 0.21485036702428006 0.01573215006050827 0.015810276679841896
0 0.25534489713594194 0.21470920383963862 0.02016942315449778 0.016657255787690572
0 0.2680516337232755 0.21583850931677018 0.01734570391286809 0.018351214003387916
0 0.3063735377168213 0.22035573122529645 0.022993142396127472 0.026256352343308864
0 0.32210568777732956 0.21569734613212874 0.012505042355788625 0.015245623941276116
0 0.3382412263009278 0.21583850931677018 0.018959257765227916 0.014963297571993224
0 0.37696651875756354 0.21541501976284586 0.026220250100847116 0.014680971202710334
0 0.3991528842275111 0.2161208356860531 0.018152480839048003 0.016092603049124788
0 0.4124647035094796 0.2155561829474873 0.018152480839048003 0.017221908526256352
0 0.43303751512706734 0.21174477696216826 0.014925373134328358 0.019762845849802372
0 0.4628882613957241 0.21626199887069453 0.021379588543767647 0.014680971202710334
0 0.4764017749092376 0.2171089779785432 0.014521984671238403 0.012422360248447204
0 0.5016135538523598 0.21725014116318464 0.03751512706736587 0.016092603049124788
0 0.5258168616377572 0.21541501976284586 0.013311819281968536 0.018068887634105024
0 0.5689794271883825 0.2140033879164314 0.04154901169826543 0.023150762281197064
0 0.600847115772489 0.21753246753246752 0.01653892698668818 0.012704686617730096
0 0.6260588947156112 0.21414455110107283 0.03711173860427592 0.020609824957651044
0 0.6797095603065753 0.21541501976284586 0.03872529245663574 0.019762845849802372
0 0.7053247277127874 0.2186617730095991 0.014925373134328358 0.012140033879164314
0 0.7345703912868092 0.21386222473178995 0.020976200080677694 0.021174477696216828
0 0.7609923356192013 0.21781479390175043 0.03751512706736587 0.017221908526256352
0 0.8041549011698266 0.21527385657820441 0.052843888664784185 0.020045172219085264
0 0.8424768051633723 0.2137210615471485 0.0318676885841065 0.024280067758328628
0 0.16216216216216217 0.26538678712591757 0.016135538523598225 0.03162055335968379
0 0.17607906413876562 0.265527950310559 0.01573215006050827 0.016657255787690572
0 0.19322307382008874 0.26355166572557875 0.015328761597418314 0.018351214003387916
0 0.22690601048810005 0.26044607566346695 0.011698265429608713 0.020045172219085264
0 0.24425171440096813 0.2701863354037267 0.0318676885841065 0.034443817052512704
0 0.2789431222267043 0.26030491247882553 0.03751512706736587 0.026538678712591756
0 0.3313836224283985 0.26157538114059853 0.03428801936264623 0.025691699604743084
0 0.36829366680112946 0.2636928289102202 0.03953206938281565 0.018633540372670808
0 0.39007664380798707 0.2707509881422925 0.028237192416296894 0.029361942405420668
0 0.4156918112141993 0.26439864483342745 0.0318676885841065 0.021174477696216828
0 0.4717628075837031 0.26453980801806887 0.040742234772085516 0.017504234895539244
0 0.5042355788624445 0.2627046866177301 0.03307785397337636 0.026256352343308864
0 0.5478015328761597 0.2628458498023715 0.035498184751916094 0.023150762281197064
0 0.5851149657119806 0.26693958215697344 0.050423557886244454 0.017786561264822136
0 0.6194029850746269 0.2704686617730096 0.027833803953206938 0.0220214568040655
0 0.6710367083501412 0.26228119706380576 0.04881000403388463 0.026538678712591756
0 0.7063331988705123 0.2648221343873518 0.021782977006857603 0.023715415019762844
0 0.7355788624445341 0.2663749294184077 0.03670835014118596 0.01948051948051948
0 0.7208551835417507 0.2562111801242236 0.004840661557079467 0.004799548277809147
0 0.7583703106091165 0.27639751552795033 0.008067769261799113 0.01355166572557877
0 0.16841468334005646 0.3125352907961604 0.02702702702702703 0.019198193111236588
0 0.19302137958854376 0.3126764539808018 0.018152480839048003 0.01948051948051948
0 0.20814844695441712 0.32086391869000563 0.026623638563937072 0.034161490683229816
0 0.2325534489713594 0.313382269904009 0.01734570391286809 0.02710333145115754
0 0.24707543364259782 0.3166290231507623 0.01573215006050827 0.01948051948051948
0 0.28136345300524407 0.3132411067193676 0.014925373134328358 0.02456239412761152
0 0.3061718434852763 0.3147939017504235 0.04517950786607503 0.021456804065499716
0 0.3356192012908431 0.3231225296442688 0.010488100040338847 0.016657255787690572
0 0.3961274707543364 0.3147939017504235 0.08793868495361033 0.029926595143986448
0 0.45421540943929006 0.3129587803500847 0.033884630899556276 0.026256352343308864
0 0.4715611133521581 0.30787690570299264 0.004033884630899556 0.003105590062111801
0 0.48507462686567165 0.31620553359683795 0.020572811617587738 0.01637492941840768
0 0.4957644211375555 0.3231225296442688 0.02743041549011698 0.03077357425183512
0 0.5381202097620008 0.3170525127046866 0.017749092375958047 0.017504234895539244
0 0.554860830980234 0.3177583286278938 0.019766034691407825 0.018351214003387916
0 0.5869302137958854 0.3135234330886505 0.03146430012101654 0.026256352343308864
0 0.6115369100443727 0.3181818181818182 0.016135538523598225 0.017504234895539244
0 0.654901169826543 0.3234048560135517 0.04477611940298507 0.02456239412761152
0 0.6853569987898346 0.3191699604743083 0.02016942315449778 0.016657255787690572
0 0.6787010891488503 0.3064652738565782 0.003630496167809601 0.0036702428006775835
0 0.7016942315449778 0.3198757763975155 0.019766034691407825 0.019762845849802372
0 0.7501008471157725 0.3181818181818182 0.040742234772085516 0.03387916431394692
0 0.7970956030657523 0.3132411067193676 0.033884630899556276 0.026821005081874648
0 0.8210972166196047 0.31747600225861095 0.018959257765227916 0.0189158667419537
0 0.1607503025413473 0.3610954263128176 0.020572811617587738 0.023150762281197064
0 0.17668414683340056 0.3651891586674195 0.014521984671238403 0.015527950310559006
0 0.209156918112142 0.3643421795595709 0.0463896732553449 0.021174477696216828
0 0.24969745865268253 0.37238848108413325 0.007260992335619202 0.01129305477131564
0 0.2845905607099637 0.36377752682100506 0.04154901169826543 0.018351214003387916
0 0.31665994352561516 0.36250705815923207 0.029043969342476807 0.025974025974025976
0 0.3656716417910448 0.36617730095990964 0.02864058087938685 0.017504234895539244
0 0.3880597014925373 0.36335403726708076 0.020976200080677694 0.024280067758328628
0 0.4193223073820089 0.36462450592885376 0.04961678096006454 0.023433088650479956
0 0.4626865671641791 0.36688311688311687 0.03469140782573618 0.017786561264822136
0 0.5042355788624445 0.3695652173913043 0.01290843081887858 0.01693958215697346
0 0.5171440096813231 0.36773009599096557 0.016135538523598225 0.017786561264822136
0 0.5121016538926987 0.3565782044042914 0.003630496167809601 0.00282326369282891
0 0.5240016135538523 0.3565782044042914 0.0024203307785397336 0.0016939582156973462
0 0.5588947156111336 0.36377752682100506 0.020572811617587738 0.02456239412761152
0 0.5839048003227107 0.36716544325239975 0.03670835014118596 0.018351214003387916
0 0.6397741024606697 0.36490683229813664 0.050826946349334406 0.023997741389045736
0 0.6780960064542154 0.3681535855448899 0.023396530859217425 0.015245623941276116
0 0.7154094392900363 0.3685770750988142 0.018152480839048003 0.017786561264822136
0 0.7412263009277935 0.37351778656126483 0.0391286809197257 0.028232636928289104
0 0.7628075837031061 0.36928289102202144 0.008874546187979023 0.015245623941276116
0 0.7698668818071803 0.3591191417278374 0.003630496167809601 0.003952569169960474
0 0.7799515933844292 0.36885940146809715 0.018959257765227916 0.01948051948051948
0 0.8083904800322711 0.366600790513834 0.016135538523598225 0.0036702428006775835
0 0.1653892698668818 0.4126199887069452 0.04517950786607503 0.02456239412761152
0 0.20855183541750705 0.4134669678147939 0.042759177087535294 0.026256352343308864
0 0.23699072206534894 0.4189723320158103 0.003630496167809601 0.002258610954263128
0 0.26200080677692617 0.4126199887069452 0.014925373134328358 0.02456239412761152
0 0.30475998386446146 0.4134669678147939 0.05203711173860428 0.026256352343308864
0 0.33965308592174265 0.41671372106154714 0.01855586930213796 0.019198193111236588
0 0.3810004033884631 0.41727837380011296 0.025413473174667203 0.019762845849802372
0 0.3810004033884631 0.40556182947487296 0.004437273093989512 0.003105590062111801
0 0.39209358612343687 0.40457368718238285 0.0024203307785397336 0.002258610954263128
0 0.43142396127470756 0.42603049124788256 0.057684550221863654 0.03387916431394692
0 0.5024203307785398 0.41826651609260307 0.06171843485276321 0.022303783173348392
0 0.5342880193626462 0.4189723320158103 0.018959257765227916 0.017504234895539244
0 0.573215006050827 0.41953698475437606 0.021782977006857603 0.01637492941840768
0 0.6183945139169019 0.4192546583850932 0.029043969342476807 0.017504234895539244
0 0.6379588543767648 0.4193958215697346 0.01734570391286809 0.017221908526256352
0 0.6665994352561517 0.422360248447205 0.04477611940298507 0.03500846979107849
0 0.7113755546591367 0.4246188594014681 0.0536506655909641 0.030491247882552232
0 0.7666397741024606 0.41643139469226426 0.022993142396127472 0.023715415019762844
0 0.7870108914885035 0.4191134952004517 0.020976200080677694 0.016657255787690572
0 0.781565147236789 0.4075381140598532 0.004437273093989512 0.004234895539243365
0 0.8045582896329165 0.41756070016939584 0.019766034691407825 0.018633540372670808
0 0.8235175473981444 0.41544325239977414 0.0318676885841065 0.0251270468661773
0 0.15510286405808793 0.4645680406549972 0.022993142396127472 0.021739130434782608
0 0.17204517950786608 0.46823828345567475 0.025413473174667203 0.025691699604743084
0 0.18737394110528438 0.47699040090344436 0.013311819281968536 0.014963297571993224
0 0.24102460669624848 0.4608977978543196 0.06575231948366277 0.026821005081874648
0 0.282170229931424 0.4772727272727273 0.008471157724889069 0.009881422924901186
0 0.3301734570391287 0.4644268774703557 0.04800322710770472 0.024844720496894408
0 0.35841064945542556 0.4675324675324675 0.02379991932230738 0.020892151326933936
0 0.36930213795885436 0.475296442687747 0.003630496167809601 0.002540937323546019
0 0.3914885034288019 0.4655561829474873 0.01653892698668818 0.00282326369282891
0 0.42517144009681324 0.4673913043478261 0.03630496167809601 0.01948051948051948
0 0.4594594594594595 0.4686617730095991 0.021782977006857603 0.0033879164313946925
0 0.49757966922146024 0.4655561829474873 0.0318676885841065 0.025409373235460192
0 0.5193626462283178 0.4712027103331451 0.024606696248487294 0.015810276679841896
0 0.5409439290036305 0.4666854884246189 0.022589753933037516 0.025409373235460192
0 0.5764421137555465 0.4761434217955957 0.05405405405405406 0.03585544889892716
0 0.6315046389673256 0.46287408243929984 0.02379991932230738 0.021739130434782608
0 0.6218233158531666 0.47586109542631283 0.004437273093989512 0.002540937323546019
0 0.6532876159741832 0.45765104460756634 0.00927793465106898 0.012422360248447204
0 0.6569181121419927 0.4590626764539808 0.00927793465106898 0.012422360248447204
0 0.6807180314643001 0.45765104460756634 0.00927793465106898 0.012422360248447204
0 0.6855586930213796 0.45821569734613216 0.00927793465106898 0.010728402032749858
0 0.7047196450181524 0.46569734613212876 0.029043969342476807 0.023997741389045736
0 0.7299314239612748 0.46696781479390176 0.0326744655102864 0.02258610954263128
0 0.7642194433239209 0.47882552230378317 0.02864058087938685 0.034443817052512704
0 0.7924566357402179 0.46922642574816487 0.040742234772085516 0.026538678712591756
0 0.817870108914885 0.47783738001129306 0.008471157724889069 0.012704686617730096
0 0.14965711980637353 0.514257481648786 0.02016942315449778 0.027950310559006212
0 0.1801129487696652 0.5131281761716544 0.0391286809197257 0.025691699604743084
0 0.22730939895118998 0.5146809712027103 0.03428801936264623 0.02766798418972332
0 0.2537313432835821 0.5160926030491247 0.016135538523598225 0.019762845849802372
0 0.30254134731746674 0.519339356295878 0.0653489310205728 0.021739130434782608
0 0.28418717224687373 0.5095990965556183 0.002016942315449778 0.0016939582156973462
0 0.2864058087938685 0.5071993224167137 0.004033884630899556 0.0036702428006775835
0 0.34227511093182733 0.5158102766798419 0.021379588543767647 0.024844720496894408
0 0.3961274707543364 0.515527950310559 0.03953206938281565 0.020892151326933936
0 0.381807180314643 0.5159514398644833 0.002016942315449778 0.001976284584980237
0 0.3852359822509076 0.5119988706945229 0.004840661557079467 0.005928853754940711
0 0.4334409035901573 0.5145398080180689 0.03993545784590561 0.028514963297571992
0 0.4606696248487293 0.514257481648786 0.03227107704719645 0.025691699604743084
0 0.4965711980637354 0.5244212309429701 0.029850746268656716 0.03020892151326934
0 0.5110931827349737 0.5197628458498024 0.014521984671238403 0.018068887634105024
0 0.5169423154497781 0.506634669678148 0.004437273093989512 0.004234895539243365
0 0.5322710770471965 0.5180688876341051 0.02864058087938685 0.017504234895539244
0 0.5754336425978217 0.5208921513269339 0.0318676885841065 0.018633540372670808
0 0.5968132311415894 0.5190570299265952 0.019766034691407825 0.020045172219085264
0 0.6300927793465106 0.5199040090344438 0.024203307785397338 0.018351214003387916
0 0.663372327551432 0.5179277244494636 0.01653892698668818 0.023433088650479956
0 0.6928196853569988 0.5213156408808582 0.057684550221863654 0.017786561264822136
0 0.7317466720451795 0.5292207792207793 0.008067769261799113 0.01101072840203275
0 0.7585720048406616 0.5173630717108978 0.01653892698668818 0.023997741389045736
0 0.7763210972166196 0.5080463015245624 0.010891488503428802 0.015527950310559006
0 0.7874142799515934 0.519621682665161 0.03227107704719645 0.017221908526256352
0 0.15288422751109318 0.5639469226425748 0.026623638563937072 0.023433088650479956
0 0.1801129487696652 0.5664878599661208 0.038321903993545785 0.01948051948051948
0 0.16478418717224688 0.5662055335968379 0.002016942315449778 0.003105590062111801
0 0.16780960064542155 0.5616883116883117 0.0024203307785397336 0.002540937323546019
0 0.20431625655506253 0.5667701863354038 0.01653892698668818 0.018351214003387916
0 0.22307382008874546 0.5719932241671372 0.004033884630899556 0.00282326369282891
0 0.245461879790238 0.5529361942405421 0.006857603872529245 0.010446075663466968
0 0.25131101250504234 0.5532185206098249 0.008067769261799113 0.01101072840203275
0 0.272488906817265 0.5561829474872954 0.007664380798709157 0.010163749294184076
0 0.27833803953206937 0.5554771315640881 0.01290843081887858 0.01383399209486166
0 0.30395320693828154 0.567476002258611 0.04800322710770472 0.023715415019762844
0 0.32755143202904397 0.5780632411067194 0.008067769261799113 0.012704686617730096
0 0.3699072206534893 0.5735460191981931 0.05970149253731343 0.03190287972896669
0 0.35599031867688585 0.5602766798418972 0.0028237192416296895 0.001411631846414455
0 0.41064945542557485 0.575098814229249 0.004033884630899556 0.00282326369282891
0 0.44050020169423154 0.575098814229249 0.03307785397337636 0.037267080745341616
0 0.4396934247680516 0.5597120271033315 0.0024203307785397336 0.002540937323546019
0 0.4429205324727713 0.5559006211180124 0.003227107704719645 0.004517221908526256
0 0.4681323114158935 0.5688876341050254 0.0326744655102864 0.020892151326933936
0 0.518757563533683 0.5643704121964992 0.020976200080677694 0.024844720496894408
0 0.535699878983461 0.5688876341050254 0.01936264622831787 0.01637492941840768
0 0.5560709963695039 0.5688876341050254 0.021379588543767647 0.01637492941840768
0 0.5665590964098427 0.5702992659514399 0.020572811617587738 0.018068887634105024
0 0.6161758773699072 0.571005081874647 0.03428801936264623 0.022303783173348392
0 0.6448164582492941 0.5717108977978543 0.026220250100847116 0.018068887634105024
0 0.662767244856797 0.5721343873517787 0.01371520774505849 0.018351214003387916
0 0.7117789431222267 0.571005081874647 0.03509479628882614 0.022868435911914172
0 0.7684550221863655 0.5683229813664596 0.08229124647035095 0.025409373235460192
0 0.791246470350948 0.5599943534726144 0.003630496167809601 0.0036702428006775835
0 0.8126260588947156 0.5601355166572558 0.0052440500201694235 0.003952569169960474
0 0.8210972166196047 0.5701581027667985 0.018152480839048003 0.020045172219085264
0 0.835820895522388 0.5711462450592886 0.022589753933037516 0.0220214568040655
0 0.8527632109721662 0.5794748729531338 0.004840661557079467 0.01101072840203275
0 0.14945542557482855 0.611518915866742 0.02944735780556676 0.028232636928289104
0 0.18334005647438484 0.616600790513834 0.03509479628882614 0.020327498588368152
0 0.2254941508672852 0.6209768492377188 0.004840661557079467 0.002540937323546019
0 0.23477208551835418 0.6050254093732355 0.021782977006857603 0.023715415019762844
0 0.25433642597821704 0.5989553924336533 0.007664380798709157 0.011575381140598532
0 0.25877369907220654 0.5990965556182948 0.006857603872529245 0.011857707509881422
0 0.5776522791448164 0.6222473178994918 0.004033884630899556 0.0033879164313946925
