0 0.14158935054457442 0.22755505364201017 0.003227107704719645 0.006775832862789385
0 0.14521984671238403 0.2289666854884246 0.004033884630899556 0.006775832862789385
0 0.1661960467930617 0.21696781479390176 0.014521984671238403 0.023433088650479956
0 0.17204517950786608 0.2217673630717109 0.014118596208148447 0.014398644833427442
0 0.18777732956837434 0.22233201581027667 0.011698265429608713 0.015527950310559006
0 0.19866881807180314 0.23066064370412195 0.004437273093989512 0.009034443817052512
0 0.22589753933037515 0.22289666854884246 0.02581686163775716 0.014398644833427442
0 0.2529245663574022 0.2186617730095991 0.028237192416296894 0.023997741389045736
0 0.26865671641791045 0.22882552230378317 0.004033884630899556 0.002540937323546019
0 0.27874142799515933 0.22868435911914173 0.004033884630899556 0.002258610954263128
0 0.291246470350948 0.22755505364201017 0.004033884630899556 0.002258610954263128
0 0.3085921742638161 0.20708639186900057 0.004840661557079467 0.005364201016374929
0 0.31323114158935056 0.20666290231507622 0.004437273093989512 0.005081874647092038
0 0.33098023396530857 0.217673630717109 0.025413473174667203 0.020327498588368152
0 0.3553852359822509 0.22840203274985885 0.016942315449778138 0.020892151326933936
0 0.36264622831787013 0.21386222473178995 0.004033884630899556 0.002540937323546019
0 0.373134328358209 0.2251552795031056 0.01371520774505849 0.01101072840203275
0 0.3924969745865268 0.2199322416713721 0.024203307785397338 0.0220214568040655
0 0.42154094392900365 0.22501411631846416 0.0572811617587737 0.03500846979107849
0 0.46974586526825335 0.21922642574816487 0.014925373134328358 0.020045172219085264
0 0.4784187172246874 0.21894409937888198 0.01371520774505849 0.01948051948051948
0 0.5048406615570795 0.2183794466403162 0.03670835014118596 0.021174477696216828
0 0.5524405002016942 0.22007340485601354 0.045582896329164985 0.01948051948051948
0 0.5962081484469545 0.21823828345567475 0.017749092375958047 0.020892151326933936
0 0.6246470350947962 0.21823828345567475 0.04154901169826543 0.0220214568040655
0 0.6893908834207342 0.2186617730095991 0.06776926179911255 0.022868435911914172
0 0.7414279951593384 0.2220496894409938 0.017749092375958047 0.01383399209486166
0 0.7553448971359419 0.22233201581027667 0.01734570391286809 0.014398644833427442
0 0.7757160145219847 0.22374364765669114 0.02743041549011698 0.029644268774703556
0 0.8043565954013715 0.22346132128740825 0.03307785397337636 0.013269339356295878
0 0.7900363049616781 0.2121682665160926 0.003630496167809601 0.002540937323546019
0 0.8104074223477209 0.2127329192546584 0.003227107704719645 0.002540937323546019
0 0.8265429608713191 0.2236024844720497 0.016135538523598225 0.012422360248447204
0 0.8426784993949173 0.22035573122529645 0.01290843081887858 0.018351214003387916
0 0.8517547398144413 0.21964991530208922 0.013311819281968536 0.019198193111236588
0 0.8580072609923356 0.22811970638057594 0.01855586930213796 0.019762845849802372
0 0.15207745058491326 0.26877470355731226 0.03307785397337636 0.024844720496894408
0 0.18697055264219442 0.27428006775832864 0.030254134731746672 0.014963297571993224
0 0.22972972972972974 0.2694805194805195 0.045582896329164985 0.022303783173348392
0 0.29507866075030253 0.26792772444946356 0.058491327148043566 0.023150762281197064
0 0.3410649455425575 0.2776679841897233 0.026220250100847116 0.0251270468661773
0 0.36062928600242034 0.2728684359119142 0.01855586930213796 0.01383399209486166
0 0.37938684953610324 0.2724449463579898 0.01573215006050827 0.01355166572557877
0 0.390681726502622 0.2725861095426313 0.01653892698668818 0.014398644833427442
0 0.41750705929810406 0.27442123094297005 0.01855586930213796 0.014116318464144552
0 0.45340863251311014 0.26750423489553926 0.022589753933037516 0.021174477696216828
0 0.47680516337232753 0.27780914737436474 0.03146430012101654 0.02710333145115754
0 0.5280354981847519 0.2727272727272727 0.0500201694231545 0.01637492941840768
0 0.5603065752319484 0.2715979672501412 0.016942315449778138 0.014116318464144552
0 0.5885437676482452 0.27188029361942406 0.045986284792254944 0.014116318464144552
0 0.6347317466720451 0.27216261998870694 0.02702702702702703 0.012422360248447204
0 0.6645824929407019 0.2780914737436477 0.033481242436466316 0.0220214568040655
0 0.6899959661153691 0.2707509881422925 0.019766034691407825 0.018068887634105024
0 0.7031060911657927 0.27555053642010163 0.004033884630899556 0.002258610954263128
0 0.718434852763211 0.2627046866177301 0.008874546187979023 0.006493506493506494
0 0.7406212182331585 0.27060982495765107 0.02016942315449778 0.018351214003387916
0 0.7656313029447358 0.27060982495765107 0.03711173860427592 0.01948051948051948
0 0.7874142799515934 0.2787972896668549 0.022589753933037516 0.021739130434782608
0 0.14622831787010893 0.3255223037831734 0.020572811617587738 0.014680971202710334
0 0.16438079870915692 0.3297571993224167 0.019766034691407825 0.024280067758328628
0 0.15711980637353773 0.31126482213438733 0.003630496167809601 0.002540937323546019
0 0.19786204114562322 0.3231225296442688 0.04719645018152481 0.014963297571993224
0 0.24243646631706334 0.31945228684359117 0.042759177087535294 0.021739130434782608
0 0.3160548608309802 0.32029926595143987 0.06171843485276321 0.022303783173348392
0 0.34751916095199675 0.32142857142857145 0.01653892698668818 0.021739130434782608
0 0.38886647841871724 0.32481648785996614 0.03872529245663574 0.01383399209486166
0 0.41609519967728925 0.3242518351214003 0.014925373134328358 0.013269339356295878
0 0.43243243243243246 0.3201581027667984 0.021782977006857603 0.0220214568040655
0 0.4562323517547398 0.32891022021456806 0.03146430012101654 0.021456804065499716
0 0.44493747478822104 0.31211180124223603 0.004033884630899556 0.002540937323546019
0 0.4774102460669625 0.3306041784302654 0.006857603872529245 0.007340485601355167
0 0.49415086728519564 0.32142857142857145 0.011294876966518758 0.017786561264822136
0 0.5227914481645825 0.3207227555053642 0.05163372327551432 0.019198193111236588
0 0.5592981040742234 0.3269339356295878 0.003630496167809601 0.002258610954263128
0 0.5780556676079064 0.3190287972896669 0.020976200080677694 0.020892151326933936
0 0.6014521984671238 0.320016939582157 0.03469140782573618 0.022868435911914172
0 0.6444130697862042 0.32396950875211744 0.035901573215006054 0.014398644833427442
0 0.6750705929810408 0.32029926595143987 0.02864058087938685 0.022303783173348392
0 0.6970552642194433 0.3241106719367589 0.01855586930213796 0.01355166572557877
0 0.7144009681323115 0.32086391869000563 0.01290843081887858 0.016092603049124788
0 0.7373941105284388 0.32523997741389044 0.04679306171843485 0.029361942405420668
0 0.7601855586930214 0.3298983625070582 0.006857603872529245 0.009316770186335404
0 0.7858007260992336 0.32128740824393 0.021782977006857603 0.018633540372670808
0 0.8055667607906414 0.3287690570299266 0.03307785397337636 0.023433088650479956
0 0.8442920532472771 0.3207227555053642 0.04033884630899556 0.020327498588368152
0 0.8475191609519968 0.3132411067193676 0.004033884630899556 0.002540937323546019
0 0.14864864864864866 0.37450592885375494 0.01573215006050827 0.015527950310559006
0 0.1801129487696652 0.3740824392998306 0.045582896329164985 0.015810276679841896
0 0.20855183541750705 0.378317334839074 0.004033884630899556 0.00282326369282891
0 0.23941105284388867 0.3695652173913043 0.043969342476805166 0.026538678712591756
0 0.2581686163775716 0.38325804630152455 0.00645421540943929 0.00818746470920384
0 0.2781363453005244 0.3760587238848108 0.01653892698668818 0.014116318464144552
0 0.3011294876966519 0.37676453980801805 0.018959257765227916 0.013269339356295878
0 0.31988705123033484 0.3756352343308865 0.02016942315449778 0.014398644833427442
0 0.33198870512303347 0.3818464144551101 0.004840661557079467 0.007622811970638058
0 0.35397337636143605 0.37238848108413325 0.020572811617587738 0.020327498588368152
0 0.36849536103267444 0.3728119706380576 0.011698265429608713 0.022303783173348392
0 0.4072206534893102 0.3739412761151892 0.03670835014118596 0.01383399209486166
0 0.4505849132714804 0.3749294184076793 0.015328761597418314 0.01355166572557877
0 0.4735780556676079 0.3739412761151892 0.03146430012101654 0.012140033879164314
0 0.4953610326744655 0.3791643139469226 0.004840661557079467 0.0033879164313946925
0 0.5114965711980637 0.3715415019762846 0.010488100040338847 0.0220214568040655
0 0.5417507059298104 0.3719649915302089 0.033884630899556276 0.023433088650479956
0 0.5574828559903187 0.36490683229813664 0.004033884630899556 0.002540937323546019
0 0.5673658733360226 0.3750705815923207 0.018152480839048003 0.013269339356295878
0 0.5871319080274304 0.36928289102202144 0.018152480839048003 0.019198193111236588
0 0.6169826542960871 0.37012987012987014 0.011698265429608713 0.018068887634105024
0 0.6504638967325534 0.3750705815923207 0.04961678096006454 0.015527950310559006
0 0.6954417103670835 0.3771880293619424 0.021782977006857603 0.020892151326933936
0 0.7242839854780153 0.36914172783738003 0.035901573215006054 0.022303783173348392
0 0.7749092375958048 0.37789384528514963 0.042759177087535294 0.020045172219085264
0 0.8311819281968535 0.36900056465273856 0.04477611940298507 0.019762845849802372
0 0.8563937071399758 0.3743647656691135 0.01371520774505849 0.01129305477131564
0 0.145623235175474 0.4267363071710898 0.016135538523598225 0.014963297571993224
0 0.15974183138362244 0.42603049124788256 0.01371520774505849 0.01355166572557877
0 0.181726502622025 0.42701863354037267 0.03509479628882614 0.014963297571993224
0 0.22509076240419523 0.4311123658949746 0.016135538523598225 0.019198193111236588
0 0.2490923759580476 0.4264539808018069 0.02702702702702703 0.011575381140598532
0 0.2779346510689794 0.42715979672501414 0.04033884630899556 0.02766798418972332
0 0.32654296087131907 0.4265951439864483 0.020572811617587738 0.011857707509881422
0 0.3436869705526422 0.4215132693393563 0.015328761597418314 0.020892151326933936
0 0.35941912061315046 0.4264539808018069 0.015328761597418314 0.01383399209486166
0 0.39653085921742637 0.4258893280632411 0.03227107704719645 0.014963297571993224
0 0.4110528438886648 0.4158667419536985 0.003227107704719645 0.002258610954263128
0 0.41670028237192414 0.43167701863354035 0.01855586930213796 0.02258610954263128
0 0.4411052843888665 0.42264257481648787 0.031060911657926585 0.020327498588368152
0 0.45219846712384026 0.4318181818181818 0.00645421540943929 0.008752117447769622
0 0.4774102460669625 0.423630717108978 0.020572811617587738 0.0189158667419537
0 0.4943525615167406 0.4225014116318464 0.013311819281968536 0.020609824957651044
0 0.5207745058491328 0.43040654997176736 0.016135538523598225 0.018351214003387916
0 0.5445744251714401 0.42603049124788256 0.03227107704719645 0.01129305477131564
0 0.5790641387656313 0.4227837380011293 0.01573215006050827 0.017221908526256352
0 0.5937878176684147 0.42617165443252397 0.015328761597418314 0.011575381140598532
0 0.6095199677289229 0.4257481648785997 0.015328761597418314 0.012987012987012988
0 0.6194029850746269 0.4254658385093168 0.014118596208148447 0.012987012987012988
0 0.6476401774909237 0.4264539808018069 0.01573215006050827 0.012140033879164314
0 0.6958450988301734 0.4256070016939582 0.03872529245663574 0.015527950310559006
0 0.7269060104881 0.42066629023150764 0.02501008471157725 0.020892151326933936
0 0.7446551028640581 0.429983060417843 0.01936264622831787 0.02258610954263128
0 0.7609923356192013 0.424901185770751 0.01734570391286809 0.01355166572557877
0 0.7787414279951593 0.4311123658949746 0.035901573215006054 0.02766798418972332
0 0.8172650262202501 0.4244776962168266 0.016942315449778138 0.010446075663466968
0 0.8356192012908431 0.42518351214003386 0.018959257765227916 0.012987012987012988
0 0.14481645824929407 0.4717673630717109 0.009681323114158934 0.019762845849802372
0 0.16780960064542155 0.47148503670242803 0.035498184751916094 0.021456804065499716
0 0.16962484872932634 0.4637210615471485 0.003630496167809601 0.003105590062111801
0 0.20976200080677693 0.4813664596273292 0.022589753933037516 0.023150762281197064
0 0.22730939895118998 0.4748729531338227 0.012505042355788625 0.010163749294184076
0 0.24505849132714805 0.481931112365895 0.02864058087938685 0.0220214568040655
0 0.2855990318676886 0.4717673630717109 0.04679306171843485 0.020892151326933936
0 0.31484469544171034 0.48094297007340486 0.01653892698668818 0.021174477696216828
0 0.32855990318676886 0.4798136645962733 0.0060508269463493344 0.002540937323546019
0 0.3408632513110125 0.4792490118577075 0.004840661557079467 0.002540937323546019
0 0.34953610326744655 0.480660643704122 0.0052440500201694235 0.002540937323546019
0 0.36849536103267444 0.4640033879164314 0.004437273093989512 0.007622811970638058
0 0.37394110528438884 0.46357989836250707 0.004840661557079467 0.006775832862789385
0 0.38563937071399756 0.4813664596273292 0.008874546187979023 0.007340485601355167
0 0.40681726502622023 0.4699322416713721 0.019766034691407825 0.021174477696216828
0 0.4300121016538927 0.4697910784867307 0.03146430012101654 0.024280067758328628
0 0.445340863251311 0.48221343873517786 0.005647438483259379 0.009034443817052512
0 0.4784187172246874 0.4710615471485037 0.03711173860427592 0.023433088650479956
0 0.5036304961678096 0.47882552230378317 0.014925373134328358 0.019198193111236588
0 0.5185558693021379 0.46499153020892153 0.004437273093989512 0.006211180124223602
0 0.526825332795482 0.4743083003952569 0.016135538523598225 0.01355166572557877
0 0.5379185155304558 0.4751552795031056 0.014925373134328358 0.012987012987012988
0 0.5853166599435257 0.4723320158102767 0.05486083098023396 0.029361942405420668
0 0.6183945139169019 0.48306041784302656 0.00645421540943929 0.00846979107848673
0 0.6486486486486487 0.4733201581027668 0.04195240016135539 0.013269339356295878
0 0.700282371924163 0.4723320158102767 0.035498184751916094 0.02258610954263128
0 0.7269060104881 0.4816487859966121 0.01855586930213796 0.02258610954263128
0 0.745865268253328 0.48094297007340486 0.004840661557079467 0.002540937323546019
0 0.7515127067365873 0.4707792207792208 0.01371520774505849 0.017786561264822136
0 0.7714804356595402 0.4712027103331451 0.011698265429608713 0.02258610954263128
0 0.8031464300121016 0.4761434217955957 0.041145623235175476 0.014963297571993224
0 0.8412666397741024 0.4767080745341615 0.04235578862444534 0.01383399209486166
0 0.8642597821702299 0.4827780914737436 0.006857603872529245 0.00846979107848673
0 0.1508672851956434 0.5230095990965556 0.010488100040338847 0.0189158667419537
0 0.16942315449778136 0.5215979672501412 0.023396530859217425 0.021174477696216828
0 0.1899959661153691 0.5299265951439864 0.016942315449778138 0.020892151326933936
0 0.2073416700282372 0.5146809712027103 0.00645421540943929 0.010728402032749858
0 0.21480435659540137 0.5254093732354602 0.012505042355788625 0.014680971202710334
0 0.2265026220250101 0.5266798418972332 0.014118596208148447 0.01383399209486166
0 0.2569584509883017 0.5255505364201016 0.016135538523598225 0.012704686617730096
0 0.2799515933844292 0.5220214568040655 0.029043969342476807 0.020892151326933936
0 0.30899556272690604 0.5245623941276115 0.010488100040338847 0.00282326369282891
0 0.345703912868092 0.5263975155279503 0.04195240016135539 0.013269339356295878
0 0.3860427591770875 0.5254093732354602 0.03227107704719645 0.012987012987012988
0 0.4116579265832997 0.5319028797289667 0.014118596208148447 0.020892151326933936
0 0.42597821702299316 0.5262563523433089 0.010488100040338847 0.00282326369282891
0 0.44917305365066557 0.5238565782044043 0.018959257765227916 0.020045172219085264
0 0.46772892295280355 0.527244494635799 0.01653892698668818 0.012704686617730096
0 0.5070592981040742 0.5242800677583286 0.05970149253731343 0.019198193111236588
0 0.5522388059701493 0.5186335403726708 0.016135538523598225 0.01355166572557877
0 0.5504235578862444 0.5296442687747036 0.0052440500201694235 0.0033879164313946925
0 0.5689794271883825 0.510446075663467 0.004437273093989512 0.007340485601355167
0 0.5742234772085518 0.5107284020327498 0.0060508269463493344 0.007905138339920948
0 0.5984267849939492 0.5208921513269339 0.026220250100847116 0.019762845849802372
0 0.6147640177490924 0.5247035573122529 0.014521984671238403 0.013269339356295878
0 0.6242436466317063 0.5258328627893846 0.01653892698668818 0.012704686617730096
0 0.6353368293666801 0.5289384528514963 0.004033884630899556 0.002540937323546019
0 0.6532876159741832 0.5245623941276115 0.010891488503428802 0.00282326369282891
0 0.6867688584106495 0.525974025974026 0.033481242436466316 0.014680971202710334
0 0.7141992739007664 0.5251270468661773 0.014118596208148447 0.00282326369282891
0 0.7515127067365873 0.5200451722190853 0.021782977006857603 0.023715415019762844
0 0.7900363049616781 0.5206098249576511 0.06333198870512304 0.0220214568040655
0 0.827551432029044 0.5302089215132694 0.021379588543767647 0.021456804065499716
0 0.8378378378378378 0.5311970638057595 0.007260992335619202 0.007622811970638058
0 0.1510689794271884 0.5739695087521175 0.02864058087938685 0.020892151326933936
0 0.1680112948769665 0.5736871823828346 0.007664380798709157 0.020327498588368152
0 0.20250100847115773 0.5772162619988707 0.02581686163775716 0.012140033879164314
0 0.22509076240419523 0.5773574251835122 0.01371520774505849 0.012422360248447204
0 0.24526018555869303 0.5734048560135516 0.02581686163775716 0.019762845849802372
0 0.2757160145219847 0.5797571993224168 0.035901573215006054 0.020609824957651044
0 0.3116175877369907 0.5806041784302653 0.033481242436466316 0.023433088650479956
0 0.3511496571198064 0.5759457933370977 0.012505042355788625 0.011857707509881422
0 0.40964098426784995 0.5810276679841897 0.10528438886647842 0.02258610954263128
0 0.45885437676482455 0.5660643704121965 0.004437273093989512 0.00282326369282891
0 0.46994755949979833 0.5769339356295878 0.016135538523598225 0.012704686617730096
0 0.48507462686567165 0.5784867306606437 0.01573215006050827 0.01693958215697346
0 0.5302541347317467 0.5755223037831734 0.04800322710770472 0.013269339356295878
0 0.6075030254134732 0.5766516092603049 0.063735377168213 0.014398644833427442
0 0.6498588140379186 0.5756634669678148 0.015328761597418314 0.012422360248447204
0 0.6649858814037919 0.5811688311688312 0.012505042355788625 0.01948051948051948
0 0.681726502622025 0.5758046301524562 0.015328761597418314 0.003105590062111801
0 0.7442517144009682 0.5729813664596274 0.10568777732956837 0.0189158667419537
0 0.799717628075837 0.5766516092603049 0.014118596208148447 0.014398644833427442
0 0.8116175877369908 0.5807453416149069 0.004840661557079467 0.002258610954263128
