0 0.14965711980637353 0.21259175607001693 0.021782977006857603 0.020327498588368152
0 0.17144009681323114 0.21485036702428006 0.016135538523598225 0.014116318464144552
0 0.23215006050826947 0.21357989836250707 0.02218636546994756 0.021174477696216828
0 0.25131101250504234 0.21781479390175043 0.015328761597418314 0.014398644833427442
0 0.2991125453812021 0.21513269339356295 0.07220653489310205 0.02258610954263128
0 0.382008874546188 0.2155561829474873 0.03953206938281565 0.020045172219085264
0 0.4247680516337233 0.21640316205533597 0.04437273093989512 0.012704686617730096
0 0.4856797095603066 0.21485036702428006 0.02743041549011698 0.021456804065499716
0 0.5407422347720855 0.21626199887069453 0.02218636546994756 0.02258610954263128
0 0.5574828559903187 0.22190852625635235 0.004033884630899556 0.012422360248447204
0 0.5592981040742234 0.2149915302089215 0.002016942315449778 0.0008469791078486731
0 0.5627269060104881 0.2096273291925466 0.0024203307785397336 0.001411631846414455
0 0.5754336425978217 0.22190852625635235 0.020572811617587738 0.012987012987012988
0 0.6254538120209762 0.220214568040655 0.014118596208148447 0.01355166572557877
0 0.6427995159338443 0.22035573122529645 0.011698265429608713 0.01383399209486166
0 0.6879790237999194 0.2149915302089215 0.035901573215006054 0.022303783173348392
0 0.7722872125857201 0.2161208356860531 0.0536506655909641 0.027385657820440428
0 0.808995562726906 0.2165443252399774 0.010891488503428802 0.02258610954263128
0 0.8404598628479225 0.2161208356860531 0.04477611940298507 0.021174477696216828
0 0.8652682533279549 0.22077922077922077 0.014521984671238403 0.01355166572557877
0 0.1355385235982251 0.2745623941276115 0.03227107704719645 0.04997176736307171
0 0.163574021782977 0.268068887634105 0.013311819281968536 0.016092603049124788
0 0.18152480839048002 0.2684923771880294 0.01290843081887858 0.012987012987012988
0 0.21924162968939087 0.2660926030491248 0.010891488503428802 0.013269339356295878
0 0.2400161355385236 0.2683512140033879 0.03065752319483663 0.015527950310559006
0 0.3096006454215409 0.26778656126482214 0.04477611940298507 0.036420101637492944
0 0.34328358208955223 0.26453980801806887 0.008874546187979023 0.001129305477131564
0 0.3751512706736587 0.2672219085262564 0.02016942315449778 0.017221908526256352
0 0.36829366680112946 0.2632693393562959 0.0016135538523598225 0.001976284584980237
0 0.4112545381202098 0.2636928289102202 0.043162565550625254 0.024280067758328628
0 0.4407018959257765 0.26341050254093734 0.008471157724889069 0.021456804065499716
0 0.4747882210568778 0.26665725578769056 0.021782977006857603 0.02456239412761152
0 0.4937474788221057 0.2701863354037267 0.01290843081887858 0.012422360248447204
0 0.5135135135135135 0.26976284584980237 0.020976200080677694 0.012140033879164314
0 0.536103267446551 0.26877470355731226 0.01371520774505849 0.011857707509881422
0 0.591367486889875 0.27004517221908525 0.016135538523598225 0.016657255787690572
0 0.6476401774909237 0.27837380011293056 0.018152480839048003 0.029926595143986448
0 0.6653892698668818 0.2724449463579898 0.013311819281968536 0.011857707509881422
0 0.6887858007260992 0.2728684359119142 0.025413473174667203 0.013269339356295878
0 0.7222670431625655 0.26877470355731226 0.031060911657926585 0.017504234895539244
0 0.7626058894715612 0.27089215132693395 0.018959257765227916 0.01383399209486166
0 0.780960064542154 0.26679841897233203 0.015328761597418314 0.033314511575381144
0 0.8313836224283986 0.2683512140033879 0.03872529245663574 0.025691699604743084
0 0.1409842678499395 0.3181818181818182 0.0318676885841065 0.01637492941840768
0 0.1762807583703106 0.32608695652173914 0.035498184751916094 0.034443817052512704
0 0.2008874546187979 0.32382834556747603 0.004033884630899556 0.0016939582156973462
0 0.2571601452198467 0.3142292490118577 0.018959257765227916 0.01693958215697346
0 0.3081887858007261 0.31281761716544326 0.04679306171843485 0.021456804065499716
0 0.3838241226300928 0.31634669678147936 0.03509479628882614 0.016657255787690572
0 0.40096813231141587 0.30759457933370976 0.004033884630899556 0.002540937323546019
0 0.41226300927793463 0.3147939017504235 0.01855586930213796 0.019198193111236588
0 0.44050020169423154 0.3156408808582722 0.03791851553045583 0.021456804065499716
0 0.491327148043566 0.31747600225861095 0.022589753933037516 0.016092603049124788
0 0.5030254134731746 0.31846414455110106 0.016942315449778138 0.03274985883681536
0 0.553852359822509 0.31493506493506496 0.04356595401371521 0.022868435911914172
0 0.6129487696651875 0.33032185206098247 0.018152480839048003 0.03670242800677583
0 0.6198063735377168 0.30971202710333146 0.0028237192416296895 0.004517221908526256
0 0.6357402178297701 0.32058159232072275 0.014521984671238403 0.013269339356295878
0 0.6444130697862042 0.3177583286278938 0.0012101653892698668 0.0008469791078486731
0 0.6500605082694635 0.3201581027667984 0.010891488503428802 0.014116318464144552
0 0.6891891891891891 0.3300395256916996 0.05445744251714401 0.033314511575381144
0 0.754134731746672 0.3211462450592885 0.0052440500201694235 0.014963297571993224
0 0.7557482855990318 0.3098531902879729 0.0028237192416296895 0.001976284584980237
0 0.7690601048810004 0.3211462450592885 0.022993142396127472 0.016092603049124788
0 0.8102057281161759 0.32171089779785433 0.02702702702702703 0.012704686617730096
0 0.14360629286002422 0.36617730095990964 0.016135538523598225 0.01693958215697346
0 0.1881807180314643 0.3674477696216827 0.06897942718838242 0.03359683794466403
0 0.282170229931424 0.36801242236024845 0.0326744655102864 0.016092603049124788
0 0.2972972972972973 0.3598249576510446 0.0016135538523598225 0.001411631846414455
0 0.31887858007260994 0.36589497459062675 0.02864058087938685 0.019762845849802372
0 0.3838241226300928 0.36645962732919257 0.014118596208148447 0.014680971202710334
0 0.42839854780153286 0.36674195369847545 0.015328761597418314 0.015245623941276116
0 0.4344493747478822 0.37027103331451156 0.004033884630899556 0.0008469791078486731
0 0.4443323920935861 0.36773009599096557 0.014925373134328358 0.012704686617730096
0 0.4592577652279145 0.3675889328063241 0.018152480839048003 0.01129305477131564
0 0.5076643807987091 0.3687182382834557 0.020572811617587738 0.01637492941840768
0 0.5235982250907624 0.366600790513834 0.01936264622831787 0.027385657820440428
0 0.5661557079467527 0.36688311688311687 0.01734570391286809 0.01383399209486166
0 0.5770471964501815 0.36702428006775834 0.0052440500201694235 0.012987012987012988
0 0.581081081081081 0.3577075098814229 0.0028237192416296895 0.001129305477131564
0 0.5992335619201291 0.3675889328063241 0.033481242436466316 0.014680971202710334
0 0.6587333602258976 0.37238848108413325 0.03872529245663574 0.015245623941276116
0 0.6922146026623639 0.37027103331451156 0.016135538523598225 0.0189158667419537
0 0.7460669624848729 0.3684359119141728 0.035901573215006054 0.025974025974025976
0 0.7686567164179104 0.36024844720496896 0.006857603872529245 0.00282326369282891
0 0.7924566357402179 0.37422360248447206 0.038321903993545785 0.0189158667419537
0 0.1553045582896329 0.4161490683229814 0.04195240016135539 0.01693958215697346
0 0.18858410649455426 0.4127611518915867 0.014925373134328358 0.018068887634105024
0 0.300121016538927 0.4138904573687182 0.10084711577248891 0.019762845849802372
0 0.3890681726502622 0.4147374364765669 0.022993142396127472 0.025409373235460192
0 0.4354578459056071 0.41741953698475437 0.01653892698668818 0.017786561264822136
0 0.4574425171440097 0.41967814793901753 0.03065752319483663 0.012704686617730096
0 0.4870915691811214 0.4158667419536985 0.022993142396127472 0.019198193111236588
0 0.5707946752722872 0.4254658385093168 0.07341670028237192 0.033314511575381144
0 0.5705929810407422 0.4124788255223038 0.002016942315449778 0.0016939582156973462
0 0.6187979023799919 0.4199604743083004 0.021782977006857603 0.01948051948051948
0 0.6575231948366277 0.4225014116318464 0.026623638563937072 0.01948051948051948
0 0.699677289229528 0.41727837380011296 0.03428801936264623 0.023150762281197064
0 0.7319483662767244 0.4189723320158103 0.02218636546994756 0.0220214568040655
0 0.754538120209762 0.42405420666290233 0.012505042355788625 0.011857707509881422
0 0.7710770471964502 0.4201016374929418 0.02218636546994756 0.0220214568040655
0 0.8319887051230335 0.4265951439864483 0.043969342476805166 0.03670242800677583
0 0.1553045582896329 0.4593450028232637 0.035498184751916094 0.025974025974025976
0 0.24586526825332797 0.46386222473178995 0.06010488100040339 0.02258610954263128
0 0.2892295280354982 0.47007340485601357 0.003227107704719645 0.0016939582156973462
0 0.33965308592174265 0.45849802371541504 0.03307785397337636 0.028232636928289104
0 0.36809197256958454 0.4652738565782044 0.024606696248487294 0.015245623941276116
0 0.38019362646228316 0.4548277809147374 0.002016942315449778 0.0016939582156973462
0 0.3916901976603469 0.46499153020892153 0.012101653892698669 0.014680971202710334
0 0.40197660346914077 0.47656691134952006 0.021379588543767647 0.029926595143986448
0 0.4481645824929407 0.4678147939017504 0.02501008471157725 0.032185206098249576
0 0.4693424768051634 0.46908526256352345 0.011698265429608713 0.013269339356295878
0 0.48668818071803144 0.47007340485601357 0.020572811617587738 0.014116318464144552
0 0.5383219039935457 0.467673630717109 0.043162565550625254 0.020609824957651044
0 0.609318273497378 0.47162619988706944 0.03751512706736587 0.03077357425183512
0 0.6597418313836224 0.4697910784867307 0.058491327148043566 0.019198193111236588
0 0.7144009681323115 0.4731789949181254 0.02581686163775716 0.014116318464144552
0 0.7317466720451795 0.47501411631846413 0.016942315449778138 0.014398644833427442
0 0.7470754336425979 0.47374364765669114 0.015328761597418314 0.014116318464144552
0 0.8055667607906414 0.4751552795031056 0.04759983864461476 0.015810276679841896
0 0.14400968132311415 0.5108695652173914 0.0024203307785397336 0.01383399209486166
0 0.15328761597418314 0.5121400338791643 0.015328761597418314 0.01637492941840768
0 0.1472367890278338 0.5001411631846414 0.0016135538523598225 0.003105590062111801
0 0.16054860830980233 0.5468661773009599 0.004033884630899556 0.006211180124223602
0 0.17244856797095603 0.5110107284020328 0.013311819281968536 0.018633540372670808
0 0.18757563533682936 0.5148221343873518 0.01371520774505849 0.012704686617730096
0 0.21298910851149658 0.5114342179559571 0.029850746268656716 0.021174477696216828
0 0.23618394513916902 0.5153867871259176 0.01734570391286809 0.01383399209486166
0 0.28035498184751917 0.5124223602484472 0.016942315449778138 0.019762845849802372
0 0.2983057684550222 0.5165160926030491 0.01653892698668818 0.012140033879164314
0 0.3150463896732553 0.5208921513269339 0.016135538523598225 0.02258610954263128
0 0.34227511093182733 0.5163749294184077 0.02864058087938685 0.011857707509881422
0 0.3582089552238806 0.5069169960474308 0.003227107704719645 0.001411631846414455
0 0.3588140379185155 0.516798418972332 0.0028237192416296895 0.009316770186335404
0 0.3699072206534893 0.5165160926030491 0.014521984671238403 0.014398644833427442
0 0.381605486083098 0.5307735742518351 0.024203307785397338 0.0378317334839074
0 0.4322307382008875 0.5172219085262564 0.01573215006050827 0.02258610954263128
0 0.44231544977813636 0.5180688876341051 0.014925373134328358 0.014116318464144552
0 0.49697458652682536 0.5153867871259176 0.03711173860427592 0.022868435911914172
0 0.5153287615974184 0.510446075663467 0.003630496167809601 0.001129305477131564
0 0.5217829770068576 0.5237154150197628 0.013311819281968536 0.023715415019762844
0 0.554860830980234 0.5210333145115754 0.04800322710770472 0.013269339356295878
0 0.6111335215812828 0.5176453980801807 0.06131504638967326 0.021739130434782608
0 0.6768858410649455 0.5213156408808582 0.012101653892698669 0.014963297571993224
0 0.6976603469140783 0.5238565782044043 0.02702702702702703 0.017786561264822136
0 0.7335619201290843 0.5232919254658385 0.04154901169826543 0.022868435911914172
0 0.7972972972972973 0.528514963297572 0.03751512706736587 0.014116318464144552
0 0.8263412666397741 0.5258328627893846 0.014925373134328358 0.022303783173348392
0 0.1609519967728923 0.55957086391869 0.024203307785397338 0.018068887634105024
0 0.19019766034691407 0.5619706380575946 0.021379588543767647 0.015527950310559006
0 0.21944332392093585 0.5618294748729531 0.03630496167809601 0.014680971202710334
0 0.24808390480032272 0.5719932241671372 0.00645421540943929 0.011857707509881422
0 0.3071803146430012 0.5718520609824957 0.06897942718838242 0.03190287972896669
0 0.3519564340459863 0.5741106719367589 0.0060508269463493344 0.00818746470920384
0 0.4146833400564744 0.5654997176736307 0.03307785397337636 0.018068887634105024
0 0.43949173053650664 0.5666290231507622 0.011698265429608713 0.01355166572557877
0 0.4574425171440097 0.5640880858272163 0.009681323114158934 0.001129305477131564
0 0.46409842678499397 0.5636645962732919 0.0028237192416296895 0.0008469791078486731
0 0.5100847115772489 0.5664878599661208 0.07382008874546188 0.020045172219085264
0 0.5564743848325938 0.567193675889328 0.014925373134328358 0.01693958215697346
0 0.6022589753933038 0.5724167137210615 0.024203307785397338 0.015527950310559006
0 0.636345300524405 0.5748164878599661 0.03993545784590561 0.014116318464144552
0 0.6579265832997176 0.5673348390739695 0.0024203307785397336 0.001411631846414455
0 0.6851553045582897 0.5749576510446076 0.0463896732553449 0.015527950310559006
0 0.7174263816054861 0.5745341614906833 0.01653892698668818 0.011857707509881422
0 0.764017749092376 0.5721343873517787 0.033884630899556276 0.022868435911914172
0 0.7795482049213392 0.5660643704121965 0.0028237192416296895 0.0016939582156973462
0 0.7892295280354982 0.5752399774138904 0.014118596208148447 0.014963297571993224
0 0.8053650665590965 0.5862507058159232 0.025413473174667203 0.029644268774703556
0 0.8204921339249698 0.5694522868435912 0.0024203307785397336 0.0033879164313946925
0 0.8293666801129488 0.5774985883681536 0.014521984671238403 0.016092603049124788
0 0.8392496974586526 0.593167701863354 0.022993142396127472 0.03557312252964427
0 0.1563130294473578 0.6064370412196499 0.026220250100847116 0.024280067758328628
0 0.1744655102864058 0.6022021456804065 0.0012101653892698668 0.001129305477131564
0 0.19019766034691407 0.6082721626199887 0.019766034691407825 0.017786561264822136
0 0.25413473174667206 0.6109542631281761 0.026623638563937072 0.019198193111236588
0 0.2680516337232755 0.6058723884810842 0.0028237192416296895 0.001129305477131564
0 0.28156514723678905 0.6146245059288538 0.020976200080677694 0.012422360248447204
0 0.3208955223880597 0.6198475437605873 0.05526421944332392 0.03359683794466403
0 0.38785800726099234 0.6118012422360248 0.025413473174667203 0.021456804065499716
0 0.4552238805970149 0.6119424054206662 0.038321903993545785 0.021739130434782608
0 0.5127067365873336 0.6177300959909655 0.011294876966518758 0.014116318464144552
0 0.5401371520774506 0.6144833427442123 0.04679306171843485 0.020609824957651044
0 0.5788624445340863 0.6184359119141728 0.003227107704719645 0.002540937323546019
