0 0.16498588140379186 0.22035573122529645 0.01855586930213796 0.0251270468661773
0 0.1962484872932634 0.2264257481648786 0.02864058087938685 0.037267080745341616
0 0.22146026623638565 0.22600225861095427 0.02016942315449778 0.009881422924901186
0 0.23598225090762404 0.21964991530208922 0.015328761597418314 0.020327498588368152
0 0.23981444130697863 0.23729531338226992 0.0052440500201694235 0.007058159232072276
0 0.2734973779749899 0.22092038396386224 0.04195240016135539 0.021739130434782608
0 0.31484469544171034 0.22162619988706944 0.0318676885841065 0.021456804065499716
0 0.33118192819685355 0.22684923771880294 0.035498184751916094 0.012140033879164314
0 0.3567970956030658 0.2267080745341615 0.014118596208148447 0.010163749294184076
0 0.35316659943525613 0.21202710333145117 0.0028237192416296895 0.00564652738565782
0 0.37152077450584914 0.2267080745341615 0.01290843081887858 0.010728402032749858
0 0.40237999193223073 0.2289666854884246 0.021379588543767647 0.01129305477131564
0 0.42295280354981846 0.22910784867306608 0.01653892698668818 0.01101072840203275
0 0.4390883420734167 0.22868435911914173 0.012505042355788625 0.009034443817052512
0 0.4540137152077451 0.22190852625635235 0.01734570391286809 0.023715415019762844
0 0.47438483259378783 0.2310841332580463 0.004840661557079467 0.006493506493506494
0 0.48063735377168215 0.21795595708639187 0.0052440500201694235 0.006211180124223602
0 0.49052037111738606 0.22374364765669114 0.016135538523598225 0.01948051948051948
0 0.5159338442920532 0.22981366459627328 0.021782977006857603 0.010163749294184076
0 0.5572811617587737 0.2295313382269904 0.058491327148043566 0.010728402032749858
0 0.6194029850746269 0.2289666854884246 0.052843888664784185 0.010728402032749858
0 0.672650262202501 0.2295313382269904 0.04154901169826543 0.033314511575381144
0 0.718233158531666 0.2230378317334839 0.03751512706736587 0.019762845849802372
0 0.7559499798305769 0.22882552230378317 0.022589753933037516 0.01101072840203275
0 0.7878176684146834 0.22261434217955958 0.03711173860427592 0.023997741389045736
0 0.7714804356595402 0.21823828345567475 0.0028237192416296895 0.005081874647092038
0 0.8336022589753933 0.23037831733483907 0.035901573215006054 0.010163749294184076
0 0.8656716417910447 0.22473178994918125 0.021782977006857603 0.018633540372670808
0 0.17325534489713595 0.275974025974026 0.03993545784590561 0.013269339356295878
0 0.20512303348124244 0.27032749858836813 0.02218636546994756 0.022303783173348392
0 0.22186365469947558 0.2841614906832298 0.021782977006857603 0.021174477696216828
0 0.28075837031060913 0.2737154150197628 0.0572811617587737 0.023433088650479956
0 0.3344090359015732 0.27413890457368717 0.029043969342476807 0.024844720496894408
0 0.3602258975393304 0.27399774138904576 0.016135538523598225 0.01948051948051948
0 0.3953206938281565 0.27738565782044045 0.0500201694231545 0.009881422924901186
0 0.4443323920935861 0.2723037831733484 0.02944735780556676 0.022303783173348392
0 0.4715611133521581 0.27343308865047994 0.021782977006857603 0.016657255787690572
0 0.5020169423154498 0.2745623941276115 0.02218636546994756 0.017786561264822136
0 0.5399354578459056 0.2782326369282891 0.035901573215006054 0.009881422924901186
0 0.5750302541347317 0.27413890457368717 0.030254134731746672 0.020327498588368152
0 0.6077047196450182 0.28049124788255225 0.007664380798709157 0.009881422924901186
0 0.6131504638967326 0.269339356295878 0.004033884630899556 0.006775832862789385
0 0.6208148446954417 0.2732919254658385 0.015328761597418314 0.017504234895539244
0 0.6373537716821299 0.2792207792207792 0.007260992335619202 0.007905138339920948
0 0.6468334005647438 0.2789384528514963 0.013311819281968536 0.012422360248447204
0 0.6438079870915692 0.26792772444946356 0.0024203307785397336 0.004517221908526256
0 0.6782977006857603 0.27315076228119706 0.018959257765227916 0.017786561264822136
0 0.6952400161355385 0.27555053642010163 0.018152480839048003 0.018068887634105024
0 0.7206534893102057 0.274703557312253 0.033481242436466316 0.018068887634105024
0 0.7410246066962485 0.275974025974026 0.029850746268656716 0.017786561264822136
0 0.763614360629286 0.28486730660643705 0.003227107704719645 0.002258610954263128
0 0.7950786607503025 0.2761151891586674 0.03711173860427592 0.02258610954263128
0 0.8261395724082291 0.2748447204968944 0.02581686163775716 0.01948051948051948
0 0.1609519967728923 0.3234048560135517 0.016942315449778138 0.012704686617730096
0 0.17648245260185558 0.32594579333709767 0.011698265429608713 0.010446075663466968
0 0.20411456232351755 0.3255223037831734 0.017749092375958047 0.010163749294184076
0 0.2617991125453812 0.33258046301524563 0.08551835417507059 0.024280067758328628
0 0.318273497377975 0.3255223037831734 0.024203307785397338 0.020892151326933936
0 0.3491327148043566 0.3375211744776962 0.040742234772085516 0.023997741389045736
0 0.33864461476401775 0.3315923207227555 0.011698265429608713 0.007622811970638058
0 0.399959661153691 0.33173348390739693 0.03670835014118596 0.03387916431394692
0 0.43949173053650664 0.3307453416149068 0.01573215006050827 0.009881422924901186
0 0.4540137152077451 0.3310276679841897 0.012505042355788625 0.007622811970638058
0 0.47236789027833803 0.33046301524562394 0.01855586930213796 0.00818746470920384
0 0.4899152884227511 0.3300395256916996 0.013311819281968536 0.007905138339920948
0 0.4856797095603066 0.31959345002823264 0.0024203307785397336 0.005081874647092038
0 0.5060508269463493 0.32481648785996614 0.013311819281968536 0.020045172219085264
0 0.5467930617184349 0.33201581027667987 0.050423557886244454 0.011857707509881422
0 0.5899556272690601 0.3318746470920384 0.0318676885841065 0.012140033879164314
0 0.5768455022186365 0.3211462450592885 0.003227107704719645 0.007058159232072276
0 0.6367486889874949 0.33130999435347264 0.02864058087938685 0.012140033879164314
0 0.682129891085115 0.3349802371541502 0.07099636950383219 0.027950310559006212
0 0.7460669624848729 0.32834556747600224 0.05203711173860428 0.01693958215697346
0 0.7234772085518354 0.3232636928289102 0.003630496167809601 0.005081874647092038
0 0.7747075433642597 0.3409090909090909 0.007664380798709157 0.00818746470920384
0 0.16559096409842677 0.3747882552230378 0.02864058087938685 0.022868435911914172
0 0.1855586930213796 0.3793054771315641 0.015328761597418314 0.008752117447769622
0 0.21339249697458654 0.3743647656691135 0.03872529245663574 0.020327498588368152
0 0.2607906413876563 0.3739412761151892 0.02864058087938685 0.021174477696216828
0 0.28842275110931825 0.3738001129305477 0.02501008471157725 0.020327498588368152
0 0.3170633319887051 0.37775268210050816 0.02501008471157725 0.028797289666854884
0 0.32432432432432434 0.3791643139469226 0.01371520774505849 0.009034443817052512
0 0.34045986284792257 0.37450592885375494 0.01290843081887858 0.016092603049124788
0 0.3533682936668011 0.37761151891586675 0.03307785397337636 0.022303783173348392
0 0.41044776119402987 0.3805759457933371 0.05929810407422348 0.030491247882552232
0 0.4772085518354175 0.3756352343308865 0.03227107704719645 0.017786561264822136
0 0.4979830576845502 0.3839638622247318 0.0028237192416296895 0.00282326369282891
0 0.5145219846712384 0.3781761716544325 0.022993142396127472 0.015527950310559006
0 0.545179507866075 0.3781761716544325 0.022993142396127472 0.015527950310559006
0 0.5861234368697055 0.37662337662337664 0.01936264622831787 0.018068887634105024
0 0.6054860830980234 0.3761998870694523 0.01290843081887858 0.017786561264822136
0 0.6187979023799919 0.38438735177865613 0.0024203307785397336 0.001976284584980237
0 0.6353368293666801 0.3769057029926595 0.017749092375958047 0.015810276679841896
0 0.6670028237192416 0.38819875776397517 0.04477611940298507 0.020892151326933936
0 0.7099636950383219 0.38099943534726144 0.03711173860427592 0.01101072840203275
0 0.7404195240016136 0.3753529079616036 0.01653892698668818 0.021174477696216828
0 0.7519160951996773 0.3898927159796725 0.0024203307785397336 0.002258610954263128
0 0.17406212182331585 0.42080745341614906 0.05526421944332392 0.022868435911914172
0 0.23295683743444937 0.4246188594014681 0.03670835014118596 0.02258610954263128
0 0.2563533682936668 0.43464144551101075 0.002016942315449778 0.001976284584980237
0 0.2974989915288423 0.4268774703557312 0.06333198870512304 0.025409373235460192
0 0.3372327551432029 0.4330886504799548 0.017749092375958047 0.010163749294184076
0 0.37131908027430416 0.4321005081874647 0.01573215006050827 0.009881422924901186
0 0.390883420734167 0.4313946922642575 0.023396530859217425 0.010163749294184076
0 0.42698668818071805 0.44127611518915866 0.04800322710770472 0.02766798418972332
0 0.47660346914078255 0.42617165443252397 0.026220250100847116 0.020609824957651044
0 0.49757966922146024 0.4311123658949746 0.012505042355788625 0.009599096555618294
0 0.4947559499798306 0.41798418972332013 0.0028237192416296895 0.004799548277809147
0 0.536103267446551 0.4265951439864483 0.04033884630899556 0.020892151326933936
0 0.5562726906010488 0.42631281761716544 0.022589753933037516 0.021456804065499716
0 0.5835014118596208 0.4280067758328628 0.03509479628882614 0.024280067758328628
0 0.6337232755143203 0.427442123094297 0.03791851553045583 0.023150762281197064
0 0.6597418313836224 0.43252399774138905 0.02218636546994756 0.01129305477131564
0 0.6518757563533683 0.41854884246188595 0.004840661557079467 0.005364201016374929
0 0.6782977006857603 0.43252399774138905 0.014925373134328358 0.012422360248447204
0 0.7079467527228721 0.42476002258610956 0.035498184751916094 0.022303783173348392
0 0.7206534893102057 0.4370412196499153 0.022993142396127472 0.01693958215697346
0 0.754538120209762 0.4267363071710898 0.022993142396127472 0.017786561264822136
0 0.7894312222670432 0.4268774703557312 0.04437273093989512 0.018633540372670808
0 0.17164179104477612 0.4815076228119706 0.035901573215006054 0.013269339356295878
0 0.21238402581686164 0.4815076228119706 0.0463896732553449 0.01383399209486166
0 0.24142799515933844 0.47035573122529645 0.0052440500201694235 0.009034443817052512
0 0.2624041952400161 0.484472049689441 0.045582896329164985 0.03670242800677583
0 0.2626058894715611 0.46908526256352345 0.004033884630899556 0.004799548277809147
0 0.31665994352561516 0.4751552795031056 0.03872529245663574 0.02258610954263128
0 0.33763614360629285 0.48461321287408243 0.0024203307785397336 0.001976284584980237
0 0.36264622831787013 0.4774138904573687 0.02501008471157725 0.024280067758328628
0 0.38483259378781765 0.47967250141163187 0.035498184751916094 0.01129305477131564
0 0.41770875352964904 0.47586109542631283 0.02864058087938685 0.01948051948051948
0 0.4312222670431626 0.4785431959345003 0.01290843081887858 0.020327498588368152
0 0.43949173053650664 0.48658949745906266 0.0028237192416296895 0.001976284584980237
0 0.4810407422347721 0.4767080745341615 0.03670835014118596 0.021174477696216828
0 0.5524405002016942 0.47684923771880294 0.09318273497377975 0.021456804065499716
0 0.6260588947156112 0.4779785431959345 0.050826946349334406 0.020327498588368152
0 0.6926179911254539 0.47684923771880294 0.05808793868495361 0.0220214568040655
0 0.7313432835820896 0.4847543760587239 0.008874546187979023 0.00846979107848673
0 0.7490923759580476 0.48221343873517786 0.02743041549011698 0.01355166572557877
0 0.7400161355385236 0.4719085262563523 0.003630496167809601 0.005364201016374929
0 0.7771278741427995 0.4782608695652174 0.03670835014118596 0.02258610954263128
0 0.808592174263816 0.4784020327498588 0.031060911657926585 0.022303783173348392
0 0.1674062121823316 0.5293619424054207 0.03791851553045583 0.03500846979107849
0 0.23073820088745461 0.5309147374364765 0.0782573618394514 0.03303218520609825
0 0.24707543364259782 0.5183512140033879 0.0028237192416296895 0.0033879164313946925
0 0.2866075030254135 0.5343026538678712 0.0052440500201694235 0.007622811970638058
0 0.29164985881403793 0.5200451722190853 0.004840661557079467 0.009034443817052512
0 0.3019362646228318 0.5261151891586674 0.01573215006050827 0.022868435911914172
0 0.3346107301331182 0.5276679841897233 0.05203711173860428 0.025409373235460192
0 0.38463089955627267 0.5321852060982496 0.0391286809197257 0.03557312252964427
0 0.42759177087535294 0.5273856578204404 0.041145623235175476 0.023150762281197064
0 0.47438483259378783 0.5381140598531903 0.020976200080677694 0.0220214568040655
0 0.5040338846308996 0.5266798418972332 0.03670835014118596 0.022303783173348392
0 0.5494150867285196 0.527244494635799 0.05163372327551432 0.026256352343308864
0 0.5274304154901169 0.5190570299265952 0.0028237192416296895 0.005928853754940711
0 0.608713190802743 0.5268210050818747 0.03711173860427592 0.02258610954263128
0 0.6308995562726906 0.5357142857142857 0.003227107704719645 0.003105590062111801
0 0.6472367890278338 0.5279503105590062 0.01653892698668818 0.019198193111236588
0 0.6665994352561517 0.5341614906832298 0.035901573215006054 0.010728402032749858
0 0.6978620411456232 0.5278091473743648 0.028237192416296894 0.021739130434782608
0 0.7107704719645018 0.528514963297572 0.010488100040338847 0.018068887634105024
0 0.7678499394917305 0.5266798418972332 0.08027430415490117 0.021739130434782608
0 0.8112141992739008 0.5269621682665161 0.02016942315449778 0.01948051948051948
0 0.1700282371924163 0.5774985883681536 0.04477611940298507 0.02456239412761152
0 0.19584509883017345 0.581733483907397 0.025413473174667203 0.01101072840203275
0 0.2654296087131908 0.577922077922078 0.07987091569181122 0.0220214568040655
0 0.3108108108108108 0.5852625635234331 0.011698265429608713 0.010728402032749858
0 0.34045986284792257 0.5832862789384529 0.017749092375958047 0.012987012987012988
0 0.3600242033077854 0.5822981366459627 0.018152480839048003 0.010446075663466968
0 0.37898346107301334 0.5772162619988707 0.020572811617587738 0.023997741389045736
0 0.40782573618394513 0.58399209486166 0.03307785397337636 0.012140033879164314
0 0.39511899959661156 0.5691699604743083 0.0028237192416296895 0.006211180124223602
0 0.4584509883017346 0.5861095426312818 0.02218636546994756 0.01129305477131564
0 0.5024203307785398 0.5951439864483343 0.06978620411456232 0.029926595143986448
0 0.5352964905203711 0.5681818181818182 0.0024203307785397336 0.005928853754940711
0 0.545179507866075 0.5848390739695087 0.01008471157724889 0.008752117447769622
0 0.5594997983057685 0.5784867306606437 0.01371520774505849 0.020327498588368152
0 0.599838644614764 0.5783455674760023 0.03953206938281565 0.022868435911914172
0 0.6555062525211779 0.5777809147374364 0.05244050020169423 0.022303783173348392
0 0.6857603872529245 0.593167701863354 0.021782977006857603 0.030491247882552232
0 0.7291246470350948 0.5852625635234331 0.043969342476805166 0.012422360248447204
0 0.7833803953206938 0.5866741953698476 0.05970149253731343 0.04009034443817053
0 0.7936668011294877 0.5701581027667985 0.003630496167809601 0.002540937323546019
0 0.15348931020572812 0.6341050254093732 0.0052440500201694235 0.007905138339920948
0 0.16155707946752723 0.633399209486166 0.013311819281968536 0.01101072840203275
0 0.15832997176280758 0.6201298701298701 0.003630496167809601 0.00818746470920384
0 0.18858410649455426 0.6260587238848109 0.035901573215006054 0.023997741389045736
0 0.21238402581686164 0.633681535855449 0.013311819281968536 0.012140033879164314
0 0.2418313836224284 0.6312817617165444 0.04235578862444534 0.034443817052512704
0 0.2607906413876563 0.6413043478260869 0.008471157724889069 0.011575381140598532
0 0.3098023396530859 0.6266233766233766 0.050826946349334406 0.02456239412761152
0 0.354780153287616 0.6346696781479391 0.03670835014118596 0.012987012987012988
0 0.4173053650665591 0.6343873517786561 0.0826946349334409 0.0378317334839074
0 0.46571198063735375 0.6315640880858272 0.02218636546994756 0.025409373235460192
0 0.4594594594594595 0.623235460191982 0.004033884630899556 0.004799548277809147
0 0.5060508269463493 0.6285996612083569 0.035901573215006054 0.026256352343308864
0 0.5379185155304558 0.6285996612083569 0.025413473174667203 0.023997741389045736
0 0.5718031464300121 0.6342461885940147 0.02218636546994756 0.009881422924901186
0 0.6022589753933038 0.6353754940711462 0.045986284792254944 0.012704686617730096
0 0.5869302137958854 0.6215415019762845 0.004033884630899556 0.007058159232072276
0 0.6520774505849133 0.6311405985319029 0.022993142396127472 0.029079616036137776
0 0.6661960467930618 0.6435629587803501 0.02864058087938685 0.02456239412761152
0 0.6938281565147236 0.6379164313946922 0.01936264622831787 0.011575381140598532
0 0.7073416700282372 0.64257481648786 0.024606696248487294 0.020892151326933936
0 0.7410246066962485 0.6314229249011858 0.029043969342476807 0.022868435911914172
0 0.7878176684146834 0.6284584980237155 0.01855586930213796 0.023715415019762844
0 0.8186768858410649 0.632128740824393 0.043162565550625254 0.018068887634105024
0 0.16579265832997175 0.687888198757764 0.048406615570794675 0.01948051948051948
0 0.2335619201290843 0.6775832862789385 0.06696248487293263 0.026538678712591756
0 0.2692617991125454 0.6857707509881423 0.002016942315449778 0.002258610954263128
0 0.29265832997176283 0.6852060982495765 0.007664380798709157 0.01129305477131564
0 0.3055667607906414 0.682806324110672 0.014925373134328358 0.011575381140598532
0 0.299919322307382 0.6702428006775832 0.002016942315449778 0.003952569169960474
0 0.34751916095199675 0.6791360813099944 0.043969342476805166 0.027385657820440428
0 0.3926986688180718 0.6777244494635799 0.025413473174667203 0.0251270468661773
0 0.4146833400564744 0.6866177300959909 0.01290843081887858 0.01129305477131564
0 0.43404598628479224 0.6784302653867871 0.017749092375958047 0.026538678712591756
0 0.4683340056474385 0.6837944664031621 0.026623638563937072 0.01355166572557877
0 0.5118999596611536 0.6892998306041784 0.06615570794675273 0.04319593450028233
0 0.4878983461073013 0.6699604743083004 0.003630496167809601 0.006211180124223602
0 0.5657523194836628 0.6922642574816488 0.02218636546994756 0.021456804065499716
0 0.581686163775716 0.6863354037267081 0.020976200080677694 0.012422360248447204
0 0.6101250504235579 0.6860530773574252 0.033481242436466316 0.010728402032749858
0 0.6349334409035902 0.6907114624505929 0.003227107704719645 0.001976284584980237
