0 0.1843485276321097 0.23927159796725014 0.06615570794675273 0.016657255787690572
0 0.2569584509883017 0.23969508752117447 0.03146430012101654 0.015810276679841896
0 0.29850746268656714 0.24265951439864483 0.05244050020169423 0.007622811970638058
0 0.33319887051230335 0.25169395821569734 0.00645421540943929 0.009316770186335404
0 0.36829366680112946 0.24392998306041785 0.023396530859217425 0.006775832862789385
0 0.41085114965711983 0.24647092038396387 0.056070996369503835 0.014680971202710334
0 0.47539330375151273 0.24110671936758893 0.03509479628882614 0.010728402032749858
0 0.5096813231141589 0.2419536984754376 0.019766034691407825 0.00846979107848673
0 0.5219846712384025 0.2381422924901186 0.011294876966518758 0.012140033879164314
0 0.5409439290036305 0.2409655561829475 0.020976200080677694 0.007622811970638058
0 0.5621218233158531 0.24054206662902314 0.013311819281968536 0.006775832862789385
0 0.6121419927390077 0.23955392433653303 0.0326744655102864 0.007622811970638058
0 0.6486486486486487 0.23715415019762845 0.03227107704719645 0.011857707509881422
0 0.6936264622831787 0.2419536984754376 0.014925373134328358 0.010728402032749858
0 0.7242839854780153 0.23729531338226992 0.0391286809197257 0.012704686617730096
0 0.7557482855990318 0.23729531338226992 0.020572811617587738 0.009316770186335404
0 0.7779346510689794 0.23927159796725014 0.018959257765227916 0.009316770186335404
0 0.8160548608309802 0.24054206662902314 0.01855586930213796 0.007905138339920948
0 0.8515530455828964 0.2385657820440429 0.04759983864461476 0.012422360248447204
0 0.17103670835014118 0.294042913608131 0.03630496167809601 0.01101072840203275
0 0.20855183541750705 0.294042913608131 0.033884630899556276 0.009316770186335404
0 0.245461879790238 0.29347826086956524 0.0391286809197257 0.005928853754940711
0 0.29064138765631303 0.292772444946358 0.04235578862444534 0.007905138339920948
0 0.32775312626058895 0.29785431959345005 0.02218636546994756 0.01637492941840768
0 0.3973376361436063 0.2906549971767363 0.05889471561113352 0.011575381140598532
0 0.46551028640580877 0.29446640316205536 0.014521984671238403 0.011857707509881422
0 0.4792254941508673 0.2920666290231508 0.008067769261799113 0.005928853754940711
0 0.4967728922952804 0.2920666290231508 0.020572811617587738 0.007622811970638058
0 0.517950786607503 0.29361942405420666 0.015328761597418314 0.009034443817052512
0 0.5490116982654296 0.2931959345002823 0.045986284792254944 0.007622811970638058
0 0.5812827753126261 0.2906549971767363 0.023396530859217425 0.009881422924901186
0 0.6036708350141186 0.29545454545454547 0.0028237192416296895 0.001976284584980237
0 0.6676079064138766 0.2909373235460192 0.04517950786607503 0.012140033879164314
0 0.727107704719645 0.29263128176171654 0.014925373134328358 0.01101072840203275
0 0.7438483259378782 0.29150197628458496 0.016135538523598225 0.00818746470920384
0 0.7595804759983864 0.2919254658385093 0.01290843081887858 0.009034443817052512
0 0.7827753126260589 0.2886787125917561 0.022993142396127472 0.013269339356295878
0 0.8057684550221864 0.2876905702992659 0.02218636546994756 0.011857707509881422
0 0.8517547398144413 0.2891022021456804 0.019766034691407825 0.019762845849802372
0 0.8781766841468334 0.29150197628458496 0.03227107704719645 0.007622811970638058
0 0.18132311415893507 0.3430265386787126 0.0536506655909641 0.01129305477131564
0 0.18757563533682936 0.3338509316770186 0.004840661557079467 0.002540937323546019
0 0.26401774909237596 0.34189723320158105 0.06978620411456232 0.012422360248447204
0 0.34288019362646227 0.3437323546019198 0.023396530859217425 0.012704686617730096
0 0.372730939895119 0.34076792772444947 0.029850746268656716 0.01129305477131564
0 0.37898346107301334 0.3351214003387916 0.0060508269463493344 0.003952569169960474
0 0.4062121823315853 0.3427442123094297 0.035498184751916094 0.007905138339920948
0 0.472569584509883 0.34133258046301523 0.043162565550625254 0.015810276679841896
0 0.5022186365469947 0.34627329192546585 0.003227107704719645 0.002540937323546019
0 0.5532472771278741 0.34006211180124224 0.019766034691407825 0.014398644833427442
0 0.5754336425978217 0.3417560700169396 0.027833803953206938 0.007058159232072276
0 0.581081081081081 0.33243929983060416 0.004437273093989512 0.001976284584980237
0 0.6024606696248487 0.3390739695087521 0.021379588543767647 0.012422360248447204
0 0.6331181928196854 0.3385093167701863 0.02702702702702703 0.011857707509881422
0 0.6551028640580879 0.3394974590626765 0.016135538523598225 0.011575381140598532
0 0.699273900766438 0.33893280632411066 0.018152480839048003 0.011575381140598532
0 0.7164179104477612 0.34076792772444947 0.016135538523598225 0.006775832862789385
0 0.7361839451391691 0.3383681535855449 0.020976200080677694 0.008752117447769622
0 0.7799515933844292 0.33977978543195936 0.02944735780556676 0.008752117447769622
0 0.8138362242839855 0.34006211180124224 0.03428801936264623 0.00818746470920384
0 0.86385639370714 0.3386504799548278 0.05687777329568374 0.010446075663466968
0 0.9064138765631303 0.3404856013551666 0.003227107704719645 0.00282326369282891
0 0.9076240419524002 0.3373800112930548 0.003227107704719645 0.00282326369282891
0 0.1526825332795482 0.4004799548277809 0.00927793465106898 0.006493506493506494
0 0.20250100847115773 0.3955392433653303 0.04679306171843485 0.019198193111236588
0 0.2747075433642598 0.3920101637492942 0.035498184751916094 0.014398644833427442
0 0.3118192819685357 0.3929983060417843 0.03146430012101654 0.010163749294184076
0 0.3783783783783784 0.3965273856578204 0.08955223880597014 0.014398644833427442
0 0.4388866478418717 0.39031620553359686 0.02501008471157725 0.012140033879164314
0 0.4810407422347721 0.38410502540937325 0.004437273093989512 0.004234895539243365
0 0.491125453812021 0.3944099378881988 0.018959257765227916 0.00564652738565782
0 0.5423557886244453 0.3929983060417843 0.024606696248487294 0.009034443817052512
0 0.5937878176684147 0.39059853190287974 0.016135538523598225 0.012704686617730096
0 0.6105284388866479 0.39285714285714285 0.014118596208148447 0.007622811970638058
0 0.6357402178297701 0.3901750423489554 0.029043969342476807 0.014116318464144552
0 0.6710367083501412 0.39186900056465274 0.038321903993545785 0.007905138339920948
0 0.7317466720451795 0.39271597967250144 0.012101653892698669 0.00846979107848673
0 0.746268656716418 0.3880575945793337 0.011294876966518758 0.017221908526256352
0 0.7926583299717628 0.38692828910220217 0.011294876966518758 0.014398644833427442
0 0.8130294473578056 0.3879164313946923 0.014118596208148447 0.015245623941276116
0 0.8287615974183138 0.39723320158102765 0.004437273093989512 0.007905138339920948
0 0.8626462283178701 0.38961038961038963 0.021379588543767647 0.010163749294184076
0 0.8904800322710771 0.38819875776397517 0.02864058087938685 0.012987012987012988
0 0.16337232755143202 0.44649915302089216 0.0500201694231545 0.008752117447769622
0 0.22609923356192013 0.4449463579898362 0.01573215006050827 0.010163749294184076
0 0.24122630092779346 0.4440993788819876 0.010488100040338847 0.006775832862789385
0 0.26220250100847114 0.4448051948051948 0.023396530859217425 0.008752117447769622
0 0.29245663574021785 0.4426877470355731 0.03307785397337636 0.01355166572557877
0 0.3031464300121017 0.4363354037267081 0.003630496167809601 0.0036702428006775835
0 0.33219039935457845 0.444240542066629 0.0326744655102864 0.008752117447769622
0 0.3608309802339653 0.4418407679277245 0.02864058087938685 0.01129305477131564
0 0.42396127470754336 0.4459345002823264 0.045986284792254944 0.008752117447769622
0 0.463695038321904 0.442970073404856 0.03428801936264623 0.010728402032749858
0 0.4701492537313433 0.4354884246188594 0.004437273093989512 0.0036702428006775835
0 0.4933440903590157 0.444240542066629 0.017749092375958047 0.008752117447769622
0 0.5072609923356192 0.4439582156973461 0.00927793465106898 0.006493506493506494
0 0.5369100443727309 0.44367588932806323 0.041145623235175476 0.01101072840203275
0 0.5869302137958854 0.4407114624505929 0.011294876966518758 0.018633540372670808
0 0.6129487696651875 0.4426877470355731 0.030254134731746672 0.007905138339920948
0 0.6557079467527229 0.4401468097120271 0.011698265429608713 0.014116318464144552
0 0.6752722872125857 0.4418407679277245 0.016942315449778138 0.015245623941276116
0 0.7228721258572005 0.4459345002823264 0.029043969342476807 0.013269339356295878
0 0.7581686163775716 0.4418407679277245 0.03751512706736587 0.00846979107848673
0 0.7886244453408633 0.4483342744212309 0.005647438483259379 0.007905138339920948
0 0.8239209358612344 0.4394409937888199 0.014118596208148447 0.009881422924901186
0 0.8507462686567164 0.4376058723884811 0.03872529245663574 0.014116318464144552
0 0.8551835417507059 0.4295595708639187 0.003227107704719645 0.003105590062111801
0 0.8751512706736587 0.43901750423489555 0.01008471157724889 0.0220214568040655
0 0.9023799919322307 0.4435347261434218 0.02743041549011698 0.019762845849802372
0 0.16438079870915692 0.4977413890457369 0.03428801936264623 0.007905138339920948
0 0.2291246470350948 0.4956239412761152 0.02501008471157725 0.009316770186335404
0 0.2736990722065349 0.49858836815358554 0.012505042355788625 0.01129305477131564
0 0.31423961274707546 0.49647092038396384 0.0645421540943929 0.008752117447769622
0 0.34973779749899153 0.4935064935064935 0.012101653892698669 0.014116318464144552
0 0.399959661153691 0.49491812535290797 0.021379588543767647 0.010728402032749858
0 0.4169019766034691 0.4956239412761152 0.012505042355788625 0.007622811970638058
0 0.46107301331181927 0.49336533032185204 0.063735377168213 0.01383399209486166
0 0.49737797498991526 0.49731789949181254 0.003227107704719645 0.002540937323546019
0 0.5381202097620008 0.49929418407679277 0.008067769261799113 0.007058159232072276
0 0.5782573618394514 0.49265951439864486 0.004437273093989512 0.011857707509881422
0 0.6252521177894312 0.49421230942970074 0.035498184751916094 0.007058159232072276
0 0.6827349737797499 0.4950592885375494 0.018959257765227916 0.006493506493506494
0 0.7263009277934651 0.49181253529079616 0.018152480839048003 0.009034443817052512
0 0.7267043162565551 0.48531902879728966 0.004437273093989512 0.00282326369282891
0 0.7581686163775716 0.49096555618294746 0.0391286809197257 0.012422360248447204
0 0.7851956434045986 0.4915302089215133 0.006857603872529245 0.010728402032749858
0 0.8015328761597418 0.493647656691135 0.024203307785397338 0.005928853754940711
0 0.8255344897135942 0.4980237154150198 0.02218636546994756 0.012987012987012988
0 0.1526825332795482 0.5454545454545454 0.01653892698668818 0.015810276679841896
0 0.1744655102864058 0.5475719932241672 0.030254134731746672 0.007622811970638058
0 0.21339249697458654 0.54785431959345 0.03791851553045583 0.008752117447769622
0 0.24223477208551836 0.5471485036702428 0.013311819281968536 0.009034443817052512
0 0.2690601048810004 0.5439017504234895 0.03711173860427592 0.012140033879164314
0 0.282170229931424 0.5378317334839074 0.004437273093989512 0.00282326369282891
0 0.31020572811617586 0.5458780350084698 0.03469140782573618 0.010446075663466968
0 0.3390480032271077 0.5503952569169961 0.004437273093989512 0.002540937323546019
0 0.37494957644211374 0.5436194240542067 0.0052440500201694235 0.013269339356295878
0 0.4156918112141993 0.546583850931677 0.04881000403388463 0.007905138339920948
0 0.4858814037918516 0.5443252399774139 0.019766034691407825 0.010728402032749858
0 0.5106897942718839 0.5460191981931113 0.029850746268656716 0.007905138339920948
0 0.5395320693828156 0.5457368718238284 0.020572811617587738 0.006211180124223602
0 0.5461879790237999 0.5365612648221344 0.003227107704719645 0.002540937323546019
0 0.5800726099233562 0.5436194240542067 0.041145623235175476 0.017221908526256352
0 0.5784590560709963 0.5379728966685489 0.005647438483259379 0.002540937323546019
0 0.6165792658329972 0.544042913608131 0.026220250100847116 0.00846979107848673
0 0.6698265429608713 0.5444664031620553 0.0391286809197257 0.00818746470920384
0 0.7047196450181524 0.5420666290231507 0.02581686163775716 0.009034443817052512
0 0.7692617991125453 0.545313382269904 0.04437273093989512 0.006493506493506494
0 0.8017345703912868 0.5446075663466968 0.018152480839048003 0.006775832862789385
0 0.8467123840258168 0.5429136081309994 0.055667607906413875 0.015810276679841896
0 0.15248083904800322 0.5989553924336533 0.01371520774505849 0.008752117447769622
0 0.1734570391286809 0.6020609824957651 0.022589753933037516 0.012704686617730096
0 0.22569584509883017 0.6030491247882552 0.05203711173860428 0.014116318464144552
0 0.29931423961274706 0.5983907396950875 0.04356595401371521 0.012704686617730096
0 0.34489713594191207 0.5978260869565217 0.029043969342476807 0.021739130434782608
0 0.3600242033077854 0.5892151326933935 0.004437273093989512 0.00564652738565782
0 0.372730939895119 0.5978260869565217 0.012101653892698669 0.006493506493506494
0 0.41589350544574427 0.598531902879729 0.010488100040338847 0.010163749294184076
0 0.4300121016538927 0.5958498023715415 0.008874546187979023 0.006493506493506494
0 0.4465510286405809 0.5952851496329757 0.014521984671238403 0.008752117447769622
0 0.46853569987898347 0.5964144551101073 0.01653892698668818 0.011575381140598532
0 0.4943525615167406 0.5966967814793902 0.027833803953206938 0.008752117447769622
0 0.5219846712384025 0.5966967814793902 0.02016942315449778 0.008752117447769622
0 0.5413473174667205 0.5937323546019199 0.004840661557079467 0.015810276679841896
0 0.5835014118596208 0.5924618859401468 0.013311819281968536 0.010446075663466968
0 0.5986284792254941 0.59472049689441 0.01371520774505849 0.008752117447769622
0 0.6464300121016539 0.5968379446640316 0.01653892698668818 0.012422360248447204
0 0.6607503025413474 0.5942970073404856 0.008874546187979023 0.007340485601355167
0 0.6954417103670835 0.5917560700169395 0.050826946349334406 0.012422360248447204
0 0.7198467123840259 0.5844155844155844 0.004437273093989512 0.0033879164313946925
0 0.7432432432432432 0.5920383963862225 0.031060911657926585 0.012422360248447204
0 0.7805566760790641 0.5930265386787126 0.03711173860427592 0.013269339356295878
0 0.8289632916498588 0.5899209486166008 0.009681323114158934 0.012140033879164314
0 0.8565954013715208 0.5920383963862225 0.04477611940298507 0.011857707509881422
0 0.16559096409842677 0.6483625070581592 0.02702702702702703 0.010446075663466968
0 0.19402985074626866 0.6456804065499717 0.020976200080677694 0.012422360248447204
0 0.209156918112142 0.6470920383963862 0.013311819281968536 0.00846979107848673
0 0.23376361436062928 0.6456804065499717 0.03428801936264623 0.011857707509881422
0 0.2779346510689794 0.6479390175042349 0.014521984671238403 0.01129305477131564
0 0.2962888261395724 0.6458215697346132 0.01734570391286809 0.006493506493506494
0 0.30496167809600644 0.6370694522868436 0.004033884630899556 0.003105590062111801
0 0.31988705123033484 0.6477978543195935 0.016942315449778138 0.005928853754940711
0 0.345502218636547 0.6469508752117448 0.027833803953206938 0.00818746470920384
0 0.3509479628882614 0.6379164313946922 0.003227107704719645 0.003105590062111801
0 0.37051230334812424 0.6482213438735178 0.014118596208148447 0.009599096555618294
0 0.40419524001613555 0.6453980801806889 0.041145623235175476 0.01129305477131564
0 0.4564340459862848 0.6480801806888763 0.01573215006050827 0.008752117447769622
0 0.47418313836224285 0.645115753811406 0.014118596208148447 0.01637492941840768
0 0.5328761597418313 0.6446922642574816 0.05889471561113352 0.014398644833427442
0 0.6216216216216216 0.6437041219649915 0.016135538523598225 0.014680971202710334
0 0.6381605486083098 0.6424336533032186 0.012101653892698669 0.012140033879164314
0 0.6736587333602259 0.6442687747035574 0.053247277127874144 0.012987012987012988
0 0.7379991932230738 0.6461038961038961 0.035901573215006054 0.008752117447769622
0 0.7672448567970956 0.6459627329192547 0.01371520774505849 0.009034443817052512
0 0.7779346510689794 0.6369282891022021 0.004437273093989512 0.003952569169960474
0 0.7799515933844292 0.6453980801806889 0.008471157724889069 0.006211180124223602
0 0.8051633723275514 0.6441276115189158 0.033884630899556276 0.009316770186335404
0 0.8654699475594998 0.6432806324110671 0.04154901169826543 0.007622811970638058
0 0.9013715207745059 0.6411631846414455 0.022993142396127472 0.009599096555618294
0 0.16942315449778136 0.6972049689440993 0.029043969342476807 0.01383399209486166
0 0.24526018555869303 0.6990400903444381 0.04921339249697459 0.010163749294184076
0 0.29850746268656714 0.6928289102202145 0.05486083098023396 0.014116318464144552
0 0.3553852359822509 0.6922642574816488 0.01371520774505849 0.014116318464144552
0 0.3864461476401775 0.694240542066629 0.050826946349334406 0.010728402032749858
0 0.4550221863654699 0.6976284584980237 0.03872529245663574 0.009034443817052512
0 0.48406615570794675 0.6976284584980237 0.015328761597418314 0.009034443817052512
0 0.49314239612747074 0.6890175042348955 0.004437273093989512 0.002540937323546019
0 0.4955627269060105 0.6979107848673066 0.007664380798709157 0.007905138339920948
0 0.5209762000806777 0.6973461321287409 0.03751512706736587 0.010728402032749858
0 0.5697862041145624 0.6969226425748165 0.02218636546994756 0.007622811970638058
0 0.6337232755143203 0.6933935629587803 0.0645421540943929 0.01355166572557877
0 0.6752722872125857 0.6959345002823264 0.01371520774505849 0.007340485601355167
0 0.6976603469140783 0.6935347261434218 0.026220250100847116 0.01101072840203275
0 0.7059298104074223 0.6880293619424054 0.004840661557079467 0.003952569169960474
0 0.7210568777732956 0.6964991530208922 0.014925373134328358 0.00846979107848673
0 0.7609923356192013 0.6936758893280632 0.01008471157724889 0.012422360248447204
0 0.7759177087535296 0.6957933370976849 0.01653892698668818 0.007058159232072276
0 0.8142396127470755 0.6960756634669678 0.01653892698668818 0.008752117447769622
0 0.8321903993545785 0.6940993788819876 0.016135538523598225 0.00818746470920384
0 0.8572004840661557 0.6940993788819876 0.03307785397337636 0.008752117447769622
0 0.1555062525211779 0.7509881422924901 0.014118596208148447 0.010728402032749858
0 0.18253327954820492 0.7488706945228685 0.0326744655102864 0.009881422924901186
0 0.2101653892698669 0.7502823263692829 0.015328761597418314 0.009316770186335404
0 0.2400161355385236 0.7468944099378882 0.035498184751916094 0.011575381140598532
0 0.2753126260588947 0.7526821005081875 0.003630496167809601 0.002258610954263128
