0 0.1700282371924163 0.22402597402597402 0.010891488503428802 0.014398644833427442
0 0.2172246873739411 0.22332015810276679 0.025413473174667203 0.012987012987012988
0 0.24041952400161357 0.22317899491812535 0.022589753933037516 0.011575381140598532
0 0.26220250100847114 0.22261434217955958 0.015328761597418314 0.011575381140598532
0 0.2789431222267043 0.2230378317334839 0.012505042355788625 0.010163749294184076
0 0.2845905607099637 0.21795595708639187 0.011698265429608713 0.0033879164313946925
0 0.3263412666397741 0.2217673630717109 0.010488100040338847 0.012140033879164314
0 0.3412666397741025 0.22501411631846416 0.016135538523598225 0.009599096555618294
0 0.37797498991528844 0.22501411631846416 0.014521984671238403 0.007905138339920948
0 0.40197660346914077 0.2217673630717109 0.031060911657926585 0.016092603049124788
0 0.4288019362646228 0.22924901185770752 0.017749092375958047 0.012987012987012988
0 0.50040338846309 0.221485036702428 0.04477611940298507 0.017221908526256352
0 0.527228721258572 0.2289666854884246 0.003227107704719645 0.002258610954263128
0 0.6073013311819282 0.2204968944099379 0.05445744251714401 0.017504234895539244
0 0.6315046389673256 0.21202710333145117 0.003630496167809601 0.00282326369282891
0 0.6492537313432836 0.221485036702428 0.02218636546994756 0.016092603049124788
0 0.7006857603872529 0.221485036702428 0.06696248487293263 0.01948051948051948
0 0.7759177087535296 0.22388481084133258 0.02218636546994756 0.020327498588368152
0 0.8116175877369908 0.2251552795031056 0.045986284792254944 0.009316770186335404
0 0.1863654699475595 0.27526821005081875 0.05405405405405406 0.010163749294184076
0 0.21782977006857604 0.275974025974026 0.007260992335619202 0.007058159232072276
0 0.21661960467930616 0.2658102766798419 0.003227107704719645 0.0036702428006775835
0 0.23477208551835418 0.27555053642010163 0.017749092375958047 0.007340485601355167
0 0.26845502218636547 0.27117447769621683 0.04881000403388463 0.016092603049124788
0 0.2918515530455829 0.2672219085262564 0.0052440500201694235 0.003105590062111801
0 0.318273497377975 0.28190287972896666 0.03791851553045583 0.0189158667419537
0 0.39310205728116177 0.2816205533596838 0.05929810407422348 0.022303783173348392
0 0.46793061718434853 0.27639751552795033 0.03872529245663574 0.01129305477131564
0 0.5114965711980637 0.27639751552795033 0.04195240016135539 0.011857707509881422
0 0.5724082291246471 0.2738565782044043 0.015328761597418314 0.014680971202710334
0 0.6016538926986689 0.2727272727272727 0.03670835014118596 0.01637492941840768
0 0.6518757563533683 0.275974025974026 0.06292860024203308 0.009881422924901186
0 0.7281161758773699 0.2725861095426313 0.020976200080677694 0.012140033879164314
0 0.7305365066559096 0.26453980801806887 0.004033884630899556 0.00282326369282891
0 0.7652279144816458 0.2720214568040655 0.04517950786607503 0.017786561264822136
0 0.8281565147236789 0.2714568040654997 0.03630496167809601 0.016092603049124788
0 0.8660750302541347 0.2769621682665161 0.04921339249697459 0.012422360248447204
0 0.8977410246066962 0.277244494635799 0.01573215006050827 0.009034443817052512
0 0.17769261799112546 0.3269339356295878 0.026220250100847116 0.010163749294184076
0 0.1700282371924163 0.31394692264257484 0.004437273093989512 0.0033879164313946925
0 0.22307382008874546 0.32269904009034445 0.009681323114158934 0.014116318464144552
0 0.2382008874546188 0.32622811970638055 0.018152480839048003 0.009316770186335404
0 0.31323114158935056 0.3234048560135517 0.045582896329164985 0.017786561264822136
0 0.3844292053247277 0.32679277244494637 0.029850746268656716 0.00818746470920384
0 0.4417103670835014 0.3272162619988707 0.08229124647035095 0.012987012987012988
0 0.5328761597418313 0.32368718238283456 0.03227107704719645 0.016657255787690572
0 0.5796692214602662 0.32679277244494637 0.02581686163775716 0.009881422924901186
0 0.6651875756353368 0.3235460191981931 0.08471157724889068 0.01693958215697346
0 0.7079467527228721 0.3166290231507623 0.003227107704719645 0.0036702428006775835
0 0.7218636546994756 0.32792207792207795 0.018959257765227916 0.006493506493506494
0 0.7464703509479629 0.33300395256917 0.026220250100847116 0.017786561264822136
0 0.7993142396127471 0.32269904009034445 0.03670835014118596 0.020892151326933936
0 0.8513513513513513 0.3243929983060418 0.014925373134328358 0.014116318464144552
0 0.9128680919725696 0.3256634669678148 0.10568777732956837 0.018351214003387916
0 0.18354175070592982 0.3719649915302089 0.02016942315449778 0.014963297571993224
0 0.2101653892698669 0.37125917560700167 0.026623638563937072 0.014116318464144552
0 0.23678902783380396 0.3759175607001694 0.016135538523598225 0.009881422924901186
0 0.31766841468334006 0.37267080745341613 0.06655909640984267 0.01355166572557877
0 0.36062928600242034 0.3752117447769622 0.02016942315449778 0.009599096555618294
0 0.38019362646228316 0.3753529079616036 0.014118596208148447 0.00818746470920384
0 0.39753933037515127 0.3750705815923207 0.014925373134328358 0.007622811970638058
0 0.43162565550625254 0.3759175607001694 0.053247277127874144 0.010446075663466968
0 0.4673255344897136 0.3814229249011858 0.003630496167809601 0.00282326369282891
0 0.5421540943929004 0.37365894974590624 0.060508269463493344 0.017786561264822136
0 0.5786607503025414 0.3824110671936759 0.003630496167809601 0.003105590062111801
0 0.6224283985478015 0.37422360248447206 0.03711173860427592 0.016092603049124788
0 0.6353368293666801 0.3687182382834557 0.004033884630899556 0.005081874647092038
0 0.6639774102460669 0.3753529079616036 0.04033884630899556 0.011575381140598532
0 0.6942315449778136 0.37676453980801805 0.016942315449778138 0.00818746470920384
0 0.7137958854376765 0.37634105025409376 0.020572811617587738 0.009599096555618294
0 0.7299314239612748 0.3743647656691135 0.01008471157724889 0.015245623941276116
0 0.7892295280354982 0.36645962732919257 0.03428801936264623 0.0033879164313946925
0 0.7862041145623235 0.37337662337662336 0.01290843081887858 0.011575381140598532
0 0.8142396127470755 0.3774703557312253 0.033481242436466316 0.010163749294184076
0 0.8410649455425575 0.3740824392998306 0.015328761597418314 0.014116318464144552
0 0.8870512303348125 0.37323546019198195 0.016135538523598225 0.012422360248447204
0 0.9142799515933844 0.37789384528514963 0.03751512706736587 0.010446075663466968
0 0.16680112948769665 0.4289949181253529 0.014925373134328358 0.014963297571993224
0 0.19786204114562322 0.42405420666290233 0.0463896732553449 0.015245623941276116
0 0.26865671641791045 0.424901185770751 0.04033884630899556 0.012987012987012988
0 0.3061718434852763 0.42631281761716544 0.028237192416296894 0.010728402032749858
0 0.3293666801129488 0.42758328627893843 0.01653892698668818 0.008752117447769622
0 0.3711173860427592 0.4278656126482213 0.023396530859217425 0.00818746470920384
0 0.41407825736183945 0.4277244494635799 0.010891488503428802 0.007340485601355167
0 0.43949173053650664 0.42730095990965555 0.035901573215006054 0.009881422924901186
0 0.47196450181524807 0.42814793901750425 0.02016942315449778 0.009316770186335404
0 0.5060508269463493 0.42518351214003386 0.03751512706736587 0.01129305477131564
0 0.5322710770471965 0.42476002258610956 0.01653892698668818 0.014398644833427442
0 0.5391286809197257 0.42080745341614906 0.003630496167809601 0.003105590062111801
0 0.5613150463896732 0.42828910220214567 0.03993545784590561 0.009034443817052512
0 0.6288826139572409 0.42828910220214567 0.03146430012101654 0.009034443817052512
0 0.6778943122226704 0.4233483907396951 0.012505042355788625 0.013269339356295878
0 0.7139975796692215 0.4267363071710898 0.0500201694231545 0.014398644833427442
0 0.7991125453812021 0.4254658385093168 0.060508269463493344 0.018068887634105024
0 0.845502218636547 0.4330886504799548 0.03469140782573618 0.019198193111236588
0 0.835820895522388 0.41826651609260307 0.00645421540943929 0.004234895539243365
0 0.8803953206938282 0.42857142857142855 0.03428801936264623 0.015810276679841896
0 0.17587736990722067 0.4784020327498588 0.045986284792254944 0.008752117447769622
0 0.21500605082694635 0.4743083003952569 0.029850746268656716 0.01129305477131564
0 0.28479225494150867 0.474025974025974 0.050826946349334406 0.014116318464144552
0 0.3307785397337636 0.4658385093167702 0.004033884630899556 0.003952569169960474
0 0.34288019362646227 0.4792490118577075 0.02016942315449778 0.00818746470920384
0 0.3771682129891085 0.47586109542631283 0.01290843081887858 0.012704686617730096
0 0.3945139169019766 0.4786843591191417 0.017749092375958047 0.009316770186335404
0 0.43807987091569184 0.4761434217955957 0.022589753933037516 0.014398644833427442
0 0.46591367486889873 0.4784020327498588 0.03307785397337636 0.011575381140598532
0 0.517345703912868 0.47586109542631283 0.01734570391286809 0.012704686617730096
0 0.5387252924566357 0.4772727272727273 0.021379588543767647 0.00818746470920384
0 0.5697862041145624 0.47557876905702995 0.035901573215006054 0.01383399209486166
0 0.6107301331181928 0.4751552795031056 0.045986284792254944 0.014116318464144552
0 0.6805163372327552 0.47557876905702995 0.015328761597418314 0.012704686617730096
0 0.7033077853973376 0.4810841332580463 0.018959257765227916 0.015245623941276116
0 0.7692617991125453 0.47374364765669114 0.04921339249697459 0.017504234895539244
0 0.7970956030657523 0.48207227555053644 0.004033884630899556 0.003105590062111801
0 0.8537716821298911 0.474025974025974 0.024606696248487294 0.015810276679841896
0 0.8767648245260186 0.47967250141163187 0.0060508269463493344 0.006211180124223602
0 0.8791851553045583 0.46950875211744775 0.0028237192416296895 0.0033879164313946925
0 0.8935054457442517 0.47600225861095424 0.014521984671238403 0.01355166572557877
0 0.1563130294473578 0.527244494635799 0.019766034691407825 0.014398644833427442
0 0.17688584106494554 0.5293619424054207 0.01734570391286809 0.006775832862789385
0 0.1801129487696652 0.519339356295878 0.007664380798709157 0.004234895539243365
0 0.1964501815248084 0.5252682100508187 0.015328761597418314 0.0189158667419537
0 0.21661960467930616 0.5249858836815359 0.021782977006857603 0.017786561264822136
0 0.22045179507866075 0.5183512140033879 0.003630496167809601 0.003952569169960474
0 0.26119402985074625 0.5252682100508187 0.05203711173860428 0.015527950310559006
0 0.30778539733763616 0.5350084697910785 0.007260992335619202 0.009599096555618294
0 0.36708350141185964 0.5263975155279503 0.02581686163775716 0.016092603049124788
0 0.4007664380798709 0.5238565782044043 0.035901573215006054 0.017221908526256352
0 0.46430012101653895 0.5266798418972332 0.01371520774505849 0.020609824957651044
0 0.5002016942315449 0.5282326369282891 0.04759983864461476 0.010163749294184076
0 0.5713997579669221 0.5263975155279503 0.025413473174667203 0.016657255787690572
0 0.6073013311819282 0.5290796160361377 0.03751512706736587 0.007905138339920948
0 0.6829366680112948 0.5268210050818747 0.1073013311819282 0.014680971202710334
0 0.781766841468334 0.5265386787125917 0.022589753933037516 0.014680971202710334
0 0.8043565954013715 0.5300677583286278 0.016135538523598225 0.00818746470920384
0 0.8569987898346108 0.5278091473743648 0.08430818878580072 0.01101072840203275
0 0.9292053247277128 0.5295031055900621 0.05203711173860428 0.014963297571993224
0 0.9717628075837031 0.5365612648221344 0.004033884630899556 0.0036702428006775835
