0 0.16559096409842677 0.21950875211744778 0.035901573215006054 0.027385657820440428
0 0.22065348931020573 0.22684923771880294 0.024203307785397338 0.016657255787690572
0 0.24021782977006859 0.22924901185770752 0.040742234772085516 0.015245623941276116
0 0.27874142799515933 0.22261434217955958 0.04356595401371521 0.026256352343308864
0 0.26764824526018555 0.21287408243929984 0.0052440500201694235 0.003952569169960474
0 0.3426784993949173 0.221485036702428 0.058491327148043566 0.031338226990400904
0 0.37494957644211374 0.22967250141163184 0.018152480839048003 0.013269339356295878
0 0.39431222267043164 0.2289666854884246 0.020572811617587738 0.014680971202710334
0 0.44130697862041146 0.22699040090344438 0.021782977006857603 0.015810276679841896
0 0.47115772488906815 0.22939017504234896 0.053247277127874144 0.017221908526256352
0 0.5195643404598629 0.22868435911914173 0.04759983864461476 0.01637492941840768
0 0.5784590560709963 0.22261434217955958 0.08067769261799113 0.028514963297571992
0 0.6498588140379186 0.2224731789949181 0.04679306171843485 0.026538678712591756
0 0.663574021782977 0.2279785431959345 0.020976200080677694 0.01383399209486166
0 0.6744655102864058 0.23249576510446077 0.004033884630899556 0.004799548277809147
0 0.7287212585720049 0.22261434217955958 0.043162565550625254 0.02456239412761152
0 0.7501008471157725 0.22713156408808582 0.04154901169826543 0.016657255787690572
0 0.7946752722872126 0.22811970638057594 0.053247277127874144 0.015810276679841896
0 0.8398547801532876 0.22755505364201017 0.02581686163775716 0.011857707509881422
0 0.8434852763210973 0.21414455110107283 0.014521984671238403 0.01101072840203275
0 0.1718434852763211 0.2672219085262564 0.0790641387656313 0.03472614342179559
0 0.2055264219443324 0.28430265386787124 0.04800322710770472 0.03387916431394692
0 0.24485679709560307 0.2704686617730096 0.04517950786607503 0.029926595143986448
0 0.2972972972972973 0.27865612648221344 0.0653489310205728 0.01637492941840768
0 0.34610730133118195 0.27936194240542067 0.033884630899556276 0.014963297571993224
0 0.3699072206534893 0.2792207792207792 0.01936264622831787 0.012987012987012988
0 0.37797498991528844 0.2607284020327499 0.004840661557079467 0.004799548277809147
0 0.4082291246470351 0.2732919254658385 0.06131504638967326 0.028797289666854884
0 0.4233561920129084 0.2639751552795031 0.0052440500201694235 0.005081874647092038
0 0.48204921339249696 0.27625635234330886 0.03872529245663574 0.017786561264822136
0 0.518757563533683 0.2735742518351214 0.048406615570794675 0.03162055335968379
0 0.5137152077450585 0.2608695652173913 0.004437273093989512 0.005081874647092038
0 0.5990318676885841 0.28289102202145683 0.08955223880597014 0.030491247882552232
0 0.6480435659540137 0.2790796160361378 0.014118596208148447 0.011575381140598532
0 0.6718434852763211 0.27964426877470355 0.0326744655102864 0.012140033879164314
0 0.6686163775716014 0.26468097120271034 0.003630496167809601 0.0036702428006775835
0 0.7075433642597821 0.27300959909655564 0.03711173860427592 0.025974025974025976
0 0.7309398951189996 0.28049124788255225 0.041145623235175476 0.015527950310559006
0 0.7355788624445341 0.2649632975719932 0.003630496167809601 0.005364201016374929
0 0.7575635336829367 0.27992659514398643 0.023396530859217425 0.011575381140598532
0 0.8150463896732554 0.2694805194805195 0.0536506655909641 0.03190287972896669
0 0.8285599031867689 0.277244494635799 0.021782977006857603 0.01355166572557877
0 0.8584106494554256 0.2717391304347826 0.04759983864461476 0.029644268774703556
0 0.8852359822509076 0.2779503105590062 0.01573215006050827 0.0036702428006775835
0 0.15752319483662766 0.3198757763975155 0.052843888664784185 0.030491247882552232
0 0.21157724889068172 0.32058159232072275 0.0681726502622025 0.03077357425183512
0 0.18616377571601453 0.30787690570299264 0.004437273093989512 0.004799548277809147
0 0.2823719241629689 0.3245341614906832 0.0500201694231545 0.0471485036702428
0 0.35215812827753123 0.31804065499717676 0.053247277127874144 0.032467532467532464
0 0.4171036708350141 0.32735742518351213 0.04921339249697459 0.0471485036702428
0 0.4407018959257765 0.3269339356295878 0.03751512706736587 0.015245623941276116
0 0.4800322710770472 0.32834556747600224 0.04759983864461476 0.01693958215697346
0 0.5536506655909641 0.32241671372106157 0.09560306575231949 0.030491247882552232
0 0.5889471561113352 0.33554488989271597 0.004033884630899556 0.004234895539243365
0 0.6413876563130294 0.3197346132128741 0.03791851553045583 0.03359683794466403
0 0.6528842275110932 0.3272162619988707 0.03509479628882614 0.018633540372670808
0 0.6906010488100041 0.3298983625070582 0.048406615570794675 0.018351214003387916
0 0.7386042759177087 0.32269904009034445 0.04679306171843485 0.028797289666854884
0 0.799717628075837 0.32806324110671936 0.09076240419524001 0.044042913608131
0 0.16962484872932634 0.36984754376058726 0.0463896732553449 0.029926595143986448
0 0.19402985074626866 0.3815640880858272 0.004033884630899556 0.005364201016374929
0 0.2680516337232755 0.3719649915302089 0.08027430415490117 0.03020892151326934
0 0.3160548608309802 0.37972896668548844 0.019766034691407825 0.01637492941840768
0 0.3414683340056474 0.3774703557312253 0.045582896329164985 0.045736871823828344
0 0.4124647035094796 0.37732919254658387 0.05445744251714401 0.0189158667419537
0 0.4717628075837031 0.3715415019762846 0.07059298104074223 0.03274985883681536
0 0.5195643404598629 0.37972896668548844 0.023396530859217425 0.01637492941840768
0 0.5716014521984671 0.3684359119141728 0.03953206938281565 0.033314511575381144
0 0.5986284792254941 0.3705533596837945 0.05405405405405406 0.03303218520609825
0 0.6684146833400565 0.3695652173913043 0.03791851553045583 0.032185206098249576
0 0.7311415893505446 0.36801242236024845 0.051230334812424366 0.03190287972896669
0 0.7617991125453812 0.3784584980237154 0.02702702702702703 0.016657255787690572
0 0.7934651068979427 0.3705533596837945 0.04437273093989512 0.03077357425183512
0 0.15954013715207746 0.4205251270468662 0.0326744655102864 0.029079616036137776
0 0.18878580072609924 0.42207792207792205 0.05163372327551432 0.03162055335968379
0 0.2418313836224284 0.4230660643704122 0.05929810407422348 0.031338226990400904
0 0.3259378781766841 0.4343591191417278 0.05889471561113352 0.036420101637492944
0 0.36789027833803956 0.42843026538678713 0.029850746268656716 0.014398644833427442
0 0.38967325534489716 0.4364765669113495 0.03953206938281565 0.0378317334839074
0 0.37797498991528844 0.4083850931677019 0.005647438483259379 0.00818746470920384
0 0.3937071399757967 0.45299265951439865 0.008874546187979023 0.005364201016374929
0 0.4562323517547398 0.4178430265386787 0.050826946349334406 0.032185206098249576
0 0.5185558693021379 0.42080745341614906 0.03428801936264623 0.027950310559006212
0 0.5246066962484873 0.42828910220214567 0.022993142396127472 0.01637492941840768
0 0.5475998386446148 0.42320722755505363 0.04235578862444534 0.028232636928289104
0 0.563937071399758 0.4278656126482213 0.029850746268656716 0.014963297571993224
0 0.600040338846309 0.4233483907396951 0.052843888664784185 0.029644268774703556
0 0.6559096409842678 0.422360248447205 0.0572811617587737 0.02710333145115754
0 0.6932230738200887 0.4267363071710898 0.024606696248487294 0.016657255787690572
0 0.7156111335215812 0.4298418972332016 0.03953206938281565 0.017786561264822136
0 0.781565147236789 0.42476002258610956 0.05203711173860428 0.03980801806888763
0 0.8360225897539331 0.4191134952004517 0.026220250100847116 0.029079616036137776
0 0.844695441710367 0.42843026538678713 0.021782977006857603 0.017221908526256352
0 0.8612343686970553 0.42857142857142855 0.01371520774505849 0.004517221908526256
0 0.16760790641387657 0.4782608695652174 0.051230334812424366 0.017504234895539244
0 0.20492133924969747 0.47134387351778656 0.029850746268656716 0.029644268774703556
0 0.22246873739411052 0.48828345567476 0.033481242436466316 0.03359683794466403
0 0.22872125857200484 0.45920383963862227 0.004840661557079467 0.005364201016374929
0 0.24647035094796288 0.47967250141163187 0.020976200080677694 0.014116318464144552
0 0.2734973779749899 0.4741671372106155 0.03630496167809601 0.027385657820440428
0 0.30233965308592176 0.4808018068887634 0.03993545784590561 0.01637492941840768
0 0.30475998386446146 0.46287408243929984 0.0052440500201694235 0.006493506493506494
0 0.3771682129891085 0.4704968944099379 0.048406615570794675 0.027950310559006212
0 0.42073416700282373 0.47360248447204967 0.042759177087535294 0.029079616036137776
0 0.46228317870108915 0.4779785431959345 0.035498184751916094 0.01693958215697346
0 0.47297297297297297 0.48771880293619424 0.04719645018152481 0.03020892151326934
0 0.5064542154094392 0.48094297007340486 0.031060911657926585 0.013269339356295878
0 0.5514320290439694 0.4720496894409938 0.06857603872529246 0.028797289666854884
0 0.6103267446551028 0.47783738001129306 0.04195240016135539 0.017786561264822136
0 0.6833400564743848 0.4733201581027668 0.04759983864461476 0.026256352343308864
0 0.709156918112142 0.484472049689441 0.004033884630899556 0.004517221908526256
0 0.7674465510286406 0.47148503670242803 0.045582896329164985 0.028232636928289104
0 0.8150463896732554 0.47995482778091475 0.06736587333602259 0.015810276679841896
0 0.8654699475594998 0.4851778656126482 0.003630496167809601 0.005364201016374929
0 0.16034691407825735 0.5203274985883681 0.035901573215006054 0.030491247882552232
0 0.21621621621621623 0.5201863354037267 0.035498184751916094 0.034161490683229816
0 0.25433642597821704 0.5190570299265952 0.04800322710770472 0.034161490683229816
0 0.29225494150867287 0.5283738001129306 0.03670835014118596 0.018351214003387916
0 0.28378378378378377 0.5053642010163749 0.004437273093989512 0.00564652738565782
0 0.327349737797499 0.5235742518351214 0.043162565550625254 0.031338226990400904
0 0.37777329568374346 0.5225861095426313 0.05526421944332392 0.032185206098249576
0 0.4784187172246874 0.5230095990965556 0.09600645421540945 0.032467532467532464
0 0.5244050020169423 0.5241389045736872 0.04679306171843485 0.03077357425183512
0 0.5651472367890278 0.5333145115753811 0.04679306171843485 0.03162055335968379
0 0.6236385639370714 0.5228684359119141 0.08955223880597014 0.04291360813099943
0 0.7148043565954014 0.5114342179559571 0.016942315449778138 0.013269339356295878
0 0.7327551432029044 0.5261151891586674 0.04154901169826543 0.018351214003387916
0 0.7678499394917305 0.5201863354037267 0.03670835014118596 0.029079616036137776
0 0.8019362646228317 0.5214568040654998 0.0653489310205728 0.03162055335968379
0 0.8584106494554256 0.5224449463579899 0.05647438483259379 0.029644268774703556
0 0.8787817668414684 0.541501976284585 0.040742234772085516 0.02766798418972332
0 0.8838241226300928 0.5138339920948617 0.004033884630899556 0.007340485601355167
0 0.16559096409842677 0.577922077922078 0.043162565550625254 0.019198193111236588
0 0.21077047196450183 0.5796160361377752 0.05929810407422348 0.019198193111236588
0 0.22509076240419523 0.5605590062111802 0.004033884630899556 0.005928853754940711
0 0.2745058491327148 0.5625352907961604 0.01734570391286809 0.013269339356295878
0 0.3065752319483663 0.5784867306606437 0.035498184751916094 0.015810276679841896
0 0.3229124647035095 0.5551948051948052 0.0052440500201694235 0.005364201016374929
0 0.37373941105284386 0.5718520609824957 0.052843888664784185 0.03472614342179559
0 0.400363049616781 0.5640880858272163 0.004437273093989512 0.006775832862789385
0 0.43505445744251714 0.5889328063241107 0.06897942718838242 0.030491247882552232
0 0.4868898749495764 0.5732636928289102 0.03711173860427592 0.031338226990400904
0 0.4967728922952804 0.585544889892716 0.003630496167809601 0.005081874647092038
0 0.5552642194433239 0.5697346132128741 0.03509479628882614 0.02766798418972332
0 0.5754336425978217 0.5770750988142292 0.043162565550625254 0.018633540372670808
0 0.6012505042355789 0.5798983625070582 0.025413473174667203 0.014680971202710334
0 0.6319080274304155 0.572557876905703 0.045582896329164985 0.030491247882552232
0 0.709156918112142 0.572557876905703 0.04517950786607503 0.029361942405420668
0 0.7559499798305769 0.5717108977978543 0.0500201694231545 0.030491247882552232
0 0.8140379185155304 0.5726990400903444 0.063735377168213 0.032467532467532464
0 0.871924162968939 0.5647939017504235 0.01734570391286809 0.014963297571993224
0 0.8695038321903994 0.5796160361377752 0.02702702702702703 0.011857707509881422
0 0.15348931020572812 0.6280350084697911 0.021379588543767647 0.016657255787690572
0 0.1837434449374748 0.6301524562394127 0.0536506655909641 0.018068887634105024
0 0.24021782977006859 0.6260587238848109 0.06494554255748286 0.03190287972896669
0 0.23557886244453408 0.6149068322981367 0.005647438483259379 0.005081874647092038
0 0.32956837434449376 0.6222473178994918 0.07099636950383219 0.03500846979107849
0 0.4171036708350141 0.6194240542066629 0.03711173860427592 0.031055900621118012
0 0.4489713594191206 0.6393280632411067 0.05647438483259379 0.035290796160361376
0 0.4943525615167406 0.632128740824393 0.05445744251714401 0.018068887634105024
0 0.5845098830173457 0.6245059288537549 0.05163372327551432 0.028232636928289104
0 0.6020572811617588 0.6307171089779785 0.024606696248487294 0.014680971202710334
0 0.6125453812020977 0.635940146809712 0.004437273093989512 0.004234895539243365
0 0.6764824526018556 0.6223884810841332 0.045986284792254944 0.029079616036137776
0 0.7291246470350948 0.6304347826086957 0.1044776119402985 0.018633540372670808
0 0.790439693424768 0.612789384528515 0.019766034691407825 0.015527950310559006
0 0.1645824929407019 0.6778656126482213 0.029043969342476807 0.024280067758328628
0 0.19826542960871318 0.6823828345567476 0.05526421944332392 0.019198193111236588
0 0.23013311819281967 0.6832298136645962 0.01734570391286809 0.014680971202710334
0 0.25574828559903184 0.6819593450028233 0.029043969342476807 0.014963297571993224
0 0.2515127067365873 0.6620553359683794 0.004437273093989512 0.005081874647092038
0 0.2779346510689794 0.6821005081874647 0.024203307785397338 0.01355166572557877
0 0.3055667607906414 0.6758893280632411 0.04235578862444534 0.03274985883681536
0 0.3327954820492134 0.6821005081874647 0.05486083098023396 0.018068887634105024
0 0.34187172246873737 0.6626199887069453 0.004437273093989512 0.005081874647092038
0 0.41427995159338443 0.6740542066629023 0.0500201694231545 0.026256352343308864
0 0.46329164985881405 0.6733483907396951 0.06736587333602259 0.03670242800677583
0 0.5330778539733764 0.6795595708639187 0.014925373134328358 0.01355166572557877
0 0.5568777732956838 0.6730660643704122 0.03670835014118596 0.029926595143986448
0 0.5556676079064139 0.6612083568605308 0.006857603872529245 0.006211180124223602
0 0.6153691004437273 0.6806888763410502 0.06736587333602259 0.019762845849802372
0 0.6980637353771683 0.672077922077922 0.04881000403388463 0.034161490683229816
0 0.7531262605889472 0.678994918125353 0.02581686163775716 0.019198193111236588
0 0.7775312626058895 0.6801242236024845 0.04477611940298507 0.019198193111236588
0 0.8194836627672448 0.681253529079616 0.014925373134328358 0.004517221908526256
0 0.21883824122630094 0.7233201581027668 0.12303348124243646 0.03613777526821005
0 0.29164985881403793 0.7322134387351779 0.01855586930213796 0.017786561264822136
0 0.3051633723275514 0.7315076228119707 0.01653892698668818 0.015245623941276116
0 0.3317870108914885 0.7228966685488425 0.05203711173860428 0.03190287972896669
0 0.32109721661960466 0.7114624505928854 0.005647438483259379 0.005081874647092038
0 0.3652682533279548 0.7300959909655562 0.01653892698668818 0.014116318464144552
0 0.3872529245663574 0.7237436476566911 0.03953206938281565 0.029644268774703556
0 0.4473578055667608 0.7308018068887634 0.04517950786607503 0.0471485036702428
0 0.5052440500201695 0.7216261998870694 0.04881000403388463 0.033314511575381144
0 0.5881403791851553 0.7247317899491813 0.09600645421540945 0.048560135516657256
0 0.690802743041549 0.7236024844720497 0.06494554255748286 0.030491247882552232
0 0.7295280354981848 0.7317899491812535 0.025413473174667203 0.014680971202710334
0 0.7569584509883017 0.7237436476566911 0.03751512706736587 0.031338226990400904
0 0.7791448164582493 0.7387069452286844 0.004437273093989512 0.004234895539243365
