0 0.15792658329971762 0.2618577075098814 0.03751512706736587 0.028514963297571992
0 0.2210568777732957 0.26778656126482214 0.06696248487293263 0.020609824957651044
0 0.22851956434045986 0.2586109542631282 0.0028237192416296895 0.00282326369282891
0 0.2989108511496571 0.26439864483342745 0.0653489310205728 0.023433088650479956
0 0.40762404195240015 0.2682100508187465 0.11012505042355789 0.01693958215697346
0 0.5048406615570795 0.2662337662337662 0.043969342476805166 0.018633540372670808
0 0.5346914078257362 0.27526821005081875 0.004437273093989512 0.0016939582156973462
0 0.5762404195240016 0.26355166572557875 0.040742234772085516 0.023433088650479956
0 0.6145623235175474 0.268068887634105 0.06333198870512304 0.012704686617730096
0 0.7115772488906817 0.2672219085262564 0.08309802339653086 0.027950310559006212
0 0.20149253731343283 0.31592320722755507 0.14078257361839452 0.0220214568040655
0 0.21379588543767647 0.30773574251835123 0.0024203307785397336 0.0033879164313946925
0 0.2507059298104074 0.3094297007340486 0.0028237192416296895 0.00282326369282891
0 0.28721258572004843 0.3241106719367589 0.0016135538523598225 0.001129305477131564
0 0.3247277127874143 0.3156408808582722 0.07260992335619201 0.020327498588368152
0 0.326946349334409 0.3080180688876341 0.0028237192416296895 0.003952569169960474
0 0.4211375554659137 0.32481648785996614 0.08229124647035095 0.021174477696216828
0 0.454417103670835 0.30533596837944665 0.002016942315449778 0.003105590062111801
0 0.49596611536910046 0.31747600225861095 0.07059298104074223 0.027385657820440428
0 0.4979830576845502 0.31197063805759456 0.003630496167809601 0.00282326369282891
0 0.5262202501008472 0.3232636928289102 0.004437273093989512 0.002258610954263128
0 0.6210165389269867 0.3135234330886505 0.12464703509479629 0.025691699604743084
0 0.6427995159338443 0.30886504799548276 0.0028237192416296895 0.002258610954263128
0 0.7055264219443323 0.3210050818746471 0.03307785397337636 0.03670242800677583
0 0.7666397741024606 0.31309994353472614 0.057684550221863654 0.020892151326933936
0 0.1827349737797499 0.3687182382834557 0.10165389269866881 0.04291360813099943
0 0.263614360629286 0.36914172783738003 0.06171843485276321 0.018351214003387916
0 0.3110125050423558 0.371682665160926 0.003227107704719645 0.001411631846414455
0 0.400161355385236 0.3738001129305477 0.14925373134328357 0.04291360813099943
0 0.4243646631706333 0.3585544889892716 0.003227107704719645 0.003952569169960474
0 0.5165389269866881 0.36575381140598534 0.0463896732553449 0.022303783173348392
0 0.54497781363453 0.37337662337662336 0.004033884630899556 0.001976284584980237
0 0.6066962484872933 0.3728119706380576 0.08713190802743041 0.041501976284584984
0 0.690399354578459 0.37323546019198195 0.045582896329164985 0.01637492941840768
0 0.7349737797498992 0.3634952004517222 0.0500201694231545 0.022868435911914172
0 0.7831787010891489 0.3706945228684359 0.018152480839048003 0.009034443817052512
0 0.836425978217023 0.36476566911349523 0.06655909640984267 0.023715415019762844
0 0.1446147640177491 0.41699604743083 0.02864058087938685 0.024844720496894408
0 0.1607503025413473 0.4212309429700734 0.01653892698668818 0.00846979107848673
0 0.23598225090762404 0.41431394692264256 0.09762000806776926 0.028514963297571992
0 0.36506655909640984 0.4147374364765669 0.12666397741024607 0.023715415019762844
0 0.491327148043566 0.424901185770751 0.09035901573215006 0.024280067758328628
0 0.5036304961678096 0.40273856578204403 0.004437273093989512 0.001976284584980237
0 0.5786607503025414 0.4153020892151327 0.051230334812424366 0.02710333145115754
0 0.6258572004840661 0.42603049124788256 0.0028237192416296895 0.001129305477131564
0 0.6482452601855587 0.41304347826086957 0.041145623235175476 0.02766798418972332
0 0.682533279548205 0.4162902315076228 0.09762000806776926 0.02456239412761152
0 0.799919322307382 0.41417278373800115 0.10407422347720856 0.028232636928289104
0 0.16014521984671237 0.4675324675324675 0.03872529245663574 0.033314511575381144
0 0.28479225494150867 0.4699322416713721 0.17587736990722067 0.03811405985319029
0 0.22226704316256554 0.4686617730095991 0.0016135538523598225 0.001129305477131564
0 0.29588543767648245 0.4580745341614907 0.002016942315449778 0.002540937323546019
0 0.3446954417103671 0.46160361377752684 0.003630496167809601 0.0033879164313946925
0 0.4213392496974587 0.4655561829474873 0.06333198870512304 0.029361942405420668
0 0.5354981847519161 0.46809712027103334 0.12787414279951592 0.029361942405420668
0 0.6456232351754739 0.47162619988706944 0.04961678096006454 0.01383399209486166
0 0.7127874142799516 0.46499153020892153 0.05244050020169423 0.0220214568040655
0 0.745461879790238 0.4748729531338227 0.004840661557079467 0.0016939582156973462
0 0.7851956434045986 0.46287408243929984 0.03993545784590561 0.023997741389045736
0 0.8259378781766842 0.4697910784867307 0.06655909640984267 0.011857707509881422
0 0.8626462283178701 0.47571993224167136 0.0028237192416296895 0.0016939582156973462
0 0.14622831787010893 0.5135516657255788 0.0028237192416296895 0.0016939582156973462
0 0.1672045179507866 0.515527950310559 0.04477611940298507 0.024844720496894408
0 0.15893505445744252 0.506352343308865 0.024203307785397338 0.012704686617730096
0 0.25756353368293666 0.51270468661773 0.12384025816861638 0.025409373235460192
0 0.263816054860831 0.5071993224167137 0.003227107704719645 0.0036702428006775835
0 0.3527632109721662 0.51270468661773 0.04154901169826543 0.026538678712591756
0 0.42839854780153286 0.5138339920948617 0.09842678499394918 0.024280067758328628
0 0.5526421944332393 0.519621682665161 0.12263009277934651 0.029079616036137776
0 0.6466317063331989 0.5087521174477696 0.007260992335619202 0.009599096555618294
0 0.6534893102057281 0.5083286278938453 0.009681323114158934 0.009881422924901186
0 0.6827349737797499 0.5184923771880293 0.05445744251714401 0.021174477696216828
0 0.7061315046389673 0.5194805194805194 0.01008471157724889 0.005081874647092038
0 0.7466720451795079 0.5241389045736872 0.08632513110125051 0.037549407114624504
0 0.7789431222267044 0.5071993224167137 0.004840661557079467 0.002540937323546019
0 0.17507059298104075 0.5673348390739695 0.08874546187979024 0.016092603049124788
0 0.1980637353771682 0.5518068887634106 0.004033884630899556 0.004234895539243365
0 0.2317466720451795 0.5599943534726144 0.0052440500201694235 0.009881422924901186
0 0.23759580475998388 0.5584415584415584 0.008067769261799113 0.009034443817052512
0 0.2712787414279952 0.5724167137210615 0.043162565550625254 0.01101072840203275
0 0.3317870108914885 0.5615471485036703 0.043969342476805166 0.029926595143986448
0 0.34409035901573215 0.5573122529644269 0.0024203307785397336 0.0016939582156973462
0 0.39774102460669625 0.5715697346132129 0.05486083098023396 0.026256352343308864
0 0.43303751512706734 0.5742518351214003 0.003630496167809601 0.0016939582156973462
0 0.518152480839048 0.5619706380575946 0.11173860427591771 0.03359683794466403
0 0.6575231948366277 0.5656408808582721 0.12101653892698669 0.027950310559006212
0 0.7230738200887454 0.5632411067193676 0.003630496167809601 0.007905138339920948
0 0.7390076643807987 0.5728402032749859 0.01855586930213796 0.009034443817052512
0 0.19402985074626866 0.6201298701298701 0.11698265429608713 0.017221908526256352
0 0.22932634126663978 0.6113777526821005 0.003630496167809601 0.004234895539243365
0 0.263614360629286 0.6230942970073405 0.03670835014118596 0.010728402032749858
0 0.3237192416296894 0.6132128740824393 0.050423557886244454 0.025409373235460192
0 0.3426784993949173 0.6252117447769622 0.004437273093989512 0.001411631846414455
0 0.3807987091569181 0.6160361377752682 0.03065752319483663 0.02258610954263128
0 0.4421137555465914 0.622953133822699 0.060508269463493344 0.020045172219085264
0 0.5209762000806777 0.6197063805759458 0.0536506655909641 0.026538678712591756
0 0.5590964098426785 0.6239412761151891 0.004840661557079467 0.0016939582156973462
0 0.581686163775716 0.6264822134387352 0.003227107704719645 0.0016939582156973462
0 0.6026623638563937 0.6201298701298701 0.03953206938281565 0.021174477696216828
0 0.6446147640177491 0.6240824392998306 0.06938281565147236 0.012140033879164314
0 0.6881807180314643 0.6147656691134952 0.004840661557079467 0.007622811970638058
0 0.6948366276724486 0.6247882552230378 0.01734570391286809 0.011857707509881422
0 0.19160951996772893 0.6689723320158103 0.14683340056474384 0.021174477696216828
0 0.19927390076643808 0.6620553359683794 0.0016135538523598225 0.001129305477131564
0 0.25010084711577246 0.6613495200451722 0.004033884630899556 0.001411631846414455
0 0.33864461476401775 0.6679841897233202 0.08027430415490117 0.031055900621118012
0 0.4193223073820089 0.6669960474308301 0.0391286809197257 0.01948051948051948
0 0.417910447761194 0.6562676453980801 0.0016135538523598225 0.001411631846414455
0 0.4536103267446551 0.6716544325239977 0.01573215006050827 0.012422360248447204
0 0.4759983864461476 0.6717955957086392 0.04356595401371521 0.01101072840203275
0 0.5322710770471965 0.6667137210615471 0.0391286809197257 0.022303783173348392
0 0.5982250907624042 0.6741953698475438 0.042759177087535294 0.01355166572557877
0 0.6661960467930618 0.6695369847543761 0.09883017345703912 0.021174477696216828
0 0.6500605082694635 0.663184641445511 0.003630496167809601 0.004517221908526256
0 0.754336425978217 0.6702428006775832 0.03791851553045583 0.0378317334839074
0 0.81847519160952 0.6626199887069453 0.045986284792254944 0.02258610954263128
0 0.172851956434046 0.7172501411631846 0.06978620411456232 0.03190287972896669
0 0.2672448567970956 0.7156973461321288 0.08672851956434045 0.030491247882552232
0 0.2319483662767245 0.7162619988706945 0.0024203307785397336 0.002258610954263128
0 0.33057684550221866 0.7261434217955957 0.003630496167809601 0.00282326369282891
