0 0.15832997176280758 0.22600225861095427 0.014118596208148447 0.0189158667419537
0 0.21238402581686164 0.22416713721061546 0.01653892698668818 0.017504234895539244
0 0.22730939895118998 0.22571993224167136 0.010891488503428802 0.01383399209486166
0 0.22851956434045986 0.22261434217955958 0.003630496167809601 0.0036702428006775835
0 0.2392093586123437 0.2264257481648786 0.01371520774505849 0.012987012987012988
0 0.2517144009681323 0.22713156408808582 0.02016942315449778 0.01383399209486166
0 0.25332795482049214 0.21950875211744778 0.011294876966518758 0.001976284584980237
0 0.30334812424364666 0.22444946357989837 0.017749092375958047 0.019762845849802372
0 0.34852763210972165 0.2248729531338227 0.02581686163775716 0.018351214003387916
0 0.36708350141185964 0.237012987012987 0.008874546187979023 0.021739130434782608
0 0.41306978620411455 0.2245906267645398 0.01855586930213796 0.020045172219085264
0 0.4243646631706333 0.2300959909655562 0.0016135538523598225 0.007905138339920948
0 0.4277934651068979 0.2267080745341615 0.004437273093989512 0.0016939582156973462
0 0.436264622831787 0.23178994918125354 0.0028237192416296895 0.0016939582156973462
0 0.4824526018555869 0.2220496894409938 0.01371520774505849 0.021739130434782608
0 0.5010084711577248 0.2295313382269904 0.01855586930213796 0.009599096555618294
0 0.5014118596208148 0.21485036702428006 0.003227107704719645 0.001129305477131564
0 0.518354175070593 0.2251552795031056 0.015328761597418314 0.01948051948051948
0 0.537111738604276 0.22444946357989837 0.021379588543767647 0.019762845849802372
0 0.5467930617184349 0.22586109542631283 0.002016942315449778 0.00282326369282891
0 0.5570794675272287 0.22317899491812535 0.017749092375958047 0.020045172219085264
0 0.5578862444534086 0.21640316205533597 0.003227107704719645 0.0036702428006775835
0 0.6133521581282775 0.2310841332580463 0.04154901169826543 0.03980801806888763
0 0.6789027833803953 0.22811970638057594 0.020976200080677694 0.009599096555618294
0 0.709560306575232 0.22811970638057594 0.03630496167809601 0.009599096555618294
0 0.7150060508269463 0.21188594014680973 0.004437273093989512 0.001411631846414455
0 0.7351754739814441 0.22868435911914173 0.013311819281968536 0.009034443817052512
0 0.7444534086325131 0.22402597402597402 0.006857603872529245 0.01948051948051948
0 0.7644211375554659 0.23927159796725014 0.03307785397337636 0.027385657820440428
0 0.754336425978217 0.21414455110107283 0.004840661557079467 0.001411631846414455
0 0.1565147236789028 0.2745623941276115 0.004840661557079467 0.005364201016374929
0 0.17305365066559097 0.2886787125917561 0.03791851553045583 0.027950310559006212
0 0.2265026220250101 0.2792207792207792 0.03428801936264623 0.01129305477131564
0 0.2490923759580476 0.27851496329757197 0.010891488503428802 0.00818746470920384
0 0.30677692617991126 0.27413890457368717 0.02864058087938685 0.0220214568040655
0 0.3410649455425575 0.27498588368153587 0.03751512706736587 0.018068887634105024
0 0.35962081484469544 0.2748447204968944 0.004437273093989512 0.001411631846414455
0 0.40681726502622023 0.2727272727272727 0.01734570391286809 0.02258610954263128
0 0.4080274304154901 0.265527950310559 0.003630496167809601 0.001976284584980237
0 0.4223477208551835 0.28303218520609824 0.017749092375958047 0.03472614342179559
0 0.4592577652279145 0.2676453980801807 0.018152480839048003 0.01355166572557877
0 0.46228317870108915 0.2780914737436477 0.00645421540943929 0.015245623941276116
0 0.4792254941508673 0.2787972896668549 0.022589753933037516 0.009881422924901186
0 0.4947559499798306 0.2787972896668549 0.007664380798709157 0.007622811970638058
0 0.5385235982250908 0.2776679841897233 0.012101653892698669 0.010446075663466968
0 0.5350947962888262 0.2632693393562959 0.004437273093989512 0.001411631846414455
0 0.5768455022186365 0.2732919254658385 0.016135538523598225 0.020327498588368152
0 0.6286809197256958 0.27343308865047994 0.020572811617587738 0.021174477696216828
0 0.6791044776119403 0.2787972896668549 0.027833803953206938 0.011575381140598532
0 0.7047196450181524 0.2732919254658385 0.021782977006857603 0.020892151326933936
0 0.7478822105687777 0.2780914737436477 0.014521984671238403 0.009034443817052512
0 0.7565550625252118 0.2732919254658385 0.004437273093989512 0.020327498588368152
0 0.7910447761194029 0.2792207792207792 0.01290843081887858 0.009599096555618294
0 0.17244856797095603 0.32820440429136083 0.033481242436466316 0.01101072840203275
0 0.1946349334409036 0.3232636928289102 0.008471157724889069 0.019762845849802372
0 0.21359419120613152 0.33780350084697913 0.035901573215006054 0.028514963297571992
0 0.20492133924969747 0.3142292490118577 0.004033884630899556 0.0016939582156973462
0 0.28398547801532875 0.33201581027667987 0.015328761597418314 0.03387916431394692
0 0.28075837031060913 0.32523997741389044 0.0016135538523598225 0.001129305477131564
0 0.29043969342476805 0.35093167701863354 0.004840661557079467 0.003952569169960474
0 0.33743444937474787 0.325098814229249 0.022993142396127472 0.021739130434782608
0 0.3686970552642194 0.32594579333709767 0.03791851553045583 0.0189158667419537
0 0.36163775716014523 0.327639751552795 0.0052440500201694235 0.0036702428006775835
0 0.3872529245663574 0.32608695652173914 0.004840661557079467 0.0016939582156973462
0 0.445542557482856 0.32368718238283456 0.011698265429608713 0.0189158667419537
0 0.4550221863654699 0.32608695652173914 0.00645421540943929 0.01637492941840768
0 0.463493344090359 0.3256634669678148 0.01371520774505849 0.015527950310559006
0 0.5040338846308996 0.32029926595143987 0.019766034691407825 0.01383399209486166
0 0.5058491327148044 0.32622811970638055 0.005647438483259379 0.017221908526256352
0 0.517950786607503 0.33032185206098247 0.010488100040338847 0.00846979107848673
0 0.5659540137152077 0.32298136645962733 0.016942315449778138 0.019198193111236588
0 0.59116579265833 0.32891022021456806 0.02702702702702703 0.010163749294184076
0 0.6095199677289229 0.33130999435347264 0.004840661557079467 0.009881422924901186
0 0.6165792658329972 0.3310276679841897 0.008471157724889069 0.008752117447769622
0 0.6325131101250504 0.3297571993224167 0.020976200080677694 0.009599096555618294
0 0.654699475594998 0.33272162619988704 0.003227107704719645 0.002540937323546019
0 0.6895925776522791 0.3231225296442688 0.01653892698668818 0.01948051948051948
0 0.7027027027027027 0.32806324110671936 0.005647438483259379 0.00846979107848673
0 0.7137958854376765 0.3297571993224167 0.0028237192416296895 0.0033879164313946925
0 0.7563533682936668 0.3242518351214003 0.02581686163775716 0.021174477696216828
0 0.7460669624848729 0.32580463015245625 0.003630496167809601 0.018633540372670808
0 0.7658329971762807 0.31592320722755507 0.003630496167809601 0.0016939582156973462
0 0.7928600242033078 0.3256634669678148 0.0463896732553449 0.020609824957651044
0 0.15974183138362244 0.36264822134387353 0.016942315449778138 0.004799548277809147
0 0.15853166599435256 0.3730942970073405 0.012101653892698669 0.0189158667419537
0 0.17567567567567569 0.3781761716544325 0.018959257765227916 0.009316770186335404
0 0.18797902379991932 0.3738001129305477 0.008067769261799113 0.018633540372670808
0 0.2392093586123437 0.37295313382269907 0.028237192416296894 0.020892151326933936
0 0.29265832997176283 0.38311688311688313 0.02864058087938685 0.040654997176736304
0 0.354780153287616 0.3739412761151892 0.02218636546994756 0.021739130434782608
0 0.37797498991528844 0.37972896668548844 0.023396530859217425 0.00846979107848673
0 0.43485276321097216 0.37789384528514963 0.01290843081887858 0.010446075663466968
0 0.4844695441710367 0.3790231507622812 0.004840661557079467 0.010446075663466968
0 0.4927390076643808 0.3780350084697911 0.014118596208148447 0.011857707509881422
0 0.5086728519564341 0.3790231507622812 0.016942315449778138 0.010446075663466968
0 0.5326744655102864 0.37337662337662336 0.02218636546994756 0.021174477696216828
0 0.5496167809600645 0.37422360248447206 0.0052440500201694235 0.020045172219085264
0 0.5703912868091973 0.3794466403162055 0.03469140782573618 0.009034443817052512
0 0.5586930213795885 0.3651891586674195 0.004033884630899556 0.001976284584980237
0 0.6335215812827754 0.3774703557312253 0.02218636546994756 0.009599096555618294
0 0.6795078660750302 0.3738001129305477 0.027833803953206938 0.0220214568040655
0 0.7384025816861638 0.37549407114624506 0.02864058087938685 0.019762845849802372
0 0.763614360629286 0.3891869000564653 0.01371520774505849 0.029079616036137776
0 0.7615974183138362 0.3663184641445511 0.00645421540943929 0.001976284584980237
0 0.7811617587736991 0.37422360248447206 0.018152480839048003 0.020045172219085264
0 0.1789027833803953 0.4244776962168266 0.03751512706736587 0.022303783173348392
0 0.23779749899152886 0.423630717108978 0.02379991932230738 0.020045172219085264
0 0.26643807987091567 0.4127611518915867 0.004437273093989512 0.002258610954263128
0 0.27047196450181527 0.42970073404856013 0.006857603872529245 0.007340485601355167
0 0.2791448164582493 0.429983060417843 0.008067769261799113 0.009034443817052512
0 0.326946349334409 0.4258893280632411 0.01653892698668818 0.022303783173348392
0 0.37474788221056876 0.42193675889328064 0.02016942315449778 0.020045172219085264
0 0.42839854780153286 0.42292490118577075 0.023396530859217425 0.021456804065499716
0 0.45461879790237997 0.42377188029361945 0.029043969342476807 0.020327498588368152
0 0.4755949979830577 0.42419536984754375 0.01290843081887858 0.020045172219085264
0 0.5338846308995563 0.4321005081874647 0.025413473174667203 0.0409373235460192
0 0.5947962888261396 0.4267363071710898 0.02218636546994756 0.020609824957651044
0 0.6068979427188382 0.42701863354037267 0.0052440500201694235 0.001976284584980237
0 0.6169826542960871 0.4339356295878035 0.003630496167809601 0.0033879164313946925
0 0.6676079064138766 0.42391304347826086 0.028237192416296894 0.020609824957651044
0 0.6756756756756757 0.41445511010728403 0.004033884630899556 0.001129305477131564
0 0.6932230738200887 0.4244776962168266 0.01573215006050827 0.018351214003387916
0 0.7430415490116983 0.42504234895539245 0.01936264622831787 0.023433088650479956
0 0.7585720048406616 0.43054771315640883 0.008471157724889069 0.006775832862789385
0 0.7575635336829367 0.4140316205533597 0.004033884630899556 0.001976284584980237
0 0.7672448567970956 0.43167701863354035 0.00645421540943929 0.037267080745341616
0 0.7761194029850746 0.43492377188029363 0.012101653892698669 0.03698475437605872
0 0.7825736183945139 0.415725578769057 0.004033884630899556 0.001411631846414455
0 0.8015328761597418 0.42631281761716544 0.023396530859217425 0.020327498588368152
0 0.8231141589350545 0.4361942405420666 0.0028237192416296895 0.007340485601355167
0 0.16478418717224688 0.47600225861095424 0.012505042355788625 0.019198193111236588
0 0.1799112545381202 0.47656691134952006 0.016942315449778138 0.01693958215697346
0 0.2252924566357402 0.46908526256352345 0.019766034691407825 0.014963297571993224
0 0.22690601048810005 0.47600225861095424 0.006857603872529245 0.017504234895539244
0 0.2853973376361436 0.480660643704122 0.022993142396127472 0.03698475437605872
0 0.2977006857603873 0.475296442687747 0.004840661557079467 0.003105590062111801
0 0.35962081484469544 0.4733201581027668 0.018959257765227916 0.023433088650479956
0 0.3949173053650666 0.4754376058723885 0.05244050020169423 0.021456804065499716
0 0.42960871319080274 0.4764257481648786 0.014521984671238403 0.020045172219085264
0 0.44352561516740624 0.480660643704122 0.014925373134328358 0.009881422924901186
0 0.4507866075030254 0.47656691134952006 0.004437273093989512 0.001129305477131564
0 0.49495764421137556 0.4658385093167702 0.012101653892698669 0.00282326369282891
0 0.4989915288422751 0.47684923771880294 0.016135538523598225 0.020327498588368152
0 0.5114965711980637 0.480660643704122 0.011294876966518758 0.011575381140598532
0 0.5522388059701493 0.4847543760587239 0.06615570794675273 0.04121964991530209
0 0.5931827349737797 0.4823546019198193 0.003630496167809601 0.002540937323546019
