0 0.17486889874949577 0.25578769057029926 0.050423557886244454 0.01355166572557877
0 0.15933844292053248 0.2584697910784867 0.004033884630899556 0.012140033879164314
0 0.19281968535699878 0.24887069452286845 0.004033884630899556 0.002540937323546019
0 0.20693828156514724 0.2619988706945229 0.014521984671238403 0.006211180124223602
0 0.2539330375151271 0.26143421795595706 0.010891488503428802 0.006211180124223602
0 0.2712787414279952 0.26044607566346695 0.021379588543767647 0.005928853754940711
0 0.290843081887858 0.2607284020327499 0.01371520774505849 0.006493506493506494
0 0.3073820088745462 0.26341050254093734 0.012101653892698669 0.012422360248447204
0 0.32553448971359417 0.26016374929418407 0.01936264622831787 0.004799548277809147
0 0.3301734570391287 0.25169395821569734 0.0052440500201694235 0.001976284584980237
0 0.3644614764017749 0.25945793337097683 0.04477611940298507 0.009034443817052512
0 0.4171036708350141 0.2608695652173913 0.01371520774505849 0.007340485601355167
0 0.4346510689794272 0.25607001693958215 0.012505042355788625 0.012987012987012988
0 0.47216619604679305 0.25691699604743085 0.05526421944332392 0.012987012987012988
0 0.5312626058894716 0.2549407114624506 0.06857603872529246 0.01637492941840768
0 0.600443727309399 0.2587521174477696 0.019766034691407825 0.009881422924901186
0 0.6282775312626059 0.25945793337097683 0.02944735780556676 0.007905138339920948
0 0.6787010891488503 0.2571993224167137 0.01653892698668818 0.00846979107848673
0 0.7146026623638564 0.2574816487859966 0.010891488503428802 0.00846979107848673
0 0.7317466720451795 0.2540937323546019 0.01936264622831787 0.01129305477131564
0 0.754134731746672 0.2562111801242236 0.02379991932230738 0.008752117447769622
0 0.7821702299314239 0.2583286278938453 0.01290843081887858 0.01355166572557877
0 0.8539733763614361 0.2542348955392434 0.07180314643001211 0.014963297571993224
0 0.9033884630899556 0.25592885375494073 0.014925373134328358 0.002540937323546019
0 0.17022993142396128 0.3104178430265387 0.03630496167809601 0.018351214003387916
0 0.21319080274304156 0.31197063805759456 0.050423557886244454 0.009034443817052512
0 0.2853973376361436 0.30787690570299264 0.01734570391286809 0.0189158667419537
0 0.31847519160952 0.31098249576510445 0.03993545784590561 0.009316770186335404
0 0.3971359419120613 0.30971202710333146 0.04477611940298507 0.012422360248447204
0 0.3961274707543364 0.30335968379446643 0.004033884630899556 0.002540937323546019
0 0.48063735377168215 0.30999435347261434 0.024606696248487294 0.009034443817052512
0 0.5086728519564341 0.30971202710333146 0.02743041549011698 0.009034443817052512
0 0.5488100040338846 0.30844155844155846 0.040742234772085516 0.007058159232072276
0 0.5482049213392497 0.2995482778091474 0.004033884630899556 0.002258610954263128
0 0.5853166599435257 0.3125352907961604 0.03146430012101654 0.01355166572557877
0 0.6744655102864058 0.30632411067193677 0.07260992335619201 0.011857707509881422
0 0.6845502218636547 0.29587803500846976 0.004840661557079467 0.00282326369282891
0 0.7226704316256555 0.31182947487295315 0.019766034691407825 0.014963297571993224
0 0.7787414279951593 0.30561829474872954 0.0609116579265833 0.01383399209486166
0 0.1498588140379185 0.3570016939582157 0.02379991932230738 0.016092603049124788
0 0.19039935457845905 0.36053077357425184 0.05405405405405406 0.009599096555618294
0 0.21077047196450183 0.3514963297571993 0.006857603872529245 0.003952569169960474
0 0.2535296490520371 0.3591191417278374 0.06736587333602259 0.012987012987012988
0 0.28680919725695847 0.3544607566346697 0.005647438483259379 0.004234895539243365
0 0.3051633723275514 0.35940146809712026 0.02864058087938685 0.01129305477131564
0 0.38039532069382814 0.36038961038961037 0.053247277127874144 0.011575381140598532
0 0.4237595804759984 0.3588368153585545 0.0326744655102864 0.012422360248447204
0 0.43586123436869706 0.3526256352343309 0.004437273093989512 0.003952569169960474
0 0.4580475998386446 0.3610954263128176 0.0318676885841065 0.009599096555618294
0 0.509076240419524 0.3609542631281762 0.011294876966518758 0.00818746470920384
0 0.5326744655102864 0.36024844720496896 0.033481242436466316 0.00846979107848673
0 0.5629286002420331 0.36391869000564653 0.01734570391286809 0.01637492941840768
0 0.5917708753529649 0.3585544889892716 0.02743041549011698 0.007905138339920948
0 0.5974183138362242 0.34980237154150196 0.004033884630899556 0.003952569169960474
0 0.6290843081887858 0.3606719367588933 0.03751512706736587 0.012704686617730096
0 0.6603469140782574 0.3616600790513834 0.003227107704719645 0.002258610954263128
0 0.7123840258168617 0.3551665725578769 0.04356595401371521 0.01129305477131564
0 0.7732956837434449 0.35714285714285715 0.01290843081887858 0.009599096555618294
0 0.7882210568777733 0.3538961038961039 0.00645421540943929 0.012140033879164314
0 0.8376361436062929 0.35587238848108416 0.0891488503428802 0.01101072840203275
0 0.8136345300524405 0.34542631281761715 0.004840661557079467 0.001976284584980237
0 0.14118596208148446 0.4161490683229814 0.009681323114158934 0.007340485601355167
0 0.1536910044372731 0.41233766233766234 0.008067769261799113 0.013269339356295878
0 0.17688584106494554 0.41318464144551104 0.020572811617587738 0.00818746470920384
0 0.19846712384025816 0.41205533596837945 0.014521984671238403 0.008752117447769622
0 0.22186365469947558 0.41007905138339923 0.02016942315449778 0.01101072840203275
0 0.26522791448164584 0.41205533596837945 0.06010488100040339 0.009316770186335404
0 0.32956837434449376 0.40344438170525126 0.004840661557079467 0.002258610954263128
0 0.34288019362646227 0.41304347826086957 0.029043969342476807 0.005081874647092038
0 0.4199273900766438 0.4095143986448334 0.05970149253731343 0.012140033879164314
0 0.527228721258572 0.40782044042913607 0.07422347720855184 0.014963297571993224
0 0.5044372730939896 0.4069734613212874 0.006857603872529245 0.001976284584980237
0 0.5804759983864461 0.40767927724449465 0.017749092375958047 0.01129305477131564
0 0.6234368697055265 0.4083850931677019 0.06897942718838242 0.010446075663466968
0 0.6990722065348931 0.40767927724449465 0.010488100040338847 0.014680971202710334
0 0.7357805566760791 0.40782044042913607 0.05970149253731343 0.009316770186335404
0 0.7559499798305769 0.39906832298136646 0.00645421540943929 0.003105590062111801
0 0.7845905607099637 0.40796160361377753 0.03146430012101654 0.006775832862789385
0 0.7874142799515934 0.39822134387351776 0.007260992335619202 0.002540937323546019
0 0.8100040338846309 0.40866741953698477 0.012101653892698669 0.007058159232072276
0 0.8263412666397741 0.40372670807453415 0.01653892698668818 0.012422360248447204
0 0.8551835417507059 0.4048560135516657 0.04195240016135539 0.011857707509881422
0 0.8751512706736587 0.3987859966120836 0.004437273093989512 0.0036702428006775835
0 0.8955223880597015 0.40739695087521177 0.03227107704719645 0.009034443817052512
0 0.15691811214199275 0.461038961038961 0.03630496167809601 0.01355166572557877
0 0.18757563533682936 0.461038961038961 0.029043969342476807 0.011857707509881422
0 0.2434449374747882 0.4614624505928854 0.013311819281968536 0.008752117447769622
0 0.30233965308592176 0.4611801242236025 0.10125050423557887 0.009881422924901186
0 0.4302137958854377 0.4601919819311124 0.07462686567164178 0.015245623941276116
0 0.4628882613957241 0.4515810276679842 0.0052440500201694235 0.003105590062111801
0 0.4824526018555869 0.46160361377752684 0.01371520774505849 0.007905138339920948
0 0.5018152480839048 0.46160361377752684 0.020976200080677694 0.00846979107848673
0 0.5492133924969745 0.4579333709768492 0.02864058087938685 0.012422360248447204
0 0.5812827753126261 0.45765104460756634 0.008874546187979023 0.012987012987012988
0 0.5960064542154094 0.4599096555618295 0.018152480839048003 0.007340485601355167
0 0.6147640177490924 0.46357989836250707 0.02016942315449778 0.015245623941276116
0 0.6760790641387656 0.4580745341614907 0.033884630899556276 0.013269339356295878
0 0.7152077450584913 0.45539243365330323 0.04759983864461476 0.009034443817052512
0 0.7148043565954014 0.44678147939017504 0.005647438483259379 0.003105590062111801
0 0.7555465913674869 0.454686617730096 0.02581686163775716 0.009881422924901186
0 0.8428801936264623 0.45242800677583284 0.0891488503428802 0.015527950310559006
0 0.8134328358208955 0.4549689440993789 0.0052440500201694235 0.009881422924901186
0 0.8832190399354578 0.4491812535290796 0.003630496167809601 0.00282326369282891
0 0.9029850746268657 0.4570863918690006 0.020572811617587738 0.007340485601355167
0 0.1500605082694635 0.5042348955392434 0.004033884630899556 0.00282326369282891
0 0.1609519967728923 0.5139751552795031 0.02581686163775716 0.005364201016374929
0 0.2263009277934651 0.5138339920948617 0.035498184751916094 0.007340485601355167
0 0.2561516740621218 0.5131281761716544 0.01855586930213796 0.008752117447769622
0 0.28136345300524407 0.5110107284020328 0.030254134731746672 0.011857707509881422
0 0.3154497781363453 0.5122811970638057 0.03953206938281565 0.009316770186335404
0 0.400363049616781 0.5117165443252399 0.03751512706736587 0.010446075663466968
0 0.4257765227914482 0.5112930547713156 0.013311819281968536 0.007340485601355167
0 0.44352561516740624 0.510446075663467 0.01734570391286809 0.009034443817052512
0 0.4574425171440097 0.5098814229249012 0.009681323114158934 0.011857707509881422
0 0.46994755949979833 0.5118577075098815 0.014521984671238403 0.007905138339920948
0 0.48951189995966116 0.5128458498023716 0.01734570391286809 0.01101072840203275
0 0.5401371520774506 0.5083286278938453 0.07099636950383219 0.013269339356295878
0 0.5855183541750706 0.5149632975719932 0.003630496167809601 0.002258610954263128
0 0.6242436466317063 0.5057876905702993 0.02864058087938685 0.014398644833427442
0 0.6651875756353368 0.508893280632411 0.0500201694231545 0.008752117447769622
0 0.6859620814844696 0.5004234895539243 0.0052440500201694235 0.0036702428006775835
0 0.7246873739411053 0.5060700169395822 0.0609116579265833 0.013269339356295878
0 0.7845905607099637 0.5045172219085262 0.016135538523598225 0.011857707509881422
0 0.818273497377975 0.5070581592320723 0.06494554255748286 0.009599096555618294
0 0.8670835014118596 0.5081874647092038 0.0391286809197257 0.01693958215697346
0 0.1663977410246067 0.5666290231507622 0.0318676885841065 0.01129305477131564
0 0.1736587333602259 0.5591473743647657 0.003630496167809601 0.003105590062111801
0 0.1964501815248084 0.564935064935065 0.02743041549011698 0.011857707509881422
0 0.25756353368293666 0.5626764539808018 0.04881000403388463 0.012422360248447204
0 0.2624041952400161 0.5554771315640881 0.003630496167809601 0.003105590062111801
0 0.34288019362646227 0.562111801242236 0.04517950786607503 0.01355166572557877
0 0.3741427995159338 0.5602766798418972 0.013311819281968536 0.012704686617730096
0 0.42315449778136344 0.5616883116883117 0.029043969342476807 0.01101072840203275
0 0.472569584509883 0.5618294748729531 0.03509479628882614 0.010163749294184076
0 0.5074626865671642 0.5616883116883117 0.029043969342476807 0.00818746470920384
0 0.5189592577652279 0.5529361942405421 0.003630496167809601 0.003105590062111801
0 0.5350947962888262 0.5618294748729531 0.01734570391286809 0.006211180124223602
0 0.5467930617184349 0.5598531902879729 0.01653892698668818 0.010728402032749858
0 0.6036708350141186 0.5645115753811406 0.027833803953206938 0.014398644833427442
0 0.6099233561920129 0.551665725578769 0.005647438483259379 0.003952569169960474
0 0.6286809197256958 0.5607001693958216 0.01573215006050827 0.009599096555618294
0 0.6540943929003631 0.5602766798418972 0.0318676885841065 0.005364201016374929
0 0.6436062928600242 0.549407114624506 0.0052440500201694235 0.0033879164313946925
0 0.6811214199273901 0.5640880858272163 0.02218636546994756 0.01637492941840768
0 0.7194433239209359 0.5551948051948052 0.031060911657926585 0.015527950310559006
0 0.7646228317870108 0.5566064370412197 0.056070996369503835 0.008752117447769622
0 0.8156514723678903 0.5566064370412197 0.028237192416296894 0.004799548277809147
0 0.8509479628882614 0.5566064370412197 0.040742234772085516 0.01101072840203275
0 0.16337232755143202 0.6133540372670807 0.023396530859217425 0.00818746470920384
0 0.2154094392900363 0.6133540372670807 0.04033884630899556 0.010446075663466968
0 0.22347720855183542 0.604884246188594 0.00645421540943929 0.004234895539243365
0 0.2579669221460266 0.6139186900056465 0.03428801936264623 0.009316770186335404
0 0.28176684146833403 0.6150479954827781 0.01573215006050827 0.008752117447769622
0 0.29790237999193225 0.611518915866742 0.014925373134328358 0.01637492941840768
0 0.37353771682129894 0.6151891586674195 0.04517950786607503 0.009034443817052512
0 0.40641387656313027 0.6132128740824393 0.022993142396127472 0.009034443817052512
0 0.4332392093586123 0.6136363636363636 0.029043969342476807 0.010446075663466968
0 0.46974586526825335 0.6168831168831169 0.0052440500201694235 0.002258610954263128
0 0.5350947962888262 0.6082721626199887 0.018959257765227916 0.014398644833427442
0 0.5605082694634933 0.6110954263128177 0.019766034691407825 0.010446075663466968
0 0.5851149657119806 0.6123658949745906 0.030254134731746672 0.007905138339920948
0 0.6264622831787011 0.6151891586674195 0.045986284792254944 0.015810276679841896
0 0.6849536103267446 0.6075663466967814 0.03469140782573618 0.018068887634105024
0 0.7313432835820896 0.6112365894974591 0.05244050020169423 0.009034443817052512
0 0.7664380798709157 0.6119424054206662 0.016135538523598225 0.005928853754940711
0 0.15389269866881808 0.6643139469226426 0.01653892698668818 0.014116318464144552
0 0.17688584106494554 0.6641727837380011 0.02218636546994756 0.011575381140598532
0 0.1946349334409036 0.6647374364765669 0.0060508269463493344 0.009316770186335404
0 0.2127874142799516 0.6633258046301524 0.010891488503428802 0.010446075663466968
0 0.22791448164582492 0.6602202145680407 0.020976200080677694 0.014398644833427442
0 0.24667204517950786 0.6614906832298136 0.013311819281968536 0.015245623941276116
0 0.26663977410246065 0.6627611518915867 0.014521984671238403 0.012140033879164314
0 0.2882210568777733 0.6614906832298136 0.018959257765227916 0.01129305477131564
0 0.345502218636547 0.6566911349520045 0.022993142396127472 0.003952569169960474
0 0.3467123840258169 0.6636081309994354 0.0052440500201694235 0.012140033879164314
0 0.3721258572004841 0.6629023150762281 0.019766034691407825 0.010728402032749858
0 0.39330375151270675 0.6620553359683794 0.017749092375958047 0.009599096555618294
0 0.4715611133521581 0.6636081309994354 0.04517950786607503 0.007622811970638058
0 0.5026220250100847 0.6636081309994354 0.016135538523598225 0.005928853754940711
0 0.5592981040742234 0.6624788255223037 0.024606696248487294 0.00818746470920384
0 0.5877369907220653 0.6600790513833992 0.03065752319483663 0.01355166572557877
0 0.6520774505849133 0.6599378881987578 0.04881000403388463 0.009881422924901186
0 0.7158128277531263 0.6612083568605308 0.02864058087938685 0.01129305477131564
0 0.754538120209762 0.658102766798419 0.040742234772085516 0.011857707509881422
0 0.8156514723678903 0.6624788255223037 0.02016942315449778 0.007622811970638058
0 0.8509479628882614 0.6616318464144552 0.043969342476805166 0.01101072840203275
0 0.8816054860830981 0.6582439299830605 0.011698265429608713 0.012140033879164314
0 0.14925373134328357 0.7069452286843592 0.004840661557079467 0.00282326369282891
0 0.16034691407825735 0.7188029361942405 0.025413473174667203 0.006211180124223602
0 0.23376361436062928 0.717673630717109 0.057684550221863654 0.01355166572557877
0 0.2811617587736991 0.7145680406549971 0.03146430012101654 0.007905138339920948
0 0.3118192819685357 0.71386222473179 0.021782977006857603 0.00818746470920384
0 0.3354175070592981 0.7108977978543196 0.02218636546994756 0.010728402032749858
0 0.3390480032271077 0.7029926595143986 0.0060508269463493344 0.003952569169960474
0 0.3711173860427592 0.713579898362507 0.041145623235175476 0.01948051948051948
0 0.427390076643808 0.7142857142857143 0.00927793465106898 0.012422360248447204
0 0.4517950786607503 0.7161208356860531 0.03307785397337636 0.009316770186335404
0 0.47539330375151273 0.7117447769621683 0.014118596208148447 0.01129305477131564
0 0.5338846308995563 0.7149915302089215 0.02702702702702703 0.005928853754940711
0 0.5411456232351755 0.7055335968379447 0.0052440500201694235 0.003952569169960474
0 0.5560709963695039 0.717391304347826 0.014118596208148447 0.014116318464144552
0 0.5790641387656313 0.7108977978543196 0.027833803953206938 0.01355166572557877
0 0.6401774909237595 0.711038961038961 0.017749092375958047 0.010446075663466968
0 0.6702299314239613 0.7118859401468097 0.038321903993545785 0.007058159232072276
0 0.6918112141992739 0.7011575381140599 0.00645421540943929 0.0036702428006775835
0 0.6948366276724486 0.7124505928853755 0.004437273093989512 0.004799548277809147
0 0.7154094392900363 0.7120271033314511 0.01734570391286809 0.006775832862789385
0 0.7601855586930214 0.708498023715415 0.07220653489310205 0.013269339356295878
