0 0.16135538523598225 0.26355166572557875 0.060508269463493344 0.0189158667419537
0 0.1708350141185962 0.2790796160361378 0.030254134731746672 0.022303783173348392
0 0.16841468334005646 0.269339356295878 0.012505042355788625 0.0033879164313946925
0 0.20129084308188785 0.2618577075098814 0.024203307785397338 0.017786561264822136
0 0.2509076240419524 0.26439864483342745 0.028237192416296894 0.014963297571993224
0 0.2624041952400161 0.2748447204968944 0.03670835014118596 0.014963297571993224
0 0.2615974183138362 0.2696216826651609 0.01008471157724889 0.003952569169960474
0 0.31242436466317064 0.26976284584980237 0.020572811617587738 0.0036702428006775835
0 0.33420734167002825 0.274703557312253 0.038321903993545785 0.015810276679841896
0 0.32855990318676886 0.26990400903444384 0.012505042355788625 0.004517221908526256
0 0.3914885034288019 0.2724449463579898 0.06978620411456232 0.025974025974025976
0 0.4277934651068979 0.2707509881422925 0.022993142396127472 0.005081874647092038
0 0.4705526421944332 0.2717391304347826 0.01573215006050827 0.006493506493506494
0 0.48325937878176684 0.2720214568040655 0.010488100040338847 0.004799548277809147
0 0.5 0.2715979672501412 0.018959257765227916 0.003952569169960474
0 0.5195643404598629 0.27117447769621683 0.01855586930213796 0.005928853754940711
0 0.5661557079467527 0.26693958215697344 0.025413473174667203 0.017221908526256352
0 0.5899556272690601 0.2732919254658385 0.05526421944332392 0.0378317334839074
0 0.6214199273900767 0.2720214568040655 0.010891488503428802 0.001976284584980237
0 0.6430012101653892 0.2728684359119142 0.02016942315449778 0.004234895539243365
0 0.6665994352561517 0.2803500846979108 0.031060911657926585 0.02258610954263128
0 0.6569181121419927 0.2723037831733484 0.0052440500201694235 0.0036702428006775835
0 0.6601452198467124 0.26877470355731226 0.002016942315449778 0.002258610954263128
0 0.6655909640984268 0.27188029361942406 0.011294876966518758 0.0033879164313946925
0 0.7148043565954014 0.27103331451157536 0.014521984671238403 0.00564652738565782
0 0.7422347720855184 0.2769621682665161 0.04517950786607503 0.015245623941276116
0 0.7291246470350948 0.27103331451157536 0.014118596208148447 0.003952569169960474
0 0.7710770471964502 0.2713156408808583 0.00927793465106898 0.003952569169960474
0 0.7983057684550222 0.26693958215697344 0.03872529245663574 0.014398644833427442
0 0.8108108108108109 0.27780914737436474 0.015328761597418314 0.006775832862789385
0 0.8515530455828964 0.27089215132693395 0.016942315449778138 0.005364201016374929
0 0.1427995159338443 0.31437041219649914 0.028237192416296894 0.020045172219085264
0 0.14743848325937878 0.3204404291360813 0.010891488503428802 0.005081874647092038
0 0.16236385639370715 0.32919254658385094 0.031060911657926585 0.021456804065499716
0 0.16054860830980233 0.32086391869000563 0.008874546187979023 0.004799548277809147
0 0.18676885841064947 0.3211462450592885 0.016942315449778138 0.004799548277809147
0 0.23315853166599435 0.32142857142857145 0.020976200080677694 0.004234895539243365
0 0.2519160951996773 0.3284867306606437 0.022993142396127472 0.016092603049124788
0 0.2505042355788624 0.3222755505364201 0.012101653892698669 0.004234895539243365
0 0.2680516337232755 0.32171089779785433 0.006857603872529245 0.0036702428006775835
0 0.2702702702702703 0.3136645962732919 0.004840661557079467 0.002258610954263128
0 0.27732956837434447 0.3221343873517787 0.008471157724889069 0.0033879164313946925
0 0.2874142799515934 0.3219932241671372 0.004437273093989512 0.001411631846414455
0 0.30798709156918114 0.3204404291360813 0.038321903993545785 0.024280067758328628
0 0.29608713190802743 0.31620553359683795 0.003227107704719645 0.002258610954263128
0 0.34953610326744655 0.3277809147374365 0.025413473174667203 0.01637492941840768
0 0.36849536103267444 0.3145115753811406 0.021379588543767647 0.01129305477131564
0 0.3973376361436063 0.3188876341050254 0.022589753933037516 0.014398644833427442
0 0.41064945542557485 0.32269904009034445 0.014521984671238403 0.004517221908526256
0 0.4300121016538927 0.3190287972896669 0.023396530859217425 0.012987012987012988
0 0.4584509883017346 0.3221343873517787 0.0318676885841065 0.004517221908526256
0 0.5248083904800322 0.3188876341050254 0.03953206938281565 0.01383399209486166
0 0.5800726099233562 0.3169113495200452 0.029043969342476807 0.011575381140598532
0 0.5851149657119806 0.3210050818746471 0.01573215006050827 0.00564652738565782
0 0.6325131101250504 0.3204404291360813 0.014521984671238403 0.004517221908526256
0 0.6611536910044373 0.3204404291360813 0.03469140782573618 0.006211180124223602
0 0.7285195643404598 0.3156408808582722 0.022589753933037516 0.015245623941276116
0 0.7470754336425979 0.31521739130434784 0.020976200080677694 0.013269339356295878
0 0.7708753529649052 0.3191699604743083 0.04195240016135539 0.023433088650479956
0 0.836224283985478 0.3154997176736307 0.026623638563937072 0.014963297571993224
0 0.14219443323920936 0.3685770750988142 0.030254134731746672 0.020609824957651044
0 0.16296893908834206 0.37422360248447206 0.045986284792254944 0.005364201016374929
0 0.22670431625655507 0.3685770750988142 0.033884630899556276 0.017221908526256352
0 0.22831787010891488 0.3746470920383964 0.008874546187979023 0.004517221908526256
0 0.24384832593787817 0.37450592885375494 0.01734570391286809 0.004234895539243365
0 0.26058894715611136 0.37422360248447206 0.01290843081887858 0.0036702428006775835
0 0.32977006857603874 0.3674477696216827 0.04477611940298507 0.015527950310559006
0 0.399959661153691 0.3687182382834557 0.043969342476805166 0.014116318464144552
0 0.4257765227914482 0.36801242236024845 0.033481242436466316 0.01383399209486166
0 0.4471561113352158 0.37111801242236025 0.014925373134328358 0.001976284584980237
0 0.481444130697862 0.36914172783738003 0.033481242436466316 0.012140033879164314
0 0.5163372327551432 0.3753529079616036 0.05486083098023396 0.032467532467532464
0 0.49697458652682536 0.3725296442687747 0.01290843081887858 0.004234895539243365
0 0.5131101250504235 0.367871259175607 0.0024203307785397336 0.0016939582156973462
0 0.5338846308995563 0.3718238283455675 0.003630496167809601 0.002258610954263128
0 0.5409439290036305 0.36801242236024845 0.003227107704719645 0.001976284584980237
0 0.5613150463896732 0.3674477696216827 0.035901573215006054 0.014963297571993224
0 0.6252521177894312 0.3715415019762846 0.035498184751916094 0.00564652738565782
0 0.6494554255748286 0.37125917560700167 0.012101653892698669 0.00564652738565782
0 0.6728519564340459 0.364059853190288 0.028237192416296894 0.017221908526256352
0 0.6702299314239613 0.37111801242236025 0.013311819281968536 0.002540937323546019
0 0.6936264622831787 0.36589497459062675 0.0318676885841065 0.018068887634105024
0 0.7071399757966922 0.371682665160926 0.009681323114158934 0.004234895539243365
0 0.7063331988705123 0.365330321852061 0.0024203307785397336 0.00282326369282891
0 0.7258975393303752 0.371682665160926 0.021379588543767647 0.003105590062111801
0 0.7517144009681324 0.37450592885375494 0.0028237192416296895 0.001976284584980237
0 0.8055667607906414 0.36561264822134387 0.0500201694231545 0.015810276679841896
0 0.8136345300524405 0.3708356860530774 0.012101653892698669 0.004234895539243365
0 0.8170633319887052 0.37224731789949184 0.0028237192416296895 0.001976284584980237
0 0.15449778136345302 0.41854884246188595 0.05405405405405406 0.015527950310559006
0 0.15227914481645824 0.4233483907396951 0.00927793465106898 0.0036702428006775835
0 0.163574021782977 0.42320722755505363 0.008471157724889069 0.003952569169960474
0 0.18233158531665994 0.41854884246188595 0.028237192416296894 0.016092603049124788
0 0.190802743041549 0.4184076792772445 0.0016135538523598225 0.00282326369282891
0 0.1972569584509883 0.42377188029361945 0.011294876966518758 0.004517221908526256
0 0.2472771278741428 0.4189723320158103 0.020976200080677694 0.01355166572557877
0 0.2644211375554659 0.42292490118577075 0.010891488503428802 0.002258610954263128
0 0.26058894715611136 0.41953698475437606 0.0024203307785397336 0.002258610954263128
0 0.28317870108914883 0.4230660643704122 0.020976200080677694 0.004234895539243365
0 0.3338039532069383 0.42405420666290233 0.01734570391286809 0.003952569169960474
0 0.3467123840258169 0.42377188029361945 0.003630496167809601 0.00282326369282891
0 0.3644614764017749 0.4160079051383399 0.02944735780556676 0.018351214003387916
0 0.36829366680112946 0.41741953698475437 0.021782977006857603 0.01383399209486166
0 0.4227511093182735 0.41727837380011296 0.033884630899556276 0.014116318464144552
0 0.491125453812021 0.4162902315076228 0.033481242436466316 0.013269339356295878
0 0.517749092375958 0.415725578769057 0.040742234772085516 0.014963297571993224
0 0.5609116579265833 0.4212309429700734 0.010891488503428802 0.005081874647092038
0 0.5752319483662768 0.4215132693393563 0.014521984671238403 0.005081874647092038
0 0.6306978620411456 0.4161490683229814 0.030254134731746672 0.018633540372670808
0 0.6419927390076644 0.4215132693393563 0.013311819281968536 0.005081874647092038
0 0.6684146833400565 0.4153020892151327 0.02501008471157725 0.01693958215697346
0 0.672650262202501 0.42264257481648787 0.010891488503428802 0.004517221908526256
0 0.6865671641791045 0.4225014116318464 0.015328761597418314 0.004234895539243365
0 0.7041145623235175 0.42179559570863917 0.01734570391286809 0.005081874647092038
0 0.7694634933440904 0.41798418972332013 0.04235578862444534 0.013269339356295878
0 0.8168616377571601 0.41756070016939584 0.03307785397337636 0.014116318464144552
0 0.8231141589350545 0.42165443252399776 0.012505042355788625 0.005364201016374929
0 0.14764017749092376 0.47882552230378317 0.03307785397337636 0.01693958215697346
0 0.1373537716821299 0.472755505364201 0.011698265429608713 0.004799548277809147
0 0.1619604679306172 0.48023715415019763 0.03751512706736587 0.017504234895539244
0 0.18676885841064947 0.4751552795031056 0.009681323114158934 0.003952569169960474
0 0.22589753933037515 0.47007340485601357 0.05486083098023396 0.012987012987012988
0 0.30496167809600644 0.4688029361942405 0.03065752319483663 0.014398644833427442
0 0.32432432432432434 0.472755505364201 0.01855586930213796 0.004799548277809147
0 0.3874546187979024 0.4696499153020892 0.0391286809197257 0.013269339356295878
0 0.3890681726502622 0.4743083003952569 0.020572811617587738 0.004517221908526256
0 0.41972569584509883 0.47374364765669114 0.03428801936264623 0.004517221908526256
0 0.4421137555465914 0.4738848108413326 0.009681323114158934 0.0036702428006775835
0 0.4580475998386446 0.47444946357989837 0.018152480839048003 0.0036702428006775835
0 0.48749495764421136 0.4741671372106155 0.035901573215006054 0.004234895539243365
0 0.5205728116175877 0.466403162055336 0.027833803953206938 0.018068887634105024
0 0.5798709156918113 0.470214568040655 0.04961678096006454 0.014963297571993224
0 0.6054860830980234 0.4733201581027668 0.003227107704719645 0.002540937323546019
0 0.609721661960468 0.4697910784867307 0.003630496167809601 0.002258610954263128
0 0.6238402581686163 0.46725014116318464 0.025413473174667203 0.01355166572557877
0 0.6593384429205325 0.474025974025974 0.020572811617587738 0.005081874647092038
0 0.6835417507059298 0.46908526256352345 0.020572811617587738 0.014398644833427442
0 0.6932230738200887 0.47374364765669114 0.006857603872529245 0.004517221908526256
0 0.7174263816054861 0.4665443252399774 0.043969342476805166 0.0189158667419537
0 0.7716821298910851 0.467673630717109 0.023396530859217425 0.015527950310559006
0 0.7853973376361436 0.47346132128740825 0.02016942315449778 0.0033879164313946925
0 0.8043565954013715 0.47360248447204967 0.014521984671238403 0.002540937323546019
0 0.8118192819685357 0.48023715415019763 0.027833803953206938 0.017504234895539244
0 0.8432835820895522 0.4654150197628458 0.02702702702702703 0.016657255787690572
0 0.8618394513916902 0.4658385093167702 0.02944735780556676 0.015810276679841896
0 0.16216216216216217 0.5224449463579899 0.06212182331585317 0.040372670807453416
0 0.14400968132311415 0.5176453980801807 0.02501008471157725 0.020045172219085264
0 0.22307382008874546 0.5307735742518351 0.03307785397337636 0.01693958215697346
0 0.2624041952400161 0.5244212309429701 0.04477611940298507 0.005364201016374929
0 0.28842275110931825 0.5241389045736872 0.015328761597418314 0.005364201016374929
0 0.33965308592174265 0.5254093732354602 0.003227107704719645 0.002258610954263128
0 0.3523598225090762 0.5252682100508187 0.01734570391286809 0.001976284584980237
0 0.34630899556272693 0.5207509881422925 0.003630496167809601 0.001976284584980237
0 0.3771682129891085 0.5186335403726708 0.02743041549011698 0.01693958215697346
0 0.45118999596611536 0.5239977413890458 0.03428801936264623 0.006211180124223602
0 0.46974586526825335 0.5241389045736872 0.003630496167809601 0.002540937323546019
0 0.4937474788221057 0.5183512140033879 0.04033884630899556 0.01693958215697346
0 0.47519160951996775 0.5203274985883681 0.0024203307785397336 0.002258610954263128
0 0.5064542154094392 0.5241389045736872 0.018152480839048003 0.004799548277809147
0 0.5290439693424768 0.5244212309429701 0.018959257765227916 0.003105590062111801
0 0.5486083098023397 0.5242800677583286 0.015328761597418314 0.003952569169960474
0 0.572206534893102 0.5251270468661773 0.030254134731746672 0.00564652738565782
0 0.5996369503832191 0.5317617165443252 0.012505042355788625 0.007058159232072276
0 0.6500605082694635 0.5165160926030491 0.03428801936264623 0.0189158667419537
0 0.6617587736990722 0.5163749294184077 0.024606696248487294 0.018633540372670808
0 0.6714400968132311 0.5302089215132694 0.043162565550625254 0.018068887634105024
0 0.6663977410246067 0.5238565782044043 0.01290843081887858 0.004234895539243365
0 0.7256958450988302 0.5230095990965556 0.017749092375958047 0.005928853754940711
0 0.7498991528842275 0.5149632975719932 0.029850746268656716 0.020327498588368152
0 0.7539330375151271 0.5228684359119141 0.008874546187979023 0.004517221908526256
0 0.7914481645824929 0.5169395821569734 0.0645421540943929 0.017504234895539244
0 0.8380395320693829 0.5245623941276115 0.012505042355788625 0.004517221908526256
0 0.8513513513513513 0.5244212309429701 0.007664380798709157 0.0036702428006775835
0 0.8711173860427591 0.5184923771880293 0.02944735780556676 0.015527950310559006
0 0.13916901976603469 0.573828345567476 0.015328761597418314 0.005928853754940711
0 0.1536910044372731 0.5749576510446076 0.008874546187979023 0.004799548277809147
0 0.17043162565550626 0.5749576510446076 0.019766034691407825 0.004234895539243365
0 0.22025010084711577 0.5820158102766798 0.045986284792254944 0.017221908526256352
0 0.2559499798305768 0.5756634669678148 0.02218636546994756 0.0033879164313946925
0 0.28701089148850345 0.5684641445511011 0.03751512706736587 0.0189158667419537
0 0.34530052440500203 0.5767927724449463 0.0653489310205728 0.03557312252964427
0 0.3699072206534893 0.5765104460756635 0.016942315449778138 0.003952569169960474
0 0.3884630899556273 0.5758046301524562 0.017749092375958047 0.004799548277809147
0 0.4128680919725696 0.5753811405985318 0.026220250100847116 0.003952569169960474
0 0.445542557482856 0.5678994918125353 0.03509479628882614 0.017786561264822136
0 0.5010084711577248 0.5753811405985318 0.026623638563937072 0.005081874647092038
0 0.536103267446551 0.5763692828910221 0.033884630899556276 0.002540937323546019
0 0.5576845502218637 0.5763692828910221 0.0028237192416296895 0.002540937323546019
0 0.5627269060104881 0.571005081874647 0.003227107704719645 0.002540937323546019
0 0.5716014521984671 0.5758046301524562 0.01290843081887858 0.0036702428006775835
0 0.5899556272690601 0.5755223037831734 0.014118596208148447 0.004799548277809147
0 0.6163775716014522 0.5760869565217391 0.033884630899556276 0.005928853754940711
0 0.6530859217426381 0.5796160361377752 0.003227107704719645 0.002258610954263128
0 0.7170229931423961 0.5683229813664596 0.03428801936264623 0.01637492941840768
0 0.7283178701089149 0.5739695087521175 0.025413473174667203 0.003952569169960474
0 0.7948769665187576 0.5691699604743083 0.020572811617587738 0.01637492941840768
0 0.8059701492537313 0.5745341614906833 0.015328761597418314 0.004517221908526256
0 0.8307785397337636 0.5670525127046866 0.025413473174667203 0.016092603049124788
0 0.8370310609116579 0.5693111236589498 0.003227107704719645 0.001976284584980237
0 0.8432835820895522 0.5745341614906833 0.014118596208148447 0.003952569169960474
0 0.8654699475594998 0.5741106719367589 0.02218636546994756 0.004234895539243365
0 0.882210568777733 0.5742518351214003 0.009681323114158934 0.005081874647092038
0 0.1383622428398548 0.6167419536984754 0.03872529245663574 0.01948051948051948
0 0.1518757563533683 0.6246470920383964 0.011698265429608713 0.003105590062111801
0 0.17325534489713595 0.6185770750988142 0.025413473174667203 0.01693958215697346
0 0.24263816054860832 0.620412196499153 0.0391286809197257 0.018351214003387916
0 0.2563533682936668 0.6259175607001694 0.01573215006050827 0.004517221908526256
0 0.2668414683340056 0.626764539808018 0.004437273093989512 0.001129305477131564
0 0.32674465510286405 0.6192828910220215 0.04033884630899556 0.017221908526256352
0 0.3348124243646632 0.6250705815923208 0.010488100040338847 0.004517221908526256
0 0.3537716821298911 0.6250705815923208 0.021782977006857603 0.003952569169960474
0 0.3807987091569181 0.6254940711462451 0.035498184751916094 0.004234895539243365
0 0.4471561113352158 0.6245059288537549 0.05687777329568374 0.03613777526821005
0 0.508471157724889 0.6188594014680971 0.025413473174667203 0.01693958215697346
0 0.5207745058491328 0.6246470920383964 0.007260992335619202 0.004234895539243365
0 0.5534489713594192 0.6167419536984754 0.05244050020169423 0.021174477696216828
0 0.6194029850746269 0.6170242800677583 0.0391286809197257 0.0189158667419537
0 0.6313029447357805 0.623235460191982 0.007260992335619202 0.0036702428006775835
0 0.6446147640177491 0.6236589497459063 0.01371520774505849 0.00282326369282891
0 0.664179104477612 0.616318464144551 0.022993142396127472 0.01637492941840768
0 0.6752722872125857 0.6180124223602484 0.03065752319483663 0.017504234895539244
0 0.7293263412666398 0.617871259175607 0.02501008471157725 0.015527950310559006
0 0.7357805566760791 0.6235177865612648 0.01371520774505849 0.004234895539243365
0 0.7801532876159741 0.6245059288537549 0.016135538523598225 0.004517221908526256
0 0.8005244050020169 0.6182947487295314 0.019766034691407825 0.015810276679841896
0 0.809600645421541 0.6243647656691135 0.011294876966518758 0.004234895539243365
0 0.8396530859217426 0.6185770750988142 0.043162565550625254 0.014680971202710334
0 0.8342073416700282 0.6197063805759458 0.003227107704719645 0.002258610954263128
0 0.873336022589754 0.6192828910220215 0.041145623235175476 0.01383399209486166
0 0.13574021782977008 0.6730660643704122 0.01573215006050827 0.006211180124223602
0 0.14864864864864866 0.6732072275550537 0.012505042355788625 0.005364201016374929
0 0.17204517950786608 0.6677018633540373 0.033481242436466316 0.018633540372670808
0 0.23396530859217426 0.6674195369847544 0.029043969342476807 0.015245623941276116
0 0.2589753933037515 0.6665725578769057 0.03630496167809601 0.017504234895539244
0 0.32311415893505446 0.6678430265386787 0.042759177087535294 0.017221908526256352
0 0.35941912061315046 0.6672783738001129 0.021782977006857603 0.017221908526256352
0 0.3672851956434046 0.6730660643704122 0.01008471157724889 0.003952569169960474
0 0.3882613957240823 0.6730660643704122 0.02944735780556676 0.004517221908526256
0 0.4411052843888665 0.6732072275550537 0.019766034691407825 0.007058159232072276
0 0.46430012101653895 0.664455110107284 0.026623638563937072 0.020045172219085264
0 0.4705526421944332 0.6729249011857708 0.008471157724889069 0.005364201016374929
0 0.49717628075837034 0.6647374364765669 0.040742234772085516 0.020609824957651044
0 0.5163372327551432 0.6661490683229814 0.03227107704719645 0.0189158667419537
0 0.5703912868091973 0.6729249011857708 0.014521984671238403 0.004799548277809147
0 0.5857200484066156 0.6730660643704122 0.00645421540943929 0.0033879164313946925
0 0.6038725292456636 0.665725578769057 0.026623638563937072 0.018068887634105024
0 0.6605486083098023 0.6664313946922643 0.022993142396127472 0.016657255787690572
0 0.6649858814037919 0.6710897797854319 0.00927793465106898 0.003952569169960474
0 0.6885841064945543 0.6654432523997741 0.029043969342476807 0.01693958215697346
0 0.7375958047599839 0.6732072275550537 0.014925373134328358 0.004799548277809147
0 0.7585720048406616 0.6794184076792772 0.03993545784590561 0.016092603049124788
0 0.7515127067365873 0.6740542066629023 0.011294876966518758 0.003105590062111801
0 0.7624041952400161 0.6740542066629023 0.009681323114158934 0.003105590062111801
0 0.8108108108108109 0.6732072275550537 0.014521984671238403 0.005364201016374929
0 0.8317870108914885 0.6664313946922643 0.03227107704719645 0.020609824957651044
0 0.8404598628479225 0.6795595708639187 0.033481242436466316 0.014680971202710334
0 0.8344090359015732 0.6736307171089779 0.01008471157724889 0.004517221908526256
0 0.8674868898749496 0.6734895539243365 0.012505042355788625 0.005928853754940711
0 0.14683340056474384 0.7175324675324676 0.041145623235175476 0.018351214003387916
0 0.15933844292053248 0.7245906267645398 0.003227107704719645 0.001976284584980237
0 0.181726502622025 0.717391304347826 0.03751512706736587 0.018068887634105024
0 0.16498588140379186 0.7200734048560136 0.0024203307785397336 0.001976284584980237
0 0.2490923759580476 0.7244494635798984 0.01734570391286809 0.004517221908526256
0 0.263412666397741 0.7245906267645398 0.008874546187979023 0.0036702428006775835
0 0.291044776119403 0.717391304347826 0.04154901169826543 0.018068887634105024
0 0.3100040338846309 0.7183794466403162 0.03509479628882614 0.0189158667419537
0 0.35720048406615573 0.7313664596273292 0.03993545784590561 0.0189158667419537
0 0.35175473981444133 0.7250141163184641 0.01371520774505849 0.003952569169960474
0 0.3870512303348124 0.7305194805194806 0.06333198870512304 0.018351214003387916
0 0.4279951593384429 0.7247317899491813 0.015328761597418314 0.006211180124223602
0 0.4770068576038725 0.7186617730095991 0.024606696248487294 0.017786561264822136
0 0.48406615570794675 0.7237436476566911 0.01290843081887858 0.004234895539243365
0 0.5344897135941912 0.7161208356860531 0.007260992335619202 0.004234895539243365
0 0.5439693424768052 0.7313664596273292 0.035901573215006054 0.01383399209486166
0 0.5740217829770069 0.72656691134952 0.020976200080677694 0.004234895539243365
0 0.5887454618797903 0.7310841332580463 0.03670835014118596 0.015527950310559006
0 0.6474384832593788 0.7339073969508753 0.03791851553045583 0.01948051948051948
0 0.6399757966922146 0.7257199322416714 0.013311819281968536 0.004799548277809147
0 0.6849536103267446 0.718944099378882 0.00645421540943929 0.004799548277809147
0 0.7206534893102057 0.7260022586109542 0.012505042355788625 0.005364201016374929
0 0.7369907220653489 0.7268492377188029 0.011294876966518758 0.0036702428006775835
0 0.7868091972569584 0.7261434217955957 0.012505042355788625 0.006211180124223602
0 0.8041549011698266 0.7255787690570299 0.014925373134328358 0.003952569169960474
0 0.8249294070189592 0.720214568040655 0.02501008471157725 0.014680971202710334
0 0.8559903186768858 0.7209203839638623 0.04033884630899556 0.01383399209486166
0 0.8705123033481242 0.7250141163184641 0.009681323114158934 0.004517221908526256
0 0.899757966922146 0.7204968944099379 0.0463896732553449 0.014116318464144552
0 0.13210972166196047 0.7778091473743648 0.004437273093989512 0.005081874647092038
0 0.14259782170229932 0.7786561264822134 0.013311819281968536 0.004517221908526256
0 0.13876563130294473 0.7694805194805194 0.0016135538523598225 0.001976284584980237
0 0.16841468334005646 0.77343308865048 0.033481242436466316 0.015527950310559006
0 0.1799112545381202 0.7778091473743648 0.007260992335619202 0.003952569169960474
0 0.18737394110528438 0.7725861095426313 0.0028237192416296895 0.001976284584980237
0 0.21419927390076643 0.7713156408808582 0.05486083098023396 0.017504234895539244
0 0.23941105284388867 0.777244494635799 0.007664380798709157 0.003952569169960474
0 0.23840258168616377 0.7728684359119141 0.003227107704719645 0.002540937323546019
0 0.2535296490520371 0.7779503105590062 0.01573215006050827 0.004234895539243365
0 0.27490923759580477 0.779785431959345 0.0028237192416296895 0.002258610954263128
