0 0.15711980637353773 0.2660926030491248 0.01573215006050827 0.001976284584980237
0 0.16377571601452198 0.27653867871259175 0.005647438483259379 0.017221908526256352
0 0.1811214199273901 0.27413890457368717 0.02581686163775716 0.01693958215697346
0 0.19987898346107302 0.279785431959345 0.01008471157724889 0.00846979107848673
0 0.2436466317063332 0.2795031055900621 0.023396530859217425 0.009599096555618294
0 0.25978217022993144 0.2876905702992659 0.009681323114158934 0.023150762281197064
0 0.2688584106494554 0.2881140598531903 0.008471157724889069 0.020609824957651044
0 0.28035498184751917 0.2811970638057595 0.015328761597418314 0.007905138339920948
0 0.2880193626462283 0.2789384528514963 0.003227107704719645 0.0016939582156973462
0 0.2928600242033078 0.27555053642010163 0.00645421540943929 0.014680971202710334
0 0.34409035901573215 0.2761151891586674 0.04033884630899556 0.018633540372670808
0 0.40298507462686567 0.2795031055900621 0.016942315449778138 0.010163749294184076
0 0.4169019766034691 0.2795031055900621 0.00927793465106898 0.00846979107848673
0 0.4526018555869302 0.2789384528514963 0.01290843081887858 0.009599096555618294
0 0.4965711980637354 0.28402032749858835 0.029850746268656716 0.03896103896103896
0 0.4965711980637354 0.2662337662337662 0.004033884630899556 0.001129305477131564
0 0.5607099636950383 0.2738565782044043 0.04759983864461476 0.020327498588368152
0 0.5677692617991126 0.2598814229249012 0.003630496167809601 0.001411631846414455
0 0.6147640177490924 0.27936194240542067 0.020976200080677694 0.008752117447769622
0 0.6714400968132311 0.2728684359119142 0.014925373134328358 0.022303783173348392
0 0.6954417103670835 0.2787972896668549 0.03227107704719645 0.008752117447769622
0 0.7158128277531263 0.2779503105590062 0.010891488503428802 0.006493506493506494
0 0.7150060508269463 0.2639751552795031 0.004437273093989512 0.002258610954263128
0 0.7319483662767244 0.2782326369282891 0.019766034691407825 0.009881422924901186
0 0.745461879790238 0.2670807453416149 0.0024203307785397336 0.00564652738565782
0 0.755143202904397 0.2789384528514963 0.009681323114158934 0.009599096555618294
0 0.16780960064542155 0.325098814229249 0.021782977006857603 0.021174477696216828
0 0.19604679306171843 0.32580463015245625 0.03307785397337636 0.019198193111236588
0 0.21258572004840662 0.32792207792207795 0.003227107704719645 0.001411631846414455
0 0.24687373941105284 0.3296160361377753 0.004033884630899556 0.009316770186335404
0 0.25675675675675674 0.32933370976849236 0.01734570391286809 0.010446075663466968
0 0.27329568374344493 0.3287690570299266 0.014118596208148447 0.008752117447769622
0 0.27954820492133925 0.3255223037831734 0.005647438483259379 0.002258610954263128
0 0.2966922146026624 0.327639751552795 0.024606696248487294 0.009881422924901186
0 0.31968535699878986 0.3334274421230943 0.0028237192416296895 0.0033879164313946925
0 0.3622428398547802 0.32269904009034445 0.03711173860427592 0.02258610954263128
0 0.3590157321500605 0.3235460191981931 0.005647438483259379 0.015245623941276116
0 0.3890681726502622 0.33173348390739693 0.0028237192416296895 0.00282326369282891
0 0.4247680516337233 0.3232636928289102 0.016135538523598225 0.02258610954263128
0 0.4497781363453005 0.3235460191981931 0.03307785397337636 0.019762845849802372
0 0.48305768455022186 0.3298983625070582 0.035901573215006054 0.009316770186335404
0 0.5014118596208148 0.326369282891022 0.004033884630899556 0.0016939582156973462
0 0.509479628882614 0.3181818181818182 0.003227107704719645 0.00564652738565782
0 0.517950786607503 0.3306041784302654 0.009681323114158934 0.009599096555618294
0 0.572206534893102 0.32792207792207795 0.031060911657926585 0.011575381140598532
0 0.6024606696248487 0.3294748729531338 0.02702702702702703 0.00846979107848673
0 0.6157724889068172 0.32481648785996614 0.004437273093989512 0.001411631846414455
0 0.6534893102057281 0.3129587803500847 0.004033884630899556 0.001976284584980237
0 0.6559096409842678 0.32834556747600224 0.003227107704719645 0.00846979107848673
0 0.6625655506252521 0.32792207792207795 0.008471157724889069 0.008752117447769622
0 0.699878983461073 0.32396950875211744 0.02581686163775716 0.018351214003387916
0 0.17708753529649052 0.3791643139469226 0.041145623235175476 0.01129305477131564
0 0.20673658733360226 0.3769057029926595 0.008471157724889069 0.0016939582156973462
0 0.2373941105284389 0.37549407114624506 0.03428801936264623 0.017504234895539244
0 0.2615974183138362 0.3793054771315641 0.006857603872529245 0.001976284584980237
0 0.2876159741831384 0.3825522303783173 0.024203307785397338 0.03500846979107849
0 0.29810407422347723 0.37676453980801805 0.005647438483259379 0.001411631846414455
0 0.31141589350544574 0.37888198757763975 0.008067769261799113 0.0016939582156973462
0 0.3416700282371924 0.37365894974590624 0.029043969342476807 0.021739130434782608
0 0.4007664380798709 0.3739412761151892 0.0391286809197257 0.021174477696216828
0 0.45018152480839047 0.3784584980237154 0.008067769261799113 0.009316770186335404
0 0.46793061718434853 0.3784584980237154 0.02501008471157725 0.03585544889892716
0 0.4800322710770472 0.3759175607001694 0.004033884630899556 0.001411631846414455
0 0.5227914481645825 0.3794466403162055 0.01855586930213796 0.031055900621118012
0 0.5294473578055667 0.396386222473179 0.0060508269463493344 0.004517221908526256
0 0.5724082291246471 0.3769057029926595 0.01371520774505849 0.017504234895539244
0 0.5837031060911658 0.3769057029926595 0.010488100040338847 0.014680971202710334
0 0.5945945945945946 0.37761151891586675 0.010488100040338847 0.01383399209486166
0 0.6163775716014522 0.37888198757763975 0.022589753933037516 0.009599096555618294
0 0.6230334812424365 0.3632128740824393 0.0028237192416296895 0.001411631846414455
0 0.6500605082694635 0.37365894974590624 0.040742234772085516 0.0189158667419537
0 0.6462283178701089 0.3643421795595709 0.003227107704719645 0.001976284584980237
0 0.6803146430012101 0.3818464144551101 0.0028237192416296895 0.002540937323546019
0 0.7111738604275918 0.3697063805759458 0.02581686163775716 0.021739130434782608
0 0.7099636950383219 0.3743647656691135 0.004033884630899556 0.018068887634105024
0 0.7291246470350948 0.37704686617730093 0.00927793465106898 0.008752117447769622
0 0.7583703106091165 0.37365894974590624 0.05163372327551432 0.020045172219085264
0 0.7422347720855184 0.36278938452851495 0.004840661557079467 0.002258610954263128
0 0.16397741024606696 0.42292490118577075 0.008471157724889069 0.018633540372670808
0 0.1926179911254538 0.42419536984754375 0.04961678096006454 0.01948051948051948
0 0.23114158935054457 0.4323828345567476 0.026623638563937072 0.035290796160361376
0 0.24485679709560307 0.4165725578769057 0.004033884630899556 0.004799548277809147
0 0.2539330375151271 0.4302653867871259 0.00927793465106898 0.009599096555618294
0 0.29306171843485274 0.43040654997176736 0.004437273093989512 0.009881422924901186
0 0.30052440500201694 0.42913608130999437 0.012101653892698669 0.009599096555618294
0 0.31585316659943524 0.4395821569734613 0.014521984671238403 0.03162055335968379
0 0.3110125050423558 0.4137492941840768 0.004033884630899556 0.001976284584980237
0 0.31121419927390076 0.44649915302089216 0.0012101653892698668 0.002540937323546019
0 0.31222267043162566 0.44904009034443815 0.0016135538523598225 0.001976284584980237
0 0.32573618394513915 0.4295595708639187 0.01008471157724889 0.008752117447769622
0 0.3382412263009278 0.4254658385093168 0.01734570391286809 0.020892151326933936
0 0.3408632513110125 0.4161490683229814 0.004033884630899556 0.0016939582156973462
0 0.3582089552238806 0.4308300395256917 0.024203307785397338 0.009034443817052512
0 0.4048003227107705 0.429983060417843 0.010891488503428802 0.009034443817052512
0 0.4124647035094796 0.43125352907961606 0.01008471157724889 0.035290796160361376
0 0.418112141992739 0.45115753811405984 0.003630496167809601 0.0033879164313946925
0 0.4352561516740621 0.4155844155844156 0.0024203307785397336 0.001129305477131564
0 0.43848325937878174 0.42843026538678713 0.003227107704719645 0.007058159232072276
0 0.44574425171440096 0.4254658385093168 0.00645421540943929 0.014680971202710334
0 0.4715611133521581 0.4140316205533597 0.005647438483259379 0.001411631846414455
0 0.4759983864461476 0.4302653867871259 0.005647438483259379 0.007905138339920948
0 0.48305768455022186 0.4308300395256917 0.007664380798709157 0.007340485601355167
0 0.5125050423557886 0.4292772444946358 0.013311819281968536 0.009316770186335404
0 0.5457845905607099 0.43873517786561267 0.011294876966518758 0.028797289666854884
0 0.5657523194836628 0.42970073404856013 0.02864058087938685 0.009599096555618294
0 0.5657523194836628 0.41318464144551104 0.003630496167809601 0.0008469791078486731
0 0.5962081484469545 0.4329474872953134 0.029043969342476807 0.040372670807453416
0 0.6534893102057281 0.42377188029361945 0.026623638563937072 0.0220214568040655
0 0.673053650665591 0.4295595708639187 0.01008471157724889 0.007622811970638058
0 0.7081484469544171 0.4234895539243365 0.01734570391286809 0.021456804065499716
0 0.7509076240419524 0.42320722755505363 0.02864058087938685 0.020892151326933936
0 0.1809197256958451 0.47571993224167136 0.04154901169826543 0.020892151326933936
0 0.2382008874546188 0.4767080745341615 0.02944735780556676 0.0189158667419537
0 0.22872125857200484 0.46696781479390176 0.00645421540943929 0.0033879164313946925
0 0.27591770875352967 0.48009599096555616 0.04195240016135539 0.010446075663466968
0 0.3527632109721662 0.47374364765669114 0.035901573215006054 0.02258610954263128
0 0.40298507462686567 0.48009599096555616 0.06292860024203308 0.011575381140598532
0 0.436668011294877 0.474025974025974 0.006857603872529245 0.018633540372670808
0 0.4489713594191206 0.4816487859966121 0.003227107704719645 0.0033879164313946925
0 0.4923356192012908 0.47444946357989837 0.01734570391286809 0.021174477696216828
0 0.5369100443727309 0.47995482778091475 0.01936264622831787 0.009599096555618294
0 0.5419524001613554 0.4642857142857143 0.003630496167809601 0.001411631846414455
0 0.554860830980234 0.4738848108413326 0.01734570391286809 0.020609824957651044
0 0.6022589753933038 0.48122529644268774 0.01936264622831787 0.01101072840203275
0 0.6175877369907221 0.48122529644268774 0.010488100040338847 0.007622811970638058
0 0.6639774102460669 0.47289666854884244 0.04195240016135539 0.020892151326933936
0 0.7156111335215812 0.4731789949181254 0.014521984671238403 0.023150762281197064
0 0.7642194433239209 0.48743647656691136 0.035901573215006054 0.029644268774703556
0 0.18313836224283986 0.5295031055900621 0.033884630899556276 0.012140033879164314
0 0.2045179507866075 0.5309147374364765 0.008874546187979023 0.008752117447769622
0 0.23436869705526422 0.5282326369282891 0.015328761597418314 0.002258610954263128
0 0.2962888261395724 0.5245623941276115 0.035901573215006054 0.0220214568040655
0 0.35155304558289635 0.5300677583286278 0.019766034691407825 0.009316770186335404
0 0.34872932634126663 0.5141163184641445 0.0052440500201694235 0.002258610954263128
0 0.3709156918112142 0.5306324110671937 0.013311819281968536 0.010446075663466968
0 0.3898749495764421 0.529785431959345 0.024606696248487294 0.009316770186335404
0 0.41085114965711983 0.5296442687747036 0.01653892698668818 0.00846979107848673
0 0.47115772488906815 0.5224449463579899 0.026623638563937072 0.023433088650479956
0 0.49415086728519564 0.5302089215132694 0.014521984671238403 0.009034443817052512
0 0.5046389673255345 0.5239977413890458 0.007260992335619202 0.018633540372670808
0 0.5135135135135135 0.5289384528514963 0.011294876966518758 0.00818746470920384
0 0.5139169019766034 0.5152456239412762 0.004840661557079467 0.002258610954263128
0 0.5326744655102864 0.531055900621118 0.026220250100847116 0.01129305477131564
0 0.5520371117386043 0.5321852060982496 0.002016942315449778 0.0016939582156973462
0 0.5740217829770069 0.5254093732354602 0.016942315449778138 0.020892151326933936
0 0.6208148446954417 0.5249858836815359 0.020976200080677694 0.01948051948051948
0 0.6692214602662364 0.5302089215132694 0.01855586930213796 0.010163749294184076
0 0.7105687777329568 0.5247035573122529 0.014925373134328358 0.001976284584980237
0 0.7654296087131908 0.5280914737436476 0.022993142396127472 0.012704686617730096
0 0.18192819685356998 0.5782044042913608 0.03711173860427592 0.012987012987012988
0 0.2535296490520371 0.5755223037831734 0.0326744655102864 0.022303783173348392
0 0.30496167809600644 0.573828345567476 0.01936264622831787 0.021739130434782608
0 0.327148043565954 0.5804630152456239 0.02016942315449778 0.009599096555618294
0 0.3315853166599435 0.5652173913043478 0.004840661557079467 0.0016939582156973462
0 0.3535699878983461 0.581733483907397 0.02864058087938685 0.009881422924901186
0 0.4035901573215006 0.5804630152456239 0.003630496167809601 0.009034443817052512
0 0.4082291246470351 0.564935064935065 0.004840661557079467 0.0016939582156973462
0 0.4102460669624849 0.5820158102766798 0.008874546187979023 0.007622811970638058
0 0.42839854780153286 0.5762281197063805 0.029043969342476807 0.018068887634105024
0 0.49052037111738606 0.5797571993224168 0.02016942315449778 0.009316770186335404
0 0.5417507059298104 0.5858272162619989 0.023396530859217425 0.021456804065499716
0 0.5556676079064139 0.5803218520609825 0.0012101653892698668 0.0008469791078486731
0 0.5659540137152077 0.5806041784302653 0.02016942315449778 0.01101072840203275
0 0.5808793868495361 0.5731225296442688 0.009681323114158934 0.020892151326933936
0 0.5847115772488907 0.5735460191981931 0.006857603872529245 0.0189158667419537
0 0.600242033077854 0.581733483907397 0.02016942315449778 0.007622811970638058
0 0.5915691811214199 0.5784867306606437 0.002016942315449778 0.002258610954263128
0 0.5951996772892295 0.5663466967814794 0.004437273093989512 0.0016939582156973462
0 0.6183945139169019 0.5893562958780351 0.01371520774505849 0.023433088650479956
0 0.68152480839048 0.5735460191981931 0.031060911657926585 0.020609824957651044
0 0.7414279951593384 0.5783455674760023 0.03469140782573618 0.01101072840203275
0 0.1762807583703106 0.6260587238848109 0.014521984671238403 0.022868435911914172
0 0.20673658733360226 0.6307171089779785 0.040742234772085516 0.010163749294184076
0 0.2208551835417507 0.616600790513834 0.003630496167809601 0.002258610954263128
0 0.24606696248487292 0.6311405985319029 0.03307785397337636 0.009316770186335404
0 0.32008874546187976 0.6260587238848109 0.02702702702702703 0.021739130434782608
0 0.3527632109721662 0.6309994353472614 0.038321903993545785 0.00846979107848673
0 0.354376764824526 0.6157538114059853 0.0052440500201694235 0.002258610954263128
0 0.3719241629689391 0.6158949745906268 0.004033884630899556 0.001411631846414455
0 0.3751512706736587 0.6312817617165444 0.005647438483259379 0.007340485601355167
0 0.38563937071399756 0.6276115189158668 0.014521984671238403 0.018068887634105024
0 0.39753933037515127 0.6315640880858272 0.004437273093989512 0.006775832862789385
0 0.4070189592577652 0.6305759457933371 0.01371520774505849 0.008752117447769622
0 0.4169019766034691 0.6250705815923208 0.007664380798709157 0.019762845849802372
0 0.43707139975796694 0.6300112930547713 0.030254134731746672 0.009316770186335404
0 0.42496974586526826 0.616600790513834 0.004437273093989512 0.002258610954263128
0 0.46208148446954417 0.633399209486166 0.0028237192416296895 0.003105590062111801
