0 0.16659943525615167 0.2274138904573687 0.03227107704719645 0.016092603049124788
0 0.19060104881000403 0.23362507058159232 0.003630496167809601 0.002540937323546019
0 0.24102460669624848 0.22557876905702992 0.021379588543767647 0.014680971202710334
0 0.263412666397741 0.22939017504234896 0.023396530859217425 0.012140033879164314
0 0.28479225494150867 0.2289666854884246 0.02016942315449778 0.010163749294184076
0 0.3110125050423558 0.2267080745341615 0.033884630899556276 0.012422360248447204
0 0.34489713594191207 0.22600225861095427 0.03711173860427592 0.014398644833427442
0 0.44675272287212586 0.22557876905702992 0.08027430415490117 0.014680971202710334
0 0.527228721258572 0.22769621682665162 0.03307785397337636 0.007622811970638058
0 0.572206534893102 0.2267080745341615 0.020572811617587738 0.009034443817052512
0 0.5871319080274304 0.21583850931677018 0.006857603872529245 0.004234895539243365
0 0.5901573215006051 0.2267080745341615 0.00645421540943929 0.006211180124223602
0 0.6133521581282775 0.22430830039525693 0.0318676885841065 0.012704686617730096
0 0.6946349334409035 0.22586109542631283 0.05970149253731343 0.012987012987012988
0 0.7533279548204921 0.22656691134952003 0.013311819281968536 0.010446075663466968
0 0.7799515933844292 0.22529644268774704 0.035901573215006054 0.009034443817052512
0 0.817870108914885 0.22289666854884246 0.035901573215006054 0.018351214003387916
0 0.854780153287616 0.22388481084133258 0.03307785397337636 0.009599096555618294
0 0.890681726502622 0.22388481084133258 0.03469140782573618 0.011857707509881422
0 0.16579265832997175 0.2787972896668549 0.03307785397337636 0.016657255787690572
0 0.22246873739411052 0.2751270468661773 0.010891488503428802 0.013269339356295878
0 0.2507059298104074 0.2782326369282891 0.04154901169826543 0.009316770186335404
0 0.2811617587736991 0.2795031055900621 0.01371520774505849 0.010728402032749858
0 0.3116175877369907 0.2790796160361378 0.04154901169826543 0.011575381140598532
0 0.3555869302137959 0.27526821005081875 0.043969342476805166 0.015245623941276116
0 0.4616780960064542 0.27555053642010163 0.11173860427591771 0.01355166572557877
0 0.5796692214602662 0.2761151891586674 0.05163372327551432 0.011857707509881422
0 0.6145623235175474 0.27992659514398643 0.014925373134328358 0.01383399209486166
0 0.6256555062525212 0.268068887634105 0.005647438483259379 0.005364201016374929
0 0.6298910851149657 0.2787972896668549 0.010891488503428802 0.004799548277809147
0 0.6532876159741832 0.2758328627893845 0.033481242436466316 0.012422360248447204
0 0.7388059701492538 0.27540937323546016 0.05445744251714401 0.01383399209486166
0 0.8104074223477209 0.2766798418972332 0.03711173860427592 0.01129305477131564
0 0.8267446551028641 0.26453980801806887 0.004437273093989512 0.002258610954263128
0 0.8503428801936265 0.27498588368153587 0.023396530859217425 0.006775832862789385
0 0.8557886244453409 0.2662337662337662 0.0052440500201694235 0.002258610954263128
0 0.8751512706736587 0.27526821005081875 0.011698265429608713 0.006775832862789385
0 0.15974183138362244 0.3274985883681536 0.020976200080677694 0.011857707509881422
0 0.18939088342073418 0.326369282891022 0.0318676885841065 0.014680971202710334
0 0.19382815651472368 0.32029926595143987 0.006857603872529245 0.004234895539243365
0 0.2244856797095603 0.3287690570299266 0.03670835014118596 0.01101072840203275
0 0.2874142799515934 0.3272162619988707 0.03751512706736587 0.010728402032749858
0 0.32029043969342474 0.325098814229249 0.03146430012101654 0.012704686617730096
0 0.38039532069382814 0.32679277244494637 0.020976200080677694 0.01383399209486166
0 0.4056070996369504 0.32679277244494637 0.02864058087938685 0.013269339356295878
0 0.43283582089552236 0.3287690570299266 0.023396530859217425 0.009881422924901186
0 0.45320693828156516 0.3296160361377753 0.01573215006050827 0.006493506493506494
0 0.4967728922952804 0.32891022021456806 0.01734570391286809 0.00846979107848673
0 0.5125050423557886 0.32933370976849236 0.01573215006050827 0.01101072840203275
0 0.5318676885841065 0.33243929983060416 0.003630496167809601 0.001976284584980237
0 0.5790641387656313 0.3245341614906832 0.043969342476805166 0.014398644833427442
0 0.6571198063735377 0.3256634669678148 0.05163372327551432 0.01383399209486166
0 0.7396127470754337 0.32820440429136083 0.06575231948366277 0.010446075663466968
0 0.8075837031060912 0.3246753246753247 0.03307785397337636 0.012422360248447204
0 0.8315853166599435 0.3253811405985319 0.01653892698668818 0.010446075663466968
0 0.8493344090359016 0.32523997741389044 0.01573215006050827 0.011857707509881422
0 0.8678902783380396 0.32580463015245625 0.02218636546994756 0.009599096555618294
0 0.8890681726502622 0.3242518351214003 0.02743041549011698 0.01383399209486166
0 0.9154901169826543 0.3242518351214003 0.020572811617587738 0.01383399209486166
0 0.16276724485679708 0.3760587238848108 0.03428801936264623 0.014116318464144552
0 0.1708350141185962 0.3694240542066629 0.0052440500201694235 0.003105590062111801
0 0.1897942718838241 0.3791643139469226 0.014925373134328358 0.007340485601355167
0 0.24586526825332797 0.37676453980801805 0.035901573215006054 0.018351214003387916
0 0.2712787414279952 0.37732919254658387 0.02218636546994756 0.012704686617730096
0 0.3192819685356999 0.37987012987012986 0.018152480839048003 0.012704686617730096
0 0.3346107301331182 0.37648221343873517 0.011698265429608713 0.010446075663466968
0 0.3666801129487697 0.37987012987012986 0.05163372327551432 0.010446075663466968
0 0.44796288826139574 0.37775268210050816 0.033481242436466316 0.01355166572557877
0 0.5237999193223074 0.3759175607001694 0.06413876563130294 0.017786561264822136
0 0.5976200080677693 0.3759175607001694 0.013311819281968536 0.015527950310559006
0 0.6208148446954417 0.3753529079616036 0.03065752319483663 0.018351214003387916
0 0.635538523598225 0.36773009599096557 0.004437273093989512 0.004234895539243365
0 0.6494554255748286 0.378317334839074 0.014521984671238403 0.01129305477131564
0 0.6827349737797499 0.37761151891586675 0.043969342476805166 0.010446075663466968
0 0.7517144009681324 0.37888198757763975 0.0391286809197257 0.007340485601355167
0 0.7874142799515934 0.3738001129305477 0.022589753933037516 0.012987012987012988
0 0.8475191609519968 0.3743647656691135 0.01936264622831787 0.012422360248447204
0 0.8501411859620814 0.3675889328063241 0.003630496167809601 0.003952569169960474
0 0.8918918918918919 0.37648221343873517 0.05889471561113352 0.01383399209486166
0 0.9310205728116175 0.37224731789949184 0.022589753933037516 0.01383399209486166
0 0.1762807583703106 0.4289949181253529 0.060508269463493344 0.014398644833427442
0 0.22710770471964503 0.43068887634105024 0.03953206938281565 0.011575381140598532
0 0.24848729326341268 0.4205251270468662 0.00645421540943929 0.004234895539243365
0 0.263614360629286 0.4309712027103331 0.0326744655102864 0.005928853754940711
0 0.29265832997176283 0.4357707509881423 0.025413473174667203 0.017786561264822136
0 0.3249294070189593 0.43054771315640883 0.0060508269463493344 0.0033879164313946925
0 0.39693424768051633 0.4243365330321852 0.06696248487293263 0.01693958215697346
0 0.45683743444937475 0.43040654997176736 0.04881000403388463 0.010446075663466968
0 0.5203711173860428 0.4313946922642575 0.016942315449778138 0.010728402032749858
0 0.5379185155304558 0.4277244494635799 0.00927793465106898 0.01129305477131564
0 0.5760387252924566 0.4289949181253529 0.05889471561113352 0.008752117447769622
0 0.6377571601452199 0.4257481648785997 0.022589753933037516 0.01355166572557877
0 0.6587333602258976 0.42814793901750425 0.016135538523598225 0.009881422924901186
0 0.718031464300121 0.4253246753246753 0.0500201694231545 0.016092603049124788
0 0.7882210568777733 0.4308300395256917 0.03065752319483663 0.014680971202710334
0 0.7958854376764825 0.4191134952004517 0.007260992335619202 0.005928853754940711
0 0.8156514723678903 0.4267363071710898 0.01290843081887858 0.008752117447769622
0 0.8378378378378378 0.42603049124788256 0.023396530859217425 0.011857707509881422
0 0.9023799919322307 0.42518351214003386 0.05889471561113352 0.01637492941840768
0 0.16256555062525213 0.4805194805194805 0.01855586930213796 0.017504234895539244
0 0.18676885841064947 0.4776962168266516 0.03227107704719645 0.017504234895539244
0 0.1974586526825333 0.47148503670242803 0.004437273093989512 0.003952569169960474
0 0.21258572004840662 0.4810841332580463 0.016942315449778138 0.00846979107848673
0 0.24667204517950786 0.4805194805194805 0.04477611940298507 0.007905138339920948
0 0.2801532876159742 0.4813664596273292 0.013311819281968536 0.007905138339920948
0 0.3620411456232352 0.4779785431959345 0.07059298104074223 0.01693958215697346
0 0.44029850746268656 0.481931112365895 0.01734570391286809 0.01129305477131564
0 0.45683743444937475 0.4805194805194805 0.014118596208148447 0.009034443817052512
0 0.4784187172246874 0.47995482778091475 0.026623638563937072 0.010728402032749858
0 0.5201694231544978 0.4771315640880858 0.04235578862444534 0.014116318464144552
0 0.5770471964501815 0.47939017504234893 0.025413473174667203 0.007905138339920948
0 0.6026623638563937 0.47910784867306605 0.01936264622831787 0.009034443817052512
0 0.618192819685357 0.48433088650479955 0.022993142396127472 0.017786561264822136
0 0.6179911254538121 0.46823828345567475 0.003227107704719645 0.0036702428006775835
0 0.6317063331988705 0.4810841332580463 0.01371520774505849 0.009034443817052512
0 0.655304558289633 0.48023715415019763 0.026220250100847116 0.00846979107848673
0 0.6647841871722469 0.4688029361942405 0.005647438483259379 0.004799548277809147
0 0.6960467930617185 0.4784020327498588 0.040742234772085516 0.020609824957651044
0 0.745260185558693 0.4741671372106155 0.013311819281968536 0.014398644833427442
0 0.7787414279951593 0.47896668548842464 0.056070996369503835 0.018351214003387916
0 0.8495361032674466 0.47699040090344436 0.050826946349334406 0.013269339356295878
0 0.17607906413876562 0.5311970638057595 0.04961678096006454 0.010446075663466968
0 0.2265026220250101 0.5278091473743648 0.050423557886244454 0.013269339356295878
0 0.22609923356192013 0.5194805194805194 0.008471157724889069 0.005081874647092038
0 0.2646228317870109 0.5362789384528515 0.02016942315449778 0.017221908526256352
0 0.28620411456232353 0.5354319593450029 0.003630496167809601 0.003105590062111801
0 0.34872932634126663 0.5273856578204404 0.014118596208148447 0.01693958215697346
0 0.382008874546188 0.5271033314511575 0.042759177087535294 0.018068887634105024
0 0.3989511899959661 0.5199040090344438 0.00645421540943929 0.005928853754940711
0 0.41770875352964904 0.5317617165443252 0.013311819281968536 0.009316770186335404
0 0.45018152480839047 0.5307735742518351 0.042759177087535294 0.00846979107848673
0 0.537111738604276 0.529785431959345 0.04800322710770472 0.009881422924901186
0 0.5784590560709963 0.5293619424054207 0.04033884630899556 0.012987012987012988
0 0.6117386042759178 0.5330321852060983 0.021379588543767647 0.014116318464144552
0 0.6589350544574425 0.5262563523433089 0.06655909640984267 0.015245623941276116
0 0.7404195240016136 0.5286561264822134 0.04881000403388463 0.010446075663466968
0 0.7946752722872126 0.5313382269904009 0.01290843081887858 0.007905138339920948
0 0.8229124647035094 0.5251270468661773 0.035498184751916094 0.015245623941276116
0 0.8525615167406212 0.5276679841897233 0.021379588543767647 0.010728402032749858
0 0.8779749899152884 0.534867306606437 0.019766034691407825 0.016092603049124788
0 0.9035901573215006 0.5313382269904009 0.029850746268656716 0.006775832862789385
0 0.8939088342073417 0.5191981931112366 0.007260992335619202 0.004517221908526256
0 0.9336425978217023 0.5358554488989271 0.022993142396127472 0.018633540372670808
0 0.18212989108511496 0.5794748729531338 0.08108108108108109 0.016657255787690572
0 0.2624041952400161 0.5818746470920384 0.014925373134328358 0.011857707509881422
0 0.2799515933844292 0.5846979107848673 0.01371520774505849 0.009034443817052512
0 0.30254134731746674 0.5820158102766798 0.022589753933037516 0.009316770186335404
0 0.3370310609116579 0.5870976849237719 0.040742234772085516 0.015527950310559006
0 0.3608309802339653 0.586815358554489 0.003630496167809601 0.003105590062111801
0 0.4421137555465914 0.577922077922078 0.08390480032271078 0.01693958215697346
0 0.5201694231544978 0.5813099943534726 0.014118596208148447 0.010728402032749858
0 0.5484066155707946 0.581451157538114 0.0391286809197257 0.008752117447769622
0 0.5865268253327954 0.5772162619988707 0.03872529245663574 0.0189158667419537
0 0.6302944735780557 0.5796160361377752 0.03993545784590561 0.011857707509881422
0 0.672448567970956 0.5813099943534726 0.03630496167809601 0.011857707509881422
0 0.7371924162968939 0.5786278938452851 0.026220250100847116 0.010446075663466968
0 0.7553448971359419 0.5697346132128741 0.0052440500201694235 0.003952569169960474
0 0.7571601452198468 0.5783455674760023 0.008067769261799113 0.005364201016374929
0 0.7789431222267044 0.5746753246753247 0.023396530859217425 0.012140033879164314
0 0.854780153287616 0.5767927724449463 0.08148446954417103 0.015245623941276116
0 0.14764017749092376 0.6314229249011858 0.02743041549011698 0.013269339356295878
0 0.21883824122630094 0.6297289666854884 0.045582896329164985 0.016657255787690572
0 0.22206534893102056 0.6243647656691135 0.003630496167809601 0.003105590062111801
0 0.25574828559903184 0.6322699040090345 0.010488100040338847 0.008752117447769622
0 0.290843081887858 0.6331168831168831 0.05244050020169423 0.008752117447769622
0 0.39431222267043164 0.6304347826086957 0.06413876563130294 0.01637492941840768
0 0.4868898749495764 0.6297289666854884 0.04921339249697459 0.022303783173348392
0 0.5342880193626462 0.6285996612083569 0.03670835014118596 0.013269339356295878
0 0.5465913674868899 0.6230942970073405 0.003227107704719645 0.00282326369282891
0 0.5711980637353772 0.6322699040090345 0.02743041549011698 0.007622811970638058
0 0.6228317870108915 0.6331168831168831 0.014521984671238403 0.007622811970638058
0 0.6417910447761194 0.6284584980237155 0.016942315449778138 0.018068887634105024
0 0.68152480839048 0.6301524562394127 0.018152480839048003 0.007340485601355167
0 0.7355788624445341 0.6318464144551101 0.01573215006050827 0.011857707509881422
0 0.7509076240419524 0.6294466403162056 0.01008471157724889 0.007622811970638058
0 0.7670431625655506 0.629587803500847 0.01653892698668818 0.009034443817052512
0 0.8134328358208955 0.63085827216262 0.07139975796692215 0.016092603049124788
0 0.8584106494554256 0.6247882552230378 0.024203307785397338 0.012422360248447204
0 0.20169423154497781 0.6811123658949746 0.12020976200080678 0.016092603049124788
0 0.30153287615974184 0.682806324110672 0.01734570391286809 0.010446075663466968
0 0.3225090762404195 0.6791360813099944 0.018959257765227916 0.022303783173348392
0 0.3717224687373941 0.6791360813099944 0.014925373134328358 0.014398644833427442
0 0.41064945542557485 0.6811123658949746 0.05889471561113352 0.012704686617730096
0 0.40863251311012505 0.6709486166007905 0.008874546187979023 0.004234895539243365
0 0.45320693828156516 0.6795595708639187 0.02379991932230738 0.017504234895539244
0 0.47761194029850745 0.6867588932806324 0.004033884630899556 0.003105590062111801
