0 0.16296893908834206 0.2440711462450593 0.04356595401371521 0.01383399209486166
0 0.23618394513916902 0.2450592885375494 0.024606696248487294 0.014680971202710334
0 0.25413473174667206 0.24576510446075664 0.007260992335619202 0.010446075663466968
0 0.2712787414279952 0.24590626764539808 0.024606696248487294 0.01129305477131564
0 0.35962081484469544 0.2468944099378882 0.0754336425978217 0.01101072840203275
0 0.4354578459056071 0.2440711462450593 0.012505042355788625 0.013269339356295878
0 0.4628882613957241 0.24491812535290797 0.045582896329164985 0.012140033879164314
0 0.5473981444130698 0.24237718802936195 0.07099636950383219 0.01383399209486166
0 0.5528438886647842 0.234472049689441 0.003630496167809601 0.002540937323546019
0 0.6371520774505849 0.24647092038396387 0.04154901169826543 0.010728402032749858
0 0.6752722872125857 0.24632975719932243 0.028237192416296894 0.009316770186335404
0 0.6974586526825333 0.2466120835686053 0.016135538523598225 0.011575381140598532
0 0.7156111335215812 0.24237718802936195 0.01936264622831787 0.012140033879164314
0 0.7218636546994756 0.2381422924901186 0.0052440500201694235 0.004234895539243365
0 0.7432432432432432 0.24590626764539808 0.02864058087938685 0.006775832862789385
0 0.7851956434045986 0.24576510446075664 0.014118596208148447 0.009316770186335404
0 0.8031464300121016 0.24082439299830605 0.01371520774505849 0.015245623941276116
0 0.8315853166599435 0.24322416713721062 0.01653892698668818 0.006493506493506494
0 0.8481242436466317 0.24322416713721062 0.014925373134328358 0.00818746470920384
0 0.8695038321903994 0.24378881987577639 0.02702702702702703 0.00818746470920384
0 0.8749495764421138 0.23588368153585546 0.007260992335619202 0.004234895539243365
0 0.8979427188382412 0.24364765669113495 0.01936264622831787 0.007905138339920948
0 0.9150867285195643 0.2435064935064935 0.014925373134328358 0.013269339356295878
0 0.15752319483662766 0.30095990965556185 0.040742234772085516 0.007905138339920948
0 0.18777732956837434 0.30039525691699603 0.012505042355788625 0.009034443817052512
0 0.19503832190399353 0.29150197628458496 0.0060508269463493344 0.0036702428006775835
0 0.19927390076643808 0.3002540937323546 0.008874546187979023 0.006493506493506494
0 0.23114158935054457 0.29912478825522304 0.0500201694231545 0.011575381140598532
0 0.299717628075837 0.30039525691699603 0.023396530859217425 0.009599096555618294
0 0.3336022589753933 0.29827780914737434 0.033884630899556276 0.00818746470920384
0 0.39128680919725695 0.2981366459627329 0.01936264622831787 0.00846979107848673
0 0.41085114965711983 0.29573687182382835 0.018152480839048003 0.011575381140598532
0 0.4247680516337233 0.29672501411631846 0.01371520774505849 0.00846979107848673
0 0.4519967728922953 0.29912478825522304 0.040742234772085516 0.01948051948051948
0 0.518354175070593 0.2971485036702428 0.03065752319483663 0.010446075663466968
0 0.5248083904800322 0.28952569169960474 0.005647438483259379 0.004799548277809147
0 0.5443727309398951 0.29446640316205536 0.013311819281968536 0.01637492941840768
0 0.5687777329568374 0.29347826086956524 0.03227107704719645 0.014398644833427442
0 0.6070996369503833 0.2943252399774139 0.03872529245663574 0.011575381140598532
0 0.6464300121016539 0.2963015245623941 0.00927793465106898 0.001976284584980237
0 0.690399354578459 0.29460756634669677 0.03751512706736587 0.017786561264822136
0 0.7285195643404598 0.2941840767927724 0.03791851553045583 0.010728402032749858
0 0.7843888664784188 0.29234895539243366 0.06736587333602259 0.013269339356295878
0 0.8481242436466317 0.2961603613777527 0.057684550221863654 0.01693958215697346
0 0.17668414683340056 0.3489553924336533 0.08713190802743041 0.017504234895539244
0 0.15167406212182333 0.3438735177865613 0.004840661557079467 0.003952569169960474
0 0.2488906817265026 0.34867306606437043 0.05405405405405406 0.012422360248447204
0 0.32674465510286405 0.3468379446640316 0.020976200080677694 0.017221908526256352
0 0.36042759177087536 0.34937888198757766 0.038321903993545785 0.007622811970638058
0 0.4243646631706333 0.34669678147939015 0.01371520774505849 0.010728402032749858
0 0.4419120613150464 0.34754376058723885 0.02379991932230738 0.010163749294184076
0 0.4707543364259782 0.34627329192546585 0.033884630899556276 0.013269339356295878
0 0.527632109721662 0.34641445511010727 0.03065752319483663 0.01693958215697346
0 0.627067365873336 0.3451439864483343 0.10125050423557887 0.013269339356295878
0 0.6331181928196854 0.3451439864483343 0.004437273093989512 0.002540937323546019
0 0.6861637757160145 0.35304912478825523 0.003227107704719645 0.001411631846414455
0 0.7513110125050424 0.3455674760022586 0.08188785800726099 0.02258610954263128
0 0.8243243243243243 0.3445793337097685 0.019766034691407825 0.008752117447769622
0 0.8588140379185155 0.3450028232636928 0.04195240016135539 0.009034443817052512
0 0.881807180314643 0.3427442123094297 0.010488100040338847 0.01129305477131564
0 0.9013715207745059 0.34330886504799546 0.027833803953206938 0.012422360248447204
0 0.13150463896732553 0.4049971767363072 0.016135538523598225 0.01101072840203275
0 0.145421540943929 0.4025974025974026 0.008471157724889069 0.006211180124223602
0 0.1591367486889875 0.40146809712027104 0.01734570391286809 0.009034443817052512
0 0.17789431222267044 0.4004799548277809 0.014521984671238403 0.009316770186335404
0 0.18777732956837434 0.3924336533032185 0.0052440500201694235 0.004517221908526256
0 0.19342476805163372 0.4000564652738566 0.006857603872529245 0.006775832862789385
0 0.22408229124647036 0.39935064935064934 0.04881000403388463 0.01101072840203275
0 0.30254134731746674 0.4020327498588368 0.04437273093989512 0.007340485601355167
0 0.39229528035498185 0.39779785431959347 0.06010488100040339 0.01355166572557877
0 0.43384429205324726 0.4000564652738566 0.01653892698668818 0.007340485601355167
0 0.4495764421137555 0.3956804065499718 0.01008471157724889 0.012140033879164314
0 0.47983057684550223 0.3986448334274421 0.04154901169826543 0.00846979107848673
0 0.5217829770068576 0.39779785431959347 0.03670835014118596 0.010163749294184076
0 0.5887454618797903 0.39779785431959347 0.040742234772085516 0.009034443817052512
0 0.6226300927793466 0.39680971202710336 0.014118596208148447 0.008752117447769622
0 0.6313029447357805 0.38876341050254093 0.004840661557079467 0.00282326369282891
0 0.6347317466720451 0.3966685488424619 0.006857603872529245 0.006211180124223602
0 0.6597418313836224 0.39680971202710336 0.035901573215006054 0.010446075663466968
0 0.7105687777329568 0.396386222473179 0.014118596208148447 0.019198193111236588
0 0.7361839451391691 0.3979390175042349 0.029850746268656716 0.007622811970638058
0 0.7811617587736991 0.3922924901185771 0.014118596208148447 0.012140033879164314
0 0.8033481242436467 0.39624505928853754 0.0326744655102864 0.01101072840203275
0 0.8610326744655102 0.39412761151891584 0.0326744655102864 0.015810276679841896
0 0.8896732553448972 0.3979390175042349 0.025413473174667203 0.008752117447769622
0 0.9298104074223478 0.39398644833427443 0.050826946349334406 0.014963297571993224
0 0.9691407825736184 0.3985036702428007 0.030254134731746672 0.021739130434782608
0 0.13916901976603469 0.4544042913608131 0.023396530859217425 0.008752117447769622
0 0.17043162565550626 0.45313382269904007 0.03751512706736587 0.009599096555618294
0 0.20048406615570794 0.4484754376058724 0.01290843081887858 0.012140033879164314
0 0.2505042355788624 0.4493224167137211 0.07987091569181122 0.011575381140598532
0 0.3190802743041549 0.4505928853754941 0.01290843081887858 0.00282326369282891
0 0.3567970956030658 0.4481931112365895 0.020572811617587738 0.014398644833427442
0 0.3870512303348124 0.44805194805194803 0.03670835014118596 0.01355166572557877
0 0.4146833400564744 0.442970073404856 0.005647438483259379 0.00282326369282891
0 0.4310205728116176 0.44664031620553357 0.02218636546994756 0.014116318464144552
0 0.49717628075837034 0.45016939582156973 0.026220250100847116 0.008752117447769622
0 0.536103267446551 0.44904009034443815 0.04517950786607503 0.008752117447769622
0 0.5744251714400969 0.44664031620553357 0.04033884630899556 0.012422360248447204
0 0.6313029447357805 0.44904009034443815 0.017749092375958047 0.007058159232072276
0 0.6557079467527229 0.44551101072840205 0.0318676885841065 0.012987012987012988
0 0.7242839854780153 0.4453698475437606 0.040742234772085516 0.012704686617730096
0 0.7692617991125453 0.44212309429700736 0.011294876966518758 0.012987012987012988
0 0.7928600242033078 0.44649915302089216 0.02864058087938685 0.00818746470920384
0 0.8604275917708754 0.44565217391304346 0.04921339249697459 0.009316770186335404
0 0.8918918918918919 0.44367588932806323 0.010488100040338847 0.016092603049124788
0 0.9056070996369504 0.4460756634669678 0.02016942315449778 0.006775832862789385
0 0.9215409439290037 0.44127611518915866 0.008471157724889069 0.01129305477131564
0 0.9425171440096813 0.4419819311123659 0.02864058087938685 0.012704686617730096
0 0.9695441710367083 0.4435347261434218 0.02218636546994756 0.012422360248447204
0 0.1345300524405002 0.5060700169395822 0.018152480839048003 0.005364201016374929
0 0.16054860830980233 0.5039525691699605 0.035498184751916094 0.00846979107848673
0 0.23719241629689392 0.4988706945228684 0.042759177087535294 0.015245623941276116
0 0.3053650665590964 0.5001411631846414 0.016135538523598225 0.009316770186335404
0 0.3323920935861234 0.5 0.035498184751916094 0.009599096555618294
0 0.3654699475594998 0.503811405985319 0.024203307785397338 0.013269339356295878
0 0.39774102460669625 0.4981648785996612 0.012101653892698669 0.013269339356295878
0 0.4124647035094796 0.5022586109542632 0.012505042355788625 0.007340485601355167
0 0.46853569987898347 0.5016939582156974 0.04961678096006454 0.020327498588368152
0 0.5030254134731746 0.5052230378317335 0.003227107704719645 0.002540937323546019
0 0.5524405002016942 0.49647092038396384 0.04154901169826543 0.016092603049124788
0 0.5903590157321501 0.5001411631846414 0.02218636546994756 0.007622811970638058
0 0.618192819685357 0.49957651044607565 0.0318676885841065 0.009316770186335404
0 0.6304961678096006 0.48898927159796723 0.004033884630899556 0.00282326369282891
0 0.6496571198063735 0.49985883681535853 0.01653892698668818 0.005928853754940711
0 0.6758773699072207 0.5036702428006776 0.025413473174667203 0.01637492941840768
0 0.755143202904397 0.49929418407679277 0.06857603872529246 0.013269339356295878
0 0.7238805970149254 0.4863071710897798 0.004437273093989512 0.002540937323546019
0 0.8519564340459863 0.4943534726143422 0.07099636950383219 0.014116318464144552
0 0.12868091972569584 0.544042913608131 0.003227107704719645 0.003952569169960474
0 0.1345300524405002 0.5530773574251835 0.006857603872529245 0.00564652738565782
0 0.14905203711173862 0.5485601355166573 0.018152480839048003 0.011857707509881422
0 0.20613150463896732 0.5518068887634106 0.053247277127874144 0.009316770186335404
0 0.27390076643807987 0.5482778091473743 0.016942315449778138 0.01355166572557877
0 0.30778539733763616 0.5511010728402033 0.042759177087535294 0.012422360248447204
0 0.36163775716014523 0.5526538678712591 0.06333198870512304 0.008752117447769622
0 0.4515933844292053 0.551948051948052 0.020572811617587738 0.010163749294184076
0 0.48507462686567165 0.54785431959345 0.027833803953206938 0.013269339356295878
0 0.49213392496974584 0.5446075663466968 0.00645421540943929 0.004517221908526256
0 0.5201694231544978 0.5515245623941276 0.0391286809197257 0.010446075663466968
0 0.5903590157321501 0.546583850931677 0.035901573215006054 0.018633540372670808
0 0.5915691811214199 0.5407961603613778 0.0028237192416296895 0.001976284584980237
0 0.6202097620008068 0.5485601355166573 0.010891488503428802 0.007905138339920948
0 0.6351351351351351 0.5457368718238284 0.01653892698668818 0.011857707509881422
0 0.6676079064138766 0.5515245623941276 0.01290843081887858 0.009881422924901186
0 0.6964501815248084 0.545313382269904 0.03670835014118596 0.013269339356295878
0 0.7525211778943123 0.5503952569169961 0.02379991932230738 0.007622811970638058
0 0.8263412666397741 0.5475719932241672 0.07301331181928197 0.013269339356295878
0 0.8160548608309802 0.5376905702992659 0.003227107704719645 0.001411631846414455
0 0.8418717224687374 0.5405138339920948 0.004033884630899556 0.0036702428006775835
0 0.8745461879790238 0.5540654997176736 0.016135538523598225 0.016092603049124788
0 0.145421540943929 0.603613777526821 0.027833803953206938 0.009599096555618294
0 0.21036708350141187 0.6022021456804065 0.031060911657926585 0.011857707509881422
0 0.23941105284388867 0.6034726143421796 0.027833803953206938 0.00818746470920384
0 0.2615974183138362 0.599802371541502 0.027833803953206938 0.014398644833427442
0 0.28701089148850345 0.6013551665725578 0.01573215006050827 0.012422360248447204
0 0.3259378781766841 0.6031902879728966 0.010488100040338847 0.00818746470920384
0 0.3578055667607906 0.6022021456804065 0.05244050020169423 0.010163749294184076
0 0.40883420734167003 0.5999435347261434 0.051230334812424366 0.010163749294184076
0 0.418313836224284 0.59472049689441 0.007260992335619202 0.0036702428006775835
0 0.4485679709560307 0.606154714850367 0.022589753933037516 0.015810276679841896
0 0.5008067769261799 0.6003670242800677 0.035901573215006054 0.00818746470920384
0 0.5326744655102864 0.5989553924336533 0.024606696248487294 0.011575381140598532
0 0.6165792658329972 0.5975437605872389 0.07946752722872126 0.015527950310559006
0 0.6674062121823315 0.596979107848673 0.024606696248487294 0.010446075663466968
0 0.7244856797095603 0.596979107848673 0.03872529245663574 0.011575381140598532
0 0.7593787817668415 0.5992377188029362 0.027833803953206938 0.009316770186335404
0 0.8009277934651069 0.6007905138339921 0.0463896732553449 0.015245623941276116
0 0.8384429205324728 0.6041784302653868 0.0060508269463493344 0.009034443817052512
0 0.8854376764824526 0.5958498023715415 0.04517950786607503 0.015527950310559006
0 0.9160951996772893 0.6024844720496895 0.004033884630899556 0.002258610954263128
0 0.12989108511496572 0.6507622811970638 0.02581686163775716 0.019762845849802372
0 0.14945542557482855 0.6541501976284585 0.00927793465106898 0.006211180124223602
0 0.16256555062525213 0.6544325239977414 0.01371520774505849 0.00846979107848673
0 0.18192819685356998 0.6534443817052513 0.01936264622831787 0.008752117447769622
0 0.20532472771278742 0.6554206662902315 0.017749092375958047 0.007058159232072276
0 0.2624041952400161 0.6520327498588369 0.031060911657926585 0.008752117447769622
0 0.30475998386446146 0.6521739130434783 0.051230334812424366 0.006211180124223602
0 0.30919725695845096 0.6415866741953699 0.0052440500201694235 0.002540937323546019
0 0.35397337636143605 0.6510446075663467 0.043162565550625254 0.01129305477131564
0 0.3916901976603469 0.6494918125352908 0.02501008471157725 0.01101072840203275
0 0.4570391286809197 0.6487859966120836 0.053247277127874144 0.01637492941840768
0 0.536506655909641 0.6499153020892151 0.048406615570794675 0.012422360248447204
0 0.5615167406212183 0.6479390175042349 0.0016135538523598225 0.0016939582156973462
0 0.572206534893102 0.646386222473179 0.019766034691407825 0.012140033879164314
0 0.581887858007261 0.6410220214568041 0.003630496167809601 0.001976284584980237
0 0.6032674465510286 0.6480801806888763 0.031060911657926585 0.014963297571993224
0 0.6617587736990722 0.6477978543195935 0.01734570391286809 0.015527950310559006
0 0.6758773699072207 0.6516092603049125 0.013311819281968536 0.007905138339920948
0 0.6918112141992739 0.6494918125352908 0.010488100040338847 0.00818746470920384
0 0.7152077450584913 0.6507622811970638 0.035498184751916094 0.009034443817052512
0 0.7716821298910851 0.6485036702428006 0.06696248487293263 0.011857707509881422
0 0.845703912868092 0.6482213438735178 0.013311819281968536 0.012987012987012988
0 0.8672851956434046 0.6493506493506493 0.026623638563937072 0.007340485601355167
0 0.9039935457845906 0.6483625070581592 0.03953206938281565 0.01101072840203275
0 0.9376764824526018 0.6499153020892151 0.025413473174667203 0.00846979107848673
0 0.1306978620411456 0.6991812535290797 0.01290843081887858 0.01383399209486166
0 0.16337232755143202 0.7018633540372671 0.05486083098023396 0.01637492941840768
0 0.23033481242436465 0.7055335968379447 0.01936264622831787 0.007905138339920948
0 0.2563533682936668 0.7056747600225861 0.0318676885841065 0.008752117447769622
0 0.31141589350544574 0.7042631281761716 0.02016942315449778 0.01101072840203275
0 0.34590560709963697 0.7052512704686618 0.05203711173860428 0.010728402032749858
0 0.3937071399757967 0.6956521739130435 0.005647438483259379 0.003952569169960474
0 0.3979427188382412 0.7044042913608131 0.008471157724889069 0.006775832862789385
0 0.4128680919725696 0.7045454545454546 0.01734570391286809 0.007058159232072276
0 0.4592577652279145 0.6991812535290797 0.018152480839048003 0.014398644833427442
0 0.4883017345703913 0.7007340485601355 0.03993545784590561 0.015245623941276116
0 0.5139169019766034 0.7020045172219085 0.01855586930213796 0.009881422924901186
0 0.5693828156514724 0.7003105590062112 0.014925373134328358 0.013269339356295878
0 0.5843081887858007 0.7017221908526257 0.014118596208148447 0.009316770186335404
0 0.600847115772489 0.7015810276679841 0.011698265429608713 0.00846979107848673
0 0.6423961274707544 0.7027103331451158 0.07139975796692215 0.010728402032749858
0 0.7160145219846712 0.7014398644833427 0.016942315449778138 0.008752117447769622
0 0.7339653085921742 0.6979107848673066 0.014118596208148447 0.014116318464144552
0 0.7862041145623235 0.6987577639751553 0.0500201694231545 0.01355166572557877
0 0.8632513110125051 0.698334274421231 0.03953206938281565 0.016092603049124788
0 0.8989511899959661 0.7025691699604744 0.025413473174667203 0.005928853754940711
0 0.9247680516337232 0.700875211744777 0.024606696248487294 0.007058159232072276
0 0.9322307382008874 0.6929700734048561 0.005647438483259379 0.004234895539243365
0 0.9493747478822105 0.6998870694522868 0.018152480839048003 0.006775832862789385
0 0.963291649858814 0.6981931112365894 0.010488100040338847 0.010163749294184076
0 0.14118596208148446 0.7562111801242236 0.015328761597418314 0.007622811970638058
0 0.15792658329971762 0.7531055900621118 0.01734570391286809 0.014398644833427442
0 0.1853569987898346 0.7542348955392434 0.03509479628882614 0.009316770186335404
0 0.1954417103670835 0.7449181253529079 0.003630496167809601 0.003105590062111801
0 0.21258572004840662 0.7571993224167137 0.01371520774505849 0.006775832862789385
0 0.26058894715611136 0.7547995482778092 0.016135538523598225 0.009881422924901186
0 0.2791448164582493 0.75 0.016135538523598225 0.016092603049124788
0 0.32331585316659944 0.7515527950310559 0.01008471157724889 0.015245623941276116
0 0.35155304558289635 0.7516939582156974 0.03993545784590561 0.012140033879164314
0 0.4310205728116176 0.751270468661773 0.019766034691407825 0.01355166572557877
0 0.436264622831787 0.7555053642010163 0.0060508269463493344 0.00564652738565782
0 0.4663170633319887 0.7523997741389046 0.04921339249697459 0.010728402032749858
0 0.5121016538926987 0.7519762845849802 0.04154901169826543 0.007622811970638058
0 0.5695845098830173 0.7521174477696216 0.028237192416296894 0.009034443817052512
0 0.6064945542557483 0.7511293054771315 0.04235578862444534 0.010446075663466968
0 0.627067365873336 0.7557876905702993 0.003630496167809601 0.002258610954263128
