0 0.1700282371924163 0.22811970638057594 0.01734570391286809 0.01693958215697346
0 0.19967728922952804 0.23080180688876342 0.03711173860427592 0.00818746470920384
0 0.18475191609519967 0.21922642574816487 0.004840661557079467 0.002540937323546019
0 0.27934651068979427 0.22628458498023715 0.07785397337636143 0.02456239412761152
0 0.3217022993142396 0.20990965556182947 0.0052440500201694235 0.005928853754940711
0 0.33844292053247277 0.22684923771880294 0.01290843081887858 0.007622811970638058
0 0.40883420734167003 0.22261434217955958 0.052843888664784185 0.014963297571993224
0 0.4290036304961678 0.21315640880858272 0.0060508269463493344 0.003952569169960474
0 0.46026623638563935 0.22106154714850368 0.03953206938281565 0.01355166572557877
0 0.554255748285599 0.22035573122529645 0.09923356192012908 0.016657255787690572
0 0.6187979023799919 0.22092038396386224 0.021782977006857603 0.008752117447769622
0 0.6347317466720451 0.217673630717109 0.013311819281968536 0.01355166572557877
0 0.6944332392093586 0.2165443252399774 0.058491327148043566 0.017504234895539244
0 0.7420330778539733 0.2183794466403162 0.03751512706736587 0.020609824957651044
0 0.7799515933844292 0.20680406549971767 0.003630496167809601 0.002540937323546019
0 0.7920532472771279 0.21908526256352343 0.02218636546994756 0.007340485601355167
0 0.1952400161355385 0.2789384528514963 0.06131504638967326 0.020327498588368152
0 0.23033481242436465 0.27851496329757197 0.017749092375958047 0.011575381140598532
0 0.26764824526018555 0.2745623941276115 0.05526421944332392 0.016092603049124788
0 0.29245663574021785 0.26693958215697344 0.004840661557079467 0.0036702428006775835
0 0.3225090762404195 0.2841614906832298 0.045582896329164985 0.021739130434782608
0 0.3717224687373941 0.27315076228119706 0.013311819281968536 0.01383399209486166
0 0.4058087938684954 0.2745623941276115 0.050826946349334406 0.012704686617730096
0 0.517950786607503 0.2737154150197628 0.10326744655102864 0.014963297571993224
0 0.6115369100443727 0.27188029361942406 0.00645421540943929 0.01693958215697346
0 0.6349334409035902 0.27399774138904576 0.03711173860427592 0.01101072840203275
0 0.6651875756353368 0.27343308865047994 0.017749092375958047 0.014398644833427442
0 0.6833400564743848 0.277244494635799 0.012101653892698669 0.007340485601355167
0 0.7351754739814441 0.27540937323546016 0.031060911657926585 0.009881422924901186
0 0.809197256958451 0.2724449463579898 0.06696248487293263 0.01693958215697346
0 0.15671641791044777 0.32298136645962733 0.026220250100847116 0.018068887634105024
0 0.17426381605486083 0.32820440429136083 0.008874546187979023 0.008752117447769622
0 0.1881807180314643 0.32820440429136083 0.01653892698668818 0.009881422924901186
0 0.2117789431222267 0.32481648785996614 0.035498184751916094 0.017221908526256352
0 0.2390076643807987 0.3284867306606437 0.018959257765227916 0.010446075663466968
0 0.25231948366276724 0.3241106719367589 0.014925373134328358 0.01693958215697346
0 0.27591770875352967 0.3286278938452851 0.03065752319483663 0.00846979107848673
0 0.3217022993142396 0.3245341614906832 0.057684550221863654 0.016092603049124788
0 0.33864461476401775 0.3169113495200452 0.003630496167809601 0.007622811970638058
0 0.409035901573215 0.3245341614906832 0.041145623235175476 0.020609824957651044
0 0.46692214602662363 0.3255223037831734 0.08027430415490117 0.015245623941276116
0 0.5258168616377572 0.3297571993224167 0.004437273093989512 0.0033879164313946925
0 0.5835014118596208 0.3241106719367589 0.019766034691407825 0.01637492941840768
0 0.6121419927390077 0.3266516092603049 0.03751512706736587 0.007905138339920948
0 0.618192819685357 0.3167701863354037 0.007664380798709157 0.004517221908526256
0 0.6466317063331989 0.3232636928289102 0.028237192416296894 0.01355166572557877
0 0.718233158531666 0.3232636928289102 0.026220250100847116 0.01637492941840768
0 0.7392093586123437 0.32594579333709767 0.014118596208148447 0.007622811970638058
0 0.7535296490520371 0.32919254658385094 0.003227107704719645 0.002258610954263128
0 0.7944735780556677 0.32284020327498586 0.019766034691407825 0.020045172219085264
0 0.845502218636547 0.3219932241671372 0.07503025413473174 0.016092603049124788
0 0.8953206938281565 0.3255223037831734 0.022993142396127472 0.00846979107848673
0 0.909035901573215 0.3219932241671372 0.008471157724889069 0.01383399209486166
0 0.9292053247277128 0.32580463015245625 0.025413473174667203 0.009599096555618294
0 0.15590964098426785 0.3756352343308865 0.006857603872529245 0.016092603049124788
0 0.17607906413876562 0.3794466403162055 0.0326744655102864 0.010728402032749858
0 0.20310609116579265 0.3750705815923207 0.018959257765227916 0.01383399209486166
0 0.25857200484066156 0.3800112930547713 0.03307785397337636 0.007340485601355167
0 0.2626058894715611 0.36914172783738003 0.005647438483259379 0.005364201016374929
0 0.2878176684146833 0.38297571993224166 0.021379588543767647 0.014398644833427442
0 0.31343283582089554 0.3761998870694523 0.033884630899556276 0.015527950310559006
0 0.3473174667204518 0.3743647656691135 0.003227107704719645 0.0033879164313946925
0 0.3501411859620815 0.37789384528514963 0.003227107704719645 0.002540937323546019
0 0.3864461476401775 0.382128740824393 0.008874546187979023 0.007622811970638058
0 0.43263412666397744 0.3759175607001694 0.018959257765227916 0.01383399209486166
0 0.4562323517547398 0.37775268210050816 0.024203307785397338 0.01129305477131564
0 0.5215812827753126 0.3738001129305477 0.06776926179911255 0.018068887634105024
0 0.5843081887858007 0.3730942970073405 0.011698265429608713 0.01383399209486166
0 0.6006454215409439 0.3771880293619424 0.01855586930213796 0.009599096555618294
0 0.6597418313836224 0.3769057029926595 0.04235578862444534 0.011857707509881422
0 0.6645824929407019 0.366600790513834 0.003630496167809601 0.003105590062111801
0 0.6966518757563533 0.37789384528514963 0.016942315449778138 0.00818746470920384
0 0.727107704719645 0.3780350084697911 0.045582896329164985 0.00846979107848673
0 0.7845905607099637 0.37789384528514963 0.017749092375958047 0.009881422924901186
0 0.8281565147236789 0.3730942970073405 0.05486083098023396 0.016092603049124788
0 0.8862444534086326 0.37295313382269907 0.009681323114158934 0.014680971202710334
0 0.9033884630899556 0.37662337662337664 0.01734570391286809 0.00846979107848673
0 0.15490116982654295 0.42814793901750425 0.020976200080677694 0.01383399209486166
0 0.17426381605486083 0.42970073404856013 0.015328761597418314 0.009034443817052512
0 0.21903993545784592 0.41953698475437606 0.008067769261799113 0.005081874647092038
0 0.22125857200484067 0.43125352907961606 0.0052440500201694235 0.007622811970638058
0 0.23699072206534894 0.42504234895539245 0.013311819281968536 0.01948051948051948
0 0.27753126260588945 0.4254658385093168 0.010488100040338847 0.012987012987012988
0 0.3096006454215409 0.42814793901750425 0.05526421944332392 0.01101072840203275
0 0.3763614360629286 0.424901185770751 0.03630496167809601 0.015810276679841896
0 0.4060104881000403 0.42857142857142855 0.01653892698668818 0.006211180124223602
0 0.4144816458249294 0.4181253529079616 0.0052440500201694235 0.00564652738565782
0 0.43041549011698266 0.4244776962168266 0.022589753933037516 0.014398644833427442
0 0.4390883420734167 0.4201016374929418 0.004437273093989512 0.003952569169960474
0 0.45340863251311014 0.42970073404856013 0.012101653892698669 0.006775832862789385
0 0.46994755949979833 0.42631281761716544 0.016135538523598225 0.014116318464144552
0 0.5572811617587737 0.4268774703557312 0.07139975796692215 0.011857707509881422
0 0.6129487696651875 0.42913608130999437 0.03428801936264623 0.009034443817052512
0 0.6375554659136748 0.4292772444946358 0.010891488503428802 0.007622811970638058
0 0.6575231948366277 0.4244776962168266 0.01855586930213796 0.013269339356295878
0 0.6859620814844696 0.42603049124788256 0.03751512706736587 0.01355166572557877
0 0.7018959257765228 0.4209486166007905 0.005647438483259379 0.0033879164313946925
0 0.7341670028237193 0.42941840767927725 0.04517950786607503 0.007340485601355167
0 0.7624041952400161 0.4313946922642575 0.004033884630899556 0.0033879164313946925
0 0.7853973376361436 0.41770186335403725 0.009681323114158934 0.007058159232072276
0 0.17749092375958048 0.4779785431959345 0.06212182331585317 0.019198193111236588
0 0.23396530859217426 0.4762845849802372 0.04195240016135539 0.017504234895539244
0 0.26946349334409037 0.4774138904573687 0.02016942315449778 0.011857707509881422
0 0.30133118192819686 0.4829192546583851 0.041145623235175476 0.017786561264822136
0 0.37696651875756354 0.47557876905702995 0.01734570391286809 0.015527950310559006
0 0.40843081887858007 0.4782608695652174 0.040742234772085516 0.010163749294184076
0 0.3916901976603469 0.4686617730095991 0.004840661557079467 0.00282326369282891
0 0.4967728922952804 0.4767080745341615 0.07866075030254134 0.0251270468661773
0 0.4772085518354175 0.4762845849802372 0.007260992335619202 0.010163749294184076
0 0.5419524001613554 0.46852060982495763 0.0060508269463493344 0.005928853754940711
0 0.5540540540540541 0.4813664596273292 0.01008471157724889 0.006775832862789385
0 0.6022589753933038 0.4813664596273292 0.016135538523598225 0.010163749294184076
0 0.6409842678499394 0.47699040090344436 0.05970149253731343 0.013269339356295878
0 0.6409842678499394 0.46725014116318464 0.007260992335619202 0.00282326369282891
0 0.6847519160951997 0.4751552795031056 0.01653892698668818 0.01693958215697346
0 0.745663574021783 0.4792490118577075 0.030254134731746672 0.00818746470920384
0 0.7519160951996773 0.4723320158102767 0.003227107704719645 0.003952569169960474
0 0.7849939491730537 0.47882552230378317 0.04356595401371521 0.01129305477131564
0 0.8223073820088745 0.4860248447204969 0.003630496167809601 0.007058159232072276
0 0.863654699475595 0.47684923771880294 0.021782977006857603 0.015810276679841896
0 0.8852359822509076 0.47939017504234893 0.020572811617587738 0.00846979107848673
0 0.9050020169423154 0.4858836815358554 0.003630496167809601 0.002258610954263128
0 0.14885034288019364 0.532326369282891 0.01371520774505849 0.020045172219085264
0 0.16780960064542155 0.5328910220214568 0.02016942315449778 0.00818746470920384
0 0.18777732956837434 0.5299265951439864 0.025413473174667203 0.012422360248447204
0 0.18797902379991932 0.5224449463579899 0.00645421540943929 0.0036702428006775835
0 0.21581282775312627 0.5327498588368154 0.029043969342476807 0.007340485601355167
0 0.2781363453005244 0.5271033314511575 0.014925373134328358 0.015245623941276116
0 0.3174667204517951 0.5302089215132694 0.053247277127874144 0.01129305477131564
0 0.3555869302137959 0.5306324110671937 0.02218636546994756 0.006493506493506494
0 0.39854780153287617 0.5258328627893846 0.0572811617587737 0.0189158667419537
0 0.39330375151270675 0.5183512140033879 0.009681323114158934 0.003952569169960474
0 0.4312222670431626 0.5275268210050819 0.011294876966518758 0.014398644833427442
0 0.4530052440500202 0.5283738001129306 0.029850746268656716 0.012140033879164314
0 0.4858814037918516 0.5345849802371542 0.004437273093989512 0.01101072840203275
0 0.5352964905203711 0.5273856578204404 0.028237192416296894 0.012987012987012988
0 0.5740217829770069 0.5299265951439864 0.0500201694231545 0.014680971202710334
0 0.6135538523598225 0.5262563523433089 0.02016942315449778 0.01129305477131564
0 0.6623638563937071 0.5263975155279503 0.07745058491327148 0.012704686617730096
0 0.754134731746672 0.527244494635799 0.0463896732553449 0.01383399209486166
0 0.7553448971359419 0.519339356295878 0.004437273093989512 0.002540937323546019
0 0.8392496974586526 0.5278091473743648 0.06978620411456232 0.012704686617730096
0 0.8424768051633723 0.5156691134952005 0.0060508269463493344 0.003105590062111801
0 0.8854376764824526 0.5237154150197628 0.015328761597418314 0.01693958215697346
0 0.15389269866881808 0.581733483907397 0.02218636546994756 0.009881422924901186
0 0.20855183541750705 0.5807453416149069 0.03227107704719645 0.009034443817052512
0 0.26220250100847114 0.5787690570299266 0.07018959257765228 0.019762845849802372
0 0.3479225494150867 0.5832862789384529 0.03993545784590561 0.010728402032749858
0 0.42396127470754336 0.5773574251835122 0.03307785397337636 0.012987012987012988
0 0.4267849939491731 0.5707227555053642 0.004840661557079467 0.0036702428006775835
0 0.4475594997983058 0.5796160361377752 0.014118596208148447 0.009034443817052512
0 0.4991932230738201 0.5772162619988707 0.013311819281968536 0.015527950310559006
0 0.518152480839048 0.5794748729531338 0.02218636546994756 0.00818746470920384
0 0.5340863251311012 0.5790513833992095 0.01290843081887858 0.011857707509881422
0 0.5550625252117789 0.5789102202145681 0.02016942315449778 0.012140033879164314
0 0.6068979427188382 0.5811688311688312 0.02218636546994756 0.009316770186335404
0 0.6189995966115369 0.5700169395821569 0.004437273093989512 0.002258610954263128
0 0.6244453408632513 0.5806041784302653 0.009681323114158934 0.007622811970638058
0 0.6486486486486487 0.5765104460756635 0.035498184751916094 0.012987012987012988
0 0.709560306575232 0.5782044042913608 0.023396530859217425 0.018633540372670808
0 0.7289229528035498 0.5803218520609825 0.012101653892698669 0.007058159232072276
0 0.7446551028640581 0.5845567476002259 0.003227107704719645 0.001976284584980237
0 0.7835820895522388 0.5786278938452851 0.024606696248487294 0.016092603049124788
0 0.8057684550221864 0.5804630152456239 0.018959257765227916 0.00846979107848673
0 0.8235175473981444 0.5813099943534726 0.014118596208148447 0.009034443817052512
0 0.8539733763614361 0.5804630152456239 0.03711173860427592 0.009034443817052512
0 0.8697055264219443 0.57128740824393 0.004840661557079467 0.004799548277809147
0 0.9060104881000404 0.5765104460756635 0.053247277127874144 0.011857707509881422
0 0.1663977410246067 0.6278938452851497 0.03509479628882614 0.01637492941840768
0 0.2490923759580476 0.6291643139469226 0.019766034691407825 0.014963297571993224
0 0.28378378378378377 0.6294466403162056 0.04719645018152481 0.012704686617730096
0 0.34630899556272693 0.6326933935629587 0.07704719645018153 0.012422360248447204
0 0.4035901573215006 0.6331168831168831 0.004437273093989512 0.002540937323546019
