0 0.14521984671238403 0.2567758328627894 0.008874546187979023 0.018351214003387916
0 0.15409439290036306 0.2607284020327499 0.024203307785397338 0.03472614342179559
0 0.19402985074626866 0.25691699604743085 0.024203307785397338 0.020892151326933936
0 0.21036708350141187 0.2618577075098814 0.014925373134328358 0.010446075663466968
0 0.2507059298104074 0.25945793337097683 0.02702702702702703 0.019198193111236588
0 0.26845502218636547 0.2639751552795031 0.014118596208148447 0.01129305477131564
0 0.2855990318676886 0.26312817617165446 0.028237192416296894 0.01129305477131564
0 0.3096006454215409 0.2597402597402597 0.024606696248487294 0.019198193111236588
0 0.3259378781766841 0.2636928289102202 0.015328761597418314 0.011857707509881422
0 0.3408632513110125 0.2628458498023715 0.016942315449778138 0.010163749294184076
0 0.3588140379185155 0.25889328063241107 0.02379991932230738 0.017504234895539244
0 0.3785800726099234 0.26792772444946356 0.008471157724889069 0.00846979107848673
0 0.3836224283985478 0.26750423489553926 0.008874546187979023 0.00818746470920384
0 0.41589350544574427 0.26101072840203277 0.03711173860427592 0.009881422924901186
0 0.4386849536103267 0.2611518915866742 0.018152480839048003 0.010163749294184076
0 0.46006454215409437 0.25818746470920384 0.033481242436466316 0.016657255787690572
0 0.481444130697862 0.26157538114059853 0.007664380798709157 0.001976284584980237
0 0.4893102057281162 0.26312817617165446 0.014521984671238403 0.010728402032749858
0 0.508874546187979 0.2628458498023715 0.035901573215006054 0.010163749294184076
0 0.5338846308995563 0.25804630152456237 0.018152480839048003 0.017504234895539244
0 0.5391286809197257 0.26242236024844723 0.01653892698668818 0.010446075663466968
0 0.5528438886647842 0.26002258610954265 0.01653892698668818 0.015810276679841896
0 0.5655506252521177 0.26228119706380576 0.01371520774505849 0.009599096555618294
0 0.5681726502622025 0.2532467532467532 0.0028237192416296895 0.00282326369282891
0 0.5774505849132715 0.2627046866177301 0.01573215006050827 0.009881422924901186
0 0.5992335619201291 0.25395256916996045 0.00927793465106898 0.007622811970638058
0 0.6016538926986689 0.2553642010163749 0.007664380798709157 0.006493506493506494
0 0.6407825736183945 0.2598814229249012 0.04477611940298507 0.01383399209486166
0 0.6895925776522791 0.26101072840203277 0.030254134731746672 0.012704686617730096
0 0.7200484066155708 0.25508187464709203 0.03469140782573618 0.022303783173348392
0 0.7351754739814441 0.2574816487859966 0.01734570391286809 0.020327498588368152
0 0.7436466317063332 0.26228119706380576 0.014118596208148447 0.010163749294184076
0 0.7791448164582493 0.2587521174477696 0.03509479628882614 0.021174477696216828
0 0.8114158935054457 0.2694805194805195 0.0326744655102864 0.026256352343308864
0 0.8021379588543768 0.2522586109542631 0.0028237192416296895 0.003105590062111801
0 0.14602662363856395 0.31211180124223603 0.02016942315449778 0.01948051948051948
0 0.1591367486889875 0.31592320722755507 0.013311819281968536 0.010728402032749858
0 0.20229931423961275 0.3114059853190288 0.02218636546994756 0.020892151326933936
0 0.21157724889068172 0.31408808582721626 0.011698265429608713 0.011575381140598532
0 0.22226704316256554 0.31408808582721626 0.020976200080677694 0.01101072840203275
0 0.23336022589753933 0.314652738565782 0.00927793465106898 0.010446075663466968
0 0.24768051633723276 0.3114059853190288 0.022589753933037516 0.017504234895539244
0 0.24162968939088342 0.3073122529644269 0.0024203307785397336 0.003105590062111801
0 0.25958047599838646 0.31394692264257484 0.014925373134328358 0.011857707509881422
0 0.2708753529649052 0.31408808582721626 0.01734570391286809 0.010446075663466968
0 0.2845905607099637 0.3105590062111801 0.01573215006050827 0.018068887634105024
0 0.32230738200887454 0.31154714850367027 0.028237192416296894 0.018351214003387916
0 0.3390480032271077 0.31493506493506496 0.014925373134328358 0.009881422924901186
0 0.3509479628882614 0.31098249576510445 0.020976200080677694 0.021174477696216828
0 0.39027833803953205 0.314652738565782 0.035901573215006054 0.027385657820440428
0 0.4164985881403792 0.3156408808582722 0.02379991932230738 0.010728402032749858
0 0.45461879790237997 0.31197063805759456 0.017749092375958047 0.019198193111236588
0 0.46853569987898347 0.3156408808582722 0.019766034691407825 0.010728402032749858
0 0.4737797498991529 0.3073122529644269 0.002016942315449778 0.001976284584980237
0 0.5 0.30957086391869 0.019766034691407825 0.01948051948051948
0 0.5157321500605083 0.31394692264257484 0.01653892698668818 0.011857707509881422
0 0.5407422347720855 0.31126482213438733 0.03993545784590561 0.017221908526256352
0 0.5576845502218637 0.31521739130434784 0.014118596208148447 0.010446075663466968
0 0.5839048003227107 0.31648785996612083 0.010891488503428802 0.010728402032749858
0 0.5939895118999596 0.31084133258046304 0.01734570391286809 0.018633540372670808
0 0.5925776522791448 0.3060417843026539 0.0024203307785397336 0.0016939582156973462
0 0.6169826542960871 0.3147939017504235 0.027833803953206938 0.01355166572557877
0 0.6373537716821299 0.3207227555053642 0.028237192416296894 0.024844720496894408
0 0.6311012505042356 0.3145115753811406 0.012505042355788625 0.01129305477131564
0 0.6427995159338443 0.30448898927159795 0.002016942315449778 0.002540937323546019
0 0.655304558289633 0.31070016939582157 0.020572811617587738 0.020045172219085264
0 0.6692214602662364 0.3105590062111801 0.01936264622831787 0.018633540372670808
0 0.7152077450584913 0.30999435347261434 0.05244050020169423 0.020327498588368152
0 0.77349737797499 0.31154714850367027 0.058491327148043566 0.020045172219085264
0 0.16599435256151673 0.36617730095990964 0.05687777329568374 0.030491247882552232
0 0.19685356998789835 0.3650479954827781 0.017749092375958047 0.018068887634105024
0 0.21238402581686164 0.3634952004517222 0.014925373134328358 0.018351214003387916
0 0.26401774909237596 0.3613777526821005 0.03509479628882614 0.018633540372670808
0 0.28680919725695847 0.36180124223602483 0.014521984671238403 0.017221908526256352
0 0.31121419927390076 0.3609542631281762 0.024606696248487294 0.017786561264822136
0 0.327148043565954 0.3644833427442123 0.01371520774505849 0.01129305477131564
0 0.37252924566357404 0.3651891586674195 0.03993545784590561 0.012140033879164314
0 0.40419524001613555 0.36236589497459065 0.029850746268656716 0.017221908526256352
0 0.4495764421137555 0.3651891586674195 0.040742234772085516 0.028514963297571992
0 0.4792254941508673 0.36490683229813664 0.02743041549011698 0.012140033879164314
0 0.5110931827349737 0.36151891586674195 0.028237192416296894 0.0189158667419537
0 0.5294473578055667 0.3651891586674195 0.01734570391286809 0.012140033879164314
0 0.5629286002420331 0.3619424054206663 0.031060911657926585 0.015810276679841896
0 0.5841064945542558 0.36151891586674195 0.023396530859217425 0.015527950310559006
0 0.599435256151674 0.3601072840203275 0.02501008471157725 0.018351214003387916
0 0.6246470350947962 0.3606719367588933 0.030254134731746672 0.01948051948051948
0 0.6657926583299718 0.3643421795595709 0.0326744655102864 0.0251270468661773
0 0.7067365873336022 0.36278938452851495 0.03065752319483663 0.021456804065499716
0 0.7240822912464704 0.365330321852061 0.015328761597418314 0.011857707509881422
0 0.15490116982654295 0.4096555618294749 0.026623638563937072 0.020327498588368152
0 0.17809600645421542 0.4150197628458498 0.02702702702702703 0.012422360248447204
0 0.20512303348124244 0.4153020892151327 0.038321903993545785 0.011857707509881422
0 0.22872125857200484 0.4150197628458498 0.01936264622831787 0.011857707509881422
0 0.26200080677692617 0.4148785996612084 0.051230334812424366 0.01383399209486166
0 0.2954820492133925 0.41205533596837945 0.018959257765227916 0.017786561264822136
0 0.3096006454215409 0.41120835686053075 0.027833803953206938 0.017221908526256352
0 0.36345300524405 0.4161490683229814 0.035498184751916094 0.015245623941276116
0 0.3852359822509076 0.415725578769057 0.017749092375958047 0.013269339356295878
0 0.41407825736183945 0.41360813099943533 0.01734570391286809 0.012987012987012988
0 0.42718838241226303 0.41417278373800115 0.01936264622831787 0.01129305477131564
0 0.46692214602662363 0.41360813099943533 0.027833803953206938 0.01355166572557877
0 0.48870512303348124 0.41304347826086957 0.02944735780556676 0.014116318464144552
0 0.509883017345704 0.4137492941840768 0.020976200080677694 0.01383399209486166
0 0.5235982250907624 0.4148785996612084 0.016942315449778138 0.01101072840203275
0 0.527228721258572 0.40400903444381703 0.0024203307785397336 0.003952569169960474
0 0.5375151270673659 0.41431394692264256 0.021379588543767647 0.012140033879164314
0 0.5857200484066156 0.41417278373800115 0.035498184751916094 0.015245623941276116
0 0.6171843485276322 0.41205533596837945 0.03711173860427592 0.022868435911914172
0 0.6377571601452199 0.4212309429700734 0.024203307785397338 0.025974025974025976
0 0.682533279548205 0.4140316205533597 0.028237192416296894 0.026256352343308864
0 0.7089552238805971 0.409373235460192 0.022993142396127472 0.020327498588368152
0 0.7188382412263009 0.4140316205533597 0.021782977006857603 0.012704686617730096
0 0.7267043162565551 0.4030208921513269 0.002016942315449778 0.001976284584980237
0 0.7821702299314239 0.41953698475437606 0.09600645421540945 0.023150762281197064
0 0.8344090359015732 0.41869000564652736 0.0028237192416296895 0.0016939582156973462
0 0.1661960467930617 0.46485036702428006 0.04921339249697459 0.031338226990400904
0 0.18334005647438484 0.45525127046866176 0.002016942315449778 0.001976284584980237
0 0.19160951996772893 0.4647092038396386 0.014521984671238403 0.012987012987012988
0 0.21782977006857604 0.46499153020892153 0.01855586930213796 0.014116318464144552
0 0.23416700282371924 0.4634387351778656 0.018152480839048003 0.016657255787690572
0 0.24102460669624848 0.4640033879164314 0.019766034691407825 0.018351214003387916
0 0.2569584509883017 0.467673630717109 0.012101653892698669 0.009881422924901186
0 0.27269060104881 0.46174477696216826 0.02016942315449778 0.01948051948051948
0 0.2708753529649052 0.4575098814229249 0.004437273093989512 0.004799548277809147
0 0.3061718434852763 0.4640033879164314 0.03953206938281565 0.014398644833427442
0 0.33420734167002825 0.4662619988706945 0.01653892698668818 0.01383399209486166
0 0.38019362646228316 0.46386222473178995 0.027833803953206938 0.019762845849802372
0 0.390480032271077 0.46710897797854317 0.010488100040338847 0.009881422924901186
0 0.4062121823315853 0.46950875211744775 0.0024203307785397336 0.00282326369282891
0 0.4290036304961678 0.46301524562394125 0.02218636546994756 0.018068887634105024
0 0.4419120613150464 0.4637210615471485 0.019766034691407825 0.016657255787690572
0 0.4530052440500202 0.4654150197628458 0.01371520774505849 0.01101072840203275
0 0.46692214602662363 0.4655561829474873 0.01653892698668818 0.012987012987012988
0 0.4919322307382009 0.46597967250141165 0.04235578862444534 0.014398644833427442
0 0.5201694231544978 0.4624505928853755 0.020572811617587738 0.020327498588368152
0 0.5611133521581283 0.46202710333145114 0.048406615570794675 0.020045172219085264
0 0.6151674062121824 0.4666854884246189 0.03307785397337636 0.014680971202710334
0 0.6335215812827754 0.47063805759457933 0.022993142396127472 0.025409373235460192
0 0.6478418717224688 0.47035573122529645 0.023396530859217425 0.024280067758328628
0 0.6668011294876967 0.46612083568605306 0.024203307785397338 0.01355166572557877
0 0.6843485276321097 0.4614624505928854 0.021379588543767647 0.021174477696216828
0 0.7051230334812424 0.46287408243929984 0.029850746268656716 0.0189158667419537
0 0.7406212182331585 0.46485036702428006 0.02743041549011698 0.021739130434782608
0 0.7601855586930214 0.467673630717109 0.018152480839048003 0.013269339356295878
0 0.7755143202904397 0.4640033879164314 0.019766034691407825 0.020045172219085264
0 0.8039532069382815 0.46174477696216826 0.029043969342476807 0.0189158667419537
0 0.8158531665994353 0.4662619988706945 0.013311819281968536 0.01101072840203275
0 0.8259378781766842 0.46696781479390176 0.01734570391286809 0.01129305477131564
0 0.8295683743444937 0.4562394127611519 0.004437273093989512 0.005081874647092038
0 0.1536910044372731 0.5200451722190853 0.03146430012101654 0.023150762281197064
0 0.1782977006857604 0.5160926030491247 0.02581686163775716 0.01129305477131564
0 0.1962484872932634 0.516798418972332 0.011698265429608713 0.008752117447769622
0 0.2319483662767245 0.5122811970638057 0.03065752319483663 0.021174477696216828
0 0.25110931827349736 0.5172219085262564 0.018152480839048003 0.010728402032749858
0 0.2964905203711174 0.5121400338791643 0.02581686163775716 0.019762845849802372
0 0.3152480839048003 0.515527950310559 0.01573215006050827 0.01129305477131564
0 0.34429205324727713 0.5158102766798419 0.051230334812424366 0.014116318464144552
0 0.373134328358209 0.5166572557876906 0.010488100040338847 0.01129305477131564
0 0.3864461476401775 0.5159514398644833 0.016942315449778138 0.01101072840203275
0 0.38866478418717226 0.5067758328627894 0.0028237192416296895 0.003952569169960474
0 0.42617991125453814 0.5112930547713156 0.022993142396127472 0.018068887634105024
0 0.4485679709560307 0.5163749294184077 0.03065752319483663 0.01129305477131564
0 0.46752722872125857 0.5163749294184077 0.017749092375958047 0.012422360248447204
0 0.4834610730133118 0.5145398080180689 0.019766034691407825 0.017221908526256352
0 0.4967728922952804 0.5134105025409373 0.025413473174667203 0.017786561264822136
0 0.5161355385235982 0.5146809712027103 0.020572811617587738 0.018068887634105024
0 0.5346914078257362 0.516798418972332 0.01573215006050827 0.01101072840203275
0 0.5304558289632917 0.5087521174477696 0.0024203307785397336 0.002258610954263128
0 0.5403388463089955 0.5179277244494636 0.012505042355788625 0.009881422924901186
0 0.5461879790237999 0.5145398080180689 0.011294876966518758 0.006493506493506494
0 0.5897539330375151 0.5112930547713156 0.03872529245663574 0.019198193111236588
0 0.6189995966115369 0.5151044607566346 0.0326744655102864 0.012704686617730096
0 0.63695038321904 0.5158102766798419 0.01290843081887858 0.010163749294184076
0 0.6484469544171036 0.5124223602484472 0.021379588543767647 0.019198193111236588
0 0.6484469544171036 0.5060700169395822 0.0028237192416296895 0.001976284584980237
0 0.6952400161355385 0.5131281761716544 0.056070996369503835 0.022303783173348392
0 0.7295280354981848 0.5122811970638057 0.020572811617587738 0.01948051948051948
0 0.7436466317063332 0.5122811970638057 0.030254134731746672 0.0189158667419537
0 0.7799515933844292 0.5163749294184077 0.02702702702702703 0.014116318464144552
0 0.7974989915288423 0.5172219085262564 0.016942315449778138 0.01129305477131564
0 0.8122226704316257 0.5166572557876906 0.01653892698668818 0.01129305477131564
0 0.827753126260589 0.5122811970638057 0.02016942315449778 0.021174477696216828
0 0.1438079870915692 0.5653585544889893 0.010891488503428802 0.01101072840203275
0 0.1526825332795482 0.567193675889328 0.014925373134328358 0.010728402032749858
0 0.15389269866881808 0.5556182947487295 0.0028237192416296895 0.0033879164313946925
0 0.1865671641791045 0.5626764539808018 0.021379588543767647 0.017504234895539244
0 0.20391286809197257 0.5656408808582721 0.02944735780556676 0.011575381140598532
0 0.2309398951189996 0.5653585544889893 0.0318676885841065 0.014398644833427442
0 0.2535296490520371 0.568746470920384 0.0028237192416296895 0.002540937323546019
0 0.13795885437676483 0.6205533596837944 0.014521984671238403 0.01355166572557877
0 0.15732150060508268 0.6201298701298701 0.016135538523598225 0.009881422924901186
0 0.17789431222267044 0.6212591756070017 0.03065752319483663 0.01101072840203275
0 0.2073416700282372 0.6277526821005082 0.029043969342476807 0.021739130434782608
0 0.23033481242436465 0.6199887069452287 0.017749092375958047 0.01693958215697346
