0 0.16780960064542155 0.21230942970073405 0.04437273093989512 0.020327498588368152
0 0.20814844695441712 0.2183794466403162 0.005647438483259379 0.004799548277809147
0 0.2236789027833804 0.21823828345567475 0.025413473174667203 0.00564652738565782
0 0.21319080274304156 0.21301524562394128 0.002016942315449778 0.001976284584980237
0 0.26643807987091567 0.2106154714850367 0.025413473174667203 0.015810276679841896
0 0.2801532876159742 0.21132128740824394 0.002016942315449778 0.001411631846414455
0 0.2882210568777733 0.21696781479390176 0.014118596208148447 0.006493506493506494
0 0.36042759177087536 0.21202710333145117 0.10205728116175877 0.018068887634105024
0 0.4465510286405809 0.2111801242236025 0.024203307785397338 0.014116318464144552
0 0.4584509883017346 0.21202710333145117 0.002016942315449778 0.0016939582156973462
0 0.46853569987898347 0.21781479390175043 0.014118596208148447 0.005928853754940711
0 0.5151270673658733 0.20835686053077357 0.03953206938281565 0.019198193111236588
0 0.5352964905203711 0.20680406549971767 0.0016135538523598225 0.001411631846414455
0 0.5524405002016942 0.21089779785431959 0.035901573215006054 0.020892151326933936
0 0.6052843888664784 0.20652173913043478 0.020572811617587738 0.018351214003387916
0 0.6403791851553046 0.21132128740824394 0.051230334812424366 0.015527950310559006
0 0.6165792658329972 0.20835686053077357 0.002016942315449778 0.0016939582156973462
0 0.6986688180718031 0.21132128740824394 0.08148446954417103 0.014398644833427442
0 0.7436466317063332 0.21470920383963862 0.012505042355788625 0.005364201016374929
0 0.8013311819281969 0.20878035008469792 0.06575231948366277 0.016092603049124788
0 0.16438079870915692 0.2639751552795031 0.0463896732553449 0.015245623941276116
0 0.218233158531666 0.2607284020327499 0.04356595401371521 0.016657255787690572
0 0.2825736183945139 0.26101072840203277 0.05445744251714401 0.014398644833427442
0 0.27511093182734975 0.26171654432524 0.0016135538523598225 0.001129305477131564
0 0.3578055667607906 0.26242236024844723 0.07341670028237192 0.014963297571993224
0 0.4037918515530456 0.2684923771880294 0.003227107704719645 0.0033879164313946925
0 0.436466317063332 0.2593167701863354 0.008067769261799113 0.014398644833427442
0 0.44372730939895116 0.25 0.01936264622831787 0.004234895539243365
0 0.45784590560709965 0.25705815923207226 0.03227107704719645 0.017221908526256352
0 0.526825332795482 0.262987012987013 0.07341670028237192 0.022868435911914172
0 0.5986284792254941 0.2618577075098814 0.04759983864461476 0.010446075663466968
0 0.6534893102057281 0.2593167701863354 0.03146430012101654 0.020609824957651044
0 0.7041145623235175 0.25818746470920384 0.043969342476805166 0.017221908526256352
0 0.7511093182734974 0.2564935064935065 0.063735377168213 0.016657255787690572
0 0.7638160548608309 0.25592885375494073 0.0028237192416296895 0.001411631846414455
0 0.7876159741831383 0.26355166572557875 0.026220250100847116 0.012704686617730096
0 0.8344090359015732 0.2577639751552795 0.04235578862444534 0.019762845849802372
0 0.17708753529649052 0.31211180124223603 0.06776926179911255 0.017786561264822136
0 0.254941508672852 0.3154997176736307 0.04759983864461476 0.008752117447769622
0 0.2658329971762808 0.3116883116883117 0.0024203307785397336 0.002258610954263128
0 0.29850746268656714 0.31070016939582157 0.03630496167809601 0.016092603049124788
0 0.38120209762000806 0.3145115753811406 0.09762000806776926 0.025974025974025976
0 0.38563937071399756 0.31197063805759456 0.0016135538523598225 0.0016939582156973462
0 0.46974586526825335 0.30957086391869 0.03993545784590561 0.017221908526256352
0 0.5102864058087939 0.31309994353472614 0.008874546187979023 0.006775832862789385
0 0.5290439693424768 0.3104178430265387 0.026220250100847116 0.017221908526256352
0 0.5427591770875353 0.3091473743647657 0.002016942315449778 0.001129305477131564
0 0.5651472367890278 0.30886504799548276 0.045986284792254944 0.015810276679841896
0 0.627067365873336 0.31084133258046304 0.043969342476805166 0.01355166572557877
0 0.6680112948769665 0.31394692264257484 0.014521984671238403 0.00564652738565782
0 0.6700282371924163 0.3080180688876341 0.0024203307785397336 0.001129305477131564
0 0.7156111335215812 0.30957086391869 0.05405405405405406 0.008752117447769622
0 0.8126260588947156 0.31098249576510445 0.10851149657119806 0.023997741389045736
0 0.8047599838644615 0.30321852060982496 0.0016135538523598225 0.001129305477131564
0 0.8370310609116579 0.3046301524562394 0.0016135538523598225 0.002258610954263128
0 0.14320290439693426 0.3613777526821005 0.012101653892698669 0.017504234895539244
0 0.1553045582896329 0.36928289102202144 0.02016942315449778 0.007905138339920948
0 0.19564340459862847 0.3622247317899492 0.01371520774505849 0.01355166572557877
0 0.21803146430012102 0.3613777526821005 0.04235578862444534 0.019198193111236588
0 0.2446551028640581 0.3699887069452287 0.002016942315449778 0.001411631846414455
0 0.28479225494150867 0.3588368153585545 0.01855586930213796 0.015245623941276116
0 0.31484469544171034 0.36335403726708076 0.06252521177894312 0.023150762281197064
0 0.35034288019362647 0.3564370412196499 0.002016942315449778 0.005364201016374929
0 0.3612343686970553 0.36391869000564653 0.011698265429608713 0.006775832862789385
0 0.45683743444937475 0.3601072840203275 0.12303348124243646 0.023997741389045736
0 0.4774102460669625 0.35827216261998873 0.002016942315449778 0.0016939582156973462
0 0.5421540943929004 0.34937888198757766 0.01855586930213796 0.003105590062111801
0 0.5375151270673659 0.3598249576510446 0.008471157724889069 0.013269339356295878
0 0.5461879790237999 0.3613777526821005 0.00645421540943929 0.004517221908526256
0 0.573013311819282 0.36151891586674195 0.045582896329164985 0.009881422924901186
0 0.5518354175070593 0.3570016939582157 0.0016135538523598225 0.001976284584980237
0 0.6159741831383623 0.35940146809712026 0.009681323114158934 0.0220214568040655
0 0.6583299717628076 0.35686053077357427 0.0653489310205728 0.015810276679841896
0 0.7010891488503429 0.35813099943534726 0.0016135538523598225 0.001976284584980237
0 0.7020976200080677 0.3632128740824393 0.0028237192416296895 0.003105590062111801
0 0.7202501008471158 0.3492377188029362 0.003630496167809601 0.007340485601355167
0 0.7244856797095603 0.3490965556182947 0.005647438483259379 0.007622811970638058
0 0.7339653085921742 0.35940146809712026 0.006857603872529245 0.012422360248447204
0 0.7398144413069786 0.35093167701863354 0.012101653892698669 0.0016939582156973462
0 0.754538120209762 0.35827216261998873 0.035901573215006054 0.01693958215697346
0 0.8289632916498588 0.35629587803500845 0.08471157724889068 0.0220214568040655
0 0.15671641791044777 0.41332580463015245 0.027833803953206938 0.018633540372670808
0 0.19423154497781364 0.41022021456804064 0.01008471157724889 0.012987012987012988
0 0.21258572004840662 0.41007905138339923 0.03065752319483663 0.016657255787690572
0 0.2876159741831384 0.41007905138339923 0.08148446954417103 0.0251270468661773
0 0.35074626865671643 0.41304347826086957 0.014118596208148447 0.00846979107848673
0 0.35054457442517145 0.40584415584415584 0.0024203307785397336 0.001411631846414455
0 0.3840258168616378 0.40796160361377753 0.012101653892698669 0.01693958215697346
0 0.4027833803953207 0.4085262563523433 0.03670835014118596 0.017504234895539244
0 0.4429205324727713 0.41022021456804064 0.011294876966518758 0.006775832862789385
0 0.4967728922952804 0.4124788255223038 0.09479628882613957 0.01637492941840768
0 0.5889471561113352 0.4052795031055901 0.055667607906413875 0.0189158667419537
0 0.6246470350947962 0.4030208921513269 0.003630496167809601 0.007058159232072276
0 0.6284792254941509 0.40358554488989273 0.004840661557079467 0.007622811970638058
0 0.6415893505445744 0.4082439299830604 0.011698265429608713 0.026538678712591756
0 0.7077450584913272 0.40923207227555053 0.07624041952400161 0.020045172219085264
0 0.7486889874949576 0.41120835686053075 0.016942315449778138 0.006493506493506494
0 0.7712787414279951 0.41219649915302087 0.003227107704719645 0.0016939582156973462
0 0.77269060104881 0.40570299265951437 0.0028237192416296895 0.0016939582156973462
0 0.7968939088342073 0.40019762845849804 0.004437273093989512 0.008752117447769622
0 0.8011294876966518 0.4007622811970638 0.00645421540943929 0.009881422924901186
0 0.8160548608309802 0.4114906832298137 0.02016942315449778 0.018351214003387916
0 0.8323920935861234 0.41022021456804064 0.03670835014118596 0.018633540372670808
0 0.22125857200484067 0.46725014116318464 0.1464300121016539 0.023715415019762844
0 0.33420734167002825 0.4637210615471485 0.04477611940298507 0.01948051948051948
0 0.4080274304154901 0.4621682665160926 0.06494554255748286 0.017504234895539244
0 0.49515933844292054 0.4652738565782044 0.06897942718838242 0.019198193111236588
0 0.5564743848325938 0.4613212874082439 0.013311819281968536 0.014680971202710334
0 0.5667607906413876 0.4655561829474873 0.01936264622831787 0.009599096555618294
0 0.599435256151674 0.4621682665160926 0.01290843081887858 0.01693958215697346
0 0.627470754336426 0.46259175607001696 0.052843888664784185 0.023433088650479956
0 0.682533279548205 0.4654150197628458 0.005647438483259379 0.004799548277809147
0 0.6871722468737395 0.4603331451157538 0.002016942315449778 0.001976284584980237
0 0.7470754336425979 0.46160361377752684 0.1218233158531666 0.015810276679841896
0 0.7660346914078258 0.4611801242236025 0.003227107704719645 0.001976284584980237
0 0.8114158935054457 0.4668266516092603 0.02218636546994756 0.007622811970638058
0 0.8501411859620814 0.46202710333145114 0.02702702702702703 0.01101072840203275
0 0.872730939895119 0.46357989836250707 0.00927793465106898 0.0033879164313946925
0 0.14844695441710368 0.5149632975719932 0.01290843081887858 0.01637492941840768
0 0.15590964098426785 0.5214568040654998 0.00927793465106898 0.003952569169960474
0 0.16014521984671237 0.5170807453416149 0.003227107704719645 0.001411631846414455
0 0.17970956030657523 0.5206098249576511 0.03670835014118596 0.007340485601355167
0 0.22670431625655507 0.5131281761716544 0.01371520774505849 0.016657255787690572
0 0.23880597014925373 0.5173630717108978 0.020976200080677694 0.008752117447769622
0 0.29709560306575233 0.5162337662337663 0.06171843485276321 0.0189158667419537
0 0.4237595804759984 0.5151044607566346 0.14078257361839452 0.026821005081874648
0 0.5373134328358209 0.5146809712027103 0.04679306171843485 0.015810276679841896
0 0.5435659540137152 0.5128458498023716 0.002016942315449778 0.001976284584980237
0 0.5738200887454619 0.5128458498023716 0.03751512706736587 0.017786561264822136
0 0.6214199273900767 0.5112930547713156 0.014118596208148447 0.01693958215697346
0 0.6421944332392093 0.5111518915866742 0.03953206938281565 0.01948051948051948
0 0.7242839854780153 0.5118577075098815 0.08672851956434045 0.018633540372670808
0 0.7162162162162162 0.5118577075098815 0.002016942315449778 0.0016939582156973462
0 0.772892295280355 0.5197628458498024 0.0024203307785397336 0.0016939582156973462
0 0.7894312222670432 0.5019762845849802 0.0024203307785397336 0.00564652738565782
0 0.7940701895925777 0.5028232636928289 0.003630496167809601 0.007340485601355167
