0 0.16962484872932634 0.1854884246188594 0.022993142396127472 0.02258610954263128
0 0.21137555465913674 0.19042913608130999 0.045986284792254944 0.009881422924901186
0 0.2537313432835821 0.1901468097120271 0.02743041549011698 0.009881422924901186
0 0.28580072609923357 0.18901750423489555 0.026220250100847116 0.010446075663466968
0 0.3598225090762404 0.19522868435911914 0.05163372327551432 0.0251270468661773
0 0.41508672851956435 0.1821005081874647 0.05405405405405406 0.023150762281197064
0 0.47317466720451795 0.18788819875776397 0.01290843081887858 0.009881422924901186
0 0.491125453812021 0.18873517786561264 0.011698265429608713 0.00818746470920384
0 0.5421540943929004 0.1919819311123659 0.050826946349334406 0.029926595143986448
0 0.6034691407825736 0.18831168831168832 0.029850746268656716 0.007340485601355167
0 0.599435256151674 0.18040654997176736 0.004033884630899556 0.0016939582156973462
0 0.6385639370713998 0.18224167137210615 0.028237192416296894 0.017786561264822136
0 0.6694231544977813 0.18252399774138905 0.03751512706736587 0.018351214003387916
0 0.6942315449778136 0.18788819875776397 0.012101653892698669 0.010446075663466968
0 0.7131908027430416 0.191699604743083 0.003227107704719645 0.0016939582156973462
0 0.7146026623638564 0.18605307735742518 0.0028237192416296895 0.002258610954263128
0 0.7498991528842275 0.18619424054206662 0.005647438483259379 0.010446075663466968
0 0.7595804759983864 0.18986448334274422 0.0024203307785397336 0.001411631846414455
0 0.8009277934651069 0.18280632411067194 0.018152480839048003 0.016657255787690572
0 0.845502218636547 0.18647656691134953 0.024203307785397338 0.007622811970638058
0 0.8783783783783784 0.1880293619424054 0.03751512706736587 0.011857707509881422
0 0.17224687373941105 0.2409655561829475 0.012101653892698669 0.01101072840203275
0 0.19846712384025816 0.23771880293619424 0.029043969342476807 0.01693958215697346
0 0.21762807583703106 0.23630717108977978 0.007664380798709157 0.019198193111236588
0 0.236385639370714 0.2413890457368718 0.01371520774505849 0.00282326369282891
0 0.2769261799112545 0.23828345567476003 0.04477611940298507 0.01355166572557877
0 0.3557886244453409 0.24082439299830605 0.03630496167809601 0.03162055335968379
0 0.4128680919725696 0.24477696216826653 0.020572811617587738 0.0220214568040655
0 0.445340863251311 0.23249576510446077 0.03630496167809601 0.020609824957651044
0 0.46228317870108915 0.23178994918125354 0.0024203307785397336 0.002258610954263128
0 0.48305768455022186 0.23785996612083568 0.024606696248487294 0.009881422924901186
0 0.5082694634933441 0.24477696216826653 0.00645421540943929 0.006775832862789385
0 0.5494150867285196 0.23800112930547712 0.01371520774505849 0.007905138339920948
0 0.5631302944735781 0.2413890457368718 0.01290843081887858 0.019762845849802372
0 0.5707946752722872 0.23800112930547712 0.008067769261799113 0.010163749294184076
0 0.5990318676885841 0.23828345567476003 0.04195240016135539 0.009599096555618294
0 0.6222267043162566 0.22967250141163184 0.0028237192416296895 0.001976284584980237
0 0.6409842678499394 0.2339073969508752 0.028237192416296894 0.016657255787690572
0 0.6956434045986285 0.237012987012987 0.00927793465106898 0.00818746470920384
0 0.727914481645825 0.23616600790513834 0.04235578862444534 0.010446075663466968
0 0.7593787817668415 0.23503670242800678 0.012505042355788625 0.010446075663466968
0 0.781363453005244 0.23193111236589498 0.02743041549011698 0.015527950310559006
0 0.8215006050826946 0.23193111236589498 0.03670835014118596 0.016092603049124788
0 0.1799112545381202 0.292772444946358 0.03630496167809601 0.010728402032749858
0 0.208955223880597 0.28500846979107847 0.017749092375958047 0.020609824957651044
0 0.2583703106091166 0.2898080180688876 0.011698265429608713 0.009881422924901186
0 0.2700685760387253 0.28952569169960474 0.01008471157724889 0.009316770186335404
0 0.2864058087938685 0.2893845285149633 0.011294876966518758 0.010728402032749858
0 0.3110125050423558 0.2896668548842462 0.02743041549011698 0.009034443817052512
0 0.3410649455425575 0.2898080180688876 0.014925373134328358 0.009316770186335404
0 0.35841064945542556 0.2893845285149633 0.02379991932230738 0.012422360248447204
0 0.38039532069382814 0.294042913608131 0.003227107704719645 0.002540937323546019
0 0.4320290439693425 0.2881140598531903 0.033884630899556276 0.012140033879164314
0 0.45421540943929006 0.29037267080745344 0.00645421540943929 0.007058159232072276
0 0.4616780960064542 0.283596837944664 0.004437273093989512 0.001411631846414455
0 0.4701492537313433 0.2886787125917561 0.013311819281968536 0.010446075663466968
0 0.48608309802339655 0.28613777526821005 0.014521984671238403 0.020045172219085264
0 0.5334812424364663 0.2855731225296443 0.012505042355788625 0.017786561264822136
0 0.5482049213392497 0.2852907961603614 0.008874546187979023 0.010446075663466968
0 0.5597014925373134 0.28190287972896666 0.010891488503428802 0.002540937323546019
0 0.573013311819282 0.2845849802371542 0.013311819281968536 0.009599096555618294
0 0.6109318273497378 0.2898080180688876 0.010891488503428802 0.020609824957651044
0 0.6202097620008068 0.2867024280067758 0.0060508269463493344 0.00818746470920384
0 0.6444130697862042 0.28091473743647655 0.03751512706736587 0.017504234895539244
0 0.663574021782977 0.2768210050818746 0.0024203307785397336 0.001411631846414455
0 0.6807180314643001 0.2841614906832298 0.022993142396127472 0.00818746470920384
0 0.7089552238805971 0.283596837944664 0.02218636546994756 0.00818746470920384
0 0.7414279951593384 0.2841614906832298 0.029043969342476807 0.008752117447769622
0 0.7841871722468737 0.288961038961039 0.012101653892698669 0.021174477696216828
0 0.7958854376764825 0.2847261434217956 0.00645421540943929 0.007058159232072276
0 0.8158531665994353 0.28430265386787124 0.02379991932230738 0.007905138339920948
0 0.8600242033077854 0.2789384528514963 0.05163372327551432 0.018633540372670808
0 0.18051633723275515 0.34288537549407117 0.02944735780556676 0.03698475437605872
0 0.21782977006857604 0.3416149068322981 0.03469140782573618 0.007905138339920948
0 0.3021379588543768 0.338085827216262 0.05244050020169423 0.013269339356295878
0 0.3410649455425575 0.34260304912478823 0.025413473174667203 0.03190287972896669
0 0.38140379185155304 0.3455674760022586 0.04235578862444534 0.023715415019762844
0 0.36264622831787013 0.33145115753811405 0.004033884630899556 0.0016939582156973462
0 0.4645018152480839 0.33356860530773574 0.03751512706736587 0.01948051948051948
0 0.4649052037111739 0.3298983625070582 0.0060508269463493344 0.001976284584980237
0 0.5044372730939896 0.3373800112930548 0.02944735780556676 0.009599096555618294
0 0.5237999193223074 0.3385093167701863 0.003630496167809601 0.006775832862789385
0 0.527632109721662 0.3308865047995483 0.0024203307785397336 0.0016939582156973462
0 0.5405405405405406 0.33794466403162055 0.012101653892698669 0.00846979107848673
0 0.5629286002420331 0.3375211744776962 0.02864058087938685 0.011575381140598532
0 0.6153691004437273 0.3359683794466403 0.03428801936264623 0.007905138339920948
0 0.6686163775716014 0.3349802371541502 0.01573215006050827 0.010446075663466968
0 0.6851553045582897 0.3351214003387916 0.013311819281968536 0.009034443817052512
0 0.7027027027027027 0.33540372670807456 0.012101653892698669 0.006211180124223602
0 0.7406212182331585 0.3351214003387916 0.05889471561113352 0.009034443817052512
0 0.7408229124647036 0.3294748729531338 0.004437273093989512 0.0016939582156973462
0 0.7849939491730537 0.33554488989271597 0.01290843081887858 0.009881422924901186
0 0.8287615974183138 0.33554488989271597 0.030254134731746672 0.007058159232072276
0 0.8208955223880597 0.326369282891022 0.004840661557079467 0.0016939582156973462
0 0.16599435256151673 0.3893280632411067 0.014118596208148447 0.010728402032749858
0 0.1863654699475595 0.38537549407114624 0.024203307785397338 0.019198193111236588
0 0.24808390480032272 0.3904573687182383 0.028237192416296894 0.00846979107848673
0 0.2827753126260589 0.39158667419536985 0.028237192416296894 0.006775832862789385
0 0.3356192012908431 0.38975155279503104 0.03065752319483663 0.002540937323546019
0 0.3949173053650666 0.38664596273291924 0.026623638563937072 0.014963297571993224
0 0.4189189189189189 0.38946922642574816 0.022993142396127472 0.008752117447769622
0 0.44029850746268656 0.38946922642574816 0.012505042355788625 0.009316770186335404
0 0.4981847519160952 0.38438735177865613 0.060508269463493344 0.0189158667419537
0 0.5774505849132715 0.3848108413325805 0.043162565550625254 0.01693958215697346
0 0.6169826542960871 0.38819875776397517 0.02944735780556676 0.007905138339920948
0 0.6460266236385639 0.385940146809712 0.02944735780556676 0.018068887634105024
0 0.6692214602662364 0.39469226425748166 0.00645421540943929 0.003952569169960474
0 0.7131908027430416 0.38382269904009036 0.02016942315449778 0.014963297571993224
0 0.745260185558693 0.38721061547148505 0.035901573215006054 0.010446075663466968
0 0.7791448164582493 0.3893280632411067 0.010891488503428802 0.00282326369282891
0 0.8047599838644615 0.38664596273291924 0.01371520774505849 0.008752117447769622
0 0.8289632916498588 0.38664596273291924 0.026623638563937072 0.008752117447769622
0 0.8622428398547801 0.38509316770186336 0.04235578862444534 0.012422360248447204
0 0.8852359822509076 0.39398644833427443 0.007664380798709157 0.006493506493506494
0 0.18959257765227913 0.4374647092038396 0.05405405405405406 0.022303783173348392
0 0.2700685760387253 0.4401468097120271 0.043162565550625254 0.015245623941276116
0 0.3017345703912868 0.4440993788819876 0.012101653892698669 0.007340485601355167
0 0.32573618394513915 0.444240542066629 0.02702702702702703 0.007058159232072276
0 0.3519564340459863 0.4450875211744777 0.01008471157724889 0.001976284584980237
0 0.38221056877773296 0.442970073404856 0.01573215006050827 0.009599096555618294
0 0.4070189592577652 0.4418407679277245 0.03630496167809601 0.00846979107848673
0 0.4396934247680516 0.4453698475437606 0.0024203307785397336 0.001976284584980237
