0 0.16760790641387657 0.21668548842461885 0.06333198870512304 0.022868435911914172
0 0.23477208551835418 0.22600225861095427 0.029043969342476807 0.016092603049124788
0 0.27591770875352967 0.21852060982495766 0.02581686163775716 0.018068887634105024
0 0.3303751512706737 0.217673630717109 0.04033884630899556 0.020892151326933936
0 0.44251714400968134 0.2248729531338227 0.14118596208148446 0.027950310559006212
0 0.5677692617991126 0.2224731789949181 0.15611133521581283 0.026538678712591756
0 0.6837434449374747 0.2217673630717109 0.04517950786607503 0.01101072840203275
0 0.7382008874546188 0.2183794466403162 0.024203307785397338 0.016657255787690572
0 0.817466720451795 0.22275550536420102 0.09883017345703912 0.029361942405420668
0 0.1383622428398548 0.2704686617730096 0.021782977006857603 0.01129305477131564
0 0.21762807583703106 0.27752682100508186 0.08592174263816055 0.02258610954263128
0 0.35841064945542556 0.26976284584980237 0.118192819685357 0.0189158667419537
0 0.45340863251311014 0.2735742518351214 0.029850746268656716 0.02766798418972332
0 0.5324727712787414 0.27639751552795033 0.11294876966518758 0.030491247882552232
0 0.5976200080677693 0.27738565782044045 0.003630496167809601 0.002540937323546019
0 0.6438079870915692 0.269339356295878 0.06212182331585317 0.018633540372670808
0 0.7224687373941105 0.2696216826651609 0.06938281565147236 0.019762845849802372
0 0.8321903993545785 0.27117447769621683 0.10810810810810811 0.014963297571993224
0 0.16397741024606696 0.3178994918125353 0.04719645018152481 0.018633540372670808
0 0.22690601048810005 0.320016939582157 0.0326744655102864 0.017786561264822136
0 0.33743444937474787 0.3204404291360813 0.1262605889471561 0.01693958215697346
0 0.46208148446954417 0.3256634669678148 0.08188785800726099 0.031338226990400904
0 0.5494150867285196 0.32735742518351213 0.06857603872529246 0.031338226990400904
0 0.6113352158128278 0.3201581027667984 0.02864058087938685 0.015810276679841896
0 0.6863654699475595 0.3204404291360813 0.09802339653085922 0.018633540372670808
0 0.7845905607099637 0.3188876341050254 0.07099636950383219 0.0189158667419537
0 0.8628479225494151 0.3186053077357425 0.04195240016135539 0.016092603049124788
0 0.18596208148446955 0.3681535855448899 0.10891488503428802 0.018633540372670808
0 0.27611940298507465 0.3740824392998306 0.04961678096006454 0.025974025974025976
0 0.3279548204921339 0.3728119706380576 0.021782977006857603 0.015527950310559006
0 0.34630899556272693 0.38311688311688313 0.0052440500201694235 0.00846979107848673
0 0.38039532069382814 0.37267080745341613 0.026623638563937072 0.015245623941276116
0 0.4062121823315853 0.3699887069452287 0.01371520774505849 0.016092603049124788
0 0.490923759580476 0.37111801242236025 0.11698265429608713 0.017786561264822136
0 0.5532472771278741 0.3812817617165443 0.004437273093989512 0.006493506493506494
0 0.5871319080274304 0.37012987012987014 0.03993545784590561 0.020327498588368152
0 0.6555062525211779 0.37210615471485037 0.0645421540943929 0.028232636928289104
0 0.7285195643404598 0.3708356860530774 0.07422347720855184 0.017221908526256352
0 0.8257361839451391 0.3681535855448899 0.07987091569181122 0.019762845849802372
0 0.8682936668011295 0.3824110671936759 0.012505042355788625 0.011575381140598532
0 0.16034691407825735 0.4258893280632411 0.050423557886244454 0.03359683794466403
0 0.2281161758773699 0.4193958215697346 0.038321903993545785 0.017221908526256352
0 0.2581686163775716 0.41967814793901753 0.026623638563937072 0.0189158667419537
0 0.33662767244856795 0.42730095990965555 0.09721661960467931 0.03303218520609825
0 0.4398951189995966 0.4191134952004517 0.04961678096006454 0.016092603049124788
0 0.5197660346914078 0.4233483907396951 0.08430818878580072 0.028514963297571992
0 0.5982250907624042 0.42179559570863917 0.03711173860427592 0.018633540372670808
0 0.6863654699475595 0.42913608130999437 0.10205728116175877 0.0220214568040655
0 0.7775312626058895 0.42264257481648787 0.027833803953206938 0.024844720496894408
0 0.8287615974183138 0.42377188029361945 0.06575231948366277 0.017504234895539244
0 0.1674062121823316 0.475296442687747 0.06857603872529246 0.029079616036137776
0 0.2607906413876563 0.47063805759457933 0.056070996369503835 0.01637492941840768
0 0.3313836224283985 0.4723320158102767 0.040742234772085516 0.014116318464144552
0 0.42940701895925776 0.47289666854884244 0.12868091972569584 0.015810276679841896
0 0.536304961678096 0.4761434217955957 0.0536506655909641 0.012140033879164314
0 0.5709963695038321 0.4813664596273292 0.0028237192416296895 0.002258610954263128
0 0.6165792658329972 0.47444946357989837 0.06252521177894312 0.016092603049124788
0 0.6863654699475595 0.47063805759457933 0.04800322710770472 0.01637492941840768
0 0.7460669624848729 0.47035573122529645 0.04881000403388463 0.01693958215697346
0 0.8029447357805567 0.46852060982495763 0.035901573215006054 0.016657255787690572
0 0.21661960467930616 0.5215979672501412 0.15248083904800322 0.023433088650479956
0 0.3402581686163776 0.5230095990965556 0.06252521177894312 0.016092603049124788
0 0.4336425978217023 0.5203274985883681 0.05970149253731343 0.021456804065499716
0 0.509883017345704 0.5208921513269339 0.03630496167809601 0.01693958215697346
0 0.5901573215006051 0.5199040090344438 0.08955223880597014 0.0189158667419537
0 0.7329568374344494 0.5207509881422925 0.16054860830980233 0.018351214003387916
0 0.836224283985478 0.5182100508187465 0.01936264622831787 0.017786561264822136
0 0.17749092375958048 0.5698757763975155 0.07099636950383219 0.0189158667419537
0 0.24041952400161357 0.5686053077357425 0.010488100040338847 0.018633540372670808
