0 0.16498588140379186 0.2583286278938453 0.02581686163775716 0.01693958215697346
0 0.1837434449374748 0.26341050254093734 0.014118596208148447 0.01129305477131564
0 0.20814844695441712 0.26439864483342745 0.03065752319483663 0.013269339356295878
0 0.2373941105284389 0.2707509881422925 0.02702702702702703 0.040654997176736304
0 0.2668414683340056 0.2597402597402597 0.035901573215006054 0.020327498588368152
0 0.27390076643807987 0.25691699604743085 0.004033884630899556 0.0033879164313946925
0 0.2964905203711174 0.26453980801806887 0.02016942315449778 0.010728402032749858
0 0.31867688584106496 0.27752682100508186 0.02581686163775716 0.03274985883681536
0 0.34772085518354173 0.2555053642010164 0.004033884630899556 0.003952569169960474
0 0.354780153287616 0.2689158667419537 0.0052440500201694235 0.005364201016374929
0 0.36930213795885436 0.26750423489553926 0.02218636546994756 0.015527950310559006
0 0.41206131504638965 0.26341050254093734 0.027833803953206938 0.020892151326933936
0 0.44332392093586126 0.2676453980801807 0.03227107704719645 0.01355166572557877
0 0.4485679709560307 0.2549407114624506 0.004033884630899556 0.003952569169960474
0 0.47297297297297297 0.26665725578769056 0.020572811617587738 0.012140033879164314
0 0.4989915288422751 0.277244494635799 0.029850746268656716 0.032185206098249576
0 0.5576845502218637 0.26312817617165446 0.06736587333602259 0.02258610954263128
0 0.6052843888664784 0.2676453980801807 0.026220250100847116 0.01355166572557877
0 0.6534893102057281 0.26693958215697344 0.03469140782573618 0.020609824957651044
0 0.718434852763211 0.2748447204968944 0.05163372327551432 0.026821005081874648
0 0.7749092375958048 0.27103331451157536 0.05889471561113352 0.011857707509881422
0 0.8204921339249698 0.2672219085262564 0.03307785397337636 0.020045172219085264
0 0.15308592174263816 0.31521739130434784 0.022993142396127472 0.015527950310559006
0 0.20492133924969747 0.3160643704121965 0.02581686163775716 0.015527950310559006
0 0.24505849132714805 0.31648785996612083 0.05929810407422348 0.014116318464144552
0 0.2962888261395724 0.30660643704121965 0.007664380798709157 0.003952569169960474
0 0.3009277934651069 0.3211462450592885 0.007260992335619202 0.007058159232072276
0 0.33319887051230335 0.3176171654432524 0.05647438483259379 0.014116318464144552
0 0.3743444937474788 0.32594579333709767 0.02501008471157725 0.029079616036137776
0 0.3874546187979024 0.3178994918125353 0.024606696248487294 0.012987012987012988
0 0.4058087938684954 0.3243929983060418 0.004840661557079467 0.003952569169960474
0 0.44493747478822104 0.31535855448898925 0.026623638563937072 0.020327498588368152
0 0.48124243646631704 0.31521739130434784 0.04437273093989512 0.021174477696216828
0 0.5217829770068576 0.3170525127046866 0.03428801936264623 0.015810276679841896
0 0.526825332795482 0.30632411067193677 0.004840661557079467 0.0033879164313946925
0 0.5506252521177895 0.31832298136645965 0.02501008471157725 0.013269339356295878
0 0.5665590964098427 0.31394692264257484 0.014925373134328358 0.01693958215697346
0 0.5853166599435257 0.32820440429136083 0.029043969342476807 0.032467532467532464
0 0.6012505042355789 0.3300395256916996 0.004437273093989512 0.007905138339920948
0 0.6321097216619604 0.3160643704121965 0.03227107704719645 0.021174477696216828
0 0.6619604679306171 0.3210050818746471 0.028237192416296894 0.012987012987012988
0 0.6823315853166599 0.30872388481084134 0.004437273093989512 0.0036702428006775835
0 0.6873739411052844 0.32086391869000563 0.008067769261799113 0.007058159232072276
0 0.7027027027027027 0.31832298136645965 0.016942315449778138 0.01383399209486166
0 0.7414279951593384 0.31931112365894976 0.022589753933037516 0.011857707509881422
0 0.7732956837434449 0.3204404291360813 0.04356595401371521 0.011857707509881422
0 0.8142396127470755 0.31959345002823264 0.022993142396127472 0.014680971202710334
0 0.16296893908834206 0.36575381140598534 0.04195240016135539 0.012140033879164314
0 0.19302137958854376 0.36716544325239975 0.024606696248487294 0.010446075663466968
0 0.2244856797095603 0.3616600790513834 0.043969342476805166 0.021456804065499716
0 0.2755143202904397 0.36250705815923207 0.01290843081887858 0.01693958215697346
0 0.2952803549818475 0.36589497459062675 0.02581686163775716 0.01129305477131564
0 0.32230738200887454 0.36674195369847545 0.03630496167809601 0.01355166572557877
0 0.3408632513110125 0.3620835686053077 0.012101653892698669 0.016092603049124788
0 0.36405808793868494 0.3769057029926595 0.026220250100847116 0.032185206098249576
0 0.41427995159338443 0.36490683229813664 0.048406615570794675 0.01948051948051948
0 0.4509883017345704 0.3673066064370412 0.02501008471157725 0.010728402032749858
0 0.47438483259378783 0.3705533596837945 0.02501008471157725 0.010446075663466968
0 0.4963695038321904 0.3685770750988142 0.018959257765227916 0.012704686617730096
0 0.5264219443323921 0.3673066064370412 0.03872529245663574 0.017504234895539244
0 0.5845098830173457 0.366600790513834 0.026623638563937072 0.020045172219085264
0 0.6099233561920129 0.37972896668548844 0.029043969342476807 0.029926595143986448
0 0.6571198063735377 0.36278938452851495 0.050826946349334406 0.023715415019762844
0 0.6474384832593788 0.3709768492377188 0.00645421540943929 0.006211180124223602
0 0.6906010488100041 0.37365894974590624 0.004840661557079467 0.0036702428006775835
0 0.7331585316659943 0.3622247317899492 0.052843888664784185 0.0220214568040655
0 0.7513110125050424 0.3567193675889328 0.0052440500201694235 0.004234895539243365
0 0.7708753529649052 0.3694240542066629 0.017749092375958047 0.010446075663466968
0 0.7922549415086728 0.3651891586674195 0.015328761597418314 0.028514963297571992
0 0.8190802743041549 0.37125917560700167 0.043969342476805166 0.012987012987012988
0 0.8493344090359016 0.3718238283455675 0.00927793465106898 0.00282326369282891
0 0.15954013715207746 0.41332580463015245 0.04719645018152481 0.02258610954263128
0 0.20835014118596207 0.41318464144551104 0.0609116579265833 0.020045172219085264
0 0.26300927793465106 0.4082439299830604 0.005647438483259379 0.005081874647092038
0 0.2672448567970956 0.4199604743083004 0.006857603872529245 0.007622811970638058
0 0.2866075030254135 0.4201016374929418 0.025413473174667203 0.012422360248447204
0 0.3245260185558693 0.4160079051383399 0.020572811617587738 0.018351214003387916
0 0.34509883017345705 0.4155844155844156 0.02864058087938685 0.018633540372670808
0 0.36930213795885436 0.41854884246188595 0.025413473174667203 0.012140033879164314
0 0.41508672851956435 0.41699604743083 0.03146430012101654 0.02258610954263128
0 0.4509883017345704 0.4201016374929418 0.04033884630899556 0.012422360248447204
0 0.4868898749495764 0.41869000564652736 0.03711173860427592 0.014680971202710334
0 0.5256151674062122 0.4095143986448334 0.004033884630899556 0.004234895539243365
0 0.5332795482049213 0.42207792207792205 0.00645421540943929 0.007905138339920948
0 0.5514320290439694 0.4205251270468662 0.024203307785397338 0.012140033879164314
0 0.609721661960468 0.4165725578769057 0.05929810407422348 0.021174477696216828
0 0.6589350544574425 0.4213721061547149 0.0391286809197257 0.014963297571993224
0 0.709560306575232 0.4227837380011293 0.02501008471157725 0.012704686617730096
0 0.7361839451391691 0.42179559570863917 0.026623638563937072 0.015245623941276116
0 0.7569584509883017 0.41445511010728403 0.012505042355788625 0.018068887634105024
0 0.7793465106897943 0.43153585544889894 0.024203307785397338 0.03359683794466403
0 0.1464300121016539 0.46357989836250707 0.02581686163775716 0.020892151326933936
0 0.1680112948769665 0.4668266516092603 0.026220250100847116 0.01383399209486166
0 0.19786204114562322 0.4772727272727273 0.033481242436466316 0.031338226990400904
0 0.2117789431222267 0.46725014116318464 0.023396530859217425 0.015810276679841896
0 0.23517547398144414 0.47699040090344436 0.004840661557079467 0.0036702428006775835
0 0.26865671641791045 0.46386222473178995 0.011294876966518758 0.021456804065499716
0 0.2825736183945139 0.46301524562394125 0.018152480839048003 0.019198193111236588
0 0.34630899556272693 0.46499153020892153 0.05203711173860428 0.020892151326933936
0 0.37777329568374346 0.4696499153020892 0.019766034691407825 0.014963297571993224
0 0.4346510689794272 0.4644268774703557 0.051230334812424366 0.021456804065499716
0 0.48305768455022186 0.468944099378882 0.04719645018152481 0.012987012987012988
0 0.5344897135941912 0.46908526256352345 0.02581686163775716 0.016657255787690572
0 0.6024606696248487 0.46710897797854317 0.08753529649052037 0.02456239412761152
0 0.6966518757563533 0.46950875211744775 0.07503025413473174 0.019198193111236588
0 0.7769261799112546 0.4696499153020892 0.060508269463493344 0.020045172219085264
0 0.8140379185155304 0.46725014116318464 0.022589753933037516 0.021456804065499716
0 0.14602662363856395 0.514257481648786 0.02743041549011698 0.022303783173348392
0 0.17144009681323114 0.5180688876341051 0.028237192416296894 0.011857707509881422
0 0.1871722468737394 0.5118577075098815 0.015328761597418314 0.024844720496894408
0 0.23477208551835418 0.5183512140033879 0.03307785397337636 0.011857707509881422
0 0.25675675675675674 0.5186335403726708 0.01573215006050827 0.010728402032749858
0 0.2827753126260589 0.5184923771880293 0.029043969342476807 0.012140033879164314
0 0.3009277934651069 0.527244494635799 0.005647438483259379 0.007622811970638058
0 0.35175473981444133 0.5206098249576511 0.04033884630899556 0.011857707509881422
0 0.3618394513916902 0.5093167701863354 0.004033884630899556 0.0033879164313946925
0 0.3763614360629286 0.5169395821569734 0.01936264622831787 0.019198193111236588
0 0.3983461073013312 0.5179277244494636 0.0326744655102864 0.01948051948051948
0 0.45018152480839047 0.5265386787125917 0.021782977006857603 0.025974025974025976
0 0.4649052037111739 0.5176453980801807 0.011698265429608713 0.016092603049124788
0 0.4935457845905607 0.521880293619424 0.03993545784590561 0.011575381140598532
0 0.5219846712384025 0.5146809712027103 0.01855586930213796 0.019762845849802372
0 0.5500201694231545 0.5314793901750423 0.0318676885841065 0.03585544889892716
0 0.582492940701896 0.5225861095426313 0.01371520774505849 0.010728402032749858
0 0.5992335619201291 0.5177865612648221 0.019766034691407825 0.033314511575381144
0 0.6583299717628076 0.525691699604743 0.035498184751916094 0.024280067758328628
0 0.6875756353368294 0.5177865612648221 0.02702702702702703 0.019762845849802372
0 0.6893908834207342 0.5100225861095427 0.004033884630899556 0.003105590062111801
0 0.7166196046793062 0.5199040090344438 0.02702702702702703 0.020045172219085264
0 0.7228721258572005 0.5121400338791643 0.004033884630899556 0.0033879164313946925
0 0.7404195240016136 0.5204686617730095 0.018959257765227916 0.010446075663466968
0 0.7613957240822913 0.5201863354037267 0.024606696248487294 0.017221908526256352
0 0.7775312626058895 0.5175042348955392 0.007664380798709157 0.018633540372670808
0 0.14663170633319886 0.5697346132128741 0.02944735780556676 0.01693958215697346
0 0.17950786607503025 0.5718520609824957 0.03872529245663574 0.010446075663466968
0 0.21782977006857604 0.5721343873517787 0.03630496167809601 0.009316770186335404
0 0.2525211778943122 0.5708639186900056 0.029043969342476807 0.009034443817052512
0 0.2835820895522388 0.5721343873517787 0.033884630899556276 0.010446075663466968
0 0.29507866075030253 0.5625352907961604 0.003630496167809601 0.003105590062111801
0 0.3237192416296894 0.5670525127046866 0.03751512706736587 0.01948051948051948
0 0.3206938281565147 0.5598531902879729 0.004840661557079467 0.003952569169960474
0 0.3574021782977007 0.5722755505364201 0.028237192416296894 0.011857707509881422
0 0.4062121823315853 0.5790513833992095 0.02743041549011698 0.029926595143986448
0 0.4114562323517547 0.5601355166572558 0.004033884630899556 0.0033879164313946925
0 0.418313836224284 0.571005081874647 0.008067769261799113 0.008752117447769622
0 0.45240016135538524 0.5705815923207228 0.0609116579265833 0.012422360248447204
0 0.5225897539330375 0.564935064935065 0.043162565550625254 0.018633540372670808
0 0.5330778539733764 0.5592885375494071 0.004437273093989512 0.00282326369282891
0 0.5625252117789431 0.5704404291360813 0.03670835014118596 0.009881422924901186
0 0.6081081081081081 0.5652173913043478 0.025413473174667203 0.020327498588368152
0 0.6347317466720451 0.5782044042913608 0.027833803953206938 0.028232636928289104
0 0.6980637353771683 0.5697346132128741 0.0609116579265833 0.020892151326933936
0 0.7741024606696248 0.5693111236589498 0.048406615570794675 0.01948051948051948
0 0.8051633723275514 0.5746753246753247 0.01290843081887858 0.009316770186335404
0 0.8231141589350545 0.5735460191981931 0.014925373134328358 0.003105590062111801
0 0.1672045179507866 0.6198475437605873 0.05687777329568374 0.013269339356295878
0 0.24848729326341268 0.6170242800677583 0.09681323114158935 0.01948051948051948
0 0.3249294070189593 0.6150479954827781 0.0052440500201694235 0.004234895539243365
0 0.32775312626058895 0.6238001129305477 0.0060508269463493344 0.006493506493506494
0 0.3465106897942719 0.6243647656691135 0.026623638563937072 0.010446075663466968
0 0.390681726502622 0.6192828910220215 0.011698265429608713 0.013269339356295878
0 0.4396934247680516 0.6222473178994918 0.08632513110125051 0.014116318464144552
0 0.4893102057281162 0.6197063805759458 0.01290843081887858 0.020892151326933936
0 0.5385235982250908 0.620412196499153 0.03630496167809601 0.014398644833427442
0 0.5669624848729327 0.6197063805759458 0.020572811617587738 0.014680971202710334
0 0.581484469544171 0.6208356860530774 0.018959257765227916 0.015245623941276116
0 0.5919725695845098 0.6154714850367025 0.004437273093989512 0.0033879164313946925
0 0.5943929003630496 0.6222473178994918 0.006857603872529245 0.007905138339920948
0 0.6107301331181928 0.6226708074534162 0.017749092375958047 0.01101072840203275
0 0.6397741024606697 0.6216826651609261 0.041145623235175476 0.01355166572557877
0 0.663170633319887 0.6297289666854884 0.004033884630899556 0.007622811970638058
0 0.7014925373134329 0.617871259175607 0.045986284792254944 0.017786561264822136
0 0.745260185558693 0.6130717108977979 0.004437273093989512 0.0036702428006775835
0 0.7484872932634127 0.6235177865612648 0.006857603872529245 0.00818746470920384
0 0.7630092779346511 0.6222473178994918 0.020572811617587738 0.012987012987012988
0 0.13957240822912464 0.6679841897233202 0.010488100040338847 0.015810276679841896
0 0.15994352561516742 0.6727837380011293 0.02218636546994756 0.010728402032749858
0 0.18031464300121017 0.6732072275550537 0.023396530859217425 0.013269339356295878
0 0.21056877773295685 0.6678430265386787 0.03630496167809601 0.01948051948051948
0 0.22166196046793063 0.661914172783738 0.004437273093989512 0.0036702428006775835
0 0.24041952400161357 0.669819311123659 0.02743041549011698 0.007058159232072276
0 0.26220250100847114 0.6804065499717674 0.026623638563937072 0.03387916431394692
0 0.300121016538927 0.6654432523997741 0.020976200080677694 0.019198193111236588
0 0.3289632916498588 0.66600790513834 0.04477611940298507 0.021456804065499716
0 0.41629689390883423 0.6696781479390175 0.08067769261799113 0.028232636928289104
0 0.4647035094796289 0.6699604743083004 0.01855586930213796 0.014680971202710334
0 0.47882210568777733 0.6716544325239977 0.008067769261799113 0.007905138339920948
0 0.47761194029850745 0.6614906832298136 0.004840661557079467 0.00282326369282891
0 0.5054457442517144 0.6655844155844156 0.03953206938281565 0.021739130434782608
0 0.5024203307785398 0.6576792772444946 0.0052440500201694235 0.005928853754940711
0 0.5423557886244453 0.6702428006775832 0.02702702702702703 0.010728402032749858
0 0.5615167406212183 0.668266516092603 0.015328761597418314 0.01637492941840768
0 0.6157724889068172 0.6717955957086392 0.035901573215006054 0.014963297571993224
0 0.627067365873336 0.659373235460192 0.004437273093989512 0.004234895539243365
0 0.6508672851956434 0.6664313946922643 0.0391286809197257 0.0189158667419537
0 0.6966518757563533 0.672077922077922 0.023396530859217425 0.016092603049124788
0 0.7158128277531263 0.6675607001693958 0.03428801936264623 0.022868435911914172
0 0.7285195643404598 0.6651609260304913 0.004033884630899556 0.00282326369282891
0 0.7410246066962485 0.6706662902315076 0.009681323114158934 0.014963297571993224
0 0.7486889874949576 0.6705251270468662 0.011294876966518758 0.015810276679841896
0 0.799717628075837 0.6699604743083004 0.06494554255748286 0.019762845849802372
0 0.1591367486889875 0.7156973461321288 0.052843888664784185 0.01637492941840768
0 0.20169423154497781 0.7178147939017504 0.035498184751916094 0.014963297571993224
0 0.26744655102864057 0.7195087521174478 0.08874546187979024 0.015527950310559006
0 0.37232755143202906 0.7178147939017504 0.07099636950383219 0.02456239412761152
0 0.4352561516740621 0.7099096555618295 0.005647438483259379 0.0036702428006775835
0 0.4411052843888665 0.7213438735177866 0.008471157724889069 0.007905138339920948
0 0.45663574021782977 0.7220496894409938 0.022589753933037516 0.016092603049124788
0 0.4945542557482856 0.7217673630717109 0.024203307785397338 0.014398644833427442
0 0.5883420734167003 0.7178147939017504 0.11577248890681727 0.022868435911914172
0 0.6877773295683743 0.7204968944099379 0.04195240016135539 0.032185206098249576
0 0.7287212585720049 0.7188029361942405 0.018152480839048003 0.0220214568040655
0 0.7569584509883017 0.7212027103331451 0.040742234772085516 0.022303783173348392
0 0.14945542557482855 0.7607284020327498 0.05526421944332392 0.028514963297571992
0 0.16579265832997175 0.7543760587238848 0.004033884630899556 0.00282326369282891
0 0.20532472771278742 0.7679277244494636 0.053247277127874144 0.015245623941276116
0 0.2708753529649052 0.7549407114624506 0.05526421944332392 0.03500846979107849
0 0.2617991125453812 0.7649632975719932 0.007260992335619202 0.008752117447769622
0 0.28499394917305365 0.7495765104460757 0.004437273093989512 0.00282326369282891
0 0.3174667204517951 0.7641163184641445 0.041145623235175476 0.012704686617730096
0 0.32432432432432434 0.7498588368153586 0.004033884630899556 0.00282326369282891
0 0.36405808793868494 0.7569169960474308 0.050423557886244454 0.023715415019762844
0 0.43162565550625254 0.7632693393562959 0.041145623235175476 0.016657255787690572
0 0.463896732553449 0.7608695652173914 0.029850746268656716 0.019762845849802372
0 0.4933440903590157 0.7605872388481084 0.03307785397337636 0.015810276679841896
0 0.5568777732956838 0.758893280632411 0.06010488100040339 0.02258610954263128
0 0.6367486889874949 0.758893280632411 0.05687777329568374 0.03387916431394692
0 0.6704316256555063 0.7594579333709769 0.012101653892698669 0.01355166572557877
0 0.6843485276321097 0.7682100508187465 0.0052440500201694235 0.004517221908526256
