0 0.16962484872932634 0.22063805759457933 0.07059298104074223 0.014963297571993224
0 0.1498588140379185 0.22190852625635235 0.003630496167809601 0.012422360248447204
0 0.23699072206534894 0.21442687747035574 0.02702702702702703 0.002540937323546019
0 0.2436466317063332 0.22275550536420102 0.010488100040338847 0.012987012987012988
0 0.26603469140782576 0.22543760587238848 0.02944735780556676 0.008752117447769622
0 0.299919322307382 0.22374364765669114 0.031060911657926585 0.00818746470920384
0 0.3065752319483663 0.2161208356860531 0.005647438483259379 0.004234895539243365
0 0.3380395320693828 0.22543760587238848 0.03065752319483663 0.009881422924901186
0 0.42396127470754336 0.2220496894409938 0.06292860024203308 0.014963297571993224
0 0.4265832997176281 0.21485036702428006 0.004437273093989512 0.0033879164313946925
0 0.4505849132714804 0.21668548842461885 0.004840661557079467 0.0036702428006775835
0 0.4651068979427188 0.22543760587238848 0.009681323114158934 0.006493506493506494
0 0.490923759580476 0.22473178994918125 0.04033884630899556 0.01355166572557877
0 0.5252117789431222 0.2236024844720497 0.009681323114158934 0.006211180124223602
0 0.5375151270673659 0.22656691134952003 0.011698265429608713 0.011575381140598532
0 0.553852359822509 0.22374364765669114 0.016135538523598225 0.007058159232072276
0 0.5857200484066156 0.22233201581027667 0.04033884630899556 0.009316770186335404
0 0.6284792254941509 0.22430830039525693 0.029043969342476807 0.005364201016374929
0 0.6686163775716014 0.22444946357989837 0.04800322710770472 0.006211180124223602
0 0.7311415893505446 0.22374364765669114 0.014118596208148447 0.005364201016374929
0 0.7515127067365873 0.22275550536420102 0.022589753933037516 0.009034443817052512
0 0.7983057684550222 0.221485036702428 0.06615570794675273 0.01101072840203275
0 0.1510689794271884 0.27315076228119706 0.024606696248487294 0.010446075663466968
0 0.17567567567567569 0.2728684359119142 0.018959257765227916 0.007622811970638058
0 0.20673658733360226 0.2758328627893845 0.04235578862444534 0.010728402032749858
0 0.2373941105284389 0.2787972896668549 0.0052440500201694235 0.007058159232072276
0 0.27228721258572003 0.2725861095426313 0.01936264622831787 0.01101072840203275
0 0.2892295280354982 0.2738565782044043 0.01290843081887858 0.007905138339920948
0 0.3110125050423558 0.2724449463579898 0.024203307785397338 0.009034443817052512
0 0.33299717628075837 0.27103331451157536 0.014118596208148447 0.00846979107848673
0 0.34852763210972165 0.2717391304347826 0.01371520774505849 0.007622811970638058
0 0.37051230334812424 0.2704686617730096 0.027833803953206938 0.009599096555618294
0 0.3929003630496168 0.2787972896668549 0.004840661557079467 0.007058159232072276
0 0.44776119402985076 0.2714568040654997 0.03469140782573618 0.01101072840203275
0 0.4834610730133118 0.26990400903444384 0.033481242436466316 0.011857707509881422
0 0.5475998386446148 0.2714568040654997 0.051230334812424366 0.010446075663466968
0 0.6070996369503833 0.26905702992659514 0.03307785397337636 0.01637492941840768
0 0.6302944735780557 0.27343308865047994 0.00927793465106898 0.004799548277809147
0 0.6700282371924163 0.2735742518351214 0.0645421540943929 0.006211180124223602
0 0.7121823315853166 0.27188029361942406 0.021379588543767647 0.00846979107848673
0 0.7531262605889472 0.26228119706380576 0.024203307785397338 0.00282326369282891
0 0.7577652279144816 0.2713156408808583 0.004437273093989512 0.010163749294184076
0 0.7858007260992336 0.2728684359119142 0.04195240016135539 0.007622811970638058
0 0.8299717628075837 0.27216261998870694 0.0326744655102864 0.01355166572557877
0 0.1526825332795482 0.32523997741389044 0.021379588543767647 0.007905138339920948
0 0.18697055264219442 0.325098814229249 0.043162565550625254 0.007622811970638058
0 0.245663574021783 0.3186053077357425 0.0024203307785397336 0.001976284584980237
0 0.26200080677692617 0.32523997741389044 0.024606696248487294 0.006211180124223602
0 0.29043969342476805 0.32368718238283456 0.026623638563937072 0.007622811970638058
0 0.32029043969342474 0.3231225296442688 0.03065752319483663 0.009881422924901186
0 0.3426784993949173 0.32368718238283456 0.014118596208148447 0.007622811970638058
0 0.3709156918112142 0.32269904009034445 0.03993545784590561 0.010163749294184076
0 0.4025816861637757 0.33032185206098247 0.011294876966518758 0.007905138339920948
0 0.44675272287212586 0.32241671372106157 0.01573215006050827 0.010728402032749858
0 0.4663170633319887 0.3241106719367589 0.016135538523598225 0.007340485601355167
0 0.4802339653085922 0.3241106719367589 0.010891488503428802 0.007340485601355167
0 0.5248083904800322 0.3242518351214003 0.07260992335619201 0.007622811970638058
0 0.6070996369503833 0.32368718238283456 0.03227107704719645 0.008752117447769622
0 0.6315046389673256 0.3246753246753247 0.011698265429608713 0.004517221908526256
0 0.662767244856797 0.3245341614906832 0.04437273093989512 0.007058159232072276
0 0.7073416700282372 0.32269904009034445 0.03670835014118596 0.00846979107848673
0 0.7587736990722065 0.3234048560135517 0.033884630899556276 0.005928853754940711
0 0.8271480435659541 0.3231225296442688 0.0609116579265833 0.012704686617730096
0 0.16317063331988704 0.37577639751552794 0.04881000403388463 0.007905138339920948
0 0.18152480839048002 0.36829474872953133 0.004033884630899556 0.003105590062111801
0 0.21339249697458654 0.37634105025409376 0.045986284792254944 0.007340485601355167
0 0.27934651068979427 0.37704686617730093 0.01734570391286809 0.004799548277809147
0 0.29608713190802743 0.37648221343873517 0.01371520774505849 0.00818746470920384
0 0.3307785397337636 0.37323546019198195 0.050826946349334406 0.010728402032749858
0 0.38967325534489716 0.37267080745341613 0.016135538523598225 0.007340485601355167
0 0.4048003227107705 0.37027103331451156 0.010891488503428802 0.01101072840203275
0 0.4211375554659137 0.37351778656126483 0.02016942315449778 0.006775832862789385
0 0.4526018555869302 0.3753529079616036 0.03791851553045583 0.01101072840203275
0 0.5127067365873336 0.3750705815923207 0.015328761597418314 0.009881422924901186
0 0.5284388866478419 0.37648221343873517 0.014521984671238403 0.007058159232072276
0 0.5492133924969745 0.3746470920383964 0.024606696248487294 0.007905138339920948
0 0.600443727309399 0.3771880293619424 0.01653892698668818 0.006211180124223602
0 0.6357402178297701 0.37295313382269907 0.05970149253731343 0.009034443817052512
0 0.6855586930213796 0.3749294184076793 0.04154901169826543 0.012987012987012988
0 0.763614360629286 0.37140033879164314 0.050826946349334406 0.010446075663466968
0 0.800726099233562 0.37323546019198195 0.01855586930213796 0.006211180124223602
0 0.1417910447761194 0.4265951439864483 0.013311819281968536 0.007905138339920948
0 0.16498588140379186 0.4256070016939582 0.03065752319483663 0.006493506493506494
0 0.19140782573618395 0.4257481648785997 0.014118596208148447 0.006211180124223602
0 0.21137555465913674 0.423630717108978 0.03065752319483663 0.007622811970638058
0 0.2515127067365873 0.423630717108978 0.04961678096006454 0.00818746470920384
0 0.2845905607099637 0.43167701863354035 0.007664380798709157 0.006775832862789385
0 0.33501411859620817 0.4265951439864483 0.030254134731746672 0.005081874647092038
0 0.372730939895119 0.42518351214003386 0.02743041549011698 0.00846979107848673
0 0.4233561920129084 0.42518351214003386 0.033481242436466316 0.006211180124223602
0 0.4562323517547398 0.4253246753246753 0.029850746268656716 0.013269339356295878
0 0.5072609923356192 0.4256070016939582 0.01008471157724889 0.007622811970638058
0 0.5298507462686567 0.42476002258610956 0.0318676885841065 0.007622811970638058
0 0.5683743444937475 0.42504234895539245 0.03872529245663574 0.012140033879164314
0 0.6016538926986689 0.4234895539243365 0.021379588543767647 0.006211180124223602
0 0.6179911254538121 0.4213721061547149 0.016135538523598225 0.010446075663466968
0 0.6224283985478015 0.41770186335403725 0.004033884630899556 0.0036702428006775835
0 0.6510689794271883 0.42518351214003386 0.03872529245663574 0.006775832862789385
0 0.7135941912061315 0.42631281761716544 0.03065752319483663 0.006775832862789385
0 0.7910447761194029 0.4253246753246753 0.053247277127874144 0.01101072840203275
0 0.8551835417507059 0.4244776962168266 0.03307785397337636 0.016657255787690572
0 0.891690197660347 0.4268774703557312 0.03670835014118596 0.011857707509881422
0 0.13795885437676483 0.47501411631846413 0.008874546187979023 0.007058159232072276
0 0.1555062525211779 0.4723320158102767 0.01653892698668818 0.012987012987012988
0 0.18939088342073418 0.4761434217955957 0.01573215006050827 0.007622811970638058
0 0.208955223880597 0.47699040090344436 0.022589753933037516 0.007058159232072276
0 0.2265026220250101 0.47811970638057594 0.012505042355788625 0.009881422924901186
0 0.24062121823315852 0.47600225861095424 0.007664380798709157 0.003952569169960474
0 0.2583703106091166 0.47656691134952006 0.018152480839048003 0.005081874647092038
0 0.2880193626462283 0.47571993224167136 0.03872529245663574 0.009599096555618294
0 0.33985478015328763 0.47699040090344436 0.024606696248487294 0.009316770186335404
0 0.3699072206534893 0.47586109542631283 0.033884630899556276 0.006493506493506494
0 0.40843081887858007 0.4662619988706945 0.007664380798709157 0.003105590062111801
0 0.42315449778136344 0.475296442687747 0.023396530859217425 0.005364201016374929
0 0.4431222267043163 0.475296442687747 0.014925373134328358 0.007058159232072276
0 0.46026623638563935 0.47557876905702995 0.016135538523598225 0.007622811970638058
0 0.47317466720451795 0.47360248447204967 0.010488100040338847 0.008752117447769622
0 0.508874546187979 0.47557876905702995 0.05445744251714401 0.010446075663466968
0 0.545179507866075 0.47939017504234893 0.0028237192416296895 0.002258610954263128
0 0.600847115772489 0.4730378317334839 0.01734570391286809 0.015527950310559006
0 0.6651875756353368 0.4748729531338227 0.05244050020169423 0.010163749294184076
0 0.7357805566760791 0.47600225861095424 0.01371520774505849 0.007340485601355167
0 0.7601855586930214 0.472755505364201 0.0326744655102864 0.012140033879164314
0 0.7835820895522388 0.4720496894409938 0.011698265429608713 0.011857707509881422
0 0.7979023799919323 0.47501411631846413 0.015328761597418314 0.007058159232072276
0 0.8190802743041549 0.47459062676453984 0.014925373134328358 0.006775832862789385
0 0.8434852763210973 0.47444946357989837 0.03469140782573618 0.011575381140598532
0 0.14320290439693426 0.5252682100508187 0.008874546187979023 0.007622811970638058
0 0.15691811214199275 0.5273856578204404 0.014521984671238403 0.006775832862789385
0 0.20229931423961275 0.5242800677583286 0.014925373134328358 0.01129305477131564
0 0.22690601048810005 0.5268210050818747 0.030254134731746672 0.009034443817052512
0 0.2571601452198467 0.5268210050818747 0.026220250100847116 0.005081874647092038
0 0.290843081887858 0.5275268210050819 0.03872529245663574 0.005364201016374929
0 0.3410649455425575 0.5282326369282891 0.01653892698668818 0.010163749294184076
0 0.36607503025413474 0.5263975155279503 0.02944735780556676 0.006493506493506494
0 0.39209358612343687 0.5232919254658385 0.016135538523598225 0.008752117447769622
0 0.39128680919725695 0.5160926030491247 0.004033884630899556 0.002258610954263128
0 0.417910447761194 0.5254093732354602 0.026623638563937072 0.006775832862789385
0 0.4223477208551835 0.5170807453416149 0.005647438483259379 0.003105590062111801
0 0.4411052843888665 0.5282326369282891 0.011698265429608713 0.010163749294184076
0 0.4673255344897136 0.5244212309429701 0.03509479628882614 0.008752117447769622
0 0.4770068576038725 0.5190570299265952 0.0052440500201694235 0.0036702428006775835
0 0.5052440500201695 0.5262563523433089 0.0391286809197257 0.006211180124223602
0 0.5556676079064139 0.516798418972332 0.0052440500201694235 0.003105590062111801
0 0.5673658733360226 0.5269621682665161 0.01734570391286809 0.004799548277809147
0 0.6349334409035902 0.5255505364201016 0.06776926179911255 0.012704686617730096
0 0.7222670431625655 0.5247035573122529 0.02944735780556676 0.011575381140598532
0 0.7607906413876563 0.525974025974026 0.04437273093989512 0.00564652738565782
0 0.8079870915691811 0.5254093732354602 0.03953206938281565 0.007905138339920948
0 0.8616377571601452 0.5268210050818747 0.012101653892698669 0.007905138339920948
0 0.8785800726099233 0.5241389045736872 0.012101653892698669 0.016092603049124788
0 0.17930617184348527 0.581733483907397 0.06655909640984267 0.014963297571993224
0 0.2589753933037515 0.5748164878599661 0.035498184751916094 0.012987012987012988
0 0.26643807987091567 0.5694522868435912 0.0028237192416296895 0.002258610954263128
0 0.2964905203711174 0.5790513833992095 0.028237192416296894 0.005081874647092038
0 0.3021379588543768 0.5688876341050254 0.004033884630899556 0.003952569169960474
0 0.31988705123033484 0.5783455674760023 0.011294876966518758 0.007058159232072276
0 0.34852763210972165 0.5774985883681536 0.04356595401371521 0.015527950310559006
0 0.4126663977410246 0.5765104460756635 0.029043969342476807 0.007340485601355167
0 0.47519160951996775 0.573828345567476 0.033884630899556276 0.012140033879164314
0 0.4868898749495764 0.5701581027667985 0.005647438483259379 0.003105590062111801
0 0.5137152077450585 0.5786278938452851 0.031060911657926585 0.005364201016374929
0 0.5185558693021379 0.5700169395821569 0.0060508269463493344 0.0033879164313946925
0 0.5570794675272287 0.5748164878599661 0.05163372327551432 0.010728402032749858
0 0.6387656313029447 0.5763692828910221 0.0318676885841065 0.009881422924901186
0 0.6506655909640984 0.5700169395821569 0.004033884630899556 0.0033879164313946925
0 0.672448567970956 0.5770750988142292 0.02743041549011698 0.009034443817052512
0 0.7008874546187979 0.575098814229249 0.02944735780556676 0.012422360248447204
0 0.7309398951189996 0.5762281197063805 0.03146430012101654 0.01355166572557877
0 0.781968535699879 0.5766516092603049 0.00927793465106898 0.005364201016374929
0 0.8150463896732554 0.5774985883681536 0.052843888664784185 0.01101072840203275
0 0.8531665994352562 0.5773574251835122 0.017749092375958047 0.005081874647092038
0 0.8588140379185155 0.5691699604743083 0.004840661557079467 0.004517221908526256
0 0.8705123033481242 0.575098814229249 0.012101653892698669 0.010163749294184076
0 0.8935054457442517 0.575098814229249 0.03065752319483663 0.010728402032749858
0 0.15026220250100847 0.6285996612083569 0.012505042355788625 0.016657255787690572
0 0.17406212182331585 0.6280350084697911 0.038321903993545785 0.00818746470920384
0 0.218233158531666 0.6250705815923208 0.004840661557079467 0.002258610954263128
0 0.23315853166599435 0.6246470920383964 0.026623638563937072 0.016092603049124788
0 0.29265832997176283 0.6280350084697911 0.01008471157724889 0.001976284584980237
0 0.34852763210972165 0.6261998870694523 0.03065752319483663 0.00564652738565782
0 0.3799919322307382 0.6249294184076792 0.023396530859217425 0.010446075663466968
0 0.43404598628479224 0.622953133822699 0.015328761597418314 0.00818746470920384
0 0.47680516337232753 0.6254940711462451 0.07341670028237192 0.012140033879164314
0 0.5242033077853974 0.6230942970073405 0.01008471157724889 0.01637492941840768
0 0.5431625655506253 0.6250705815923208 0.02218636546994756 0.006211180124223602
0 0.5711980637353772 0.627046866177301 0.021782977006857603 0.00846979107848673
0 0.6317063331988705 0.6266233766233766 0.01290843081887858 0.00818746470920384
0 0.6514723678902783 0.6216826651609261 0.014521984671238403 0.014680971202710334
0 0.7129891085114965 0.6290231507622812 0.04800322710770472 0.011857707509881422
0 0.7821702299314239 0.6261998870694523 0.011294876966518758 0.009034443817052512
0 0.7964905203711173 0.6277526821005082 0.013311819281968536 0.005364201016374929
0 0.818273497377975 0.6259175607001694 0.02379991932230738 0.009034443817052512
0 0.8531665994352562 0.6247882552230378 0.04437273093989512 0.01693958215697346
0 0.16236385639370715 0.6809712027103332 0.02864058087938685 0.00564652738565782
0 0.2073416700282372 0.677442123094297 0.060508269463493344 0.009881422924901186
0 0.2823719241629689 0.6784302653867871 0.022589753933037516 0.009599096555618294
0 0.31686163775716014 0.6768774703557312 0.02944735780556676 0.00818746470920384
0 0.3237192416296894 0.6717955957086392 0.006857603872529245 0.004234895539243365
0 0.3580072609923356 0.6775832862789385 0.038321903993545785 0.006211180124223602
0 0.40439693424768053 0.6764539808018069 0.012505042355788625 0.014680971202710334
0 0.43162565550625254 0.6771597967250141 0.03953206938281565 0.007058159232072276
0 0.463896732553449 0.6758893280632411 0.024203307785397338 0.009599096555618294
0 0.4854780153287616 0.6791360813099944 0.012505042355788625 0.008752117447769622
0 0.535699878983461 0.6788537549407114 0.01290843081887858 0.006493506493506494
0 0.5693828156514724 0.6784302653867871 0.045582896329164985 0.007340485601355167
0 0.5951996772892295 0.6758893280632411 0.010891488503428802 0.009599096555618294
0 0.6133521581282775 0.6771597967250141 0.02218636546994756 0.009316770186335404
0 0.662767244856797 0.6764539808018069 0.01290843081887858 0.009599096555618294
0 0.6831383622428399 0.67871259175607 0.02702702702702703 0.009034443817052512
0 0.7365873336022589 0.6799830604178431 0.016135538523598225 0.006493506493506494
0 0.7535296490520371 0.6799830604178431 0.01371520774505849 0.009316770186335404
0 0.7694634933440904 0.6798418972332015 0.013311819281968536 0.009034443817052512
0 0.782371924162969 0.6778656126482213 0.01008471157724889 0.005081874647092038
0 0.7977006857603872 0.6782891022021457 0.01653892698668818 0.008752117447769622
0 0.8140379185155304 0.6782891022021457 0.011294876966518758 0.011575381140598532
0 0.8319887051230335 0.6765951439864484 0.01573215006050827 0.006493506493506494
0 0.8378378378378378 0.6699604743083004 0.004840661557079467 0.003952569169960474
0 0.8753529649052038 0.6746188594014682 0.06131504638967326 0.012140033879164314
0 0.9142799515933844 0.6822416713721061 0.003630496167809601 0.002540937323546019
