0 0.17587736990722067 0.2701863354037267 0.042759177087535294 0.032185206098249576
0 0.19947559499798306 0.26439864483342745 0.008471157724889069 0.0189158667419537
0 0.22307382008874546 0.2701863354037267 0.014521984671238403 0.031055900621118012
0 0.23376361436062928 0.2725861095426313 0.008471157724889069 0.009316770186335404
0 0.2462686567164179 0.2713156408808583 0.014118596208148447 0.007905138339920948
0 0.27853973376361435 0.26468097120271034 0.021379588543767647 0.020609824957651044
0 0.2954820492133925 0.2691981931112366 0.010891488503428802 0.00818746470920384
0 0.3017345703912868 0.26228119706380576 0.0016135538523598225 0.002258610954263128
0 0.3083904800322711 0.26905702992659514 0.007664380798709157 0.012422360248447204
0 0.336224283985478 0.2715979672501412 0.021379588543767647 0.03613777526821005
0 0.35175473981444133 0.26990400903444384 0.00645421540943929 0.010728402032749858
0 0.3686970552642194 0.2704686617730096 0.026623638563937072 0.010728402032749858
0 0.38886647841871724 0.2686335403726708 0.00645421540943929 0.016092603049124788
0 0.41871722468737393 0.26566911349520045 0.029850746268656716 0.023150762281197064
0 0.44574425171440096 0.27089215132693395 0.017749092375958047 0.011575381140598532
0 0.4584509883017346 0.2738565782044043 0.003630496167809601 0.007905138339920948
0 0.46046793061718433 0.2670807453416149 0.002016942315449778 0.004517221908526256
0 0.4715611133521581 0.2723037831733484 0.016942315449778138 0.010446075663466968
0 0.48769665187575634 0.2682100508187465 0.011294876966518758 0.015810276679841896
0 0.5074626865671642 0.27315076228119706 0.020976200080677694 0.027950310559006212
0 0.5504235578862444 0.26566911349520045 0.024606696248487294 0.023715415019762844
0 0.5701895925776522 0.26905702992659514 0.010891488503428802 0.009599096555618294
0 0.5792658329971763 0.2696216826651609 0.00645421540943929 0.01129305477131564
0 0.5881403791851553 0.2694805194805195 0.008874546187979023 0.009881422924901186
0 0.6163775716014522 0.2652456239412761 0.020976200080677694 0.020609824957651044
0 0.635538523598225 0.2641163184641446 0.014925373134328358 0.01948051948051948
0 0.6500605082694635 0.262987012987013 0.02379991932230738 0.021174477696216828
0 0.6690197660346914 0.27710333145115756 0.003630496167809601 0.008752117447769622
0 0.6990722065348931 0.2682100508187465 0.03711173860427592 0.032185206098249576
0 0.7172246873739411 0.27004517221908525 0.010488100040338847 0.01101072840203275
0 0.7315449778136345 0.26877470355731226 0.01653892698668818 0.01129305477131564
0 0.745461879790238 0.2694805194805195 0.008874546187979023 0.009881422924901186
0 0.7585720048406616 0.26566911349520045 0.01734570391286809 0.01693958215697346
0 0.7878176684146834 0.2651044607566347 0.012101653892698669 0.01637492941840768
0 0.7936668011294877 0.2802089215132693 0.002016942315449778 0.0036702428006775835
0 0.799717628075837 0.27428006775832864 0.011698265429608713 0.01948051948051948
0 0.8283582089552238 0.2628458498023715 0.01653892698668818 0.021456804065499716
0 0.8348124243646632 0.268068887634105 0.013311819281968536 0.010446075663466968
0 0.8525615167406212 0.268068887634105 0.019766034691407825 0.010446075663466968
0 0.8707139975796693 0.2641163184641446 0.013311819281968536 0.01948051948051948
0 0.16034691407825735 0.32523997741389044 0.01653892698668818 0.029361942405420668
0 0.16962484872932634 0.31126482213438733 0.0028237192416296895 0.005364201016374929
0 0.18858410649455426 0.32058159232072275 0.0326744655102864 0.013269339356295878
0 0.22186365469947558 0.3170525127046866 0.011294876966518758 0.0220214568040655
0 0.23436869705526422 0.3266516092603049 0.01290843081887858 0.020327498588368152
0 0.25554659136748686 0.3178994918125353 0.014925373134328358 0.0220214568040655
0 0.26744655102864057 0.32171089779785433 0.01290843081887858 0.01101072840203275
0 0.2809600645421541 0.31874647092038394 0.01573215006050827 0.017504234895539244
0 0.29265832997176283 0.326369282891022 0.013311819281968536 0.018633540372670808
0 0.3253327954820492 0.3154997176736307 0.021379588543767647 0.0251270468661773
0 0.33763614360629285 0.32142857142857145 0.010488100040338847 0.012704686617730096
0 0.3481242436466317 0.32241671372106157 0.009681323114158934 0.010728402032749858
0 0.354578459056071 0.322557876905703 0.010488100040338847 0.009881422924901186
0 0.3697055264219443 0.3181818181818182 0.019766034691407825 0.020327498588368152
0 0.3862444534086325 0.32792207792207795 0.010891488503428802 0.022303783173348392
0 0.4279951593384429 0.3166290231507623 0.02501008471157725 0.021739130434782608
0 0.44050020169423154 0.32171089779785433 0.011294876966518758 0.01101072840203275
0 0.4509883017345704 0.322557876905703 0.008874546187979023 0.009881422924901186
0 0.46248487293263413 0.32185206098249575 0.01653892698668818 0.010163749294184076
0 0.4762000806776926 0.3231225296442688 0.0052440500201694235 0.009316770186335404
0 0.4784187172246874 0.3132411067193676 0.0024203307785397336 0.0036702428006775835
0 0.4848729326341267 0.31719367588932806 0.008874546187979023 0.021174477696216828
0 0.491125453812021 0.3186053077357425 0.01008471157724889 0.020045172219085264
0 0.49858814037918514 0.32298136645962733 0.01290843081887858 0.009034443817052512
0 0.5137152077450585 0.3231225296442688 0.010891488503428802 0.01101072840203275
0 0.554860830980234 0.32269904009034445 0.01734570391286809 0.015245623941276116
0 0.5671641791044776 0.3235460191981931 0.004840661557079467 0.009599096555618294
0 0.572206534893102 0.31309994353472614 0.0012101653892698668 0.0016939582156973462
0 0.5822912464703509 0.31846414455110106 0.020572811617587738 0.020892151326933936
0 0.5734167002823719 0.31493506493506496 0.002016942315449778 0.003105590062111801
0 0.6339249697458653 0.3177583286278938 0.018959257765227916 0.021174477696216828
0 0.6448164582492941 0.3211462450592885 0.01008471157724889 0.01383399209486166
0 0.6520774505849133 0.32128740824393 0.012505042355788625 0.012422360248447204
0 0.6625655506252521 0.32679277244494637 0.002016942315449778 0.001411631846414455
0 0.6906010488100041 0.31832298136645965 0.021782977006857603 0.022303783173348392
0 0.7022993142396128 0.32241671372106157 0.008874546187979023 0.009034443817052512
0 0.7127874142799516 0.32185206098249575 0.011294876966518758 0.009599096555618294
0 0.7258975393303752 0.3219932241671372 0.013311819281968536 0.009881422924901186
0 0.7373941105284388 0.3231225296442688 0.008067769261799113 0.008752117447769622
0 0.7513110125050424 0.31846414455110106 0.01573215006050827 0.01637492941840768
0 0.7615974183138362 0.32622811970638055 0.015328761597418314 0.022868435911914172
0 0.7960871319080274 0.31846414455110106 0.013311819281968536 0.014116318464144552
0 0.809197256958451 0.3197346132128741 0.011294876966518758 0.009881422924901186
0 0.8239209358612344 0.31592320722755507 0.018152480839048003 0.020892151326933936
0 0.8475191609519968 0.3186053077357425 0.01371520774505849 0.012704686617730096
0 0.8632513110125051 0.31309994353472614 0.01936264622831787 0.020327498588368152
0 0.8824122630092779 0.3191699604743083 0.02218636546994756 0.013269339356295878
0 0.1663977410246067 0.37761151891586675 0.026220250100847116 0.028514963297571992
0 0.18757563533682936 0.37125917560700167 0.014521984671238403 0.014680971202710334
0 0.2008874546187979 0.36589497459062675 0.00645421540943929 0.017504234895539244
0 0.2073416700282372 0.3697063805759458 0.011294876966518758 0.01101072840203275
0 0.2254941508672852 0.37337662337662336 0.016942315449778138 0.026821005081874648
0 0.2390076643807987 0.3706945228684359 0.011698265429608713 0.01355166572557877
0 0.2488906817265026 0.3697063805759458 0.008874546187979023 0.009881422924901186
0 0.2571601452198467 0.36984754376058726 0.008471157724889069 0.01355166572557877
0 0.2765227914481646 0.366600790513834 0.02944735780556676 0.020045172219085264
0 0.2966922146026624 0.3814229249011858 0.006857603872529245 0.011857707509881422
0 0.3293666801129488 0.36617730095990964 0.020572811617587738 0.020892151326933936
0 0.3402581686163776 0.37027103331451156 0.00927793465106898 0.01101072840203275
0 0.3465106897942719 0.37450592885375494 0.0024203307785397336 0.001976284584980237
0 0.37777329568374346 0.365330321852061 0.021379588543767647 0.0220214568040655
0 0.38886647841871724 0.3694240542066629 0.008874546187979023 0.008752117447769622
0 0.399959661153691 0.3695652173913043 0.01008471157724889 0.009599096555618294
0 0.4110528438886648 0.37027103331451156 0.011294876966518758 0.008752117447769622
0 0.42315449778136344 0.3709768492377188 0.009681323114158934 0.00846979107848673
0 0.4356595401371521 0.36674195369847545 0.01936264622831787 0.019198193111236588
0 0.445340863251311 0.3760587238848108 0.016135538523598225 0.020327498588368152
0 0.4824526018555869 0.37140033879164314 0.03065752319483663 0.012140033879164314
0 0.5060508269463493 0.36716544325239975 0.01734570391286809 0.016657255787690572
0 0.5441710367083501 0.3651891586674195 0.023396530859217425 0.023433088650479956
0 0.5570794675272287 0.370412196499153 0.011294876966518758 0.01129305477131564
0 0.5667607906413876 0.37577639751552794 0.003227107704719645 0.0016939582156973462
0 0.5869302137958854 0.36716544325239975 0.02581686163775716 0.022868435911914172
0 0.599838644614764 0.3715415019762846 0.012101653892698669 0.009599096555618294
0 0.6117386042759178 0.37111801242236025 0.00927793465106898 0.009881422924901186
0 0.6260588947156112 0.37111801242236025 0.02016942315449778 0.011575381140598532
0 0.6421944332392093 0.3743647656691135 0.004840661557079467 0.00564652738565782
0 0.6522791448164582 0.366600790513834 0.017749092375958047 0.017786561264822136
0 0.6732553448971359 0.37267080745341613 0.02581686163775716 0.011857707509881422
0 0.7071399757966922 0.3715415019762846 0.02016942315449778 0.012422360248447204
0 0.7218636546994756 0.3719649915302089 0.00927793465106898 0.009316770186335404
0 0.7329568374344494 0.3684359119141728 0.01371520774505849 0.017504234895539244
0 0.7587736990722065 0.36645962732919257 0.022589753933037516 0.020892151326933936
0 0.7791448164582493 0.3694240542066629 0.01734570391286809 0.012704686617730096
0 0.7918515530455829 0.3709768492377188 0.009681323114158934 0.012987012987012988
0 0.8223073820088745 0.37210615471485037 0.021379588543767647 0.012987012987012988
0 0.8390480032271077 0.3728119706380576 0.008067769261799113 0.009316770186335404
0 0.8521581282775312 0.37295313382269907 0.013311819281968536 0.011857707509881422
0 0.8612343686970553 0.37323546019198195 0.010488100040338847 0.009034443817052512
0 0.15167406212182333 0.41332580463015245 0.014521984671238403 0.026538678712591756
0 0.1680112948769665 0.4192546583850932 0.018959257765227916 0.012422360248447204
0 0.1837434449374748 0.4181253529079616 0.011698265429608713 0.01129305477131564
0 0.19443323920935862 0.41953698475437606 0.009681323114158934 0.011857707509881422
0 0.22065348931020573 0.423630717108978 0.012101653892698669 0.023997741389045736
0 0.23396530859217426 0.4191134952004517 0.010488100040338847 0.01101072840203275
0 0.24324324324324326 0.42080745341614906 0.009681323114158934 0.012704686617730096
0 0.2601855586930214 0.4171372106154715 0.02501008471157725 0.016657255787690572
0 0.2801532876159742 0.41544325239977414 0.01734570391286809 0.016657255787690572
0 0.29225494150867287 0.4192546583850932 0.013311819281968536 0.010163749294184076
0 0.3045582896329165 0.4233483907396951 0.015328761597418314 0.021174477696216828
0 0.3162565550625252 0.42292490118577075 0.004840661557079467 0.002258610954263128
0 0.3424768051633723 0.4150197628458498 0.008874546187979023 0.019198193111236588
0 0.3519564340459863 0.42066629023150764 0.013311819281968536 0.011857707509881422
0 0.39431222267043164 0.41022021456804064 0.018959257765227916 0.026538678712591756
0 0.40500201694231547 0.4116318464144551 0.016942315449778138 0.020892151326933936
0 0.42496974586526826 0.41120835686053075 0.01653892698668818 0.021739130434782608
0 0.4388866478418717 0.4134669678147939 0.004033884630899556 0.016092603049124788
0 0.45018152480839047 0.41459627329192544 0.01371520774505849 0.015527950310559006
0 0.46430012101653895 0.42913608130999437 0.004033884630899556 0.012422360248447204
0 0.49213392496974584 0.4126199887069452 0.01855586930213796 0.021739130434782608
0 0.5020169423154498 0.4178430265386787 0.007664380798709157 0.01129305477131564
0 0.508471157724889 0.422360248447205 0.0028237192416296895 0.0016939582156973462
0 0.5304558289632917 0.415725578769057 0.016135538523598225 0.022303783173348392
0 0.5427591770875353 0.41981931112365894 0.010891488503428802 0.011857707509881422
0 0.5526421944332393 0.41967814793901753 0.01290843081887858 0.009881422924901186
0 0.5663574021782977 0.4193958215697346 0.012101653892698669 0.011575381140598532
0 0.5954013715207745 0.4129023150762281 0.01855586930213796 0.026821005081874648
0 0.6075030254134732 0.41883116883116883 0.012101653892698669 0.008752117447769622
0 0.6171843485276322 0.41953698475437606 0.008874546187979023 0.009034443817052512
0 0.6306978620411456 0.41459627329192544 0.014118596208148447 0.021739130434782608
0 0.6430012101653892 0.43068887634105024 0.008067769261799113 0.012140033879164314
0 0.6712384025816862 0.4162902315076228 0.01936264622831787 0.018351214003387916
0 0.6795078660750302 0.42264257481648787 0.0028237192416296895 0.002258610954263128
0 0.6944332392093586 0.4178430265386787 0.01734570391286809 0.018068887634105024
0 0.7059298104074223 0.4257481648785997 0.003227107704719645 0.002258610954263128
0 0.7291246470350948 0.4168548842461886 0.020572811617587738 0.0189158667419537
0 0.7466720451795079 0.42165443252399776 0.028237192416296894 0.01101072840203275
0 0.7656313029447358 0.42207792207792205 0.010488100040338847 0.009599096555618294
0 0.7827753126260589 0.41699604743083 0.022993142396127472 0.019198193111236588
0 0.799717628075837 0.4209486166007905 0.00927793465106898 0.010728402032749858
0 0.808995562726906 0.4243365330321852 0.014118596208148447 0.020892151326933936
0 0.8448971359419121 0.4213721061547149 0.014118596208148447 0.009316770186335404
0 0.8598225090762405 0.4191134952004517 0.022993142396127472 0.03359683794466403
0 0.15026220250100847 0.46513269339356295 0.020572811617587738 0.022303783173348392
0 0.16881807180314642 0.4665443252399774 0.0318676885841065 0.020045172219085264
0 0.18959257765227913 0.4709203839638622 0.012101653892698669 0.012422360248447204
0 0.20774505849132716 0.4805194805194805 0.004840661557079467 0.009034443817052512
0 0.23598225090762404 0.4761434217955957 0.012101653892698669 0.022868435911914172
0 0.24929407018959257 0.47035573122529645 0.014521984671238403 0.010728402032749858
0 0.2626058894715611 0.4720496894409938 0.011294876966518758 0.011857707509881422
0 0.27732956837434447 0.47346132128740825 0.010891488503428802 0.010163749294184076
0 0.3043565954013715 0.47289666854884244 0.013311819281968536 0.01355166572557877
0 0.33642597821702297 0.4655561829474873 0.016942315449778138 0.023150762281197064
0 0.34388866478418717 0.4707792207792208 0.013311819281968536 0.014398644833427442
0 0.3590157321500605 0.47219085262563526 0.008067769261799113 0.001976284584980237
0 0.37797498991528844 0.4733201581027668 0.016135538523598225 0.01383399209486166
0 0.39108511496571197 0.4738848108413326 0.0060508269463493344 0.010446075663466968
0 0.3963291649858814 0.466403162055336 0.002016942315449778 0.00846979107848673
0 0.40116982654296085 0.47346132128740825 0.011698265429608713 0.009599096555618294
0 0.4136748688987495 0.47473178994918125 0.012505042355788625 0.009881422924901186
0 0.4253731343283582 0.46823828345567475 0.012505042355788625 0.020045172219085264
0 0.4346510689794272 0.4741671372106155 0.01008471157724889 0.010446075663466968
0 0.463493344090359 0.470214568040655 0.015328761597418314 0.021174477696216828
0 0.4782170229931424 0.47501411631846413 0.014118596208148447 0.013269339356295878
0 0.4919322307382009 0.47600225861095424 0.01008471157724889 0.012422360248447204
0 0.5062525211778943 0.4704968944099379 0.022589753933037516 0.03303218520609825
0 0.5096813231141589 0.47586109542631283 0.0060508269463493344 0.00818746470920384
0 0.5221863654699476 0.47600225861095424 0.014118596208148447 0.009034443817052512
0 0.517749092375958 0.46710897797854317 0.0028237192416296895 0.006493506493506494
0 0.5318676885841065 0.4808018068887634 0.012505042355788625 0.023150762281197064
0 0.5562726906010488 0.47656691134952006 0.01371520774505849 0.01129305477131564
0 0.5689794271883825 0.4764257481648786 0.011698265429608713 0.01101072840203275
0 0.6012505042355789 0.470214568040655 0.019766034691407825 0.020609824957651044
0 0.618596208148447 0.47557876905702995 0.01008471157724889 0.010446075663466968
0 0.6502622025010085 0.4666854884246189 0.016135538523598225 0.017504234895539244
0 0.6526825332795482 0.4743083003952569 0.005647438483259379 0.00846979107848673
0 0.6601452198467124 0.47360248447204967 0.01008471157724889 0.009881422924901186
0 0.6716417910447762 0.47444946357989837 0.01371520774505849 0.012140033879164314
0 0.6857603872529245 0.4751552795031056 0.01290843081887858 0.010163749294184076
0 0.6974586526825333 0.47557876905702995 0.011294876966518758 0.011575381140598532
0 0.7301331181928197 0.4686617730095991 0.021782977006857603 0.020327498588368152
0 0.7468737394110528 0.4696499153020892 0.010891488503428802 0.017786561264822136
0 0.7557482855990318 0.4704968944099379 0.018959257765227916 0.0189158667419537
0 0.7896329164985881 0.47035573122529645 0.01653892698668818 0.018068887634105024
0 0.827551432029044 0.47007340485601357 0.025413473174667203 0.017504234895539244
0 0.8444937474788221 0.4751552795031056 0.010891488503428802 0.010163749294184076
0 0.14300121016538928 0.5206098249576511 0.008471157724889069 0.017504234895539244
0 0.15772488906817264 0.5203274985883681 0.02016942315449778 0.021456804065499716
0 0.16518757563533684 0.521880293619424 0.007664380798709157 0.001976284584980237
0 0.18132311415893507 0.5241389045736872 0.021379588543767647 0.013269339356295878
0 0.19987898346107302 0.5201863354037267 0.014118596208148447 0.020609824957651044
0 0.20935861234368697 0.5183512140033879 0.0024203307785397336 0.006211180124223602
0 0.21298910851149658 0.5261151891586674 0.009681323114158934 0.010446075663466968
0 0.2252924566357402 0.5248447204968945 0.012505042355788625 0.011857707509881422
0 0.2692617991125454 0.5182100508187465 0.030254134731746672 0.022868435911914172
0 0.28136345300524407 0.5231507622811971 0.013311819281968536 0.01129305477131564
0 0.2974989915288423 0.5197628458498024 0.01653892698668818 0.019762845849802372
0 0.327349737797499 0.5228684359119141 0.010891488503428802 0.011857707509881422
0 0.3382412263009278 0.5231507622811971 0.011698265429608713 0.01129305477131564
0 0.35054457442517145 0.5242800677583286 0.01290843081887858 0.010728402032749858
0 0.3709156918112142 0.5244212309429701 0.024606696248487294 0.011575381140598532
0 0.3860427591770875 0.5258328627893846 0.005647438483259379 0.009881422924901186
0 0.38866478418717226 0.5162337662337663 0.002016942315449778 0.005364201016374929
0 0.3993545784590561 0.5213156408808582 0.008067769261799113 0.01948051948051948
0 0.4138765631302945 0.525691699604743 0.0024203307785397336 0.0016939582156973462
0 0.44574425171440096 0.5183512140033879 0.023396530859217425 0.019762845849802372
0 0.46651875756353367 0.5227272727272727 0.018959257765227916 0.01101072840203275
0 0.4792254941508673 0.5241389045736872 0.008067769261799113 0.009881422924901186
0 0.499798305768455 0.521880293619424 0.012101653892698669 0.01101072840203275
0 0.5123033481242436 0.5199040090344438 0.017749092375958047 0.026256352343308864
0 0.5338846308995563 0.519621682665161 0.012505042355788625 0.0189158667419537
0 0.5441710367083501 0.52343308865048 0.004033884630899556 0.00846979107848673
0 0.5496167809600645 0.5244212309429701 0.008471157724889069 0.012140033879164314
0 0.5482049213392497 0.5170807453416149 0.0016135538523598225 0.0036702428006775835
0 0.581081081081081 0.5187747035573123 0.02218636546994756 0.023433088650479956
0 0.5853166599435257 0.5252682100508187 0.005647438483259379 0.009316770186335404
0 0.5937878176684147 0.5247035573122529 0.009681323114158934 0.013269339356295878
0 0.59116579265833 0.5175042348955392 0.0028237192416296895 0.005081874647092038
0 0.6048810004033884 0.5208921513269339 0.00927793465106898 0.018633540372670808
0 0.6119402985074627 0.5237154150197628 0.011294876966518758 0.010163749294184076
0 0.6238402581686163 0.5244212309429701 0.011698265429608713 0.011575381140598532
0 0.6371520774505849 0.5248447204968945 0.01008471157724889 0.009599096555618294
0 0.6476401774909237 0.5232919254658385 0.010891488503428802 0.013269339356295878
0 0.6567164179104478 0.5238565782044043 0.01371520774505849 0.012704686617730096
0 0.6962484872932634 0.5213156408808582 0.03065752319483663 0.017786561264822136
0 0.7198467123840259 0.5211744776962168 0.018959257765227916 0.017504234895539244
0 0.7533279548204921 0.5199040090344438 0.02218636546994756 0.020609824957651044
0 0.7805566760790641 0.5237154150197628 0.021782977006857603 0.01355166572557877
0 0.7981040742234772 0.5249858836815359 0.02218636546994756 0.012140033879164314
0 0.8075837031060912 0.5232919254658385 0.0016135538523598225 0.002540937323546019
0 0.13876563130294473 0.560841332580463 0.003227107704719645 0.006493506493506494
0 0.1417910447761194 0.5618294748729531 0.003630496167809601 0.006775832862789385
0 0.15348931020572812 0.5717108977978543 0.019766034691407825 0.012987012987012988
0 0.1734570391286809 0.5693111236589498 0.01855586930213796 0.021174477696216828
0 0.19382815651472368 0.57128740824393 0.021379588543767647 0.012704686617730096
0 0.22125857200484067 0.5759457933370977 0.019766034691407825 0.026538678712591756
0 0.23436869705526422 0.5726990400903444 0.011294876966518758 0.010446075663466968
0 0.24425171440096813 0.5731225296442688 0.007664380798709157 0.01355166572557877
0 0.2529245663574022 0.5731225296442688 0.010488100040338847 0.01355166572557877
0 0.2603872529245664 0.5731225296442688 0.004437273093989512 0.010163749294184076
0 0.26401774909237596 0.5667701863354038 0.002016942315449778 0.006493506493506494
0 0.27410246066962485 0.5729813664596274 0.018152480839048003 0.010446075663466968
0 0.28721258572004843 0.5739695087521175 0.004840661557079467 0.007340485601355167
0 0.29306171843485274 0.5652173913043478 0.0028237192416296895 0.005081874647092038
0 0.2972972972972973 0.5731225296442688 0.009681323114158934 0.01355166572557877
0 0.30879386849536106 0.5693111236589498 0.01008471157724889 0.01948051948051948
0 0.3217022993142396 0.5731225296442688 0.011698265429608713 0.009599096555618294
0 0.3172650262202501 0.5650762281197064 0.002016942315449778 0.004234895539243365
0 0.33864461476401775 0.5618294748729531 0.0060508269463493344 0.010163749294184076
0 0.3674868898749496 0.5763692828910221 0.029043969342476807 0.01101072840203275
0 0.3914885034288019 0.5732636928289102 0.019766034691407825 0.018351214003387916
0 0.42759177087535294 0.5705815923207228 0.02016942315449778 0.019762845849802372
0 0.4443323920935861 0.5711462450592886 0.008471157724889069 0.018068887634105024
0 0.4552238805970149 0.5702992659514399 0.014925373134328358 0.018633540372670808
0 0.463493344090359 0.5748164878599661 0.008874546187979023 0.010163749294184076
0 0.4747882210568778 0.5690287972896668 0.016135538523598225 0.0189158667419537
0 0.5008067769261799 0.5756634669678148 0.012505042355788625 0.012987012987012988
0 0.5133118192819686 0.5762281197063805 0.020572811617587738 0.03162055335968379
0 0.5352964905203711 0.575098814229249 0.014521984671238403 0.011857707509881422
0 0.5798709156918113 0.5670525127046866 0.033481242436466316 0.0251270468661773
0 0.6046793061718435 0.5680406549971767 0.014521984671238403 0.019762845849802372
0 0.6077047196450182 0.5748164878599661 0.004437273093989512 0.006775832862789385
0 0.6137555465913674 0.5664878599661208 0.002016942315449778 0.003105590062111801
0 0.6200080677692618 0.5735460191981931 0.01290843081887858 0.01101072840203275
0 0.6486486486486487 0.5758046301524562 0.022589753933037516 0.012140033879164314
0 0.6623638563937071 0.5690287972896668 0.004033884630899556 0.005928853754940711
0 0.6665994352561517 0.5760869565217391 0.007664380798709157 0.012704686617730096
0 0.6734570391286809 0.5767927724449463 0.003630496167809601 0.00846979107848673
0 0.6813231141589351 0.5762281197063805 0.012101653892698669 0.010163749294184076
0 0.6795078660750302 0.5698757763975155 0.002016942315449778 0.004234895539243365
0 0.717628075837031 0.5673348390739695 0.011294876966518758 0.020609824957651044
0 0.7244856797095603 0.5732636928289102 0.014521984671238403 0.01101072840203275
0 0.7375958047599839 0.5686053077357425 0.01008471157724889 0.018633540372670808
0 0.7511093182734974 0.5718520609824957 0.021782977006857603 0.010446075663466968
0 0.7872125857200484 0.5662055335968379 0.021379588543767647 0.01948051948051948
0 0.800726099233562 0.5731225296442688 0.004840661557079467 0.007905138339920948
0 0.808592174263816 0.5693111236589498 0.01008471157724889 0.014398644833427442
0 0.8392496974586526 0.5745341614906833 0.012505042355788625 0.02258610954263128
0 0.8505445744251714 0.5700169395821569 0.012505042355788625 0.01355166572557877
0 0.8691004437273094 0.5694522868435912 0.02944735780556676 0.01637492941840768
0 0.8876563130294474 0.577922077922078 0.0028237192416296895 0.00282326369282891
