0 0.15853166599435256 0.2684923771880294 0.03791851553045583 0.019198193111236588
0 0.18515530455828963 0.26905702992659514 0.012101653892698669 0.01693958215697346
0 0.20028237192416296 0.27399774138904576 0.014925373134328358 0.009881422924901186
0 0.24868898749495763 0.2689158667419537 0.027833803953206938 0.020045172219085264
0 0.26946349334409037 0.27540937323546016 0.016942315449778138 0.007622811970638058
0 0.2843888664784187 0.27639751552795033 0.01290843081887858 0.007905138339920948
0 0.299919322307382 0.2756916996047431 0.01653892698668818 0.009316770186335404
0 0.31665994352561516 0.2761151891586674 0.012101653892698669 0.007905138339920948
0 0.32755143202904397 0.2768210050818746 0.01371520774505849 0.007622811970638058
0 0.33945139169019767 0.27103331451157536 0.004437273093989512 0.021456804065499716
0 0.390480032271077 0.2715979672501412 0.03146430012101654 0.019198193111236588
0 0.4146833400564744 0.27738565782044045 0.01371520774505849 0.007058159232072276
0 0.4320290439693425 0.27738565782044045 0.012101653892698669 0.005928853754940711
0 0.4461476401774909 0.27653867871259175 0.01290843081887858 0.00818746470920384
0 0.4574425171440097 0.27780914737436474 0.004033884630899556 0.007340485601355167
0 0.46228317870108915 0.2696216826651609 0.003227107704719645 0.002258610954263128
0 0.47337636143606293 0.27089215132693395 0.0052440500201694235 0.022303783173348392
0 0.5153287615974184 0.275974025974026 0.014118596208148447 0.00818746470920384
0 0.5328761597418313 0.269339356295878 0.016942315449778138 0.019762845849802372
0 0.5685760387252925 0.27032749858836813 0.010891488503428802 0.0189158667419537
0 0.5849132714804357 0.2707509881422925 0.01371520774505849 0.01693958215697346
0 0.6024606696248487 0.27540937323546016 0.014118596208148447 0.008752117447769622
0 0.645421540943929 0.27117447769621683 0.03872529245663574 0.020045172219085264
0 0.663574021782977 0.2766798418972332 0.008874546187979023 0.007340485601355167
0 0.6764824526018556 0.2768210050818746 0.016135538523598225 0.007622811970638058
0 0.6932230738200887 0.27188029361942406 0.01734570391286809 0.018633540372670808
0 0.7150060508269463 0.27738565782044045 0.025413473174667203 0.01101072840203275
0 0.7694634933440904 0.27216261998870694 0.022993142396127472 0.019198193111236588
0 0.781565147236789 0.2758328627893845 0.0052440500201694235 0.006775832862789385
0 0.7880193626462283 0.2761151891586674 0.006857603872529245 0.007340485601355167
0 0.7972972972972973 0.2766798418972332 0.0028237192416296895 0.006775832862789385
0 0.8021379588543768 0.2696216826651609 0.002016942315449778 0.001129305477131564
0 0.809600645421541 0.27639751552795033 0.01371520774505849 0.007340485601355167
0 0.8261395724082291 0.27837380011293056 0.016135538523598225 0.00846979107848673
0 0.1563130294473578 0.31945228684359117 0.035901573215006054 0.017786561264822136
0 0.18354175070592982 0.32481648785996614 0.011294876966518758 0.005928853754940711
0 0.2029043969342477 0.33046301524562394 0.01855586930213796 0.020609824957651044
0 0.2226704316256555 0.325098814229249 0.012101653892698669 0.007622811970638058
0 0.2392093586123437 0.32481648785996614 0.022589753933037516 0.009316770186335404
0 0.2529245663574022 0.32523997741389044 0.01371520774505849 0.01129305477131564
0 0.3075837031060912 0.3272162619988707 0.012505042355788625 0.010163749294184076
0 0.3247277127874143 0.3201581027667984 0.017749092375958047 0.018633540372670808
0 0.345703912868092 0.32495765104460755 0.016135538523598225 0.007905138339920948
0 0.3622428398547802 0.3255223037831734 0.01290843081887858 0.006775832862789385
0 0.38584106494554254 0.3197346132128741 0.01653892698668818 0.022303783173348392
0 0.4374747882210569 0.3197346132128741 0.012505042355788625 0.020609824957651044
0 0.4517950786607503 0.32029926595143987 0.008874546187979023 0.01948051948051948
0 0.46409842678499397 0.32608695652173914 0.013311819281968536 0.007905138339920948
0 0.4764017749092376 0.32481648785996614 0.008874546187979023 0.006493506493506494
0 0.490923759580476 0.32495765104460755 0.014521984671238403 0.00846979107848673
0 0.5131101250504235 0.32086391869000563 0.017749092375958047 0.020609824957651044
0 0.5231948366276724 0.32679277244494637 0.01371520774505849 0.00818746470920384
0 0.5354981847519161 0.3272162619988707 0.00927793465106898 0.007340485601355167
0 0.5512303348124243 0.32707509881422925 0.018152480839048003 0.009316770186335404
0 0.6048810004033884 0.3255223037831734 0.020572811617587738 0.009599096555618294
0 0.6189995966115369 0.3272162619988707 0.025413473174667203 0.007905138339920948
0 0.6417910447761194 0.3274985883681536 0.014521984671238403 0.007340485601355167
0 0.6577248890681726 0.326369282891022 0.010891488503428802 0.010163749294184076
0 0.6690197660346914 0.3277809147374365 0.0028237192416296895 0.009599096555618294
0 0.6706333198870512 0.31931112365894976 0.0028237192416296895 0.0016939582156973462
0 0.6841468334005647 0.32086391869000563 0.017749092375958047 0.020609824957651044
0 0.6990722065348931 0.32679277244494637 0.014521984671238403 0.009316770186335404
0 0.7133924969745865 0.32608695652173914 0.014118596208148447 0.009034443817052512
0 0.7503025413473174 0.3219932241671372 0.016942315449778138 0.020609824957651044
0 0.7682533279548205 0.3222755505364201 0.014925373134328358 0.0189158667419537
0 0.7876159741831383 0.3269339356295878 0.018959257765227916 0.010728402032749858
0 0.15671641791044777 0.37267080745341613 0.02702702702702703 0.009599096555618294
0 0.1782977006857604 0.3743647656691135 0.016135538523598225 0.009034443817052512
0 0.20229931423961275 0.36900056465273856 0.021379588543767647 0.020892151326933936
0 0.22186365469947558 0.3743647656691135 0.016135538523598225 0.010728402032749858
0 0.23416700282371924 0.3746470920383964 0.013311819281968536 0.009034443817052512
0 0.2535296490520371 0.3781761716544325 0.003630496167809601 0.001976284584980237
0 0.3194836627672449 0.36928289102202144 0.029850746268656716 0.020327498588368152
0 0.3444937474788221 0.3761998870694523 0.014521984671238403 0.006493506493506494
0 0.3622428398547802 0.3761998870694523 0.011294876966518758 0.009316770186335404
0 0.37353771682129894 0.37704686617730093 0.004840661557079467 0.00818746470920384
0 0.37595804759983864 0.37111801242236025 0.0016135538523598225 0.001976284584980237
0 0.3874546187979024 0.371682665160926 0.020572811617587738 0.017786561264822136
0 0.40217829770068575 0.37789384528514963 0.016135538523598225 0.008752117447769622
0 0.4164985881403792 0.37789384528514963 0.012505042355788625 0.007622811970638058
0 0.43142396127470756 0.37761151891586675 0.014118596208148447 0.008752117447769622
0 0.4505849132714804 0.3706945228684359 0.021782977006857603 0.024280067758328628
0 0.46308995562726907 0.37111801242236025 0.004033884630899556 0.002540937323546019
0 0.4705526421944332 0.37789384528514963 0.011698265429608713 0.008752117447769622
0 0.48507462686567165 0.3784584980237154 0.014925373134328358 0.006493506493506494
0 0.5300524405002017 0.37704686617730093 0.01371520774505849 0.010446075663466968
0 0.5473981444130698 0.37111801242236025 0.01290843081887858 0.020609824957651044
0 0.5651472367890278 0.3771880293619424 0.01371520774505849 0.007905138339920948
0 0.5804759983864461 0.37732919254658387 0.011294876966518758 0.007622811970638058
0 0.5929810407422348 0.3699887069452287 0.00645421540943929 0.022868435911914172
0 0.6068979427188382 0.3705533596837945 0.020572811617587738 0.023433088650479956
0 0.6472367890278338 0.3780350084697911 0.014925373134328358 0.00846979107848673
0 0.6605486083098023 0.3694240542066629 0.003630496167809601 0.021739130434782608
0 0.672650262202501 0.37662337662337664 0.00927793465106898 0.009599096555618294
0 0.6883824122630092 0.3774703557312253 0.01573215006050827 0.00846979107848673
0 0.7424364663170633 0.37140033879164314 0.02218636546994756 0.017786561264822136
0 0.763614360629286 0.37577639751552794 0.016135538523598225 0.009034443817052512
0 0.7946752722872126 0.38198757763975155 0.014521984671238403 0.0220214568040655
0 0.8081887858007261 0.3781761716544325 0.0028237192416296895 0.007058159232072276
0 0.8112141992739008 0.36885940146809715 0.003227107704719645 0.003105590062111801
0 0.8221056877773296 0.37789384528514963 0.012101653892698669 0.010446075663466968
0 0.8426784993949173 0.3784584980237154 0.02743041549011698 0.012140033879164314
0 0.15248083904800322 0.41981931112365894 0.03146430012101654 0.01693958215697346
0 0.19160951996772893 0.42066629023150764 0.01290843081887858 0.019762845849802372
0 0.2099636950383219 0.4222190852625635 0.012505042355788625 0.015527950310559006
0 0.22710770471964503 0.42701863354037267 0.016942315449778138 0.009316770186335404
0 0.28580072609923357 0.4253246753246753 0.014118596208148447 0.011575381140598532
0 0.30052440500201694 0.4253246753246753 0.016135538523598225 0.009316770186335404
0 0.318273497377975 0.4313946922642575 0.01290843081887858 0.021456804065499716
0 0.33521581282775315 0.4267363071710898 0.011294876966518758 0.00818746470920384
0 0.3481242436466317 0.42715979672501414 0.015328761597418314 0.007340485601355167
0 0.3656716417910448 0.4280067758328628 0.012505042355788625 0.00846979107848673
0 0.3807987091569181 0.43478260869565216 0.005647438483259379 0.020327498588368152
0 0.3852359822509076 0.42631281761716544 0.010488100040338847 0.009599096555618294
0 0.3949173053650666 0.427442123094297 0.004840661557079467 0.009599096555618294
0 0.3973376361436063 0.41953698475437606 0.0024203307785397336 0.00282326369282891
0 0.40943929003630497 0.4278656126482213 0.014521984671238403 0.008752117447769622
0 0.4298104074223477 0.43252399774138905 0.018152480839048003 0.020892151326933936
0 0.47680516337232753 0.4267363071710898 0.016135538523598225 0.009881422924901186
0 0.4963695038321904 0.4215132693393563 0.014118596208148447 0.021456804065499716
0 0.5324727712787414 0.42631281761716544 0.016942315449778138 0.010163749294184076
0 0.5496167809600645 0.4265951439864483 0.01573215006050827 0.010163749294184076
0 0.5673658733360226 0.427442123094297 0.0028237192416296895 0.011857707509881422
0 0.5701895925776522 0.4205251270468662 0.002016942315449778 0.001976284584980237
0 0.5798709156918113 0.4278656126482213 0.013311819281968536 0.007622811970638058
0 0.5947962888261396 0.42871259175607 0.013311819281968536 0.008752117447769622
0 0.6113352158128278 0.4278656126482213 0.014118596208148447 0.012704686617730096
0 0.6599435256151674 0.42715979672501414 0.021782977006857603 0.007905138339920948
0 0.6801129487696652 0.42871259175607 0.016942315449778138 0.00818746470920384
0 0.7006857603872529 0.42419536984754375 0.01936264622831787 0.020609824957651044
0 0.7466720451795079 0.422360248447205 0.01371520774505849 0.019198193111236588
0 0.7644211375554659 0.42320722755505363 0.017749092375958047 0.018068887634105024
0 0.7855990318676885 0.4277244494635799 0.01653892698668818 0.009599096555618294
0 0.15046389673255345 0.474025974025974 0.02581686163775716 0.009034443817052512
0 0.17325534489713595 0.47473178994918125 0.010891488503428802 0.007058159232072276
0 0.19302137958854376 0.4699322416713721 0.021379588543767647 0.01948051948051948
0 0.20754336425978218 0.47600225861095424 0.003630496167809601 0.00846979107848673
0 0.21359419120613152 0.4688029361942405 0.003630496167809601 0.001976284584980237
0 0.22589753933037515 0.4707792207792208 0.014521984671238403 0.01948051948051948
0 0.23376361436062928 0.47783738001129306 0.0028237192416296895 0.005364201016374929
0 0.23941105284388867 0.4741671372106155 0.004437273093989512 0.0036702428006775835
0 0.2505042355788624 0.4776962168266516 0.01371520774505849 0.00846979107848673
0 0.2658329971762808 0.47882552230378317 0.01371520774505849 0.009034443817052512
0 0.2853973376361436 0.47007340485601357 0.014925373134328358 0.020892151326933936
0 0.29931423961274706 0.4774138904573687 0.004840661557079467 0.007340485601355167
0 0.3061718434852763 0.4704968944099379 0.004840661557079467 0.003105590062111801
0 0.3160548608309802 0.4767080745341615 0.013311819281968536 0.007622811970638058
0 0.3344090359015732 0.4776962168266516 0.016135538523598225 0.009034443817052512
0 0.390681726502622 0.4775550536420102 0.013311819281968536 0.007058159232072276
0 0.40863251311012505 0.4720496894409938 0.017749092375958047 0.021456804065499716
0 0.45320693828156516 0.4723320158102767 0.013311819281968536 0.01693958215697346
0 0.4701492537313433 0.47162619988706944 0.022993142396127472 0.018351214003387916
0 0.491327148043566 0.47699040090344436 0.016135538523598225 0.008752117447769622
0 0.5040338846308996 0.4784020327498588 0.004437273093989512 0.00818746470920384
0 0.5062525211778943 0.46908526256352345 0.0024203307785397336 0.003105590062111801
0 0.518354175070593 0.47811970638057594 0.014521984671238403 0.009316770186335404
0 0.5689794271883825 0.4785431959345003 0.014118596208148447 0.011857707509881422
0 0.5845098830173457 0.472755505364201 0.01371520774505849 0.0189158667419537
0 0.600242033077854 0.47811970638057594 0.01371520774505849 0.009316770186335404
0 0.6161758773699072 0.4782608695652174 0.012505042355788625 0.009034443817052512
0 0.6290843081887858 0.4784020327498588 0.013311819281968536 0.009881422924901186
0 0.6415893505445744 0.4720496894409938 0.011698265429608713 0.023150762281197064
0 0.6581282775312626 0.4785431959345003 0.013311819281968536 0.00846979107848673
0 0.6744655102864058 0.47882552230378317 0.01371520774505849 0.00846979107848673
0 0.6964501815248084 0.47783738001129306 0.027833803953206938 0.013269339356295878
0 0.7603872529245663 0.4710615471485037 0.017749092375958047 0.021739130434782608
0 0.7791448164582493 0.4779785431959345 0.01734570391286809 0.007340485601355167
0 0.15348931020572812 0.5268210050818747 0.026220250100847116 0.009599096555618294
0 0.1782977006857604 0.5266798418972332 0.014521984671238403 0.009316770186335404
0 0.19685356998789835 0.5265386787125917 0.016942315449778138 0.009599096555618294
0 0.21581282775312627 0.5203274985883681 0.01371520774505849 0.023150762281197064
0 0.27753126260588945 0.521880293619424 0.015328761597418314 0.017786561264822136
0 0.2864058087938685 0.525691699604743 0.0024203307785397336 0.001129305477131564
0 0.2962888261395724 0.5221626199887069 0.013311819281968536 0.018351214003387916
0 0.31323114158935056 0.5282326369282891 0.019766034691407825 0.01129305477131564
0 0.372730939895119 0.5330321852060983 0.020976200080677694 0.020327498588368152
0 0.39572408229124645 0.5275268210050819 0.01290843081887858 0.007058159232072276
0 0.4114562323517547 0.5282326369282891 0.015328761597418314 0.00846979107848673
0 0.436466317063332 0.5278091473743648 0.022589753933037516 0.008752117447769622
0 0.45562726906010487 0.5290796160361377 0.0028237192416296895 0.00846979107848673
0 0.45784590560709965 0.5200451722190853 0.0024203307785397336 0.003952569169960474
0 0.46873739411052845 0.5296442687747036 0.01371520774505849 0.009034443817052512
0 0.4881000403388463 0.5368435911914172 0.015328761597418314 0.021739130434782608
0 0.5582896329164986 0.5280914737436476 0.01936264622831787 0.010446075663466968
0 0.5709963695038321 0.5289384528514963 0.01653892698668818 0.007622811970638058
0 0.5903590157321501 0.5292207792207793 0.01573215006050827 0.008752117447769622
0 0.6046793061718435 0.5292207792207793 0.015328761597418314 0.009881422924901186
0 0.6210165389269867 0.5282326369282891 0.014118596208148447 0.009599096555618294
0 0.6385639370713998 0.5282326369282891 0.016942315449778138 0.009034443817052512
0 0.6530859217426381 0.521880293619424 0.011294876966518758 0.02456239412761152
0 0.6672045179507866 0.5300677583286278 0.01371520774505849 0.006493506493506494
0 0.6807180314643001 0.5302089215132694 0.014925373134328358 0.009034443817052512
0 0.6944332392093586 0.52343308865048 0.014118596208148447 0.02258610954263128
0 0.7071399757966922 0.5300677583286278 0.004840661557079467 0.007622811970638058
0 0.7121823315853166 0.5220214568040655 0.006857603872529245 0.004517221908526256
0 0.7204517950786608 0.5296442687747036 0.014521984671238403 0.007905138339920948
0 0.7299314239612748 0.5299265951439864 0.003630496167809601 0.006775832862789385
0 0.7365873336022589 0.5306324110671937 0.009681323114158934 0.00818746470920384
0 0.780960064542154 0.5290796160361377 0.01371520774505849 0.010163749294184076
0 0.800121016538927 0.5231507622811971 0.020572811617587738 0.023150762281197064
0 0.15792658329971762 0.5773574251835122 0.02944735780556676 0.010728402032749858
0 0.17769261799112546 0.5848390739695087 0.003630496167809601 0.017786561264822136
0 0.18475191609519967 0.5766516092603049 0.016942315449778138 0.009881422924901186
0 0.1972569584509883 0.5774985883681536 0.0024203307785397336 0.009316770186335404
0 0.19987898346107302 0.5677583286278939 0.004437273093989512 0.002258610954263128
0 0.21077047196450183 0.5729813664596274 0.008471157724889069 0.022868435911914172
0 0.2244856797095603 0.5796160361377752 0.014925373134328358 0.00846979107848673
0 0.24021782977006859 0.5741106719367589 0.0052440500201694235 0.021174477696216828
0 0.26502622025010086 0.5815923207227555 0.004840661557079467 0.0033879164313946925
0 0.31484469544171034 0.5728402032749859 0.02864058087938685 0.02258610954263128
0 0.3055667607906414 0.5749576510446076 0.0052440500201694235 0.014963297571993224
0 0.3289632916498588 0.5789102202145681 0.010891488503428802 0.007622811970638058
0 0.3400564743848326 0.5810276679841897 0.003227107704719645 0.0016939582156973462
0 0.39693424768051633 0.5752399774138904 0.04033884630899556 0.0189158667419537
0 0.42860024203307784 0.5872388481084133 0.01573215006050827 0.019762845849802372
0 0.44473578055667606 0.5803218520609825 0.014925373134328358 0.008752117447769622
0 0.46006454215409437 0.5810276679841897 0.011698265429608713 0.006775832862789385
0 0.5096813231141589 0.5798983625070582 0.01653892698668818 0.009599096555618294
0 0.5264219443323921 0.5791925465838509 0.011294876966518758 0.009881422924901186
0 0.5401371520774506 0.5866741953698476 0.016942315449778138 0.023715415019762844
0 0.5621218233158531 0.5808865047995483 0.010891488503428802 0.009316770186335404
0 0.5776522791448164 0.5803218520609825 0.015328761597418314 0.008752117447769622
0 0.5954013715207745 0.5759457933370977 0.01936264622831787 0.018068887634105024
0 0.6395724082291246 0.5762281197063805 0.010891488503428802 0.014680971202710334
0 0.6581282775312626 0.5762281197063805 0.01734570391286809 0.014680971202710334
0 0.6742638160548609 0.5804630152456239 0.012505042355788625 0.00846979107848673
0 0.691004437273094 0.5752399774138904 0.01855586930213796 0.01948051948051948
0 0.744856797095603 0.5808865047995483 0.02218636546994756 0.009881422924901186
0 0.15893505445744252 0.626764539808018 0.016135538523598225 0.011857707509881422
0 0.17466720451795079 0.6284584980237155 0.017749092375958047 0.00846979107848673
0 0.19786204114562322 0.6287408243929983 0.022993142396127472 0.007905138339920948
0 0.2281161758773699 0.6285996612083569 0.024606696248487294 0.00818746470920384
0 0.2490923759580476 0.629587803500847 0.012505042355788625 0.00846979107848673
0 0.2644211375554659 0.6297289666854884 0.014118596208148447 0.007058159232072276
0 0.30677692617991126 0.6298701298701299 0.0028237192416296895 0.007340485601355167
0 0.30899556272690604 0.6214003387916431 0.003227107704719645 0.00282326369282891
0 0.32412263009277936 0.6287408243929983 0.014925373134328358 0.007905138339920948
0 0.3479225494150867 0.6238001129305477 0.019766034691407825 0.020609824957651044
0 0.3646631706333199 0.6302936194240542 0.01371520774505849 0.009316770186335404
0 0.3785800726099234 0.6298701298701299 0.00927793465106898 0.009599096555618294
0 0.3916901976603469 0.6222473178994918 0.011294876966518758 0.023150762281197064
0 0.4060104881000403 0.629587803500847 0.011698265429608713 0.009599096555618294
0 0.417910447761194 0.6297289666854884 0.003227107704719645 0.008752117447769622
0 0.42214602662363854 0.6249294184076792 0.003630496167809601 0.00818746470920384
0 0.43243243243243246 0.6304347826086957 0.016135538523598225 0.009599096555618294
0 0.44594594594594594 0.6257763975155279 0.004437273093989512 0.021739130434782608
0 0.5046389673255345 0.6298701298701299 0.01855586930213796 0.009034443817052512
0 0.5203711173860428 0.6309994353472614 0.01290843081887858 0.006775832862789385
0 0.5407422347720855 0.6317052512704686 0.014925373134328358 0.007058159232072276
0 0.5590964098426785 0.6243647656691135 0.012101653892698669 0.023997741389045736
0 0.572811617587737 0.629305477131564 0.01371520774505849 0.007340485601355167
0 0.5843081887858007 0.6314229249011858 0.003630496167809601 0.007058159232072276
0 0.5899556272690601 0.6235177865612648 0.002016942315449778 0.004799548277809147
0 0.6028640580879386 0.6238001129305477 0.01573215006050827 0.022303783173348392
0 0.6171843485276322 0.6315640880858272 0.011294876966518758 0.007905138339920948
0 0.6371520774505849 0.6212591756070017 0.01573215006050827 0.021174477696216828
0 0.6500605082694635 0.6301524562394127 0.003630496167809601 0.007905138339920948
0 0.6532876159741832 0.6222473178994918 0.003630496167809601 0.002258610954263128
0 0.6668011294876967 0.6302936194240542 0.01290843081887858 0.007622811970638058
0 0.6696248487293264 0.6285996612083569 0.0016135538523598225 0.001976284584980237
0 0.68192819685357 0.6307171089779785 0.014118596208148447 0.00846979107848673
0 0.7295280354981848 0.6302936194240542 0.024606696248487294 0.010446075663466968
0 0.7563533682936668 0.6309994353472614 0.016942315449778138 0.009034443817052512
0 0.772488906817265 0.6312817617165444 0.009681323114158934 0.012422360248447204
0 0.15288422751109318 0.6784302653867871 0.004840661557079467 0.009599096555618294
0 0.1617587736990722 0.6781479390175043 0.004840661557079467 0.009599096555618294
0 0.17648245260185558 0.67871259175607 0.013311819281968536 0.009599096555618294
0 0.20713997579669222 0.6847826086956522 0.040742234772085516 0.022303783173348392
0 0.23396530859217426 0.6794184076792772 0.012101653892698669 0.009881422924901186
0 0.24949576442113755 0.6712309429700734 0.014925373134328358 0.02456239412761152
0 0.2876159741831384 0.6785714285714286 0.016135538523598225 0.003105590062111801
0 0.35215812827753123 0.6847826086956522 0.029043969342476807 0.020045172219085264
0 0.3745461879790238 0.6785714285714286 0.01008471157724889 0.009881422924901186
0 0.3880597014925373 0.6708074534161491 0.011294876966518758 0.023715415019762844
0 0.3991528842275111 0.6797007340485601 0.0028237192416296895 0.006493506493506494
0 0.4035901573215006 0.6706662902315076 0.003630496167809601 0.001976284584980237
0 0.41589350544574427 0.6791360813099944 0.009681323114158934 0.009881422924901186
0 0.43061718434852764 0.6805477131564088 0.011698265429608713 0.009316770186335404
0 0.4431222267043163 0.672077922077922 0.004437273093989512 0.022303783173348392
0 0.4517950786607503 0.6799830604178431 0.01290843081887858 0.009316770186335404
0 0.46793061718434853 0.6802653867871259 0.011294876966518758 0.009881422924901186
0 0.48083904800322713 0.6866177300959909 0.02016942315449778 0.023715415019762844
0 0.5209762000806777 0.6782891022021457 0.003630496167809601 0.012704686617730096
0 0.5344897135941912 0.6813946922642575 0.014521984671238403 0.009316770186335404
0 0.5877369907220653 0.6798418972332015 0.007260992335619202 0.010728402032749858
0 0.5968132311415894 0.6802653867871259 0.006857603872529245 0.009881422924901186
0 0.6099233561920129 0.6808300395256917 0.016135538523598225 0.00818746470920384
0 0.6238402581686163 0.6818181818181818 0.0028237192416296895 0.007905138339920948
0 0.6262605889471561 0.6734895539243365 0.003630496167809601 0.001976284584980237
0 0.63614360629286 0.6816770186335404 0.012101653892698669 0.00818746470920384
0 0.6591367486889875 0.6806888763410502 0.028237192416296894 0.01129305477131564
0 0.7158128277531263 0.6804065499717674 0.013311819281968536 0.010728402032749858
0 0.7375958047599839 0.6806888763410502 0.026220250100847116 0.010728402032749858
0 0.7605889471561114 0.6808300395256917 0.014118596208148447 0.009316770186335404
0 0.7767244856797095 0.6819593450028233 0.003630496167809601 0.009316770186335404
0 0.7791448164582493 0.6746188594014682 0.002016942315449778 0.007058159232072276
0 0.790439693424768 0.6805477131564088 0.014118596208148447 0.009316770186335404
0 0.8073820088745461 0.6869000564652739 0.01573215006050827 0.020327498588368152
0 0.16276724485679708 0.7271315640880859 0.021379588543767647 0.009316770186335404
0 0.18676885841064947 0.7293901750423489 0.014521984671238403 0.009316770186335404
0 0.20129084308188785 0.7299548277809147 0.008874546187979023 0.007622811970638058
0 0.21863654699475596 0.7257199322416714 0.020976200080677694 0.020045172219085264
0 0.24707543364259782 0.7291078486730661 0.025413473174667203 0.009881422924901186
0 0.2617991125453812 0.730378317334839 0.01371520774505849 0.011857707509881422
0 0.3170633319887051 0.7324957651044608 0.004033884630899556 0.010446075663466968
0 0.3170633319887051 0.7234613212874083 0.003227107704719645 0.001976284584980237
0 0.3325937878176684 0.7308018068887634 0.01573215006050827 0.008752117447769622
0 0.363654699475595 0.724025974025974 0.010891488503428802 0.020045172219085264
0 0.3799919322307382 0.7248729531338227 0.014521984671238403 0.017786561264822136
0 0.39693424768051633 0.7302371541501976 0.01371520774505849 0.009881422924901186
0 0.4505849132714804 0.7299548277809147 0.03227107704719645 0.011575381140598532
0 0.4794271883824123 0.7315076228119707 0.02218636546994756 0.007340485601355167
0 0.5026220250100847 0.7313664596273292 0.014521984671238403 0.011575381140598532
0 0.5718031464300121 0.7293901750423489 0.003630496167809601 0.010446075663466968
0 0.572609923356192 0.7197910784867306 0.003630496167809601 0.003105590062111801
0 0.5845098830173457 0.7305194805194806 0.012101653892698669 0.010446075663466968
0 0.6066962484872933 0.7252964426877471 0.01936264622831787 0.018633540372670808
0 0.6238402581686163 0.7305194805194806 0.013311819281968536 0.00818746470920384
0 0.6371520774505849 0.7320722755505364 0.01008471157724889 0.01129305477131564
0 0.6510689794271883 0.7251552795031055 0.011294876966518758 0.022868435911914172
0 0.6645824929407019 0.7329192546583851 0.008471157724889069 0.006775832862789385
0 0.6789027833803953 0.739553924336533 0.01855586930213796 0.020045172219085264
0 0.7103670835014119 0.7319311123658949 0.016942315449778138 0.002540937323546019
0 0.7539330375151271 0.730378317334839 0.015328761597418314 0.00846979107848673
0 0.7690601048810004 0.7245906267645398 0.003630496167809601 0.021174477696216828
0 0.7797498991528842 0.7319311123658949 0.01290843081887858 0.008752117447769622
0 0.7954820492133925 0.7329192546583851 0.012101653892698669 0.007905138339920948
0 0.8148446954417103 0.7396950875211745 0.020976200080677694 0.02258610954263128
