0 0.14622831787010893 0.2691981931112366 0.020572811617587738 0.017221908526256352
0 0.16296893908834206 0.26905702992659514 0.021782977006857603 0.01355166572557877
0 0.1809197256958451 0.27060982495765107 0.01573215006050827 0.009316770186335404
0 0.19887051230334812 0.2713156408808583 0.01371520774505849 0.010728402032749858
0 0.21157724889068172 0.2714568040654997 0.013311819281968536 0.010446075663466968
0 0.2263009277934651 0.27060982495765107 0.02016942315449778 0.012704686617730096
0 0.24405002016942315 0.27780914737436474 0.004033884630899556 0.007340485601355167
0 0.2878176684146833 0.2735742518351214 0.04719645018152481 0.012422360248447204
0 0.32553448971359417 0.27315076228119706 0.03065752319483663 0.014963297571993224
0 0.31484469544171034 0.26905702992659514 0.002016942315449778 0.004517221908526256
0 0.3414683340056474 0.26693958215697344 0.0028237192416296895 0.002540937323546019
0 0.3501411859620815 0.27498588368153587 0.01290843081887858 0.009599096555618294
0 0.36506655909640984 0.2803500846979108 0.008874546187979023 0.01355166572557877
0 0.39975796692214605 0.27555053642010163 0.014521984671238403 0.010163749294184076
0 0.418112141992739 0.2748447204968944 0.014925373134328358 0.008752117447769622
0 0.43807987091569184 0.2720214568040655 0.01855586930213796 0.012704686617730096
0 0.481645824929407 0.27117447769621683 0.024203307785397338 0.014963297571993224
0 0.4963695038321904 0.27315076228119706 0.010891488503428802 0.008752117447769622
0 0.5086728519564341 0.2738565782044043 0.014521984671238403 0.00846979107848673
0 0.5237999193223074 0.27399774138904576 0.007664380798709157 0.006493506493506494
0 0.5399354578459056 0.2713156408808583 0.01653892698668818 0.012422360248447204
0 0.5530455828963292 0.27936194240542067 0.016942315449778138 0.018351214003387916
0 0.582089552238806 0.2727272727272727 0.005647438483259379 0.007905138339920948
0 0.5915691811214199 0.27498588368153587 0.013311819281968536 0.007340485601355167
0 0.5867285195643405 0.2652456239412761 0.002016942315449778 0.002540937323546019
0 0.6331181928196854 0.27004517221908525 0.018959257765227916 0.016657255787690572
0 0.6508672851956434 0.2751270468661773 0.010891488503428802 0.00818746470920384
0 0.6962484872932634 0.27343308865047994 0.02581686163775716 0.015527950310559006
0 0.718636546994756 0.27428006775832864 0.02218636546994756 0.011575381140598532
0 0.7617991125453812 0.2769621682665161 0.030254134731746672 0.018068887634105024
0 0.15046389673255345 0.32523997741389044 0.03146430012101654 0.024280067758328628
0 0.17224687373941105 0.32481648785996614 0.00645421540943929 0.008752117447769622
0 0.17486889874949577 0.3169113495200452 0.0028237192416296895 0.003105590062111801
0 0.18939088342073418 0.3234048560135517 0.012505042355788625 0.008752117447769622
0 0.19947559499798306 0.32298136645962733 0.008471157724889069 0.010163749294184076
0 0.1972569584509883 0.3190287972896669 0.0024203307785397336 0.001129305477131564
0 0.200080677692618 0.31832298136645965 0.0016135538523598225 0.0008469791078486731
0 0.20371117386042759 0.3157820440429136 0.003227107704719645 0.001976284584980237
0 0.21742638160548608 0.32086391869000563 0.01936264622831787 0.017221908526256352
0 0.23840258168616377 0.33243929983060416 0.004840661557079467 0.011575381140598532
0 0.28943122226704315 0.3204404291360813 0.02218636546994756 0.018633540372670808
0 0.30879386849536106 0.3241106719367589 0.010891488503428802 0.010163749294184076
0 0.31766841468334006 0.3286278938452851 0.0028237192416296895 0.0016939582156973462
0 0.36708350141185964 0.320016939582157 0.01936264622831787 0.017786561264822136
0 0.37777329568374346 0.3245341614906832 0.012505042355788625 0.009881422924901186
0 0.3926986688180718 0.3241106719367589 0.014118596208148447 0.010728402032749858
0 0.4136748688987495 0.32029926595143987 0.020572811617587738 0.015527950310559006
0 0.43505445744251714 0.32481648785996614 0.010891488503428802 0.007622811970638058
0 0.45118999596611536 0.3207227555053642 0.014925373134328358 0.015245623941276116
0 0.46692214602662363 0.3266516092603049 0.007664380798709157 0.005081874647092038
0 0.47962888261395725 0.3256634669678148 0.01290843081887858 0.009881422924901186
0 0.5250100847115773 0.33272162619988704 0.026220250100847116 0.023997741389045736
0 0.5524405002016942 0.32368718238283456 0.0318676885841065 0.016092603049124788
0 0.5794675272287213 0.3219932241671372 0.018152480839048003 0.009881422924901186
0 0.5956030657523195 0.3243929983060418 0.01573215006050827 0.007905138339920948
0 0.6121419927390077 0.3308865047995483 0.010891488503428802 0.017504234895539244
0 0.6518757563533683 0.3255223037831734 0.00645421540943929 0.011857707509881422
0 0.6621621621621622 0.3269339356295878 0.010891488503428802 0.009034443817052512
0 0.6793061718434853 0.32241671372106157 0.016942315449778138 0.015810276679841896
0 0.6962484872932634 0.32594579333709767 0.007260992335619202 0.005364201016374929
0 0.7125857200484066 0.32580463015245625 0.01653892698668818 0.009599096555618294
0 0.7291246470350948 0.32580463015245625 0.010891488503428802 0.007905138339920948
0 0.7450584913271481 0.3246753246753247 0.02016942315449778 0.010728402032749858
0 0.7888261395724082 0.3222755505364201 0.018152480839048003 0.014963297571993224
0 0.1438079870915692 0.3699887069452287 0.020572811617587738 0.020609824957651044
0 0.15853166599435256 0.3743647656691135 0.008874546187979023 0.007905138339920948
0 0.16962484872932634 0.3749294184076793 0.014118596208148447 0.010728402032749858
0 0.181726502622025 0.3756352343308865 0.014925373134328358 0.009881422924901186
0 0.19685356998789835 0.3753529079616036 0.012101653892698669 0.007622811970638058
0 0.2127874142799516 0.3753529079616036 0.01653892698668818 0.009316770186335404
0 0.27732956837434447 0.37704686617730093 0.052843888664784185 0.022868435911914172
0 0.33682936668011293 0.3728119706380576 0.023396530859217425 0.017221908526256352
0 0.3489310205728116 0.37210615471485037 0.003227107704719645 0.00282326369282891
0 0.3578055667607906 0.37634105025409376 0.009681323114158934 0.007905138339920948
0 0.40399354578459057 0.37267080745341613 0.021379588543767647 0.015245623941276116
0 0.42396127470754336 0.3761998870694523 0.008874546187979023 0.00818746470920384
0 0.4651068979427188 0.37450592885375494 0.03227107704719645 0.014963297571993224
0 0.4903186768858411 0.38071710897797856 0.014118596208148447 0.017221908526256352
0 0.508874546187979 0.37634105025409376 0.010891488503428802 0.00846979107848673
0 0.5443727309398951 0.3759175607001694 0.021379588543767647 0.020609824957651044
0 0.5907624041952401 0.37365894974590624 0.02218636546994756 0.013269339356295878
0 0.6081081081081081 0.37224731789949184 0.0060508269463493344 0.014398644833427442
0 0.627470754336426 0.37238848108413325 0.01734570391286809 0.015810276679841896
0 0.6373537716821299 0.37732919254658387 0.009681323114158934 0.007622811970638058
0 0.6716417910447762 0.3780350084697911 0.015328761597418314 0.01129305477131564
0 0.6843485276321097 0.37761151891586675 0.004437273093989512 0.005364201016374929
0 0.6869705526421944 0.37012987012987014 0.0016135538523598225 0.0033879164313946925
0 0.6986688180718031 0.37351778656126483 0.016135538523598225 0.015245623941276116
0 0.7434449374747882 0.371682665160926 0.017749092375958047 0.0189158667419537
0 0.7503025413473174 0.3750705815923207 0.004033884630899556 0.005928853754940711
0 0.7620008067769262 0.3746470920383964 0.010488100040338847 0.00846979107848673
0 0.7821702299314239 0.3760587238848108 0.01855586930213796 0.007340485601355167
0 0.7924566357402179 0.3699887069452287 0.0028237192416296895 0.004234895539243365
0 0.8087938684953611 0.3747882552230378 0.029043969342476807 0.012704686617730096
0 0.8374344493747479 0.37789384528514963 0.024203307785397338 0.008752117447769622
0 0.854578459056071 0.37549407114624506 0.01008471157724889 0.010163749294184076
0 0.14683340056474384 0.41826651609260307 0.022589753933037516 0.018351214003387916
0 0.15248083904800322 0.42377188029361945 0.012101653892698669 0.01129305477131564
0 0.17950786607503025 0.42419536984754375 0.03953206938281565 0.01101072840203275
0 0.2073416700282372 0.4254658385093168 0.009681323114158934 0.00846979107848673
0 0.2281161758773699 0.4233483907396951 0.018959257765227916 0.012140033879164314
0 0.24707543364259782 0.43195934500282324 0.012505042355788625 0.020892151326933936
0 0.2688584106494554 0.43280632411067194 0.004437273093989512 0.009034443817052512
0 0.30354981847519164 0.4277244494635799 0.013311819281968536 0.009599096555618294
0 0.32129891085114964 0.4268774703557312 0.014118596208148447 0.00846979107848673
0 0.32956837434449376 0.4184076792772445 0.0016135538523598225 0.002258610954263128
0 0.3426784993949173 0.423630717108978 0.012505042355788625 0.013269339356295878
0 0.3446954417103671 0.4160079051383399 0.0012101653892698668 0.001411631846414455
0 0.3565954013715208 0.42631281761716544 0.012101653892698669 0.009034443817052512
0 0.40237999193223073 0.42391304347826086 0.02864058087938685 0.016092603049124788
0 0.4288019362646228 0.4264539808018069 0.016942315449778138 0.008752117447769622
0 0.45118999596611536 0.427442123094297 0.018152480839048003 0.009599096555618294
0 0.46672045179507865 0.42913608130999437 0.003227107704719645 0.005081874647092038
0 0.46793061718434853 0.42080745341614906 0.0024203307785397336 0.002540937323546019
0 0.47498991528842277 0.42701863354037267 0.008471157724889069 0.008752117447769622
0 0.517749092375958 0.4234895539243365 0.012505042355788625 0.014116318464144552
0 0.5266236385639371 0.43167701863354035 0.01008471157724889 0.018068887634105024
0 0.5486083098023397 0.42419536984754375 0.026623638563937072 0.012140033879164314
0 0.5724082291246471 0.4258893280632411 0.015328761597418314 0.00818746470920384
0 0.6113352158128278 0.4278656126482213 0.01734570391286809 0.0189158667419537
0 0.6246470350947962 0.4264539808018069 0.006857603872529245 0.006493506493506494
0 0.6427995159338443 0.4268774703557312 0.026220250100847116 0.006775832862789385
0 0.6940298507462687 0.42165443252399776 0.024606696248487294 0.0189158667419537
0 0.7210568777732956 0.4267363071710898 0.02944735780556676 0.00818746470920384
0 0.745260185558693 0.4264539808018069 0.010891488503428802 0.007622811970638058
0 0.7620008067769262 0.424901185770751 0.017749092375958047 0.00846979107848673
0 0.7747075433642597 0.42913608130999437 0.002016942315449778 0.0016939582156973462
0 0.8110125050423558 0.42193675889328064 0.022993142396127472 0.014963297571993224
0 0.8321903993545785 0.42715979672501414 0.015328761597418314 0.007905138339920948
0 0.14138765631302944 0.4798136645962733 0.010891488503428802 0.0189158667419537
0 0.15147236789027835 0.4771315640880858 0.00927793465106898 0.009034443817052512
0 0.16417910447761194 0.4776962168266516 0.008874546187979023 0.007340485601355167
0 0.17849939491730538 0.4762845849802372 0.018152480839048003 0.011857707509881422
0 0.24041952400161357 0.4754376058723885 0.02581686163775716 0.015245623941276116
0 0.2591770875352965 0.484472049689441 0.01653892698668818 0.018068887634105024
0 0.26220250100847114 0.4805194805194805 0.0016135538523598225 0.001129305477131564
0 0.2700685760387253 0.4792490118577075 0.0052440500201694235 0.006493506493506494
0 0.27490923759580477 0.47289666854884244 0.0012101653892698668 0.001129305477131564
0 0.2843888664784187 0.47896668548842464 0.016135538523598225 0.007622811970638058
0 0.3055667607906414 0.4776962168266516 0.01734570391286809 0.00846979107848673
0 0.3237192416296894 0.47783738001129306 0.006857603872529245 0.008752117447769622
0 0.32775312626058895 0.46908526256352345 0.003630496167809601 0.003105590062111801
0 0.33844292053247277 0.48348390739695085 0.01855586930213796 0.01948051948051948
0 0.3854376764824526 0.4785431959345003 0.0326744655102864 0.009599096555618294
0 0.4100443727309399 0.4795313382269904 0.01653892698668818 0.007622811970638058
0 0.43041549011698266 0.47783738001129306 0.01936264622831787 0.009881422924901186
0 0.445542557482856 0.4795313382269904 0.011698265429608713 0.007622811970638058
0 0.49939491730536506 0.4762845849802372 0.033884630899556276 0.01637492941840768
0 0.554457442517144 0.474025974025974 0.01653892698668818 0.015245623941276116
0 0.5647438483259378 0.47896668548842464 0.004840661557079467 0.005928853754940711
0 0.5750302541347317 0.4754376058723885 0.011698265429608713 0.010163749294184076
0 0.6028640580879386 0.47557876905702995 0.03670835014118596 0.009316770186335404
0 0.6315046389673256 0.4775550536420102 0.014118596208148447 0.009316770186335404
0 0.6948366276724486 0.47882552230378317 0.052843888664784185 0.010728402032749858
0 0.7311415893505446 0.4784020327498588 0.01573215006050827 0.007058159232072276
0 0.7460669624848729 0.4731789949181254 0.00927793465106898 0.010728402032749858
0 0.7880193626462283 0.4717673630717109 0.02944735780556676 0.014116318464144552
0 0.16014521984671237 0.5214568040654998 0.03791851553045583 0.02258610954263128
0 0.1827349737797499 0.5248447204968945 0.008874546187979023 0.009599096555618294
0 0.20169423154497781 0.5263975155279503 0.02501008471157725 0.009881422924901186
0 0.22025010084711577 0.5263975155279503 0.015328761597418314 0.012140033879164314
0 0.2672448567970956 0.5273856578204404 0.01653892698668818 0.010163749294184076
0 0.28519564340459863 0.5333145115753811 0.017749092375958047 0.01637492941840768
0 0.32674465510286405 0.5252682100508187 0.021782977006857603 0.015527950310559006
0 0.3426784993949173 0.5337380011293055 0.01573215006050827 0.017786561264822136
0 0.39108511496571197 0.5304912478825522 0.01734570391286809 0.009599096555618294
0 0.40742234772085517 0.529785431959345 0.010488100040338847 0.007058159232072276
0 0.42315449778136344 0.528514963297572 0.02016942315449778 0.00846979107848673
0 0.4647035094796289 0.5292207792207793 0.01371520774505849 0.00818746470920384
0 0.48124243646631704 0.5286561264822134 0.022589753933037516 0.025691699604743084
0 0.4933440903590157 0.5262563523433089 0.01855586930213796 0.023715415019762844
0 0.5076643807987091 0.5271033314511575 0.020572811617587738 0.007905138339920948
0 0.5038321903993546 0.5134105025409373 0.0016135538523598225 0.001411631846414455
0 0.5278338039532069 0.5255505364201016 0.01653892698668818 0.01383399209486166
0 0.5734167002823719 0.525974025974026 0.031060911657926585 0.019198193111236588
0 0.6167809600645422 0.5317617165443252 0.03307785397337636 0.016657255787690572
0 0.6427995159338443 0.5279503105590062 0.01653892698668818 0.007905138339920948
0 0.662767244856797 0.5282326369282891 0.011294876966518758 0.006775832862789385
0 0.6766841468334006 0.5283738001129306 0.01573215006050827 0.006493506493506494
0 0.6976603469140783 0.5344438170525128 0.008471157724889069 0.011857707509881422
0 0.7438483259378782 0.5248447204968945 0.04033884630899556 0.01637492941840768
0 0.15127067365873337 0.5731225296442688 0.02581686163775716 0.019198193111236588
0 0.1563130294473578 0.5789102202145681 0.006857603872529245 0.00818746470920384
0 0.1690197660346914 0.5777809147374364 0.010488100040338847 0.008752117447769622
0 0.18233158531665994 0.5770750988142292 0.005647438483259379 0.007905138339920948
0 0.18475191609519967 0.5694522868435912 0.003227107704719645 0.0033879164313946925
0 0.1926179911254538 0.5760869565217391 0.014925373134328358 0.01101072840203275
0 0.209156918112142 0.5734048560135516 0.011698265429608713 0.015810276679841896
0 0.24324324324324326 0.5746753246753247 0.017749092375958047 0.01383399209486166
0 0.25110931827349736 0.5794748729531338 0.011698265429608713 0.007622811970638058
0 0.2698668818071803 0.5772162619988707 0.022589753933037516 0.009881422924901186
0 0.3019362646228318 0.5789102202145681 0.030254134731746672 0.008752117447769622
0 0.327349737797499 0.5789102202145681 0.014118596208148447 0.007622811970638058
0 0.354578459056071 0.5794748729531338 0.02743041549011698 0.010446075663466968
0 0.372730939895119 0.5745341614906833 0.004033884630899556 0.00282326369282891
0 0.3797902379991932 0.5806041784302653 0.012505042355788625 0.00818746470920384
0 0.39229528035498185 0.5756634669678148 0.010891488503428802 0.010728402032749858
0 0.4298104074223477 0.5726990400903444 0.01734570391286809 0.014963297571993224
0 0.4419120613150464 0.5766516092603049 0.021379588543767647 0.00818746470920384
0 0.46873739411052845 0.5821569734613213 0.020976200080677694 0.019762845849802372
0 0.4671238402581686 0.5708639186900056 0.0016135538523598225 0.002258610954263128
0 0.5189592577652279 0.5787690570299266 0.014925373134328358 0.01129305477131564
0 0.5320693828156515 0.5791925465838509 0.009681323114158934 0.007622811970638058
0 0.5469947559499798 0.5787690570299266 0.017749092375958047 0.00846979107848673
0 0.5657523194836628 0.5803218520609825 0.014118596208148447 0.007058159232072276
0 0.5798709156918113 0.58399209486166 0.021379588543767647 0.014963297571993224
0 0.5978217022993142 0.5803218520609825 0.014521984671238403 0.007622811970638058
0 0.627067365873336 0.5837097684923772 0.04154901169826543 0.014963297571993224
0 0.6805163372327552 0.5760869565217391 0.01855586930213796 0.017221908526256352
0 0.690802743041549 0.5784867306606437 0.011698265429608713 0.006775832862789385
0 0.7025010084711577 0.5787690570299266 0.014118596208148447 0.007905138339920948
0 0.7210568777732956 0.5790513833992095 0.00927793465106898 0.006211180124223602
0 0.7404195240016136 0.5763692828910221 0.02218636546994756 0.01101072840203275
0 0.7539330375151271 0.5780632411067194 0.01290843081887858 0.00818746470920384
0 0.15449778136345302 0.6259175607001694 0.028237192416296894 0.014680971202710334
0 0.1799112545381202 0.6285996612083569 0.012101653892698669 0.006493506493506494
0 0.19160951996772893 0.6246470920383964 0.011294876966518758 0.016092603049124788
0 0.20169423154497781 0.6281761716544325 0.01371520774505849 0.007340485601355167
0 0.21601452198467125 0.6288819875776398 0.0060508269463493344 0.004799548277809147
0 0.2265026220250101 0.6283173348390739 0.01008471157724889 0.007058159232072276
0 0.2434449374747882 0.6274703557312253 0.020572811617587738 0.009316770186335404
0 0.3017345703912868 0.6349520045172219 0.028237192416296894 0.019198193111236588
0 0.327349737797499 0.6276115189158668 0.019766034691407825 0.01355166572557877
0 0.3511496571198064 0.6280350084697911 0.026220250100847116 0.012704686617730096
0 0.36930213795885436 0.6290231507622812 0.01573215006050827 0.007340485601355167
0 0.38886647841871724 0.6339638622247318 0.016135538523598225 0.013269339356295878
0 0.40661557079467525 0.6374929418407679 0.0024203307785397336 0.0016939582156973462
0 0.4519967728922953 0.6280350084697911 0.01734570391286809 0.014963297571993224
0 0.4661153691004437 0.63085827216262 0.018959257765227916 0.006493506493506494
0 0.463695038321904 0.622953133822699 0.004437273093989512 0.004234895539243365
0 0.49152884227511096 0.6288819875776398 0.030254134731746672 0.008752117447769622
0 0.535699878983461 0.6288819875776398 0.004840661557079467 0.005928853754940711
0 0.5437676482452601 0.6287408243929983 0.012101653892698669 0.010163749294184076
0 0.5393303751512707 0.6216826651609261 0.0016135538523598225 0.003952569169960474
0 0.5889471561113352 0.626764539808018 0.01855586930213796 0.012422360248447204
0 0.5951996772892295 0.6301524562394127 0.0052440500201694235 0.005081874647092038
0 0.6077047196450182 0.6288819875776398 0.013311819281968536 0.010446075663466968
0 0.6020572811617588 0.620412196499153 0.0012101653892698668 0.001411631846414455
0 0.6325131101250504 0.627046866177301 0.035498184751916094 0.009599096555618294
0 0.6605486083098023 0.6284584980237155 0.014118596208148447 0.006211180124223602
0 0.7085518354175071 0.6199887069452287 0.008471157724889069 0.007905138339920948
0 0.717628075837031 0.6319875776397516 0.01371520774505849 0.017786561264822136
0 0.7311415893505446 0.6280350084697911 0.014118596208148447 0.005928853754940711
0 0.7525211778943123 0.629587803500847 0.02218636546994756 0.007340485601355167
0 0.7970956030657523 0.6246470920383964 0.021782977006857603 0.01383399209486166
0 0.8206938281565147 0.6326933935629587 0.031060911657926585 0.012987012987012988
0 0.1498588140379185 0.6726425748164878 0.014925373134328358 0.015527950310559006
0 0.18334005647438484 0.6846414455110107 0.027833803953206938 0.017504234895539244
0 0.20572811617587736 0.6801242236024845 0.01290843081887858 0.007905138339920948
0 0.23699072206534894 0.6811123658949746 0.04719645018152481 0.021174477696216828
0 0.2962888261395724 0.6794184076792772 0.025413473174667203 0.017221908526256352
0 0.33985478015328763 0.6877470355731226 0.014118596208148447 0.02258610954263128
0 0.35175473981444133 0.6852060982495765 0.011294876966518758 0.007905138339920948
0 0.36688180718031466 0.6843591191417279 0.01008471157724889 0.006775832862789385
0 0.3836224283985478 0.681253529079616 0.022589753933037516 0.012987012987012988
0 0.40661557079467525 0.6823828345567476 0.015328761597418314 0.009599096555618294
0 0.44050020169423154 0.6785714285714286 0.041145623235175476 0.015527950310559006
0 0.4281968535699879 0.6734895539243365 0.003630496167809601 0.004799548277809147
0 0.4963695038321904 0.6780067758328628 0.02864058087938685 0.014398644833427442
0 0.5175473981444131 0.6819593450028233 0.010488100040338847 0.006493506493506494
0 0.5528438886647842 0.6782891022021457 0.012505042355788625 0.017786561264822136
0 0.5691811214199274 0.6830886504799548 0.01290843081887858 0.005364201016374929
0 0.5851149657119806 0.6801242236024845 0.011698265429608713 0.01129305477131564
0 0.5947962888261396 0.6821005081874647 0.011698265429608713 0.006775832862789385
0 0.6393707139975797 0.6795595708639187 0.02581686163775716 0.01355166572557877
0 0.6587333602258976 0.6816770186335404 0.010488100040338847 0.005928853754940711
0 0.6901976603469141 0.6821005081874647 0.015328761597418314 0.009034443817052512
0 0.7141992739007664 0.6788537549407114 0.02944735780556676 0.01383399209486166
0 0.7313432835820896 0.678994918125353 0.02016942315449778 0.009599096555618294
0 0.77269060104881 0.6802653867871259 0.02864058087938685 0.007622811970638058
0 0.7952803549818476 0.6804065499717674 0.014925373134328358 0.00564652738565782
0 0.8023396530859217 0.6871823828345568 0.009681323114158934 0.009034443817052512
0 0.15389269866881808 0.7255787690570299 0.027833803953206938 0.012987012987012988
0 0.1801129487696652 0.7267080745341615 0.018959257765227916 0.010728402032749858
0 0.22025010084711577 0.7264257481648786 0.016135538523598225 0.012987012987012988
0 0.27208551835417505 0.7289666854884246 0.04800322710770472 0.014680971202710334
0 0.3247277127874143 0.7308018068887634 0.015328761597418314 0.009881422924901186
0 0.34409035901573215 0.7260022586109542 0.016135538523598225 0.015527950310559006
0 0.36244453408632515 0.7309429700734048 0.00927793465106898 0.00846979107848673
0 0.4126663977410246 0.7291078486730661 0.021782977006857603 0.010446075663466968
0 0.43142396127470756 0.7310841332580463 0.00927793465106898 0.007622811970638058
0 0.46147640177490923 0.7312252964426877 0.016135538523598225 0.009599096555618294
0 0.4810407422347721 0.7274138904573687 0.02218636546994756 0.014963297571993224
0 0.4925373134328358 0.7258610954263128 0.0016135538523598225 0.002258610954263128
0 0.5026220250100847 0.7326369282891022 0.009681323114158934 0.010163749294184076
0 0.5123033481242436 0.7329192546583851 0.005647438483259379 0.006211180124223602
0 0.5167406212182332 0.7247317899491813 0.0024203307785397336 0.0033879164313946925
0 0.5248083904800322 0.7320722755505364 0.015328761597418314 0.00846979107848673
0 0.536304961678096 0.7377188029361943 0.010891488503428802 0.012987012987012988
0 0.5822912464703509 0.7295313382269905 0.014118596208148447 0.02258610954263128
0 0.5958047599838645 0.7298136645962733 0.022589753933037516 0.006211180124223602
0 0.6254538120209762 0.7291078486730661 0.013311819281968536 0.010446075663466968
0 0.6595401371520775 0.7261434217955957 0.01855586930213796 0.014680971202710334
0 0.690802743041549 0.7292490118577075 0.0463896732553449 0.017504234895539244
0 0.7414279951593384 0.7340485601355167 0.03065752319483663 0.014680971202710334
0 0.763210972166196 0.7326369282891022 0.014521984671238403 0.00846979107848673
0 0.7851956434045986 0.733201581027668 0.027833803953206938 0.00846979107848673
0 0.8104074223477209 0.7368718238283456 0.007260992335619202 0.006775832862789385
0 0.827753126260589 0.7206380575945793 0.004033884630899556 0.004799548277809147
0 0.8323920935861234 0.724308300395257 0.004437273093989512 0.007058159232072276
