0 0.145623235175474 0.21485036702428006 0.01371520774505849 0.015245623941276116
0 0.16417910447761194 0.21485036702428006 0.01936264622831787 0.012987012987012988
0 0.1855586930213796 0.21597967250141162 0.01936264622831787 0.012987012987012988
0 0.1843485276321097 0.21626199887069453 0.011294876966518758 0.002258610954263128
0 0.209156918112142 0.217673630717109 0.01734570391286809 0.01355166572557877
0 0.2281161758773699 0.217673630717109 0.0052440500201694235 0.010163749294184076
0 0.24687373941105284 0.21795595708639187 0.02016942315449778 0.015245623941276116
0 0.2670431625655506 0.2186617730095991 0.022589753933037516 0.012704686617730096
0 0.2928600242033078 0.21852060982495766 0.02501008471157725 0.015245623941276116
0 0.3164582492940702 0.21922642574816487 0.01573215006050827 0.014398644833427442
0 0.36244453408632515 0.2186617730095991 0.03993545784590561 0.016092603049124788
0 0.39854780153287617 0.2183794466403162 0.020976200080677694 0.014398644833427442
0 0.4213392496974587 0.21781479390175043 0.018959257765227916 0.014398644833427442
0 0.44372730939895116 0.22092038396386224 0.022589753933037516 0.01101072840203275
0 0.44473578055667606 0.2134387351778656 0.021379588543767647 0.002258610954263128
0 0.47115772488906815 0.21753246753246752 0.020976200080677694 0.014398644833427442
0 0.491327148043566 0.21979107848673066 0.01855586930213796 0.015527950310559006
0 0.5851149657119806 0.22162619988706944 0.09156918112141993 0.01355166572557877
0 0.6468334005647438 0.21640316205533597 0.03509479628882614 0.02456239412761152
0 0.6990722065348931 0.21823828345567475 0.026623638563937072 0.0220214568040655
0 0.7196450181524808 0.2245906267645398 0.005647438483259379 0.009316770186335404
0 0.7198467123840259 0.21386222473178995 0.003630496167809601 0.001976284584980237
0 0.735982250907624 0.2248729531338227 0.021379588543767647 0.00818746470920384
0 0.7666397741024606 0.23249576510446077 0.014925373134328358 0.022303783173348392
0 0.8321903993545785 0.22374364765669114 0.11052843888664785 0.015527950310559006
0 0.15590964098426785 0.2713156408808583 0.03751512706736587 0.010728402032749858
0 0.21157724889068172 0.26665725578769056 0.020572811617587738 0.021174477696216828
0 0.2353771682129891 0.2724449463579898 0.019766034691407825 0.01129305477131564
0 0.25554659136748686 0.27526821005081875 0.0028237192416296895 0.002258610954263128
0 0.29588543767648245 0.26651609260304915 0.01573215006050827 0.023715415019762844
0 0.3436869705526422 0.2670807453416149 0.0782573618394514 0.024844720496894408
0 0.44392900363049614 0.2686335403726708 0.08430818878580072 0.021739130434782608
0 0.491125453812021 0.2738565782044043 0.004437273093989512 0.009034443817052512
0 0.49072206534893104 0.25945793337097683 0.0028237192416296895 0.002258610954263128
0 0.5369100443727309 0.2672219085262564 0.08309802339653086 0.0251270468661773
0 0.5919725695845098 0.2713156408808583 0.010891488503428802 0.018633540372670808
0 0.6064945542557483 0.27738565782044045 0.01653892698668818 0.008752117447769622
0 0.6387656313029447 0.2652456239412761 0.004437273093989512 0.001976284584980237
0 0.645824929407019 0.2845849802371542 0.016942315449778138 0.023150762281197064
0 0.6579265832997176 0.2738565782044043 0.01290843081887858 0.009599096555618294
0 0.6714400968132311 0.26157538114059853 0.003630496167809601 0.001976284584980237
0 0.6732553448971359 0.2728684359119142 0.005647438483259379 0.011575381140598532
0 0.690802743041549 0.2758328627893845 0.02702702702702703 0.00846979107848673
0 0.7317466720451795 0.2682100508187465 0.014521984671238403 0.019198193111236588
0 0.7595804759983864 0.26651609260304915 0.04517950786607503 0.02258610954263128
0 0.16216216216216217 0.3147939017504235 0.05808793868495361 0.020327498588368152
0 0.20653489310205728 0.3210050818746471 0.03146430012101654 0.01129305477131564
0 0.2319483662767245 0.32156973461321287 0.01371520774505849 0.010163749294184076
0 0.2519160951996773 0.32171089779785433 0.02218636546994756 0.010446075663466968
0 0.30798709156918114 0.3169113495200452 0.06333198870512304 0.022868435911914172
0 0.3602258975393304 0.31846414455110106 0.042759177087535294 0.02258610954263128
0 0.3979427188382412 0.31437041219649914 0.01573215006050827 0.029079616036137776
0 0.4298104074223477 0.32396950875211744 0.043969342476805166 0.012704686617730096
0 0.44695441710367084 0.31126482213438733 0.003227107704719645 0.002540937323546019
0 0.4790237999193223 0.33272162619988704 0.051230334812424366 0.029079616036137776
0 0.5401371520774506 0.31733483907396953 0.05163372327551432 0.026538678712591756
0 0.5601048810004033 0.31084133258046304 0.0028237192416296895 0.002258610954263128
0 0.581484469544171 0.3241106719367589 0.02864058087938685 0.011857707509881422
0 0.6155707946752723 0.31846414455110106 0.014521984671238403 0.0220214568040655
0 0.6296893908834207 0.32481648785996614 0.016135538523598225 0.008752117447769622
0 0.6498588140379186 0.3170525127046866 0.02016942315449778 0.020327498588368152
0 0.6809197256958451 0.32382834556747603 0.03872529245663574 0.014680971202710334
0 0.7250907624041952 0.31592320722755507 0.02864058087938685 0.02710333145115754
0 0.7607906413876563 0.3176171654432524 0.011294876966518758 0.019198193111236588
0 0.7775312626058895 0.31747600225861095 0.027833803953206938 0.025691699604743084
0 0.8069786204114562 0.3265104460756635 0.0318676885841065 0.01101072840203275
0 0.826946349334409 0.31521739130434784 0.003227107704719645 0.002540937323546019
0 0.826946349334409 0.3265104460756635 0.003227107704719645 0.009316770186335404
0 0.8604275917708754 0.32029926595143987 0.05889471561113352 0.021739130434782608
0 0.8973376361436063 0.3334274421230943 0.01734570391286809 0.025974025974025976
0 0.13513513513513514 0.36617730095990964 0.020976200080677694 0.018633540372670808
0 0.1526825332795482 0.3709768492377188 0.012505042355788625 0.007905138339920948
0 0.1809197256958451 0.3708356860530774 0.035901573215006054 0.011575381140598532
0 0.2073416700282372 0.3681535855448899 0.015328761597418314 0.009599096555618294
0 0.2208551835417507 0.37775268210050816 0.0028237192416296895 0.012422360248447204
0 0.2593787817668415 0.36773009599096557 0.050826946349334406 0.021739130434782608
0 0.2900363049616781 0.3719649915302089 0.004033884630899556 0.010446075663466968
0 0.2902379991932231 0.35742518351214003 0.0028237192416296895 0.002258610954263128
0 0.3007260992335619 0.36688311688311687 0.013311819281968536 0.020609824957651044
0 0.31323114158935056 0.3728119706380576 0.018959257765227916 0.010446075663466968
0 0.36062928600242034 0.3674477696216827 0.07422347720855184 0.02456239412761152
0 0.40762404195240015 0.37775268210050816 0.003630496167809601 0.01129305477131564
0 0.43061718434852764 0.3815640880858272 0.014118596208148447 0.023997741389045736
0 0.45461879790237997 0.3743647656691135 0.03307785397337636 0.011857707509881422
0 0.4745865268253328 0.36688311688311687 0.013311819281968536 0.022303783173348392
0 0.5205728116175877 0.3759175607001694 0.0891488503428802 0.03698475437605872
0 0.5764421137555465 0.3743647656691135 0.003227107704719645 0.002258610954263128
0 0.6077047196450182 0.36575381140598534 0.0052440500201694235 0.0189158667419537
0 0.6165792658329972 0.36702428006775834 0.01573215006050827 0.019762845849802372
0 0.6563130294473578 0.36900056465273856 0.060508269463493344 0.0220214568040655
0 0.7099636950383219 0.3739412761151892 0.014521984671238403 0.007622811970638058
0 0.72730939895119 0.37238848108413325 0.017749092375958047 0.034443817052512704
0 0.7622025010084712 0.3685770750988142 0.014925373134328358 0.021174477696216828
0 0.799919322307382 0.37210615471485037 0.06857603872529246 0.020327498588368152
0 0.8172650262202501 0.3660361377752682 0.003227107704719645 0.002540937323546019
0 0.15994352561516742 0.4160079051383399 0.06897942718838242 0.023997741389045736
0 0.23235175473981445 0.4153020892151327 0.03630496167809601 0.023715415019762844
0 0.27874142799515933 0.4227837380011293 0.05486083098023396 0.012704686617730096
0 0.3106091165792658 0.4311123658949746 0.003227107704719645 0.00846979107848673
0 0.34610730133118195 0.4225014116318464 0.03791851553045583 0.016092603049124788
0 0.40439693424768053 0.4253246753246753 0.031060911657926585 0.009316770186335404
0 0.4245663574021783 0.41431394692264256 0.0052440500201694235 0.001976284584980237
0 0.4253731343283582 0.4246188594014681 0.0052440500201694235 0.009034443817052512
0 0.4592577652279145 0.4202428006775833 0.056070996369503835 0.021739130434782608
0 0.5070592981040742 0.4243365330321852 0.03953206938281565 0.011857707509881422
0 0.5467930617184349 0.427442123094297 0.014925373134328358 0.006775832862789385
0 0.5613150463896732 0.42165443252399776 0.018152480839048003 0.036420101637492944
0 0.5907624041952401 0.41741953698475437 0.019766034691407825 0.022303783173348392
0 0.6024606696248487 0.4137492941840768 0.0052440500201694235 0.001976284584980237
0 0.6456232351754739 0.4243365330321852 0.08753529649052037 0.014116318464144552
0 0.6916095199677289 0.4126199887069452 0.004437273093989512 0.001976284584980237
0 0.6950383219039935 0.42518351214003386 0.005647438483259379 0.009034443817052512
0 0.7067365873336022 0.4267363071710898 0.015328761597418314 0.009881422924901186
0 0.727914481645825 0.42701863354037267 0.025413473174667203 0.012140033879164314
0 0.7652279144816458 0.42941840767927725 0.02501008471157725 0.010728402032749858
0 0.7585720048406616 0.41727837380011296 0.0052440500201694235 0.002258610954263128
0 0.8081887858007261 0.4205251270468662 0.01573215006050827 0.021174477696216828
0 0.8346107301331182 0.4201016374929418 0.03469140782573618 0.023150762281197064
0 0.8477208551835418 0.411914172783738 0.003630496167809601 0.002258610954263128
0 0.8886647841871722 0.41953698475437606 0.07099636950383219 0.025974025974025976
0 0.13856393707139975 0.4654150197628458 0.022993142396127472 0.021174477696216828
0 0.1918112141992739 0.4665443252399774 0.045582896329164985 0.020609824957651044
0 0.24122630092779346 0.47247317899491814 0.04679306171843485 0.01101072840203275
0 0.29608713190802743 0.4668266516092603 0.02016942315449778 0.023997741389045736
0 0.3338039532069383 0.47374364765669114 0.04961678096006454 0.011857707509881422
0 0.3872529245663574 0.4675324675324675 0.017749092375958047 0.025409373235460192
0 0.4233561920129084 0.47360248447204967 0.051230334812424366 0.013269339356295878
0 0.45118999596611536 0.46569734613212876 0.018152480839048003 0.020609824957651044
0 0.4737797498991529 0.46795595708639187 0.03670835014118596 0.021174477696216828
0 0.5086728519564341 0.4717673630717109 0.015328761597418314 0.019762845849802372
0 0.5242033077853974 0.47910784867306605 0.018959257765227916 0.006775832862789385
0 0.5889471561113352 0.4704968944099379 0.06938281565147236 0.023433088650479956
0 0.6020572811617588 0.4623094297007341 0.003630496167809601 0.002540937323546019
0 0.6665994352561517 0.4779785431959345 0.0391286809197257 0.01129305477131564
0 0.7152077450584913 0.47699040090344436 0.0572811617587737 0.011575381140598532
0 0.7071399757966922 0.4631564088085827 0.003227107704719645 0.001976284584980237
0 0.7803549818475192 0.48221343873517786 0.03670835014118596 0.020892151326933936
0 0.7977006857603872 0.4632975719932242 0.0028237192416296895 0.002258610954263128
0 0.826946349334409 0.47289666854884244 0.04921339249697459 0.024280067758328628
0 0.14804356595401372 0.5172219085262564 0.03630496167809601 0.034443817052512704
0 0.2210568777732957 0.5169395821569734 0.05405405405405406 0.02710333145115754
0 0.27228721258572003 0.5247035573122529 0.041145623235175476 0.013269339356295878
0 0.2878176684146833 0.5141163184641445 0.003630496167809601 0.002258610954263128
0 0.3283582089552239 0.525691699604743 0.06131504638967326 0.009599096555618294
0 0.3973376361436063 0.5309147374364765 0.021782977006857603 0.01948051948051948
0 0.4169019766034691 0.5258328627893846 0.014925373134328358 0.008752117447769622
0 0.4417103670835014 0.5177865612648221 0.024203307785397338 0.024280067758328628
0 0.45240016135538524 0.5151044607566346 0.0052440500201694235 0.001976284584980237
0 0.4759983864461476 0.5343026538678712 0.03065752319483663 0.026256352343308864
0 0.5022186365469947 0.5299265951439864 0.003227107704719645 0.004517221908526256
