0 0.15490116982654295 0.26439864483342745 0.012101653892698669 0.020045172219085264
0 0.17668414683340056 0.26877470355731226 0.017749092375958047 0.014680971202710334
0 0.19060104881000403 0.2704686617730096 0.0052440500201694235 0.00846979107848673
0 0.19221460266236384 0.2621400338791643 0.002016942315449778 0.004799548277809147
0 0.20068576038725291 0.26651609260304915 0.014118596208148447 0.017504234895539244
0 0.23477208551835418 0.2658102766798419 0.02743041549011698 0.01948051948051948
0 0.2537313432835821 0.2670807453416149 0.00645421540943929 0.01693958215697346
0 0.27954820492133925 0.26595143986448333 0.01936264622831787 0.018068887634105024
0 0.2946752722872126 0.2701863354037267 0.00927793465106898 0.009599096555618294
0 0.31988705123033484 0.26383399209486164 0.016135538523598225 0.021174477696216828
0 0.32432432432432434 0.27103331451157536 0.008067769261799113 0.01129305477131564
0 0.33198870512303347 0.2701863354037267 0.007260992335619202 0.009034443817052512
0 0.34207341670028235 0.2701863354037267 0.008874546187979023 0.010163749294184076
0 0.3479225494150867 0.27032749858836813 0.0028237192416296895 0.007622811970638058
0 0.35215812827753123 0.2641163184641446 0.0016135538523598225 0.004234895539243365
0 0.35941912061315046 0.26665725578769056 0.014521984671238403 0.015527950310559006
0 0.3761597418313836 0.2694805194805195 0.018152480839048003 0.009316770186335404
0 0.39027833803953205 0.2673630717108978 0.0060508269463493344 0.015245623941276116
0 0.4191206131504639 0.2704686617730096 0.02581686163775716 0.011857707509881422
0 0.4421137555465914 0.26778656126482214 0.01371520774505849 0.016092603049124788
0 0.4747882210568778 0.264257481648786 0.01855586930213796 0.023715415019762844
0 0.47781363453005243 0.27089215132693395 0.006857603872529245 0.009881422924901186
0 0.48608309802339655 0.27089215132693395 0.009681323114158934 0.010446075663466968
0 0.49939491730536506 0.27103331451157536 0.016135538523598225 0.009034443817052512
0 0.5141185962081485 0.2727272727272727 0.0052440500201694235 0.010163749294184076
0 0.518354175070593 0.26453980801806887 0.0024203307785397336 0.0033879164313946925
0 0.5240016135538523 0.27216261998870694 0.009681323114158934 0.01129305477131564
0 0.5346914078257362 0.27004517221908525 0.008471157724889069 0.011575381140598532
0 0.5582896329164986 0.27103331451157536 0.01290843081887858 0.010728402032749858
0 0.5693828156514724 0.2715979672501412 0.00927793465106898 0.009034443817052512
0 0.5804759983864461 0.26792772444946356 0.011294876966518758 0.017504234895539244
0 0.5893505445744252 0.27117447769621683 0.009681323114158934 0.009881422924901186
0 0.6024606696248487 0.26792772444946356 0.01573215006050827 0.015810276679841896
0 0.6252521177894312 0.25945793337097683 0.003227107704719645 0.00564652738565782
0 0.6296893908834207 0.2605872388481084 0.004033884630899556 0.005081874647092038
0 0.6421944332392093 0.27032749858836813 0.01855586930213796 0.011575381140598532
0 0.654699475594998 0.27032749858836813 0.004033884630899556 0.006493506493506494
0 0.6659943525615167 0.2663749294184077 0.01936264622831787 0.0189158667419537
0 0.691004437273094 0.2696216826651609 0.012101653892698669 0.01129305477131564
0 0.700282371924163 0.27004517221908525 0.012101653892698669 0.009881422924901186
0 0.7129891085114965 0.26595143986448333 0.011698265429608713 0.017504234895539244
0 0.7198467123840259 0.26228119706380576 0.0028237192416296895 0.004517221908526256
0 0.7240822912464704 0.2694805194805195 0.00645421540943929 0.010446075663466968
0 0.7505042355788625 0.2662337662337662 0.04154901169826543 0.025409373235460192
0 0.7777329568374345 0.2715979672501412 0.008874546187979023 0.009599096555618294
0 0.7755143202904397 0.26439864483342745 0.0028237192416296895 0.0036702428006775835
0 0.7892295280354982 0.27060982495765107 0.00927793465106898 0.009881422924901186
0 0.799717628075837 0.2621400338791643 0.0028237192416296895 0.005928853754940711
0 0.8027430415490117 0.26312817617165446 0.004033884630899556 0.00564652738565782
0 0.8233158531665994 0.2682100508187465 0.014521984671238403 0.018633540372670808
0 0.8396530859217426 0.2686335403726708 0.02218636546994756 0.020045172219085264
0 0.15853166599435256 0.3188876341050254 0.011294876966518758 0.012140033879164314
0 0.1672045179507866 0.325098814229249 0.010891488503428802 0.023433088650479956
0 0.17870108914885036 0.31945228684359117 0.007260992335619202 0.012140033879164314
0 0.18495361032674465 0.3197346132128741 0.007664380798709157 0.009881422924901186
0 0.19302137958854376 0.3190287972896669 0.007664380798709157 0.01129305477131564
0 0.20713997579669222 0.3198757763975155 0.018152480839048003 0.010163749294184076
0 0.23134328358208955 0.3170525127046866 0.02864058087938685 0.01637492941840768
0 0.2624041952400161 0.3201581027667984 0.0052440500201694235 0.010728402032749858
0 0.2654296087131908 0.31070016939582157 0.0024203307785397336 0.005364201016374929
0 0.27228721258572003 0.32156973461321287 0.011294876966518758 0.01129305477131564
0 0.30334812424364666 0.31493506493506496 0.014521984671238403 0.0189158667419537
0 0.3085921742638161 0.320016939582157 0.003227107704719645 0.007622811970638058
0 0.31141589350544574 0.31182947487295315 0.0024203307785397336 0.004799548277809147
0 0.3164582492940702 0.31931112365894976 0.00927793465106898 0.009599096555618294
0 0.3279548204921339 0.31931112365894976 0.010488100040338847 0.01129305477131564
0 0.33783783783783783 0.3207227555053642 0.010891488503428802 0.010728402032749858
0 0.35135135135135137 0.32058159232072275 0.012101653892698669 0.011575381140598532
0 0.3799919322307382 0.32058159232072275 0.011294876966518758 0.009881422924901186
0 0.39209358612343687 0.32128740824393 0.012101653892698669 0.010163749294184076
0 0.42295280354981846 0.3147939017504235 0.01734570391286809 0.020892151326933936
0 0.4376764824526019 0.32058159232072275 0.009681323114158934 0.008752117447769622
0 0.4584509883017346 0.31874647092038394 0.010891488503428802 0.012987012987012988
0 0.4691407825736184 0.3191699604743083 0.007260992335619202 0.009881422924901186
0 0.4774102460669625 0.3186053077357425 0.008471157724889069 0.009881422924901186
0 0.49072206534893104 0.3170525127046866 0.014925373134328358 0.01355166572557877
0 0.5197660346914078 0.3166290231507623 0.018152480839048003 0.03077357425183512
0 0.5244050020169423 0.3207227555053642 0.011294876966518758 0.010163749294184076
0 0.5352964905203711 0.3197346132128741 0.008067769261799113 0.011575381140598532
0 0.5584913271480436 0.3190287972896669 0.014118596208148447 0.010728402032749858
0 0.5709963695038321 0.3207227555053642 0.011698265429608713 0.01129305477131564
0 0.5925776522791448 0.32086391869000563 0.011294876966518758 0.01101072840203275
0 0.6064945542557483 0.31832298136645965 0.014925373134328358 0.027950310559006212
0 0.6149657119806373 0.3190287972896669 0.014118596208148447 0.025409373235460192
0 0.6308995562726906 0.3178994918125353 0.029043969342476807 0.018633540372670808
0 0.6425978217022993 0.32142857142857145 0.005647438483259379 0.008752117447769622
0 0.6484469544171036 0.31225296442687744 0.002016942315449778 0.004517221908526256
0 0.654901169826543 0.32142857142857145 0.01008471157724889 0.009881422924901186
0 0.664179104477612 0.32185206098249575 0.01008471157724889 0.011857707509881422
0 0.6980637353771683 0.31846414455110106 0.02702702702702703 0.021456804065499716
0 0.7158128277531263 0.3241106719367589 0.010891488503428802 0.010728402032749858
0 0.7260992335619201 0.3234048560135517 0.008874546187979023 0.01101072840203275
0 0.7494957644211375 0.3221343873517787 0.01290843081887858 0.012422360248447204
0 0.7579669221460267 0.32241671372106157 0.010488100040338847 0.010728402032749858
0 0.7708753529649052 0.322557876905703 0.014521984671238403 0.010446075663466968
0 0.7847922549415087 0.32142857142857145 0.00927793465106898 0.011575381140598532
0 0.7966922146026624 0.3207227555053642 0.014521984671238403 0.023150762281197064
0 0.8019362646228317 0.32608695652173914 0.004033884630899556 0.007905138339920948
0 0.8057684550221864 0.3177583286278938 0.0012101653892698668 0.001976284584980237
0 0.8112141992739008 0.3232636928289102 0.009681323114158934 0.01129305477131564
0 0.8196853569987899 0.32382834556747603 0.011294876966518758 0.01129305477131564
0 0.836224283985478 0.32919254658385094 0.007260992335619202 0.010163749294184076
0 0.1680112948769665 0.3643421795595709 0.02702702702702703 0.021174477696216828
0 0.1837434449374748 0.36801242236024845 0.003630496167809601 0.006493506493506494
0 0.1964501815248084 0.36335403726708076 0.020976200080677694 0.018068887634105024
0 0.18777732956837434 0.3609542631281762 0.0028237192416296895 0.004234895539243365
0 0.1936264622831787 0.3642010163749294 0.0016135538523598225 0.001129305477131564
0 0.21883824122630094 0.3674477696216827 0.00927793465106898 0.01101072840203275
0 0.22952803549818476 0.3619424054206663 0.011294876966518758 0.019198193111236588
0 0.24162968939088342 0.3663184641445511 0.012101653892698669 0.011575381140598532
0 0.2535296490520371 0.36702428006775834 0.00927793465106898 0.010163749294184076
0 0.26321097216619604 0.3642010163749294 0.008471157724889069 0.017504234895539244
0 0.2747075433642598 0.36335403726708076 0.016135538523598225 0.018633540372670808
0 0.3019362646228318 0.36391869000564653 0.018959257765227916 0.023150762281197064
0 0.30919725695845096 0.3684359119141728 0.01008471157724889 0.011857707509881422
0 0.32977006857603874 0.365330321852061 0.02944735780556676 0.017504234895539244
0 0.3620411456232352 0.3650479954827781 0.018152480839048003 0.019198193111236588
0 0.38422751109318276 0.3718238283455675 0.01573215006050827 0.025974025974025976
0 0.3947156111335216 0.36829474872953133 0.010891488503428802 0.012140033879164314
0 0.4025816861637757 0.3687182382834557 0.011294876966518758 0.009034443817052512
0 0.4080274304154901 0.3756352343308865 0.0052440500201694235 0.004799548277809147
0 0.41226300927793463 0.37422360248447206 0.01371520774505849 0.021174477696216828
0 0.4235578862444534 0.36928289102202144 0.008067769261799113 0.011857707509881422
0 0.4312222670431626 0.3687182382834557 0.008874546187979023 0.00846979107848673
0 0.44392900363049614 0.36914172783738003 0.014925373134328358 0.012704686617730096
0 0.47337636143606293 0.36264822134387353 0.018152480839048003 0.0251270468661773
0 0.49213392496974584 0.3675889328063241 0.016942315449778138 0.01355166572557877
0 0.5064542154094392 0.3685770750988142 0.011698265429608713 0.009881422924901186
0 0.5167406212182332 0.36885940146809715 0.007260992335619202 0.009316770186335404
0 0.5280354981847519 0.36575381140598534 0.017749092375958047 0.017221908526256352
0 0.5623235175473982 0.36984754376058726 0.01290843081887858 0.012422360248447204
0 0.5923759580475998 0.36617730095990964 0.026220250100847116 0.0220214568040655
0 0.6113352158128278 0.3706945228684359 0.01008471157724889 0.009599096555618294
0 0.6206131504638968 0.3699887069452287 0.01008471157724889 0.012140033879164314
0 0.6506655909640984 0.37634105025409376 0.022589753933037516 0.02710333145115754
0 0.6672045179507866 0.370412196499153 0.009681323114158934 0.011857707509881422
0 0.672650262202501 0.37267080745341613 0.006857603872529245 0.010163749294184076
0 0.68192819685357 0.3719649915302089 0.00927793465106898 0.010446075663466968
0 0.6948366276724486 0.3730942970073405 0.01734570391286809 0.012140033879164314
0 0.7109721661960468 0.37365894974590624 0.008471157724889069 0.009316770186335404
0 0.7224687373941105 0.37365894974590624 0.011294876966518758 0.010446075663466968
0 0.7361839451391691 0.3706945228684359 0.012101653892698669 0.019198193111236588
0 0.7660346914078258 0.3674477696216827 0.02581686163775716 0.0189158667419537
0 0.7993142396127471 0.367871259175607 0.020572811617587738 0.019762845849802372
0 0.8154497781363453 0.37224731789949184 0.01008471157724889 0.008752117447769622
0 0.1609519967728923 0.41318464144551104 0.021782977006857603 0.02456239412761152
0 0.17123840258168616 0.41741953698475437 0.008471157724889069 0.009881422924901186
0 0.1811214199273901 0.41770186335403725 0.011294876966518758 0.01101072840203275
0 0.19402985074626866 0.41798418972332013 0.008874546187979023 0.011575381140598532
0 0.20431625655506253 0.4184076792772445 0.01008471157724889 0.01129305477131564
0 0.21803146430012102 0.4189723320158103 0.011698265429608713 0.010728402032749858
0 0.2535296490520371 0.41883116883116883 0.021379588543767647 0.014398644833427442
0 0.2702702702702703 0.41953698475437606 0.011294876966518758 0.010728402032749858
0 0.28499394917305365 0.4171372106154715 0.021379588543767647 0.027950310559006212
0 0.29407018959257764 0.4192546583850932 0.01855586930213796 0.01129305477131564
0 0.3075837031060912 0.41953698475437606 0.01008471157724889 0.010163749294184076
0 0.32008874546187976 0.4201016374929418 0.012505042355788625 0.010728402032749858
0 0.33098023396530857 0.4192546583850932 0.01008471157724889 0.012422360248447204
0 0.3408632513110125 0.4212309429700734 0.010488100040338847 0.011857707509881422
0 0.35962081484469544 0.42518351214003386 0.0028237192416296895 0.0016939582156973462
0 0.38785800726099234 0.4140316205533597 0.003630496167809601 0.005928853754940711
0 0.39128680919725695 0.41417278373800115 0.003227107704719645 0.004517221908526256
0 0.40984267849939493 0.4161490683229814 0.017749092375958047 0.025974025974025976
0 0.41206131504638965 0.4233483907396951 0.010891488503428802 0.009881422924901186
0 0.4292053247277128 0.41699604743083 0.021782977006857603 0.020892151326933936
0 0.44150867285195644 0.4158667419536985 0.0028237192416296895 0.005081874647092038
0 0.45118999596611536 0.42292490118577075 0.018152480839048003 0.010728402032749858
0 0.46651875756353367 0.4202428006775833 0.007664380798709157 0.016092603049124788
0 0.4747882210568778 0.42419536984754375 0.012101653892698669 0.009316770186335404
0 0.4893102057281162 0.42405420666290233 0.009681323114158934 0.011857707509881422
0 0.5147236789027834 0.42108977978543194 0.011294876966518758 0.011575381140598532
0 0.5411456232351755 0.4192546583850932 0.03670835014118596 0.024844720496894408
0 0.5647438483259378 0.41798418972332013 0.011294876966518758 0.021739130434782608
0 0.5762404195240016 0.42320722755505363 0.010891488503428802 0.010728402032749858
0 0.5734167002823719 0.41727837380011296 0.002016942315449778 0.0033879164313946925
0 0.5897539330375151 0.422360248447205 0.010488100040338847 0.011857707509881422
0 0.628075837031061 0.42419536984754375 0.03065752319483663 0.015527950310559006
0 0.6389673255344898 0.42264257481648787 0.0016135538523598225 0.002258610954263128
0 0.6480435659540137 0.42405420666290233 0.008471157724889069 0.011857707509881422
0 0.6708350141185963 0.4230660643704122 0.012101653892698669 0.009881422924901186
0 0.68152480839048 0.4189723320158103 0.007664380798709157 0.01693958215697346
0 0.6875756353368294 0.423630717108978 0.00927793465106898 0.01101072840203275
0 0.6980637353771683 0.42405420666290233 0.010891488503428802 0.010728402032749858
0 0.7208551835417507 0.42913608130999437 0.014521984671238403 0.023715415019762844
0 0.7343686970552642 0.42264257481648787 0.006857603872529245 0.009599096555618294
0 0.7379991932230738 0.41445511010728403 0.0012101653892698668 0.002258610954263128
0 0.7388059701492538 0.4114906832298137 0.002016942315449778 0.003105590062111801
0 0.7442517144009682 0.4233483907396951 0.011294876966518758 0.009881422924901186
0 0.755143202904397 0.4225014116318464 0.010488100040338847 0.009316770186335404
0 0.7674465510286406 0.42179559570863917 0.00927793465106898 0.011857707509881422
0 0.7936668011294877 0.4178430265386787 0.01734570391286809 0.019198193111236588
0 0.8265429608713191 0.4189723320158103 0.01936264622831787 0.020327498588368152
0 0.8469140782573619 0.4244776962168266 0.012505042355788625 0.00818746470920384
0 0.15490116982654295 0.46809712027103334 0.011294876966518758 0.014116318464144552
0 0.1663977410246067 0.4699322416713721 0.010891488503428802 0.010446075663466968
0 0.17607906413876562 0.47162619988706944 0.01008471157724889 0.011575381140598532
0 0.1845502218636547 0.4686617730095991 0.00927793465106898 0.017504234895539244
0 0.19302137958854376 0.47148503670242803 0.010891488503428802 0.010728402032749858
0 0.20371117386042759 0.4719085262563523 0.01290843081887858 0.009316770186335404
0 0.21682129891085114 0.4723320158102767 0.01008471157724889 0.011857707509881422
0 0.25030254134731744 0.4675324675324675 0.018152480839048003 0.019762845849802372
0 0.263412666397741 0.47162619988706944 0.008874546187979023 0.013269339356295878
0 0.2753126260588947 0.4678147939017504 0.01573215006050827 0.017504234895539244
0 0.3065752319483663 0.4717673630717109 0.012101653892698669 0.011857707509881422
0 0.31464300121016536 0.47247317899491814 0.008874546187979023 0.009881422924901186
0 0.3346107301331182 0.4683794466403162 0.027833803953206938 0.026538678712591756
0 0.3499394917305365 0.4730378317334839 0.018959257765227916 0.01101072840203275
0 0.363251311012505 0.47219085262563526 0.010891488503428802 0.009881422924901186
0 0.37394110528438884 0.47261434217955955 0.011294876966518758 0.009599096555618294
0 0.3850342880193626 0.47346132128740825 0.008471157724889069 0.010163749294184076
0 0.39693424768051633 0.47459062676453984 0.010488100040338847 0.012422360248447204
0 0.43061718434852764 0.4741671372106155 0.012505042355788625 0.011575381140598532
0 0.4445340863251311 0.4741671372106155 0.01371520774505849 0.009881422924901186
0 0.4584509883017346 0.4697910784867307 0.018152480839048003 0.018068887634105024
0 0.4826542960871319 0.4665443252399774 0.01734570391286809 0.01948051948051948
0 0.5135135135135135 0.467673630717109 0.01855586930213796 0.01948051948051948
0 0.5302541347317467 0.4730378317334839 0.00927793465106898 0.008752117447769622
0 0.5594997983057685 0.4772727272727273 0.02743041549011698 0.02456239412761152
0 0.5772488906817265 0.4719085262563523 0.010488100040338847 0.009316770186335404
0 0.5863251311012505 0.4733201581027668 0.011698265429608713 0.012704686617730096
0 0.5984267849939492 0.46852060982495763 0.010891488503428802 0.017221908526256352
0 0.6079064138765631 0.47261434217955955 0.010488100040338847 0.012422360248447204
0 0.6056877773295684 0.46569734613212876 0.0028237192416296895 0.004799548277809147
0 0.6222267043162566 0.4717673630717109 0.012505042355788625 0.01129305477131564
0 0.6551028640580879 0.47063805759457933 0.03065752319483663 0.031055900621118012
0 0.6823315853166599 0.4678147939017504 0.01734570391286809 0.018633540372670808
0 0.690399354578459 0.47374364765669114 0.0052440500201694235 0.00846979107848673
0 0.6976603469140783 0.47289666854884244 0.00927793465106898 0.011857707509881422
0 0.6950383219039935 0.4655561829474873 0.003227107704719645 0.003952569169960474
0 0.7059298104074223 0.472755505364201 0.01290843081887858 0.009316770186335404
0 0.7172246873739411 0.474025974025974 0.008874546187979023 0.01129305477131564
0 0.7305365066559096 0.47289666854884244 0.01855586930213796 0.010728402032749858
0 0.755143202904397 0.4741671372106155 0.02743041549011698 0.011575381140598532
0 0.7753126260588947 0.4733201581027668 0.008874546187979023 0.009316770186335404
0 0.7839854780153288 0.47501411631846413 0.00927793465106898 0.01101072840203275
0 0.7968939088342073 0.46922642574816487 0.012505042355788625 0.019762845849802372
0 0.8065752319483662 0.47967250141163187 0.002016942315449778 0.0016939582156973462
0 0.8289632916498588 0.4652738565782044 0.004033884630899556 0.005081874647092038
0 0.8323920935861234 0.466403162055336 0.004437273093989512 0.006211180124223602
0 0.8424768051633723 0.47360248447204967 0.006857603872529245 0.01383399209486166
0 0.8503428801936265 0.46259175607001696 0.01936264622831787 0.004234895539243365
0 0.8539733763614361 0.4730378317334839 0.01290843081887858 0.015527950310559006
0 0.8648648648648649 0.47684923771880294 0.009681323114158934 0.009599096555618294
0 0.15409439290036306 0.5220214568040655 0.008067769261799113 0.014116318464144552
0 0.1607503025413473 0.52343308865048 0.0028237192416296895 0.007905138339920948
0 0.16438079870915692 0.515527950310559 0.0060508269463493344 0.003952569169960474
0 0.17970956030657523 0.5183512140033879 0.027833803953206938 0.02258610954263128
0 0.20129084308188785 0.5189158667419537 0.01290843081887858 0.019198193111236588
0 0.20814844695441712 0.516798418972332 0.0024203307785397336 0.005364201016374929
0 0.21419927390076643 0.5227272727272727 0.009681323114158934 0.010446075663466968
0 0.2291246470350948 0.5221626199887069 0.012101653892698669 0.01101072840203275
0 0.2539330375151271 0.5197628458498024 0.007664380798709157 0.015810276679841896
0 0.2569584509883017 0.510446075663467 0.0024203307785397336 0.0033879164313946925
0 0.26502622025010086 0.5221626199887069 0.012101653892698669 0.01101072840203275
0 0.2878176684146833 0.5215979672501412 0.00927793465106898 0.012140033879164314
0 0.29608713190802743 0.5211744776962168 0.011294876966518758 0.010163749294184076
0 0.3118192819685357 0.5280914737436476 0.026623638563937072 0.022868435911914172
0 0.33118192819685355 0.5227272727272727 0.008874546187979023 0.011575381140598532
0 0.34187172246873737 0.5203274985883681 0.018959257765227916 0.015245623941276116
0 0.3741427995159338 0.519339356295878 0.019766034691407825 0.020609824957651044
0 0.40762404195240015 0.5207509881422925 0.019766034691407825 0.020609824957651044
0 0.4312222670431626 0.5235742518351214 0.03227107704719645 0.012704686617730096
0 0.45421540943929006 0.5225861095426313 0.010488100040338847 0.01129305477131564
0 0.46752722872125857 0.52343308865048 0.010488100040338847 0.00846979107848673
0 0.47983057684550223 0.527244494635799 0.014925373134328358 0.021739130434782608
0 0.5227914481645825 0.5228684359119141 0.03630496167809601 0.012987012987012988
0 0.5574828559903187 0.5247035573122529 0.010488100040338847 0.01101072840203275
0 0.5661557079467527 0.5244212309429701 0.012505042355788625 0.010446075663466968
0 0.5768455022186365 0.5254093732354602 0.010488100040338847 0.010163749294184076
0 0.5828963291649859 0.525974025974026 0.005647438483259379 0.007340485601355167
0 0.5927793465106898 0.525691699604743 0.010891488503428802 0.009599096555618294
0 0.5893505445744252 0.5158102766798419 0.0016135538523598225 0.004517221908526256
0 0.6070996369503833 0.5251270468661773 0.01855586930213796 0.011857707509881422
0 0.6189995966115369 0.5252682100508187 0.008471157724889069 0.010446075663466968
0 0.6317063331988705 0.5235742518351214 0.017749092375958047 0.016092603049124788
0 0.6434045986284792 0.5354319593450029 0.007260992335619202 0.010446075663466968
0 0.672650262202501 0.5252682100508187 0.024606696248487294 0.011575381140598532
0 0.6932230738200887 0.5232919254658385 0.018152480839048003 0.016092603049124788
0 0.72650262202501 0.519621682665161 0.021782977006857603 0.0189158667419537
0 0.7472771278741428 0.5225861095426313 0.01734570391286809 0.010728402032749858
0 0.7593787817668415 0.5231507622811971 0.00927793465106898 0.010163749294184076
0 0.7880193626462283 0.5223037831733484 0.031060911657926585 0.012422360248447204
0 0.8087938684953611 0.5238565782044043 0.008874546187979023 0.011575381140598532
0 0.8408632513110125 0.525974025974026 0.019766034691407825 0.03162055335968379
0 0.8582089552238806 0.519339356295878 0.008471157724889069 0.021174477696216828
0 0.8646631706333199 0.5201863354037267 0.007664380798709157 0.020045172219085264
0 0.15348931020572812 0.5729813664596274 0.013311819281968536 0.01383399209486166
0 0.16276724485679708 0.5803218520609825 0.012505042355788625 0.023433088650479956
0 0.1744655102864058 0.5728402032749859 0.008471157724889069 0.014680971202710334
0 0.18576038725292457 0.5739695087521175 0.018152480839048003 0.011857707509881422
0 0.2045179507866075 0.5739695087521175 0.01936264622831787 0.01129305477131564
0 0.22751109318273496 0.5742518351214003 0.020976200080677694 0.01129305477131564
0 0.245663574021783 0.5697346132128741 0.01371520774505849 0.018068887634105024
0 0.2672448567970956 0.5746753246753247 0.012505042355788625 0.015527950310559006
0 0.27874142799515933 0.5755223037831734 0.010488100040338847 0.011575381140598532
0 0.3065752319483663 0.568746470920384 0.01855586930213796 0.021174477696216828
0 0.3219039935457846 0.5734048560135516 0.008067769261799113 0.010728402032749858
0 0.3473174667204518 0.5728402032749859 0.01290843081887858 0.012422360248447204
0 0.35962081484469544 0.5745341614906833 0.00927793465106898 0.010728402032749858
0 0.3709156918112142 0.5732636928289102 0.008471157724889069 0.012704686617730096
0 0.381807180314643 0.572557876905703 0.01008471157724889 0.01129305477131564
0 0.3961274707543364 0.5748164878599661 0.016942315449778138 0.01355166572557877
0 0.39431222267043164 0.5714285714285714 0.0012101653892698668 0.001129305477131564
0 0.40863251311012505 0.5753811405985318 0.004033884630899556 0.00846979107848673
0 0.4138765631302945 0.5650762281197064 0.004840661557079467 0.006493506493506494
0 0.41952400161355385 0.5708639186900056 0.008067769261799113 0.019198193111236588
0 0.42839854780153286 0.5798983625070582 0.01290843081887858 0.021456804065499716
0 0.45421540943929006 0.575098814229249 0.01290843081887858 0.012422360248447204
0 0.46873739411052845 0.5698757763975155 0.01855586930213796 0.029079616036137776
0 0.5036304961678096 0.5756634669678148 0.03751512706736587 0.01355166572557877
0 0.5225897539330375 0.5688876341050254 0.003630496167809601 0.004517221908526256
0 0.5312626058894716 0.5766516092603049 0.012101653892698669 0.01101072840203275
0 0.5522388059701493 0.5739695087521175 0.023396530859217425 0.020327498588368152
0 0.5675675675675675 0.5773574251835122 0.005647438483259379 0.009599096555618294
0 0.572609923356192 0.568746470920384 0.0028237192416296895 0.007058159232072276
0 0.5796692214602662 0.5763692828910221 0.014521984671238403 0.010446075663466968
0 0.5899556272690601 0.5786278938452851 0.004437273093989512 0.004799548277809147
0 0.5931827349737797 0.567476002258611 0.0028237192416296895 0.007905138339920948
0 0.6006454215409439 0.5769339356295878 0.01371520774505849 0.008752117447769622
0 0.6103267446551028 0.5824392998306042 0.01855586930213796 0.024844720496894408
0 0.6496571198063735 0.5701581027667985 0.020572811617587738 0.01948051948051948
0 0.6659943525615167 0.5736871823828346 0.012101653892698669 0.010163749294184076
0 0.6865671641791045 0.5746753246753247 0.012101653892698669 0.012704686617730096
0 0.6944332392093586 0.5767927724449463 0.0060508269463493344 0.00846979107848673
0 0.6988705123033482 0.5695934500282326 0.002016942315449778 0.005928853754940711
0 0.7035094796288827 0.5793337097684924 0.010488100040338847 0.021456804065499716
0 0.699878983461073 0.5652173913043478 0.0024203307785397336 0.002258610954263128
0 0.7170229931423961 0.5694522868435912 0.014925373134328358 0.019762845849802372
0 0.7291246470350948 0.5718520609824957 0.01008471157724889 0.01948051948051948
0 0.7361839451391691 0.5762281197063805 0.012101653892698669 0.010728402032749858
0 0.7831787010891489 0.573828345567476 0.03993545784590561 0.017786561264822136
0 0.1508672851956434 0.6216826651609261 0.01290843081887858 0.015810276679841896
0 0.16518757563533684 0.6175889328063241 0.012505042355788625 0.022303783173348392
0 0.18051633723275515 0.6158949745906268 0.010891488503428802 0.020609824957651044
0 0.18939088342073418 0.612789384528515 0.0028237192416296895 0.004799548277809147
0 0.19382815651472368 0.6263410502540937 0.011698265429608713 0.02456239412761152
0 0.20613150463896732 0.6214003387916431 0.012101653892698669 0.01129305477131564
0 0.21924162968939087 0.6174477696216827 0.011698265429608713 0.021456804065499716
0 0.22690601048810005 0.6150479954827781 0.003630496167809601 0.007058159232072276
0 0.2317466720451795 0.6222473178994918 0.011698265429608713 0.010728402032749858
0 0.245663574021783 0.6216826651609261 0.011294876966518758 0.010728402032749858
0 0.25756353368293666 0.6211180124223602 0.010891488503428802 0.012987012987012988
0 0.29588543767648245 0.6202710333145116 0.025413473174667203 0.029926595143986448
0 0.3283582089552239 0.6197063805759458 0.021782977006857603 0.018068887634105024
0 0.3436869705526422 0.6239412761151891 0.009681323114158934 0.01129305477131564
0 0.3745461879790238 0.623235460191982 0.014118596208148447 0.012704686617730096
0 0.3892698668818072 0.6188594014680971 0.01855586930213796 0.020892151326933936
0 0.3993545784590561 0.6249294184076792 0.007260992335619202 0.007622811970638058
0 0.40298507462686567 0.6157538114059853 0.0024203307785397336 0.006775832862789385
0 0.4171036708350141 0.6198475437605873 0.029043969342476807 0.021174477696216828
0 0.46026623638563935 0.6202710333145116 0.021782977006857603 0.02258610954263128
0 0.47519160951996775 0.6252117447769622 0.011294876966518758 0.011575381140598532
0 0.4868898749495764 0.6243647656691135 0.010488100040338847 0.012704686617730096
0 0.5020169423154498 0.6246470920383964 0.01734570391286809 0.01101072840203275
0 0.5159338442920532 0.6253529079616036 0.015328761597418314 0.010728402032749858
0 0.5352964905203711 0.6250705815923208 0.021782977006857603 0.011857707509881422
0 0.5518354175070593 0.6243647656691135 0.009681323114158934 0.011575381140598532
0 0.5625252117789431 0.6249294184076792 0.013311819281968536 0.009316770186335404
0 0.5812827753126261 0.6202710333145116 0.020976200080677694 0.021456804065499716
0 0.6081081081081081 0.6236589497459063 0.00927793465106898 0.015810276679841896
0 0.617789431222267 0.6269057029926595 0.014118596208148447 0.01101072840203275
0 0.6674062121823315 0.620694522868436 0.033481242436466316 0.028514963297571992
0 0.6889874949576442 0.6202710333145116 0.016942315449778138 0.024844720496894408
0 0.6932230738200887 0.6266233766233766 0.006857603872529245 0.010446075663466968
0 0.6978620411456232 0.6185770750988142 0.003227107704719645 0.006775832862789385
0 0.7057281161758774 0.6277526821005082 0.013311819281968536 0.009881422924901186
0 0.7216619604679306 0.6309994353472614 0.0024203307785397336 0.0016939582156973462
0 0.7351754739814441 0.6132128740824393 0.006857603872529245 0.012987012987012988
