0 0.1389673255344897 0.21202710333145117 0.0052440500201694235 0.002258610954263128
0 0.1464300121016539 0.21696781479390176 0.008067769261799113 0.009881422924901186
0 0.14501815248083905 0.22374364765669114 0.0028237192416296895 0.0036702428006775835
0 0.16962484872932634 0.217673630717109 0.03670835014118596 0.019198193111236588
0 0.15248083904800322 0.21259175607001693 0.0016135538523598225 0.001129305477131564
0 0.16135538523598225 0.21033314511575382 0.005647438483259379 0.005081874647092038
0 0.21298910851149658 0.22063805759457933 0.02501008471157725 0.010446075663466968
0 0.2656313029447358 0.22995482778091475 0.08350141185962082 0.036420101637492944
0 0.3338039532069383 0.21964991530208922 0.018152480839048003 0.019762845849802372
0 0.34409035901573215 0.2149915302089215 0.003227107704719645 0.001411631846414455
0 0.3565954013715208 0.21894409937888198 0.01855586930213796 0.0189158667419537
0 0.3892698668818072 0.22586109542631283 0.02016942315449778 0.00846979107848673
0 0.4060104881000403 0.22600225861095427 0.008471157724889069 0.004799548277809147
0 0.41972569584509883 0.22035573122529645 0.013311819281968536 0.017221908526256352
0 0.4715611133521581 0.22783738001129306 0.05405405405405406 0.038396386222473176
0 0.536708350141186 0.21739130434782608 0.020572811617587738 0.01637492941840768
0 0.564340459862848 0.21908526256352343 0.00645421540943929 0.017504234895539244
0 0.5770471964501815 0.2171089779785432 0.02379991932230738 0.018633540372670808
0 0.627269060104881 0.21725014116318464 0.02016942315449778 0.0189158667419537
0 0.6512706736587334 0.21950875211744778 0.04961678096006454 0.0189158667419537
0 0.6847519160951997 0.22233201581027667 0.011698265429608713 0.012140033879164314
0 0.7410246066962485 0.21964991530208922 0.0653489310205728 0.023150762281197064
0 0.7862041145623235 0.22416713721061546 0.028237192416296894 0.010163749294184076
0 0.8011294876966518 0.21428571428571427 0.0024203307785397336 0.002258610954263128
0 0.8166599435256152 0.22402597402597402 0.026220250100847116 0.009881422924901186
0 0.8416700282371924 0.23094297007340486 0.0028237192416296895 0.002258610954263128
0 0.15348931020572812 0.2660926030491248 0.0318676885841065 0.022303783173348392
0 0.15853166599435256 0.26143421795595706 0.0016135538523598225 0.0016939582156973462
0 0.2035094796288826 0.26778656126482214 0.038321903993545785 0.022868435911914172
0 0.22771278741427994 0.28091473743647655 0.014925373134328358 0.025409373235460192
0 0.2654296087131908 0.27498588368153587 0.023396530859217425 0.010728402032749858
0 0.31020572811617586 0.26792772444946356 0.02501008471157725 0.021456804065499716
0 0.3555869302137959 0.2701863354037267 0.02379991932230738 0.019198193111236588
0 0.3755546591367487 0.27428006775832864 0.01290843081887858 0.008752117447769622
0 0.38241226300927794 0.26651609260304915 0.0016135538523598225 0.0016939582156973462
0 0.3894715611133522 0.2738565782044043 0.008471157724889069 0.010163749294184076
0 0.4027833803953207 0.27004517221908525 0.01008471157724889 0.017221908526256352
0 0.436264622831787 0.27032749858836813 0.035901573215006054 0.017786561264822136
0 0.4540137152077451 0.2689158667419537 0.002016942315449778 0.001976284584980237
0 0.46551028640580877 0.275974025974026 0.020976200080677694 0.008752117447769622
0 0.5223880597014925 0.2689158667419537 0.035498184751916094 0.020609824957651044
0 0.5490116982654296 0.27004517221908525 0.016942315449778138 0.020045172219085264
0 0.5968132311415894 0.2780914737436477 0.0391286809197257 0.010728402032749858
0 0.6524808390480032 0.26976284584980237 0.057684550221863654 0.022303783173348392
0 0.7260992335619201 0.2758328627893845 0.04517950786607503 0.009034443817052512
0 0.7583703106091165 0.28204404291360813 0.012101653892698669 0.018068887634105024
0 0.7803549818475192 0.27540937323546016 0.02944735780556676 0.012140033879164314
0 0.8005244050020169 0.28797289666854886 0.013311819281968536 0.007340485601355167
0 0.14764017749092376 0.3166290231507623 0.033884630899556276 0.023997741389045736
0 0.19604679306171843 0.3167701863354037 0.021782977006857603 0.02258610954263128
0 0.21621621621621623 0.32171089779785433 0.01855586930213796 0.009881422924901186
0 0.22831787010891488 0.31832298136645965 0.008067769261799113 0.012704686617730096
0 0.23235175473981445 0.3104178430265387 0.0016135538523598225 0.001411631846414455
0 0.2472771278741428 0.3297571993224167 0.005647438483259379 0.007340485601355167
0 0.29225494150867287 0.3243929983060418 0.04154901169826543 0.015810276679841896
0 0.32129891085114964 0.326369282891022 0.012505042355788625 0.009034443817052512
0 0.3354175070592981 0.32580463015245625 0.014118596208148447 0.009599096555618294
0 0.36304961678096004 0.32029926595143987 0.041145623235175476 0.022868435911914172
0 0.4017749092375958 0.3346979107848673 0.004840661557079467 0.006493506493506494
0 0.445542557482856 0.3245341614906832 0.050423557886244454 0.009881422924901186
0 0.4782170229931424 0.32058159232072275 0.013311819281968536 0.016657255787690572
0 0.5401371520774506 0.31747600225861095 0.05889471561113352 0.020609824957651044
0 0.6208148446954417 0.3188876341050254 0.050826946349334406 0.021174477696216828
0 0.6843485276321097 0.32142857142857145 0.02379991932230738 0.018351214003387916
0 0.699273900766438 0.3269339356295878 0.02379991932230738 0.00846979107848673
0 0.7299314239612748 0.33018068887634106 0.003630496167809601 0.001976284584980237
0 0.764017749092376 0.32523997741389044 0.01855586930213796 0.009034443817052512
0 0.77269060104881 0.31747600225861095 0.024606696248487294 0.003105590062111801
0 0.7864058087938685 0.32396950875211744 0.019766034691407825 0.012140033879164314
0 0.15429608713190804 0.3730942970073405 0.04235578862444534 0.013269339356295878
0 0.136345300524405 0.3675889328063241 0.0024203307785397336 0.001129305477131564
0 0.20068576038725291 0.38692828910220217 0.0052440500201694235 0.008752117447769622
0 0.2117789431222267 0.37577639751552794 0.022589753933037516 0.04178430265386787
0 0.2265026220250101 0.37577639751552794 0.01653892698668818 0.007905138339920948
0 0.2882210568777733 0.3673066064370412 0.0609116579265833 0.025409373235460192
0 0.345703912868092 0.3769057029926595 0.026623638563937072 0.040654997176736304
0 0.3567970956030658 0.3759175607001694 0.013311819281968536 0.008752117447769622
0 0.3894715611133522 0.37761151891586675 0.01008471157724889 0.008752117447769622
0 0.39511899959661156 0.37422360248447206 0.003630496167809601 0.001411631846414455
0 0.418313836224284 0.37789384528514963 0.01290843081887858 0.007622811970638058
0 0.4431222267043163 0.382128740824393 0.03751512706736587 0.0251270468661773
0 0.46994755949979833 0.3780350084697911 0.024203307785397338 0.00846979107848673
0 0.5496167809600645 0.36928289102202144 0.06736587333602259 0.023150762281197064
0 0.608713190802743 0.37859966120835686 0.029850746268656716 0.037267080745341616
0 0.6200080677692618 0.37874082439299833 0.015328761597418314 0.008752117447769622
0 0.6663977410246067 0.37789384528514963 0.03065752319483663 0.010446075663466968
0 0.691004437273094 0.3747882552230378 0.014521984671238403 0.015527950310559006
0 0.6944332392093586 0.36561264822134387 0.002016942315449778 0.0016939582156973462
0 0.7033077853973376 0.3784584980237154 0.011698265429608713 0.006493506493506494
0 0.7230738200887454 0.37295313382269907 0.01573215006050827 0.018068887634105024
0 0.7392093586123437 0.37874082439299833 0.013311819281968536 0.005928853754940711
0 0.7353771682129892 0.37295313382269907 0.003227107704719645 0.002258610954263128
0 0.7575635336829367 0.3708356860530774 0.01290843081887858 0.016657255787690572
0 0.7781363453005244 0.38509316770186336 0.03307785397337636 0.025974025974025976
0 0.15893505445744252 0.43252399774138905 0.05808793868495361 0.03896103896103896
0 0.20713997579669222 0.42476002258610956 0.03670835014118596 0.01383399209486166
0 0.25857200484066156 0.42292490118577075 0.011294876966518758 0.019198193111236588
0 0.2680516337232755 0.4277244494635799 0.007664380798709157 0.006775832862789385
0 0.3065752319483663 0.4213721061547149 0.029043969342476807 0.020045172219085264
0 0.34933440903590157 0.4268774703557312 0.033884630899556276 0.010163749294184076
0 0.3830173457039129 0.4215132693393563 0.02379991932230738 0.019762845849802372
0 0.4407018959257765 0.41981931112365894 0.024606696248487294 0.019198193111236588
0 0.49515933844292054 0.42715979672501414 0.0391286809197257 0.010163749294184076
0 0.5522388059701493 0.42701863354037267 0.03953206938281565 0.014398644833427442
0 0.5891488503428802 0.422360248447205 0.03428801936264623 0.021456804065499716
0 0.6557079467527229 0.4215132693393563 0.0463896732553449 0.02258610954263128
0 0.7109721661960468 0.4277244494635799 0.018152480839048003 0.00846979107848673
0 0.7597821702299314 0.423630717108978 0.03751512706736587 0.018351214003387916
0 0.7938684953610327 0.42165443252399776 0.023396530859217425 0.022868435911914172
0 0.81807180314643 0.43351214003387917 0.003227107704719645 0.001411631846414455
0 0.16478418717224688 0.4647092038396386 0.043969342476805166 0.02766798418972332
0 0.2263009277934651 0.47501411631846413 0.035498184751916094 0.011575381140598532
0 0.2866075030254135 0.4775550536420102 0.040742234772085516 0.04376058723884811
0 0.3469140782573618 0.4719085262563523 0.024203307785397338 0.021739130434782608
0 0.34953610326744655 0.46202710333145114 0.0012101653892698668 0.001411631846414455
0 0.3926986688180718 0.4723320158102767 0.011698265429608713 0.017504234895539244
0 0.40641387656313027 0.4772727272727273 0.01008471157724889 0.007058159232072276
0 0.43162565550625254 0.4719085262563523 0.03307785397337636 0.01948051948051948
0 0.47498991528842277 0.47444946357989837 0.0060508269463493344 0.010446075663466968
0 0.4737797498991529 0.4613212874082439 0.0028237192416296895 0.002258610954263128
0 0.4828559903186769 0.4640033879164314 0.014521984671238403 0.007622811970638058
0 0.49515933844292054 0.47783738001129306 0.022993142396127472 0.007622811970638058
0 0.5153287615974184 0.47134387351778656 0.010891488503428802 0.015527950310559006
0 0.5242033077853974 0.4826369282891022 0.012505042355788625 0.020609824957651044
0 0.5193626462283178 0.46259175607001696 0.002016942315449778 0.0008469791078486731
0 0.5718031464300121 0.47360248447204967 0.01653892698668818 0.017221908526256352
0 0.5798709156918113 0.46922642574816487 0.004437273093989512 0.0016939582156973462
0 0.5891488503428802 0.47289666854884244 0.012505042355788625 0.018633540372670808
0 0.6151674062121824 0.47656691134952006 0.02016942315449778 0.00846979107848673
0 0.6325131101250504 0.4776962168266516 0.007260992335619202 0.006211180124223602
0 0.645824929407019 0.4720496894409938 0.01371520774505849 0.014116318464144552
0 0.7006857603872529 0.4723320158102767 0.03953206938281565 0.019198193111236588
0 0.6875756353368294 0.46597967250141165 0.003630496167809601 0.001976284584980237
0 0.7039128680919726 0.47656691134952006 0.0016135538523598225 0.0016939582156973462
0 0.72730939895119 0.47219085262563526 0.02501008471157725 0.018351214003387916
0 0.7382008874546188 0.4611801242236025 0.0016135538523598225 0.001411631846414455
0 0.7613957240822913 0.4767080745341615 0.010891488503428802 0.006493506493506494
0 0.7638160548608309 0.4697910784867307 0.003630496167809601 0.002258610954263128
0 0.7807583703106091 0.46922642574816487 0.01653892698668818 0.018068887634105024
0 0.8140379185155304 0.47684923771880294 0.023396530859217425 0.007340485601355167
0 0.8245260185558693 0.4839073969508752 0.021782977006857603 0.019762845849802372
0 0.8152480839048003 0.472755505364201 0.0024203307785397336 0.002540937323546019
0 0.8261395724082291 0.46823828345567475 0.0024203307785397336 0.001411631846414455
0 0.8533682936668011 0.47346132128740825 0.0318676885841065 0.015245623941276116
0 0.845703912868092 0.4662619988706945 0.002016942315449778 0.001976284584980237
0 0.1409842678499395 0.5197628458498024 0.02864058087938685 0.025974025974025976
0 0.15832997176280758 0.5263975155279503 0.008471157724889069 0.007622811970638058
0 0.21238402581686164 0.5352907961603613 0.05929810407422348 0.04121964991530209
0 0.2809600645421541 0.5187747035573123 0.02218636546994756 0.022303783173348392
0 0.33864461476401775 0.5269621682665161 0.03428801936264623 0.03811405985319029
0 0.36930213795885436 0.5224449463579899 0.043162565550625254 0.021739130434782608
0 0.3953206938281565 0.5280914737436476 0.008874546187979023 0.010446075663466968
0 0.4419120613150464 0.521880293619424 0.01653892698668818 0.020609824957651044
0 0.46147640177490923 0.5333145115753811 0.021782977006857603 0.02766798418972332
0 0.47862041145623235 0.5303500846979108 0.008471157724889069 0.004799548277809147
0 0.47962888261395725 0.5254093732354602 0.005647438483259379 0.004517221908526256
0 0.49173053650665594 0.5237154150197628 0.011294876966518758 0.017504234895539244
0 0.4937474788221057 0.5139751552795031 0.0016135538523598225 0.001411631846414455
0 0.5240016135538523 0.5210333145115754 0.029850746268656716 0.021739130434782608
0 0.5437676482452601 0.5343026538678712 0.014521984671238403 0.023997741389045736
0 0.5405405405405406 0.5182100508187465 0.003227107704719645 0.001976284584980237
0 0.5651472367890278 0.5307735742518351 0.0024203307785397336 0.0016939582156973462
