0 0.1663977410246067 0.22317899491812535 0.058491327148043566 0.014398644833427442
0 0.25574828559903184 0.2224731789949181 0.05970149253731343 0.015810276679841896
0 0.28136345300524407 0.22106154714850368 0.004437273093989512 0.0033879164313946925
0 0.3116175877369907 0.22868435911914173 0.03993545784590561 0.007340485601355167
0 0.3979427188382412 0.22783738001129306 0.06171843485276321 0.00846979107848673
0 0.4647035094796289 0.22543760587238848 0.026623638563937072 0.007622811970638058
0 0.48608309802339655 0.22571993224167136 0.01855586930213796 0.007622811970638058
0 0.5032271077047197 0.22402597402597402 0.018152480839048003 0.009881422924901186
0 0.5060508269463493 0.2171089779785432 0.003630496167809601 0.0033879164313946925
0 0.5310609116579266 0.2264257481648786 0.025413473174667203 0.007340485601355167
0 0.5550625252117789 0.22430830039525693 0.02016942315449778 0.01101072840203275
0 0.6066962484872933 0.2149915302089215 0.004840661557079467 0.005364201016374929
0 0.6095199677289229 0.22656691134952003 0.00645421540943929 0.006493506493506494
0 0.6244453408632513 0.22346132128740825 0.016135538523598225 0.013269339356295878
0 0.6770875352964906 0.22586109542631283 0.043162565550625254 0.00846979107848673
0 0.6948366276724486 0.2171089779785432 0.003630496167809601 0.0033879164313946925
0 0.7267043162565551 0.22783738001129306 0.04719645018152481 0.007905138339920948
0 0.782371924162969 0.22600225861095427 0.05929810407422348 0.007058159232072276
0 0.8237192416296893 0.22769621682665162 0.004840661557079467 0.001976284584980237
0 0.8791851553045583 0.22063805759457933 0.0609116579265833 0.017786561264822136
0 0.8602258975393303 0.22190852625635235 0.004437273093989512 0.01355166572557877
0 0.14320290439693426 0.26877470355731226 0.03146430012101654 0.0033879164313946925
0 0.1536910044372731 0.277244494635799 0.026623638563937072 0.011857707509881422
0 0.1853569987898346 0.2769621682665161 0.035901573215006054 0.006775832862789385
0 0.23154497781363453 0.27653867871259175 0.041145623235175476 0.00818746470920384
0 0.3372327551432029 0.274703557312253 0.08148446954417103 0.01355166572557877
0 0.3926986688180718 0.2748447204968944 0.027833803953206938 0.013269339356295878
0 0.4398951189995966 0.27653867871259175 0.019766034691407825 0.007622811970638058
0 0.46127470754336425 0.2768210050818746 0.018959257765227916 0.00818746470920384
0 0.48426784993949173 0.27738565782044045 0.020572811617587738 0.009881422924901186
0 0.5411456232351755 0.277244494635799 0.021379588543767647 0.005081874647092038
0 0.582089552238806 0.27625635234330886 0.05405405405405406 0.009316770186335404
0 0.6920129084308189 0.2738565782044043 0.0899556272690601 0.01355166572557877
0 0.7670431625655506 0.2790796160361378 0.013311819281968536 0.009316770186335404
0 0.780960064542154 0.2761151891586674 0.008067769261799113 0.006211180124223602
0 0.7936668011294877 0.2766798418972332 0.014118596208148447 0.00846979107848673
0 0.81847519160952 0.275974025974026 0.03146430012101654 0.009316770186335404
0 0.8658733360225898 0.27555053642010163 0.06010488100040339 0.01129305477131564
0 0.15348931020572812 0.3256634669678148 0.03509479628882614 0.011575381140598532
0 0.19302137958854376 0.32919254658385094 0.04154901169826543 0.007340485601355167
0 0.2989108511496571 0.32608695652173914 0.08874546187979024 0.012987012987012988
0 0.37918515530455826 0.3274985883681536 0.008067769261799113 0.006775832862789385
0 0.40237999193223073 0.3245341614906832 0.03751512706736587 0.015527950310559006
0 0.43061718434852764 0.32820440429136083 0.00927793465106898 0.007622811970638058
0 0.4398951189995966 0.3245341614906832 0.010891488503428802 0.012704686617730096
0 0.4653085921742638 0.32792207792207795 0.0318676885841065 0.006493506493506494
0 0.5008067769261799 0.3284867306606437 0.0318676885841065 0.008752117447769622
0 0.5280354981847519 0.33300395256917 0.003227107704719645 0.001976284584980237
0 0.5885437676482452 0.32396950875211744 0.06615570794675273 0.016657255787690572
0 0.6506655909640984 0.3210050818746471 0.028237192416296894 0.01637492941840768
0 0.6736587333602259 0.32834556747600224 0.016135538523598225 0.007905138339920948
0 0.6797095603065753 0.3176171654432524 0.004033884630899556 0.0033879164313946925
0 0.7101653892698668 0.32834556747600224 0.04719645018152481 0.00846979107848673
0 0.8009277934651069 0.3245341614906832 0.07220653489310205 0.013269339356295878
0 0.7993142396127471 0.31507622811970637 0.003630496167809601 0.002258610954263128
0 0.8309802339653086 0.3176171654432524 0.004033884630899556 0.00282326369282891
0 0.8666801129487697 0.32707509881422925 0.043162565550625254 0.011575381140598532
0 0.8933037515127067 0.31959345002823264 0.004437273093989512 0.006211180124223602
0 0.9058087938684953 0.32933370976849236 0.007664380798709157 0.0036702428006775835
0 0.16236385639370715 0.3759175607001694 0.0536506655909641 0.012704686617730096
0 0.18394513916901978 0.36984754376058726 0.00645421540943929 0.003952569169960474
0 0.2029043969342477 0.37874082439299833 0.024203307785397338 0.012704686617730096
0 0.24384832593787817 0.379587803500847 0.052843888664784185 0.010446075663466968
0 0.31565147236789026 0.3749294184076793 0.02864058087938685 0.01637492941840768
0 0.3646631706333199 0.3791643139469226 0.012101653892698669 0.00564652738565782
0 0.41629689390883423 0.37634105025409376 0.09197256958450989 0.012987012987012988
0 0.4189189189189189 0.3697063805759458 0.004437273093989512 0.002540937323546019
0 0.5 0.3790231507622812 0.013311819281968536 0.00818746470920384
0 0.517749092375958 0.37859966120835686 0.021379588543767647 0.006775832862789385
0 0.5488100040338846 0.3780350084697911 0.035901573215006054 0.007340485601355167
0 0.6105284388866479 0.378317334839074 0.01734570391286809 0.012422360248447204
0 0.627067365873336 0.379587803500847 0.008471157724889069 0.006493506493506494
0 0.6514723678902783 0.37888198757763975 0.035498184751916094 0.006775832862789385
0 0.690802743041549 0.3793054771315641 0.02702702702702703 0.014398644833427442
0 0.7127874142799516 0.3750705815923207 0.010488100040338847 0.012704686617730096
0 0.7567567567567568 0.3781761716544325 0.02016942315449778 0.009881422924901186
0 0.7864058087938685 0.37775268210050816 0.03751512706736587 0.00846979107848673
0 0.8150463896732554 0.37874082439299833 0.011698265429608713 0.005364201016374929
0 0.8765631302944735 0.3761998870694523 0.048406615570794675 0.016657255787690572
0 0.1964501815248084 0.4298418972332016 0.11617587736990723 0.014963297571993224
0 0.282170229931424 0.4278656126482213 0.05445744251714401 0.010446075663466968
0 0.3237192416296894 0.4295595708639187 0.02379991932230738 0.009316770186335404
0 0.3783783783783784 0.43068887634105024 0.014521984671238403 0.007622811970638058
0 0.3981444130697862 0.42701863354037267 0.01936264622831787 0.016657255787690572
0 0.4590560709963695 0.42715979672501414 0.05244050020169423 0.011857707509881422
0 0.535699878983461 0.4264539808018069 0.06292860024203308 0.014398644833427442
0 0.5964098426784994 0.42715979672501414 0.056070996369503835 0.015245623941276116
0 0.6415893505445744 0.43506493506493504 0.004437273093989512 0.006775832862789385
0 0.6803146430012101 0.4288537549407115 0.026220250100847116 0.010163749294184076
0 0.7133924969745865 0.42871259175607 0.027833803953206938 0.010446075663466968
0 0.7192416296893909 0.42066629023150764 0.003227107704719645 0.0033879164313946925
0 0.7492940701895926 0.4295595708639187 0.03428801936264623 0.007058159232072276
0 0.8112141992739008 0.42941840767927725 0.033884630899556276 0.009034443817052512
0 0.8338039532069382 0.4292772444946358 0.01290843081887858 0.008752117447769622
0 0.8574021782977007 0.42941840767927725 0.030254134731746672 0.011857707509881422
0 0.15752319483662766 0.4784020327498588 0.033481242436466316 0.012704686617730096
0 0.23053650665590963 0.48334274421230944 0.052843888664784185 0.01355166572557877
0 0.2866075030254135 0.4808018068887634 0.018152480839048003 0.011857707509881422
0 0.2928600242033078 0.47459062676453984 0.004840661557079467 0.004517221908526256
0 0.3253327954820492 0.481931112365895 0.052843888664784185 0.007340485601355167
0 0.38342073416700284 0.4826369282891022 0.00927793465106898 0.007058159232072276
0 0.41629689390883423 0.4805194805194805 0.0500201694231545 0.009034443817052512
0 0.47781363453005243 0.4779785431959345 0.02944735780556676 0.011857707509881422
0 0.5463896732553449 0.4779785431959345 0.0318676885841065 0.014680971202710334
0 0.5691811214199274 0.48094297007340486 0.01371520774505849 0.00818746470920384
0 0.5933844292053247 0.48094297007340486 0.029043969342476807 0.009881422924901186
0 0.6494554255748286 0.4826369282891022 0.012101653892698669 0.009881422924901186
0 0.6623638563937071 0.4723320158102767 0.004840661557079467 0.004517221908526256
0 0.6643807987091569 0.4808018068887634 0.004840661557079467 0.003952569169960474
0 0.6865671641791045 0.4795313382269904 0.028237192416296894 0.011575381140598532
0 0.7077450584913272 0.4795313382269904 0.01653892698668818 0.011575381140598532
0 0.7365873336022589 0.48870694522868435 0.004033884630899556 0.006211180124223602
0 0.7650262202501008 0.47882552230378317 0.010891488503428802 0.011857707509881422
0 0.7807583703106091 0.4813664596273292 0.014118596208148447 0.007905138339920948
0 0.827551432029044 0.4792490118577075 0.021379588543767647 0.007058159232072276
0 0.1734570391286809 0.5295031055900621 0.06615570794675273 0.008752117447769622
0 0.22791448164582492 0.5289384528514963 0.03630496167809601 0.007622811970638058
0 0.2573618394513917 0.5287972896668549 0.01371520774505849 0.010163749294184076
0 0.2864058087938685 0.5293619424054207 0.041145623235175476 0.012422360248447204
0 0.32432432432432434 0.5302089215132694 0.03065752319483663 0.010163749294184076
0 0.3918918918918919 0.5299265951439864 0.0318676885841065 0.009599096555618294
0 0.44251714400968134 0.5317617165443252 0.06615570794675273 0.01383399209486166
0 0.5106897942718839 0.5290796160361377 0.010488100040338847 0.007340485601355167
0 0.5256151674062122 0.525974025974026 0.01290843081887858 0.018068887634105024
0 0.5709963695038321 0.531055900621118 0.008471157724889069 0.005081874647092038
0 0.5943929003630496 0.5268210050818747 0.035901573215006054 0.01637492941840768
0 0.626663977410246 0.5296442687747036 0.012505042355788625 0.002258610954263128
0 0.6474384832593788 0.5303500846979108 0.015328761597418314 0.006493506493506494
0 0.672045179507866 0.531055900621118 0.029850746268656716 0.007340485601355167
0 0.7033077853973376 0.5309147374364765 0.027833803953206938 0.005928853754940711
0 0.7384025816861638 0.529785431959345 0.043162565550625254 0.007622811970638058
0 0.7492940701895926 0.5213156408808582 0.0060508269463493344 0.004234895539243365
0 0.7753126260588947 0.5303500846979108 0.033884630899556276 0.016092603049124788
0 0.8011294876966518 0.5338791643139469 0.003227107704719645 0.002258610954263128
0 0.14078257361839452 0.5782044042913608 0.04437273093989512 0.012987012987012988
0 0.1789027833803953 0.5806041784302653 0.03993545784590561 0.008752117447769622
0 0.21258572004840662 0.5846979107848673 0.017749092375958047 0.011857707509881422
0 0.23436869705526422 0.5800395256916996 0.016135538523598225 0.010446075663466968
0 0.27269060104881 0.5790513833992095 0.05970149253731343 0.012987012987012988
0 0.36264622831787013 0.580180688876341 0.04921339249697459 0.011857707509881422
0 0.39511899959661156 0.5846979107848673 0.003630496167809601 0.002258610954263128
0 0.44332392093586126 0.5770750988142292 0.023396530859217425 0.012987012987012988
0 0.4649052037111739 0.5798983625070582 0.018152480839048003 0.007340485601355167
0 0.48124243646631704 0.5793337097684924 0.015328761597418314 0.007340485601355167
0 0.509883017345704 0.5804630152456239 0.033884630899556276 0.006211180124223602
0 0.5233965308592174 0.5726990400903444 0.004437273093989512 0.0036702428006775835
0 0.5407422347720855 0.5794748729531338 0.01734570391286809 0.008752117447769622
0 0.5669624848729327 0.5811688311688312 0.031060911657926585 0.006493506493506494
0 0.5887454618797903 0.5700169395821569 0.0052440500201694235 0.006775832862789385
0 0.6042759177087536 0.5803218520609825 0.010488100040338847 0.005928853754940711
0 0.6430012101653892 0.5806041784302653 0.007260992335619202 0.007058159232072276
0 0.6772892295280355 0.5811688311688312 0.05405405405405406 0.010446075663466968
0 0.7230738200887454 0.5798983625070582 0.03428801936264623 0.007340485601355167
0 0.7749092375958048 0.5784867306606437 0.016135538523598225 0.009034443817052512
0 0.8027430415490117 0.5803218520609825 0.04033884630899556 0.009881422924901186
0 0.8497377974989915 0.5770750988142292 0.01573215006050827 0.014116318464144552
0 0.8701089148850343 0.5798983625070582 0.02581686163775716 0.007340485601355167
0 0.8888664784187172 0.5790513833992095 0.006857603872529245 0.009599096555618294
0 0.15026220250100847 0.6281761716544325 0.031060911657926585 0.017504234895539244
0 0.20229931423961275 0.6288819875776398 0.025413473174667203 0.01101072840203275
0 0.2488906817265026 0.6322699040090345 0.06696248487293263 0.008752117447769622
0 0.2934651068979427 0.6379164313946922 0.003630496167809601 0.005928853754940711
0 0.36042759177087536 0.6222473178994918 0.02944735780556676 0.003952569169960474
0 0.3785800726099234 0.6311405985319029 0.045582896329164985 0.014398644833427442
0 0.41851553045582895 0.6312817617165444 0.025413473174667203 0.007340485601355167
0 0.42073416700282373 0.6223884810841332 0.004033884630899556 0.004799548277809147
0 0.4417103670835014 0.633399209486166 0.008067769261799113 0.008752117447769622
0 0.4590560709963695 0.6328345567476003 0.02501008471157725 0.004799548277809147
0 0.5266236385639371 0.6280350084697911 0.02864058087938685 0.01383399209486166
0 0.5494150867285196 0.6311405985319029 0.015328761597418314 0.008752117447769622
0 0.5625252117789431 0.6318464144551101 0.007664380798709157 0.007905138339920948
0 0.5786607503025414 0.6309994353472614 0.01734570391286809 0.007905138339920948
0 0.5958047599838645 0.6281761716544325 0.007260992335619202 0.01129305477131564
0 0.617789431222267 0.6304347826086957 0.03428801936264623 0.007905138339920948
0 0.6514723678902783 0.6342461885940147 0.021782977006857603 0.012704686617730096
0 0.6708350141185963 0.637210615471485 0.00645421540943929 0.007340485601355167
0 0.7043162565550625 0.6326933935629587 0.020976200080677694 0.007905138339920948
0 0.7349737797498992 0.6317052512704686 0.03469140782573618 0.007058159232072276
0 0.7894312222670432 0.6294466403162056 0.015328761597418314 0.009881422924901186
0 0.7910447761194029 0.6238001129305477 0.0024203307785397336 0.001976284584980237
0 0.8043565954013715 0.6300112930547713 0.007260992335619202 0.006493506493506494
0 0.837232755143203 0.6271880293619424 0.05687777329568374 0.010446075663466968
0 0.8487293263412666 0.6209768492377188 0.0024203307785397336 0.001976284584980237
0 0.8775716014521985 0.6349520045172219 0.018152480839048003 0.01355166572557877
0 0.15691811214199275 0.6849237718802936 0.03227107704719645 0.004517221908526256
0 0.14501815248083905 0.6756070016939583 0.004437273093989512 0.002258610954263128
0 0.254739814441307 0.6809712027103332 0.057684550221863654 0.009599096555618294
0 0.3261395724082291 0.6775832862789385 0.02944735780556676 0.01637492941840768
0 0.3719241629689391 0.6815358554488989 0.05163372327551432 0.010163749294184076
0 0.40318676885841065 0.681253529079616 0.012505042355788625 0.00564652738565782
0 0.42315449778136344 0.6719367588932806 0.003227107704719645 0.00564652738565782
0 0.47539330375151273 0.678994918125353 0.018959257765227916 0.012422360248447204
0 0.5030254134731746 0.6821005081874647 0.01936264622831787 0.006211180124223602
0 0.5352964905203711 0.681253529079616 0.04679306171843485 0.009034443817052512
0 0.5655506252521177 0.685064935064935 0.016135538523598225 0.01101072840203275
0 0.581484469544171 0.6869000564652739 0.0028237192416296895 0.00282326369282891
