0 0.16216216216216217 0.22233201581027667 0.012101653892698669 0.01101072840203275
0 0.18576038725292457 0.22557876905702992 0.026220250100847116 0.00564652738565782
0 0.17789431222267044 0.2171089779785432 0.003227107704719645 0.002258610954263128
0 0.23497377974989916 0.21682665160926032 0.0318676885841065 0.0033879164313946925
0 0.24203307785397338 0.2264257481648786 0.017749092375958047 0.012422360248447204
0 0.27188382412263007 0.22727272727272727 0.035498184751916094 0.005081874647092038
0 0.3071803146430012 0.22628458498023715 0.026220250100847116 0.004799548277809147
0 0.31040742234772084 0.22063805759457933 0.003630496167809601 0.001976284584980237
0 0.3291649858814038 0.22755505364201017 0.008874546187979023 0.003952569169960474
0 0.3608309802339653 0.21739130434782608 0.003630496167809601 0.00282326369282891
0 0.36930213795885436 0.2264257481648786 0.014118596208148447 0.005081874647092038
0 0.39874949576442115 0.22219085262563523 0.008471157724889069 0.007905138339920948
0 0.41206131504638965 0.22444946357989837 0.011698265429608713 0.006211180124223602
0 0.44372730939895116 0.22289666854884246 0.01936264622831787 0.007622811970638058
0 0.4691407825736184 0.22402597402597402 0.029850746268656716 0.005364201016374929
0 0.4963695038321904 0.22346132128740825 0.018959257765227916 0.008752117447769622
0 0.5443727309398951 0.2236024844720497 0.012505042355788625 0.00564652738565782
0 0.5609116579265833 0.22444946357989837 0.013311819281968536 0.007340485601355167
0 0.5853166599435257 0.22374364765669114 0.03065752319483663 0.009316770186335404
0 0.6294876966518758 0.22092038396386224 0.011698265429608713 0.009316770186335404
0 0.6444130697862042 0.2248729531338227 0.012505042355788625 0.005928853754940711
0 0.699677289229528 0.221485036702428 0.011698265429608713 0.011575381140598532
0 0.7111738604275918 0.21569734613212874 0.004033884630899556 0.002258610954263128
0 0.7248890681726503 0.22501411631846416 0.029850746268656716 0.007340485601355167
0 0.7739007664380799 0.2180971202710333 0.04154901169826543 0.017221908526256352
0 0.7894312222670432 0.2161208356860531 0.003227107704719645 0.0036702428006775835
0 0.8154497781363453 0.22388481084133258 0.0318676885841065 0.006211180124223602
0 0.8424768051633723 0.22501411631846416 0.020572811617587738 0.00564652738565782
0 0.8672851956434046 0.22374364765669114 0.022589753933037516 0.007622811970638058
0 0.16559096409842677 0.279785431959345 0.030254134731746672 0.00846979107848673
0 0.23699072206534894 0.275974025974026 0.020572811617587738 0.014963297571993224
0 0.27067365873336025 0.2782326369282891 0.03872529245663574 0.005364201016374929
0 0.3446954417103671 0.2748447204968944 0.03670835014118596 0.012140033879164314
0 0.37333602258975396 0.277244494635799 0.014925373134328358 0.009034443817052512
0 0.3874546187979024 0.281055900621118 0.003630496167809601 0.001976284584980237
0 0.4171036708350141 0.27428006775832864 0.009681323114158934 0.010446075663466968
0 0.4288019362646228 0.2782326369282891 0.003227107704719645 0.001976284584980237
0 0.4925373134328358 0.2737154150197628 0.07018959257765228 0.01383399209486166
0 0.4737797498991529 0.27526821005081875 0.004437273093989512 0.01129305477131564
0 0.5966115369100444 0.27300959909655564 0.07422347720855184 0.009599096555618294
0 0.645018152480839 0.2748447204968944 0.008874546187979023 0.001976284584980237
0 0.6672045179507866 0.27540937323546016 0.012101653892698669 0.005928853754940711
0 0.68192819685357 0.27555053642010163 0.012505042355788625 0.006775832862789385
0 0.708753529649052 0.2756916996047431 0.03711173860427592 0.009881422924901186
0 0.7398144413069786 0.2821852060982496 0.004033884630899556 0.007622811970638058
0 0.7991125453812021 0.27343308865047994 0.063735377168213 0.008752117447769622
0 0.8666801129487697 0.27413890457368717 0.031060911657926585 0.00564652738565782
0 0.8561920129084308 0.26383399209486164 0.004437273093989512 0.001976284584980237
0 0.15974183138362244 0.3265104460756635 0.01371520774505849 0.011575381140598532
0 0.17870108914885036 0.3284867306606437 0.017749092375958047 0.00818746470920384
0 0.19382815651472368 0.33046301524562394 0.011698265429608713 0.012140033879164314
0 0.23840258168616377 0.3246753246753247 0.07341670028237192 0.011857707509881422
0 0.29487696651875756 0.32679277244494637 0.03791851553045583 0.010446075663466968
0 0.3170633319887051 0.33356860530773574 0.004033884630899556 0.005928853754940711
0 0.3761597418313836 0.32735742518351213 0.05526421944332392 0.007622811970638058
0 0.45482049213392495 0.3241106719367589 0.038321903993545785 0.009034443817052512
0 0.4782170229931424 0.3241106719367589 0.011698265429608713 0.00846979107848673
0 0.5175473981444131 0.32792207792207795 0.060508269463493344 0.010446075663466968
0 0.5580879386849537 0.32580463015245625 0.020572811617587738 0.007340485601355167
0 0.6109318273497378 0.32241671372106157 0.03670835014118596 0.012987012987012988
0 0.635538523598225 0.326369282891022 0.013311819281968536 0.007340485601355167
0 0.6770875352964906 0.3256634669678148 0.06897942718838242 0.009316770186335404
0 0.7325534489713594 0.325098814229249 0.014521984671238403 0.008752117447769622
0 0.7503025413473174 0.32086391869000563 0.015328761597418314 0.01101072840203275
0 0.8142396127470755 0.3243929983060418 0.058491327148043566 0.012987012987012988
0 0.1563130294473578 0.37662337662337664 0.050423557886244454 0.014680971202710334
0 0.20270270270270271 0.37732919254658387 0.03993545784590561 0.00818746470920384
0 0.2035094796288826 0.37140033879164314 0.004437273093989512 0.0036702428006775835
0 0.26603469140782576 0.37761151891586675 0.0326744655102864 0.00818746470920384
0 0.28580072609923357 0.37012987012987014 0.003630496167809601 0.00282326369282891
0 0.2866075030254135 0.37874082439299833 0.004437273093989512 0.005364201016374929
0 0.30677692617991126 0.37732919254658387 0.02379991932230738 0.005928853754940711
0 0.31141589350544574 0.37125917560700167 0.004033884630899556 0.002258610954263128
0 0.3291649858814038 0.37874082439299833 0.009681323114158934 0.005928853754940711
0 0.3414683340056474 0.38354037267080743 0.0028237192416296895 0.001976284584980237
0 0.3852359822509076 0.37648221343873517 0.022589753933037516 0.013269339356295878
0 0.40641387656313027 0.3780350084697911 0.018152480839048003 0.006211180124223602
0 0.42496974586526826 0.38071710897797856 0.003630496167809601 0.001976284584980237
0 0.4705526421944332 0.37422360248447206 0.022993142396127472 0.012140033879164314
0 0.5016135538523598 0.3740824392998306 0.02944735780556676 0.010163749294184076
0 0.5415490116982654 0.3749294184076793 0.03993545784590561 0.007340485601355167
0 0.5419524001613554 0.36575381140598534 0.003630496167809601 0.001976284584980237
0 0.573215006050827 0.37577639751552794 0.007260992335619202 0.005081874647092038
0 0.600847115772489 0.37634105025409376 0.03509479628882614 0.004517221908526256
0 0.6758773699072207 0.37676453980801805 0.02864058087938685 0.004799548277809147
0 0.7079467527228721 0.3747882552230378 0.023396530859217425 0.00818746470920384
0 0.7565550625252118 0.3740824392998306 0.030254134731746672 0.007905138339920948
0 0.7609923356192013 0.3681535855448899 0.0060508269463493344 0.003952569169960474
0 0.7797498991528842 0.37634105025409376 0.011294876966518758 0.00564652738565782
0 0.8206938281565147 0.3752117447769622 0.01653892698668818 0.006211180124223602
0 0.8384429205324728 0.37238848108413325 0.014118596208148447 0.01129305477131564
0 0.8533682936668011 0.3753529079616036 0.01008471157724889 0.007622811970638058
0 0.8618394513916902 0.37027103331451156 0.003630496167809601 0.003105590062111801
0 0.86304961678096 0.37704686617730093 0.004437273093989512 0.004799548277809147
0 0.8933037515127067 0.3759175607001694 0.043162565550625254 0.008752117447769622
0 0.15127067365873337 0.4292772444946358 0.02581686163775716 0.014398644833427442
0 0.17970956030657523 0.42758328627893843 0.033481242436466316 0.010446075663466968
0 0.25332795482049214 0.4265951439864483 0.05405405405405406 0.009034443817052512
0 0.3245260185558693 0.4268774703557312 0.038321903993545785 0.010163749294184076
0 0.3580072609923356 0.42843026538678713 0.02944735780556676 0.005364201016374929
0 0.39592577652279143 0.4301242236024845 0.033481242436466316 0.009881422924901186
0 0.45885437676482455 0.42814793901750425 0.02218636546994756 0.00818746470920384
0 0.49697458652682536 0.42631281761716544 0.04921339249697459 0.009599096555618294
0 0.536304961678096 0.42715979672501414 0.02218636546994756 0.009034443817052512
0 0.5895522388059702 0.42715979672501414 0.01573215006050827 0.011857707509881422
0 0.6070996369503833 0.42814793901750425 0.02016942315449778 0.008752117447769622
0 0.6557079467527229 0.4280067758328628 0.026220250100847116 0.00564652738565782
0 0.6789027833803953 0.42758328627893843 0.017749092375958047 0.00818746470920384
0 0.6950383219039935 0.4289949181253529 0.007260992335619202 0.005364201016374929
0 0.6948366276724486 0.42179559570863917 0.0052440500201694235 0.0033879164313946925
0 0.7240822912464704 0.4267363071710898 0.04033884630899556 0.007622811970638058
0 0.7845905607099637 0.42377188029361945 0.03630496167809601 0.012422360248447204
0 0.8432835820895522 0.424901185770751 0.02379991932230738 0.006211180124223602
0 0.15409439290036306 0.4813664596273292 0.028237192416296894 0.006211180124223602
0 0.21419927390076643 0.4776962168266516 0.0927793465106898 0.01129305477131564
0 0.32855990318676886 0.4776962168266516 0.0899556272690601 0.010728402032749858
0 0.4015732150060508 0.4779785431959345 0.020572811617587738 0.010163749294184076
0 0.44796288826139574 0.47699040090344436 0.06575231948366277 0.006493506493506494
0 0.5611133521581283 0.47600225861095424 0.08874546187979024 0.01129305477131564
0 0.6163775716014522 0.47444946357989837 0.017749092375958047 0.010446075663466968
0 0.6212182331585316 0.47148503670242803 0.007260992335619202 0.005081874647092038
0 0.6486486486486487 0.4775550536420102 0.033884630899556276 0.006493506493506494
0 0.7012908430818878 0.4748729531338227 0.02864058087938685 0.010163749294184076
0 0.7327551432029044 0.47586109542631283 0.025413473174667203 0.007622811970638058
0 0.7708753529649052 0.474025974025974 0.01371520774505849 0.010163749294184076
0 0.7851956434045986 0.4771315640880858 0.014118596208148447 0.007340485601355167
0 0.8198870512303348 0.47346132128740825 0.013311819281968536 0.01129305477131564
0 0.8392496974586526 0.4771315640880858 0.02218636546994756 0.009599096555618294
0 0.1518757563533683 0.5300677583286278 0.00927793465106898 0.00818746470920384
0 0.1762807583703106 0.5299265951439864 0.03307785397337636 0.006775832862789385
0 0.22892295280354982 0.5293619424054207 0.06010488100040339 0.007340485601355167
0 0.26966518757563535 0.5282326369282891 0.020572811617587738 0.010163749294184076
0 0.2892295280354982 0.529785431959345 0.016942315449778138 0.005364201016374929
0 0.3126260588947156 0.5275268210050819 0.03227107704719645 0.01101072840203275
0 0.33985478015328763 0.5286561264822134 0.020572811617587738 0.009316770186335404
0 0.4045986284792255 0.5273856578204404 0.033884630899556276 0.007905138339920948
0 0.44937474788221055 0.5307735742518351 0.012101653892698669 0.010728402032749858
0 0.481444130697862 0.5283738001129306 0.050423557886244454 0.007058159232072276
0 0.5006050826946349 0.5210333145115754 0.005647438483259379 0.0036702428006775835
0 0.5221863654699476 0.5254093732354602 0.018152480839048003 0.01129305477131564
0 0.5546591367486889 0.527244494635799 0.03630496167809601 0.01101072840203275
0 0.6206131504638968 0.5275268210050819 0.052843888664784185 0.00818746470920384
0 0.663372327551432 0.5251270468661773 0.02379991932230738 0.00846979107848673
0 0.7146026623638564 0.5255505364201016 0.013311819281968536 0.016092603049124788
0 0.7394110528438886 0.5275268210050819 0.03227107704719645 0.005928853754940711
0 0.799919322307382 0.5273856578204404 0.029043969342476807 0.004517221908526256
0 0.7896329164985881 0.5194805194805194 0.003630496167809601 0.0016939582156973462
0 0.8257361839451391 0.5276679841897233 0.008874546187979023 0.006775832862789385
0 0.8497377974989915 0.5242800677583286 0.03509479628882614 0.010728402032749858
0 0.8898749495764421 0.5254093732354602 0.04033884630899556 0.010163749294184076
0 0.1690197660346914 0.5820158102766798 0.03953206938281565 0.005364201016374929
0 0.18354175070592982 0.5734048560135516 0.004840661557079467 0.00282326369282891
0 0.20471964501815249 0.5783455674760023 0.02379991932230738 0.007622811970638058
0 0.20713997579669222 0.5732636928289102 0.006857603872529245 0.0036702428006775835
0 0.22327551432029044 0.5784867306606437 0.011698265429608713 0.009034443817052512
0 0.2583703106091166 0.5835686053077357 0.0536506655909641 0.012987012987012988
0 0.3160548608309802 0.5793337097684924 0.01008471157724889 0.007905138339920948
0 0.34328358208955223 0.5810276679841897 0.04195240016135539 0.014116318464144552
0 0.38886647841871724 0.5766516092603049 0.04356595401371521 0.010446075663466968
0 0.40137152077450583 0.57128740824393 0.003227107704719645 0.003105590062111801
0 0.42839854780153286 0.5774985883681536 0.03711173860427592 0.004799548277809147
0 0.4536103267446551 0.580180688876341 0.003630496167809601 0.002258610954263128
0 0.5 0.5697346132128741 0.03428801936264623 0.004517221908526256
0 0.5062525211778943 0.5772162619988707 0.01371520774505849 0.009881422924901186
0 0.5298507462686567 0.5780632411067194 0.026220250100847116 0.005928853754940711
0 0.5901573215006051 0.5755223037831734 0.05647438483259379 0.011575381140598532
0 0.5974183138362242 0.5678994918125353 0.003227107704719645 0.002540937323546019
0 0.6532876159741832 0.5745341614906833 0.026220250100847116 0.00846979107848673
0 0.682129891085115 0.5760869565217391 0.033884630899556276 0.006493506493506494
0 0.72650262202501 0.5767927724449463 0.04437273093989512 0.006211180124223602
0 0.7839854780153288 0.5734048560135516 0.012505042355788625 0.010728402032749858
0 0.8114158935054457 0.5748164878599661 0.03509479628882614 0.00846979107848673
0 0.8039532069382815 0.5632411067193676 0.003227107704719645 0.002258610954263128
0 0.14118596208148446 0.6184359119141728 0.03227107704719645 0.005364201016374929
0 0.14905203711173862 0.6257763975155279 0.021379588543767647 0.012140033879164314
0 0.17950786607503025 0.626764539808018 0.035498184751916094 0.00564652738565782
0 0.21641791044776118 0.6260587238848109 0.0318676885841065 0.006493506493506494
0 0.22045179507866075 0.6181535855448899 0.003630496167809601 0.003105590062111801
0 0.24142799515933844 0.6250705815923208 0.010891488503428802 0.00564652738565782
0 0.2843888664784187 0.627046866177301 0.012101653892698669 0.004517221908526256
0 0.2956837434449375 0.6226708074534162 0.009681323114158934 0.009316770186335404
0 0.3299717628075837 0.6290231507622812 0.04033884630899556 0.012987012987012988
0 0.3565954013715208 0.6250705815923208 0.01936264622831787 0.00846979107848673
0 0.37938684953610324 0.6230942970073405 0.027833803953206938 0.009599096555618294
0 0.42718838241226303 0.6238001129305477 0.03065752319483663 0.006493506493506494
0 0.4592577652279145 0.6305759457933371 0.0052440500201694235 0.009316770186335404
0 0.5155304558289633 0.6235177865612648 0.033884630899556276 0.005928853754940711
0 0.5500201694231545 0.6208356860530774 0.02379991932230738 0.010163749294184076
0 0.6315046389673256 0.6202710333145116 0.07139975796692215 0.012422360248447204
0 0.645824929407019 0.6157538114059853 0.004033884630899556 0.0033879164313946925
0 0.6932230738200887 0.6236589497459063 0.012505042355788625 0.004517221908526256
0 0.7103670835014119 0.6242236024844721 0.015328761597418314 0.006211180124223602
0 0.7386042759177087 0.6236589497459063 0.035498184751916094 0.00564652738565782
0 0.7549415086728519 0.6154714850367025 0.003630496167809601 0.00282326369282891
0 0.7741024606696248 0.6209768492377188 0.023396530859217425 0.012704686617730096
0 0.7789431222267044 0.6171654432523997 0.004033884630899556 0.00282326369282891
0 0.8061718434852764 0.6205533596837944 0.0318676885841065 0.007905138339920948
0 0.836224283985478 0.6187182382834556 0.022589753933037516 0.009316770186335404
0 0.1526825332795482 0.6784302653867871 0.02379991932230738 0.006775832862789385
0 0.15732150060508268 0.6716544325239977 0.00645421540943929 0.00282326369282891
0 0.17749092375958048 0.6801242236024845 0.008874546187979023 0.006775832862789385
0 0.22791448164582492 0.678994918125353 0.023396530859217425 0.009599096555618294
0 0.25131101250504234 0.6794184076792772 0.017749092375958047 0.005928853754940711
0 0.27954820492133925 0.67871259175607 0.033884630899556276 0.009599096555618294
0 0.3085921742638161 0.682523997741389 0.003227107704719645 0.001976284584980237
