0 0.1782977006857604 0.221485036702428 0.063735377168213 0.015527950310559006
0 0.24526018555869303 0.22444946357989837 0.016135538523598225 0.007340485601355167
0 0.30798709156918114 0.22346132128740825 0.1036708350141186 0.00818746470920384
0 0.40782573618394513 0.22416713721061546 0.01855586930213796 0.006775832862789385
0 0.4255748285599032 0.2165443252399774 0.007260992335619202 0.004517221908526256
0 0.4277934651068979 0.22402597402597402 0.011698265429608713 0.005364201016374929
0 0.4461476401774909 0.22190852625635235 0.021782977006857603 0.010728402032749858
0 0.48850342880193626 0.22473178994918125 0.008874546187979023 0.006211180124223602
0 0.5123033481242436 0.2217673630717109 0.03307785397337636 0.014398644833427442
0 0.5427591770875353 0.22811970638057594 0.02218636546994756 0.012422360248447204
0 0.5393303751512707 0.21795595708639187 0.008874546187979023 0.005081874647092038
0 0.5691811214199274 0.22346132128740825 0.02581686163775716 0.012140033879164314
0 0.6189995966115369 0.2236024844720497 0.01008471157724889 0.010728402032749858
0 0.6331181928196854 0.2267080745341615 0.014925373134328358 0.006775832862789385
0 0.6831383622428399 0.22388481084133258 0.014118596208148447 0.01355166572557877
0 0.7117789431222267 0.2230378317334839 0.035901573215006054 0.014116318464144552
0 0.7361839451391691 0.21908526256352343 0.004033884630899556 0.003952569169960474
0 0.7382008874546188 0.22684923771880294 0.00645421540943929 0.004799548277809147
0 0.7682533279548205 0.22332015810276679 0.04719645018152481 0.012987012987012988
0 0.15611133521581283 0.27780914737436474 0.016942315449778138 0.009034443817052512
0 0.17507059298104075 0.2779503105590062 0.01855586930213796 0.009881422924901186
0 0.1972569584509883 0.27752682100508186 0.014521984671238403 0.00846979107848673
0 0.2146026623638564 0.2751270468661773 0.010488100040338847 0.005364201016374929
0 0.2291246470350948 0.27625635234330886 0.015328761597418314 0.008752117447769622
0 0.24687373941105284 0.27625635234330886 0.01371520774505849 0.009881422924901186
0 0.27047196450181527 0.2758328627893845 0.026220250100847116 0.006775832862789385
0 0.2843888664784187 0.27343308865047994 0.011294876966518758 0.009881422924901186
0 0.3017345703912868 0.2813382269904009 0.004840661557079467 0.001976284584980237
0 0.3781766841468334 0.2756916996047431 0.04477611940298507 0.014398644833427442
0 0.40984267849939493 0.27992659514398643 0.003227107704719645 0.001976284584980237
0 0.4509883017345704 0.2751270468661773 0.021782977006857603 0.012140033879164314
0 0.47418313836224285 0.27653867871259175 0.020572811617587738 0.007058159232072276
0 0.4899152884227511 0.2737154150197628 0.012505042355788625 0.010446075663466968
0 0.5199677289229528 0.27413890457368717 0.04033884630899556 0.00846979107848673
0 0.5209762000806777 0.2658102766798419 0.0028237192416296895 0.001976284584980237
0 0.5484066155707946 0.2756916996047431 0.007664380798709157 0.005364201016374929
0 0.5750302541347317 0.2766798418972332 0.03751512706736587 0.00564652738565782
0 0.6311012505042356 0.277244494635799 0.026220250100847116 0.006775832862789385
0 0.6605486083098023 0.2779503105590062 0.027833803953206938 0.006493506493506494
0 0.7016942315449778 0.27738565782044045 0.050423557886244454 0.006493506493506494
0 0.7020976200080677 0.26905702992659514 0.0060508269463493344 0.00282326369282891
0 0.7384025816861638 0.2780914737436477 0.008471157724889069 0.004517221908526256
0 0.7785397337636144 0.27653867871259175 0.01290843081887858 0.009316770186335404
0 0.8013311819281969 0.27639751552795033 0.02944735780556676 0.00564652738565782
0 0.8319887051230335 0.2769621682665161 0.013311819281968536 0.002258610954263128
0 0.14965711980637353 0.3277809147374365 0.010488100040338847 0.007905138339920948
0 0.15711980637353773 0.32058159232072275 0.0052440500201694235 0.0036702428006775835
0 0.1619604679306172 0.3287690570299266 0.008471157724889069 0.004799548277809147
0 0.1791044776119403 0.32820440429136083 0.020976200080677694 0.005364201016374929
0 0.20875352964905203 0.32834556747600224 0.0326744655102864 0.007905138339920948
0 0.2373941105284389 0.32679277244494637 0.026220250100847116 0.008752117447769622
0 0.2934651068979427 0.325098814229249 0.01734570391286809 0.009316770186335404
0 0.31141589350544574 0.32495765104460755 0.020976200080677694 0.00846979107848673
0 0.3426784993949173 0.3243929983060418 0.04154901169826543 0.010163749294184076
0 0.40883420734167003 0.32594579333709767 0.013311819281968536 0.00818746470920384
0 0.43787817668414686 0.32495765104460755 0.04477611940298507 0.009599096555618294
0 0.5070592981040742 0.33046301524562394 0.015328761597418314 0.010446075663466968
0 0.5233965308592174 0.32735742518351213 0.014118596208148447 0.007622811970638058
0 0.5447761194029851 0.3232636928289102 0.020572811617587738 0.00846979107848673
0 0.5496167809600645 0.31832298136645965 0.004437273093989512 0.0036702428006775835
0 0.5847115772488907 0.3297571993224167 0.04719645018152481 0.015810276679841896
0 0.6286809197256958 0.31733483907396953 0.004437273093989512 0.00282326369282891
0 0.6468334005647438 0.3286278938452851 0.03751512706736587 0.00564652738565782
0 0.6621621621621622 0.32058159232072275 0.003630496167809601 0.0036702428006775835
0 0.6833400564743848 0.32594579333709767 0.016942315449778138 0.012140033879164314
0 0.6881807180314643 0.3207227555053642 0.004033884630899556 0.003952569169960474
0 0.718434852763211 0.32707509881422925 0.04356595401371521 0.010446075663466968
0 0.7513110125050424 0.3272162619988707 0.02379991932230738 0.010163749294184076
0 0.7920532472771279 0.31733483907396953 0.0052440500201694235 0.00282326369282891
0 0.8067769261799113 0.32735742518351213 0.029850746268656716 0.004234895539243365
0 0.15469947559499797 0.3746470920383964 0.01573215006050827 0.010728402032749858
0 0.18152480839048002 0.3759175607001694 0.03065752319483663 0.013269339356295878
0 0.19322307382008874 0.371682665160926 0.014521984671238403 0.002540937323546019
0 0.2109721661960468 0.37549407114624506 0.016942315449778138 0.010728402032749858
0 0.23477208551835418 0.38509316770186336 0.008874546187979023 0.009599096555618294
0 0.27511093182734975 0.36914172783738003 0.00645421540943929 0.002540937323546019
0 0.2866075030254135 0.3780350084697911 0.02944735780556676 0.004517221908526256
0 0.3612343686970553 0.3759175607001694 0.045582896329164985 0.01383399209486166
0 0.39128680919725695 0.3815640880858272 0.003227107704719645 0.001976284584980237
0 0.4390883420734167 0.37422360248447206 0.01653892698668818 0.01383399209486166
0 0.46591367486889873 0.37704686617730093 0.03146430012101654 0.005364201016374929
0 0.5020169423154498 0.3791643139469226 0.03751512706736587 0.01637492941840768
0 0.5235982250907624 0.37775268210050816 0.008874546187979023 0.00564652738565782
0 0.5441710367083501 0.36914172783738003 0.004033884630899556 0.006493506493506494
0 0.5578862444534086 0.3805759457933371 0.01290843081887858 0.006211180124223602
0 0.608309802339653 0.37577639751552794 0.017749092375958047 0.01129305477131564
0 0.6173860427591771 0.3715415019762846 0.0052440500201694235 0.004517221908526256
0 0.645219846712384 0.37987012987012986 0.040742234772085516 0.00818746470920384
0 0.718434852763211 0.37987012987012986 0.029043969342476807 0.006493506493506494
0 0.8073820088745461 0.3752117447769622 0.0609116579265833 0.012422360248447204
0 0.8049616780960065 0.36829474872953133 0.0060508269463493344 0.003105590062111801
0 0.8346107301331182 0.37012987012987014 0.003227107704719645 0.00282326369282891
0 0.8642597821702299 0.3761998870694523 0.04235578862444534 0.011575381140598532
0 0.1526825332795482 0.4313946922642575 0.014925373134328358 0.00846979107848673
0 0.16821298910851148 0.42631281761716544 0.014521984671238403 0.019762845849802372
0 0.20431625655506253 0.4244776962168266 0.031060911657926585 0.014398644833427442
0 0.25756353368293666 0.42419536984754375 0.07139975796692215 0.016657255787690572
0 0.3152480839048003 0.4277244494635799 0.0326744655102864 0.007905138339920948
0 0.33662767244856795 0.4332298136645963 0.008471157724889069 0.009316770186335404
0 0.38120209762000806 0.4199604743083004 0.004033884630899556 0.003105590062111801
0 0.38886647841871724 0.4289949181253529 0.017749092375958047 0.004799548277809147
0 0.4243646631706333 0.43040654997176736 0.008874546187979023 0.005364201016374929
0 0.4407018959257765 0.4253246753246753 0.012505042355788625 0.010446075663466968
0 0.44332392093586126 0.4212309429700734 0.003227107704719645 0.002258610954263128
0 0.46127470754336425 0.42603049124788256 0.01653892698668818 0.010163749294184076
0 0.5006050826946349 0.4267363071710898 0.010488100040338847 0.007622811970638058
0 0.5229931423961275 0.427442123094297 0.030254134731746672 0.006775832862789385
0 0.5570794675272287 0.42715979672501414 0.03469140782573618 0.009034443817052512
0 0.5901573215006051 0.42504234895539245 0.026623638563937072 0.011575381140598532
0 0.6183945139169019 0.43125352907961606 0.003227107704719645 0.001976284584980237
0 0.6791044776119403 0.4225014116318464 0.050423557886244454 0.014963297571993224
0 0.6645824929407019 0.4246188594014681 0.004437273093989512 0.010163749294184076
0 0.7008874546187979 0.4168548842461886 0.004437273093989512 0.0036702428006775835
0 0.7170229931423961 0.4277244494635799 0.014118596208148447 0.006775832862789385
0 0.7696651875756353 0.42913608130999437 0.017749092375958047 0.00846979107848673
0 0.800322710770472 0.4288537549407115 0.033884630899556276 0.00846979107848673
0 0.8531665994352562 0.42504234895539245 0.008874546187979023 0.011575381140598532
0 0.8664784187172246 0.42857142857142855 0.015328761597418314 0.00846979107848673
0 0.16760790641387657 0.48023715415019763 0.0391286809197257 0.007340485601355167
0 0.2144009681323114 0.47600225861095424 0.06171843485276321 0.01129305477131564
0 0.254941508672852 0.4792490118577075 0.014521984671238403 0.005364201016374929
0 0.2977006857603873 0.47656691134952006 0.014521984671238403 0.00846979107848673
0 0.31343283582089554 0.47910784867306605 0.015328761597418314 0.006775832862789385
0 0.38120209762000806 0.4771315640880858 0.06615570794675273 0.012422360248447204
0 0.45461879790237997 0.47600225861095424 0.01936264622831787 0.011857707509881422
0 0.4770068576038725 0.47882552230378317 0.014925373134328358 0.007340485601355167
0 0.5058491327148044 0.4764257481648786 0.03146430012101654 0.009316770186335404
0 0.5195643404598629 0.47063805759457933 0.004840661557079467 0.005081874647092038
0 0.5375151270673659 0.47699040090344436 0.014925373134328358 0.01101072840203275
0 0.5415490116982654 0.472755505364201 0.0060508269463493344 0.006493506493506494
0 0.5671641791044776 0.48009599096555616 0.03146430012101654 0.006493506493506494
0 0.6175877369907221 0.4771315640880858 0.015328761597418314 0.00846979107848673
0 0.6357402178297701 0.47374364765669114 0.014521984671238403 0.01637492941840768
0 0.6940298507462687 0.4751552795031056 0.0326744655102864 0.009034443817052512
0 0.727107704719645 0.4775550536420102 0.014118596208148447 0.002540937323546019
0 0.7668414683340057 0.47444946357989837 0.03953206938281565 0.015527950310559006
0 0.7960871319080274 0.48009599096555616 0.01734570391286809 0.011575381140598532
0 0.8140379185155304 0.47811970638057594 0.016942315449778138 0.006493506493506494
0 0.8291649858814037 0.47557876905702995 0.008471157724889069 0.009316770186335404
0 0.8555869302137958 0.47684923771880294 0.03953206938281565 0.007340485601355167
0 0.15510286405808793 0.5303500846979108 0.011698265429608713 0.00818746470920384
0 0.17063331988705124 0.5289384528514963 0.012101653892698669 0.00818746470920384
0 0.20129084308188785 0.5268210050818747 0.04517950786607503 0.010163749294184076
0 0.23154497781363453 0.5242800677583286 0.01290843081887858 0.010163749294184076
0 0.25574828559903184 0.5279503105590062 0.028237192416296894 0.007340485601355167
0 0.2843888664784187 0.5319028797289667 0.02016942315449778 0.010728402032749858
0 0.3317870108914885 0.5271033314511575 0.011698265429608713 0.015245623941276116
0 0.35316659943525613 0.5282326369282891 0.02218636546994756 0.006775832862789385
0 0.3947156111335216 0.5283738001129306 0.050423557886244454 0.00818746470920384
0 0.43303751512706734 0.5344438170525128 0.0052440500201694235 0.006775832862789385
0 0.4881000403388463 0.5293619424054207 0.022589753933037516 0.007905138339920948
0 0.5050423557886244 0.519339356295878 0.007260992335619202 0.0036702428006775835
0 0.5076643807987091 0.5279503105590062 0.007664380798709157 0.005081874647092038
0 0.5233965308592174 0.5242800677583286 0.01573215006050827 0.010163749294184076
0 0.5395320693828156 0.525974025974026 0.01734570391286809 0.010163749294184076
0 0.5843081887858007 0.5275268210050819 0.018959257765227916 0.007058159232072276
0 0.6020572811617588 0.5265386787125917 0.014925373134328358 0.01129305477131564
0 0.6605486083098023 0.525691699604743 0.007664380798709157 0.009034443817052512
0 0.6855586930213796 0.5299265951439864 0.03509479628882614 0.007905138339920948
0 0.7150060508269463 0.5269621682665161 0.011698265429608713 0.012140033879164314
0 0.7843888664784188 0.5263975155279503 0.019766034691407825 0.013269339356295878
0 0.8188785800726099 0.5263975155279503 0.04033884630899556 0.009316770186335404
0 0.836829366680113 0.5231507622811971 0.007664380798709157 0.007905138339920948
0 0.8612343686970553 0.5271033314511575 0.02743041549011698 0.006775832862789385
0 0.8890681726502622 0.5258328627893846 0.02501008471157725 0.009881422924901186
0 0.16377571601452198 0.5783455674760023 0.016135538523598225 0.01101072840203275
0 0.1853569987898346 0.5800395256916996 0.025413473174667203 0.00818746470920384
0 0.21056877773295685 0.5793337097684924 0.015328761597418314 0.007340485601355167
0 0.22670431625655507 0.5724167137210615 0.005647438483259379 0.004234895539243365
0 0.2281161758773699 0.580180688876341 0.006857603872529245 0.006211180124223602
0 0.2579669221460266 0.5797571993224168 0.038321903993545785 0.00818746470920384
0 0.2934651068979427 0.5822981366459627 0.02944735780556676 0.005364201016374929
0 0.33501411859620817 0.5796160361377752 0.045582896329164985 0.005081874647092038
0 0.43162565550625254 0.5759457933370977 0.05244050020169423 0.014116318464144552
0 0.4893102057281162 0.577639751552795 0.014521984671238403 0.009599096555618294
0 0.5054457442517144 0.5753811405985318 0.016942315449778138 0.015810276679841896
0 0.5748285599031868 0.5798983625070582 0.053247277127874144 0.006775832862789385
0 0.5907624041952401 0.57128740824393 0.0060508269463493344 0.003105590062111801
0 0.6139572408229125 0.5774985883681536 0.011294876966518758 0.015527950310559006
0 0.6413876563130294 0.5794748729531338 0.03227107704719645 0.007058159232072276
0 0.6688180718031465 0.5808865047995483 0.017749092375958047 0.005364201016374929
0 0.7160145219846712 0.581451157538114 0.01290843081887858 0.009316770186335404
0 0.7353771682129892 0.584274421230943 0.02016942315449778 0.009881422924901186
0 0.8027430415490117 0.5769339356295878 0.05808793868495361 0.013269339356295878
0 0.8721258572004841 0.5789102202145681 0.03227107704719645 0.007622811970638058
0 0.9033884630899556 0.5777809147374364 0.02218636546994756 0.009316770186335404
0 0.1645824929407019 0.6315640880858272 0.012101653892698669 0.00846979107848673
0 0.18354175070592982 0.6273291925465838 0.015328761597418314 0.018633540372670808
0 0.2263009277934651 0.6276115189158668 0.014521984671238403 0.010163749294184076
0 0.2434449374747882 0.6281761716544325 0.018152480839048003 0.01129305477131564
0 0.26401774909237596 0.6266233766233766 0.00927793465106898 0.007622811970638058
0 0.28418717224687373 0.6281761716544325 0.019766034691407825 0.010163749294184076
0 0.3081887858007261 0.6349520045172219 0.003227107704719645 0.002258610954263128
