0 0.172851956434046 0.23616600790513834 0.05929810407422348 0.014398644833427442
0 0.24223477208551836 0.2375776397515528 0.01734570391286809 0.011575381140598532
0 0.2811617587736991 0.23828345567476003 0.05647438483259379 0.012422360248447204
0 0.3283582089552239 0.23983625070581593 0.03146430012101654 0.009316770186335404
0 0.41851553045582895 0.23842461885940147 0.035901573215006054 0.01383399209486166
0 0.463695038321904 0.23743647656691136 0.0536506655909641 0.01355166572557877
0 0.5242033077853974 0.24025974025974026 0.01008471157724889 0.005081874647092038
0 0.5397337636143607 0.24110671936758893 0.016135538523598225 0.005081874647092038
0 0.5605082694634933 0.24025974025974026 0.014925373134328358 0.00564652738565782
0 0.5754336425978217 0.23955392433653303 0.014925373134328358 0.005928853754940711
0 0.6306978620411456 0.2365894974590627 0.051230334812424366 0.014116318464144552
0 0.6873739411052844 0.23630717108977978 0.05808793868495361 0.012422360248447204
0 0.7369907220653489 0.22868435911914173 0.004033884630899556 0.002258610954263128
0 0.7440500201694231 0.2385657820440429 0.018152480839048003 0.006211180124223602
0 0.7825736183945139 0.23588368153585546 0.01936264622831787 0.009316770186335404
0 0.7995159338442921 0.237012987012987 0.017749092375958047 0.007622811970638058
0 0.8235175473981444 0.23616600790513834 0.030254134731746672 0.009881422924901186
0 0.18233158531665994 0.29051383399209485 0.06776926179911255 0.01637492941840768
0 0.23013311819281967 0.29150197628458496 0.008471157724889069 0.005364201016374929
0 0.25332795482049214 0.2909373235460192 0.03146430012101654 0.005364201016374929
0 0.2972972972972973 0.2933370976849238 0.04679306171843485 0.010728402032749858
0 0.354780153287616 0.2885375494071146 0.014925373134328358 0.009034443817052512
0 0.3781766841468334 0.2899491812535291 0.0326744655102864 0.006775832862789385
0 0.43142396127470756 0.29107848673066067 0.02864058087938685 0.007905138339920948
0 0.4497781363453005 0.2816205533596838 0.003227107704719645 0.002540937323546019
0 0.4519967728922953 0.2898080180688876 0.0052440500201694235 0.005364201016374929
0 0.4709560306575232 0.2878317334839074 0.02218636546994756 0.009881422924901186
0 0.4943525615167406 0.29150197628458496 0.027833803953206938 0.013269339356295878
0 0.518152480839048 0.29390175042348954 0.0052440500201694235 0.002258610954263128
0 0.5939895118999596 0.29051383399209485 0.07866075030254134 0.017504234895539244
0 0.6710367083501412 0.2899491812535291 0.03509479628882614 0.007905138339920948
0 0.709358612343687 0.2900903444381705 0.04477611940298507 0.005364201016374929
0 0.7097620008067769 0.2816205533596838 0.004437273093989512 0.002540937323546019
0 0.7472771278741428 0.2888198757763975 0.021379588543767647 0.007905138339920948
0 0.8172650262202501 0.2899491812535291 0.055667607906413875 0.007905138339920948
0 0.8757563533682937 0.2898080180688876 0.015328761597418314 0.00818746470920384
0 0.8926986688180718 0.2868435911914173 0.016135538523598225 0.01637492941840768
0 0.17386042759177087 0.3403444381705251 0.05647438483259379 0.013269339356295878
0 0.2563533682936668 0.3362507058159232 0.052843888664784185 0.017504234895539244
0 0.30778539733763616 0.34203839638622247 0.03791851553045583 0.016657255787690572
0 0.34045986284792257 0.3447204968944099 0.020976200080677694 0.010163749294184076
0 0.3828156514723679 0.34330886504799546 0.029043969342476807 0.006211180124223602
0 0.4144816458249294 0.3403444381705251 0.031060911657926585 0.011575381140598532
0 0.4515933844292053 0.3417560700169396 0.0318676885841065 0.006493506493506494
0 0.5024203307785398 0.33173348390739693 0.0052440500201694235 0.00282326369282891
0 0.5175473981444131 0.34217955957086393 0.02743041549011698 0.003952569169960474
0 0.5796692214602662 0.34542631281761715 0.012101653892698669 0.004234895539243365
0 0.6022589753933038 0.33879164313946925 0.03307785397337636 0.015810276679841896
0 0.6335215812827754 0.3411914172783738 0.03751512706736587 0.006493506493506494
0 0.6829366680112948 0.33681535855448896 0.03791851553045583 0.015810276679841896
0 0.7069382815651473 0.34006211180124224 0.006857603872529245 0.005364201016374929
0 0.7198467123840259 0.34133258046301523 0.01653892698668818 0.007905138339920948
0 0.7386042759177087 0.3409090909090909 0.01855586930213796 0.00818746470920384
0 0.7575635336829367 0.34076792772444947 0.01371520774505849 0.006211180124223602
0 0.7682533279548205 0.3284867306606437 0.004437273093989512 0.004234895539243365
0 0.781565147236789 0.3383681535855449 0.011698265429608713 0.006493506493506494
0 0.8200887454618798 0.3372388481084133 0.01371520774505849 0.011575381140598532
0 0.8551835417507059 0.3385093167701863 0.05244050020169423 0.010163749294184076
0 0.8868495361032674 0.33780350084697913 0.0052440500201694235 0.01101072840203275
0 0.9009681323114159 0.3385093167701863 0.01734570391286809 0.010163749294184076
0 0.9340459862847923 0.34330886504799546 0.04719645018152481 0.015245623941276116
0 0.9669221460266236 0.3461321287408244 0.00645421540943929 0.007340485601355167
0 0.9764017749092376 0.33229813664596275 0.011698265429608713 0.00564652738565782
0 0.14905203711173862 0.3948334274421231 0.02379991932230738 0.0036702428006775835
0 0.1409842678499395 0.38325804630152455 0.0060508269463493344 0.002540937323546019
0 0.209156918112142 0.39313946922642573 0.020572811617587738 0.009881422924901186
0 0.2390076643807987 0.39158667419536985 0.030254134731746672 0.00846979107848673
0 0.24505849132714805 0.385940146809712 0.0060508269463493344 0.003952569169960474
0 0.2767244856797096 0.3924336533032185 0.035498184751916094 0.006775832862789385
0 0.3465106897942719 0.39073969508752115 0.03791851553045583 0.007905138339920948
0 0.4374747882210569 0.38876341050254093 0.06252521177894312 0.012422360248447204
0 0.5193626462283178 0.39073969508752115 0.06736587333602259 0.017504234895539244
0 0.5599031867688584 0.39158667419536985 0.007260992335619202 0.00564652738565782
0 0.5982250907624042 0.3911631846414455 0.01855586930213796 0.00818746470920384
0 0.618192819685357 0.3901750423489554 0.01653892698668818 0.00846979107848673
0 0.6415893505445744 0.3911631846414455 0.02218636546994756 0.010446075663466968
0 0.6895925776522791 0.39073969508752115 0.019766034691407825 0.00846979107848673
0 0.7121823315853166 0.3898927159796725 0.01734570391286809 0.00846979107848673
0 0.7244856797095603 0.38848108413325805 0.011294876966518758 0.01129305477131564
0 0.7644211375554659 0.39073969508752115 0.063735377168213 0.00846979107848673
0 0.8221056877773296 0.38763410502540935 0.012101653892698669 0.010163749294184076
0 0.8370310609116579 0.38946922642574816 0.01290843081887858 0.008752117447769622
0 0.145421540943929 0.442970073404856 0.014925373134328358 0.009034443817052512
0 0.16599435256151673 0.4448051948051948 0.019766034691407825 0.005928853754940711
0 0.19604679306171843 0.4440993788819876 0.03953206938281565 0.009034443817052512
0 0.2563533682936668 0.4462168266516093 0.011698265429608713 0.009881422924901186
0 0.2781363453005244 0.4435347261434218 0.02702702702702703 0.005081874647092038
0 0.30576845502218636 0.44042913608131 0.011294876966518758 0.009599096555618294
0 0.32855990318676886 0.44748729531338227 0.004437273093989512 0.006775832862789385
0 0.38422751109318276 0.44452286843591193 0.0326744655102864 0.00818746470920384
0 0.41670028237192414 0.44212309429700736 0.02581686163775716 0.010728402032749858
0 0.4800322710770472 0.4435347261434218 0.03872529245663574 0.006211180124223602
0 0.5155304558289633 0.44452286843591193 0.03146430012101654 0.017221908526256352
0 0.5740217829770069 0.4383116883116883 0.028237192416296894 0.012704686617730096
0 0.6147640177490924 0.44212309429700736 0.0500201694231545 0.009034443817052512
0 0.6718434852763211 0.43774703557312256 0.03670835014118596 0.014398644833427442
0 0.7065348931020573 0.4470638057594579 0.01008471157724889 0.005928853754940711
0 0.7285195643404598 0.44127611518915866 0.02581686163775716 0.007905138339920948
0 0.7710770471964502 0.441699604743083 0.056070996369503835 0.017786561264822136
0 0.8406615570794675 0.44127611518915866 0.03953206938281565 0.007905138339920948
0 0.8799919322307382 0.43718238283455674 0.03993545784590561 0.013269339356295878
0 0.1510689794271884 0.49294184076792774 0.014118596208148447 0.007340485601355167
0 0.18253327954820492 0.49421230942970074 0.043162565550625254 0.005364201016374929
0 0.1974586526825333 0.4863071710897798 0.006857603872529245 0.0036702428006775835
0 0.23618394513916902 0.4935064935064935 0.056070996369503835 0.006775832862789385
0 0.2763210972166196 0.481931112365895 0.010488100040338847 0.005081874647092038
0 0.33319887051230335 0.4923771880293619 0.03065752319483663 0.007905138339920948
0 0.363654699475595 0.4928006775832863 0.02864058087938685 0.005364201016374929
0 0.3852359822509076 0.4928006775832863 0.014521984671238403 0.006493506493506494
0 0.3991528842275111 0.4923771880293619 0.008471157724889069 0.007340485601355167
0 0.427390076643808 0.4901185770750988 0.04154901169826543 0.010163749294184076
0 0.5211778943122227 0.48997741389045735 0.07987091569181122 0.012140033879164314
0 0.5286405808793868 0.48207227555053644 0.003630496167809601 0.003105590062111801
0 0.5923759580475998 0.48348390739695085 0.004437273093989512 0.003105590062111801
0 0.5962081484469545 0.4923771880293619 0.010488100040338847 0.00846979107848673
0 0.6117386042759178 0.49110671936758893 0.018152480839048003 0.006493506493506494
0 0.6464300121016539 0.4901185770750988 0.04477611940298507 0.007905138339920948
0 0.6787010891488503 0.4872953133822699 0.018152480839048003 0.014680971202710334
0 0.6978620411456232 0.49392998306041785 0.004033884630899556 0.001976284584980237
0 0.7414279951593384 0.48870694522868435 0.020976200080677694 0.01355166572557877
0 0.7732956837434449 0.4867306606437041 0.03791851553045583 0.012422360248447204
0 0.8356192012908431 0.4888481084133258 0.025413473174667203 0.005364201016374929
0 0.8751512706736587 0.4913890457368718 0.05445744251714401 0.012140033879164314
0 0.17486889874949577 0.5413608130999435 0.04154901169826543 0.00818746470920384
0 0.20169423154497781 0.5398080180688877 0.016135538523598225 0.010163749294184076
0 0.22952803549818476 0.5419254658385093 0.03711173860427592 0.01383399209486166
0 0.26321097216619604 0.5391022021456804 0.019766034691407825 0.009881422924901186
0 0.28398547801532875 0.5417843026538679 0.016942315449778138 0.007340485601355167
0 0.3065752319483663 0.5416431394692264 0.020976200080677694 0.006493506493506494
0 0.31040742234772084 0.5338791643139469 0.0052440500201694235 0.002258610954263128
0 0.3301734570391287 0.5413608130999435 0.01573215006050827 0.007058159232072276
0 0.3537716821298911 0.5409373235460192 0.023396530859217425 0.00564652738565782
0 0.3688987494957644 0.538961038961039 0.013311819281968536 0.009034443817052512
0 0.4118596208148447 0.540231507622812 0.01290843081887858 0.010446075663466968
0 0.4281968535699879 0.5430547713156408 0.008471157724889069 0.006493506493506494
0 0.44574425171440096 0.5422077922077922 0.020976200080677694 0.006493506493506494
0 0.4794271883824123 0.5419254658385093 0.045582896329164985 0.007622811970638058
0 0.5328761597418313 0.5423489553924337 0.026623638563937072 0.009599096555618294
0 0.5582896329164986 0.541501976284585 0.020976200080677694 0.00846979107848673
0 0.5830980233965308 0.5420666290231507 0.02379991932230738 0.010728402032749858
0 0.626663977410246 0.5413608130999435 0.013311819281968536 0.00818746470920384
0 0.6393707139975797 0.5320440429136082 0.004840661557079467 0.002540937323546019
0 0.6427995159338443 0.5409373235460192 0.00927793465106898 0.006211180124223602
0 0.6623638563937071 0.5417843026538679 0.01936264622831787 0.006775832862789385
0 0.6643807987091569 0.5316205533596838 0.004033884630899556 0.0016939582156973462
0 0.6883824122630092 0.5409373235460192 0.018152480839048003 0.012422360248447204
0 0.719039935457846 0.5416431394692264 0.0326744655102864 0.013269339356295878
0 0.7668414683340057 0.542772444946358 0.028237192416296894 0.005928853754940711
0 0.7605889471561114 0.5319028797289667 0.006857603872529245 0.002258610954263128
0 0.8342073416700282 0.5412196499153021 0.0653489310205728 0.015245623941276116
0 0.16962484872932634 0.594438170525127 0.043969342476805166 0.00818746470920384
0 0.21298910851149658 0.594438170525127 0.028237192416296894 0.016657255787690572
0 0.2488906817265026 0.5952851496329757 0.01371520774505849 0.005928853754940711
0 0.263816054860831 0.5914737436476567 0.014521984671238403 0.009599096555618294
0 0.281968535699879 0.5934500282326369 0.01936264622831787 0.006775832862789385
0 0.31867688584106496 0.5962732919254659 0.05405405405405406 0.012987012987012988
0 0.3850342880193626 0.5942970073404856 0.018959257765227916 0.010163749294184076
0 0.40762404195240015 0.5893562958780351 0.01573215006050827 0.017786561264822136
0 0.46006454215409437 0.5902032749858837 0.007664380798709157 0.010446075663466968
0 0.47418313836224285 0.5926030491247882 0.014118596208148447 0.006775832862789385
0 0.49394917305365066 0.591897233201581 0.019766034691407825 0.005364201016374929
0 0.49959661153691004 0.5838509316770186 0.004437273093989512 0.0033879164313946925
0 0.5139169019766034 0.5924618859401468 0.008874546187979023 0.009316770186335404
0 0.5318676885841065 0.5893562958780351 0.02702702702702703 0.011575381140598532
0 0.5554659136748689 0.5813099943534726 0.004840661557079467 0.002258610954263128
0 0.5657523194836628 0.593167701863354 0.00927793465106898 0.005081874647092038
0 0.6313029447357805 0.5914737436476567 0.05647438483259379 0.012987012987012988
0 0.6887858007260992 0.5911914172783738 0.057684550221863654 0.01355166572557877
0 0.7311415893505446 0.5978260869565217 0.004437273093989512 0.001411631846414455
0 0.7793465106897943 0.5892151326933935 0.029850746268656716 0.012987012987012988
0 0.8073820088745461 0.5917560700169395 0.025413473174667203 0.010163749294184076
0 0.8239209358612344 0.5954263128176172 0.003630496167809601 0.002258610954263128
0 0.16518757563533684 0.6434217955957087 0.03751512706736587 0.01129305477131564
0 0.1952400161355385 0.6453980801806889 0.023396530859217425 0.007340485601355167
0 0.22589753933037515 0.646386222473179 0.04033884630899556 0.016092603049124788
0 0.27773295683743443 0.6446922642574816 0.021379588543767647 0.01101072840203275
0 0.2972972972972973 0.6449745906267645 0.02016942315449778 0.008752117447769622
0 0.3194836627672449 0.6424336533032186 0.02501008471157725 0.009316770186335404
0 0.3797902379991932 0.6437041219649915 0.04154901169826543 0.006775832862789385
0 0.40984267849939493 0.6431394692264257 0.01290843081887858 0.006211180124223602
0 0.45461879790237997 0.6411631846414455 0.06776926179911255 0.012422360248447204
0 0.5302541347317467 0.6417278373800113 0.018152480839048003 0.01129305477131564
0 0.5375151270673659 0.6341050254093732 0.004437273093989512 0.00282326369282891
0 0.5492133924969745 0.6413043478260869 0.006857603872529245 0.009881422924901186
0 0.5613150463896732 0.6391869000564653 0.01008471157724889 0.009599096555618294
0 0.6187979023799919 0.6404573687182383 0.03469140782573618 0.011575381140598532
0 0.6938281565147236 0.6434217955957087 0.05244050020169423 0.011857707509881422
0 0.7349737797498992 0.6374929418407679 0.03146430012101654 0.019198193111236588
0 0.763210972166196 0.6417278373800113 0.016942315449778138 0.006775832862789385
0 0.7708753529649052 0.6331168831168831 0.004840661557079467 0.004799548277809147
0 0.7985074626865671 0.6442687747035574 0.04235578862444534 0.010163749294184076
0 0.86385639370714 0.6393280632411067 0.05929810407422348 0.013269339356295878
0 0.8616377571601452 0.6307171089779785 0.004033884630899556 0.00282326369282891
0 0.8876563130294474 0.6324110671936759 0.003630496167809601 0.00282326369282891
0 0.9134731746672046 0.638481084133258 0.03751512706736587 0.013269339356295878
0 0.9374747882210569 0.629305477131564 0.004840661557079467 0.006211180124223602
0 0.9505849132714804 0.6414455110107284 0.010891488503428802 0.007340485601355167
0 0.15389269866881808 0.6986166007905138 0.019766034691407825 0.012704686617730096
0 0.16821298910851148 0.6950875211744777 0.01371520774505849 0.007905138339920948
0 0.18354175070592982 0.6915584415584416 0.009681323114158934 0.01101072840203275
0 0.1980637353771682 0.6919819311123659 0.01371520774505849 0.01637492941840768
0 0.2172246873739411 0.6950875211744777 0.006857603872529245 0.002258610954263128
0 0.2654296087131908 0.6952286843591191 0.06292860024203308 0.008752117447769622
0 0.31665994352561516 0.6949463579898363 0.03872529245663574 0.00818746470920384
0 0.363654699475595 0.6887351778656127 0.033481242436466316 0.014963297571993224
0 0.4114562323517547 0.6925465838509317 0.0572811617587737 0.00846979107848673
0 0.47236789027833803 0.6925465838509317 0.011294876966518758 0.007340485601355167
0 0.49495764421137556 0.6929700734048561 0.03146430012101654 0.005928853754940711
0 0.5320693828156515 0.6901468097120271 0.035498184751916094 0.017786561264822136
0 0.5701895925776522 0.6912761151891587 0.03670835014118596 0.007622811970638058
0 0.6173860427591771 0.6932523997741389 0.04154901169826543 0.009316770186335404
0 0.6502622025010085 0.6996047430830039 0.003227107704719645 0.00846979107848673
0 0.7029043969342477 0.6933935629587803 0.025413473174667203 0.010728402032749858
0 0.7311415893505446 0.6919819311123659 0.027833803953206938 0.010163749294184076
0 0.7355788624445341 0.6830886504799548 0.004437273093989512 0.0036702428006775835
0 0.7678499394917305 0.6922642574816488 0.03670835014118596 0.007340485601355167
0 0.8221056877773296 0.6932523997741389 0.04437273093989512 0.012140033879164314
0 0.16377571601452198 0.7456239412761152 0.04679306171843485 0.009599096555618294
0 0.20613150463896732 0.7463297571993224 0.03146430012101654 0.007058159232072276
0 0.21702299314239612 0.7377188029361943 0.003227107704719645 0.002258610954263128
0 0.24526018555869303 0.7446357989836251 0.03307785397337636 0.008752117447769622
0 0.27611940298507465 0.7432241671372106 0.02379991932230738 0.009881422924901186
0 0.33521581282775315 0.7450592885375494 0.03307785397337636 0.00846979107848673
0 0.38785800726099234 0.7502823263692829 0.00927793465106898 0.004799548277809147
0 0.4193223073820089 0.7460474308300395 0.022993142396127472 0.006493506493506494
0 0.4881000403388463 0.7452004517221908 0.04437273093989512 0.008752117447769622
0 0.4893102057281162 0.7348955392433654 0.003227107704719645 0.002258610954263128
0 0.5197660346914078 0.7470355731225297 0.012505042355788625 0.009599096555618294
0 0.5324727712787414 0.7432241671372106 0.008874546187979023 0.01101072840203275
0 0.5601048810004033 0.7481648785996612 0.043969342476805166 0.012422360248447204
0 0.6165792658329972 0.7444946357989837 0.013311819281968536 0.007905138339920948
0 0.6337232755143203 0.7428006775832863 0.012101653892698669 0.018633540372670808
0 0.6698265429608713 0.743365330321852 0.014118596208148447 0.020892151326933936
0 0.6841468334005647 0.7426595143986449 0.007260992335619202 0.013269339356295878
0 0.7109721661960468 0.7425183512140033 0.03509479628882614 0.012987012987012988
0 0.7404195240016136 0.7419536984754376 0.021379588543767647 0.01355166572557877
0 0.7648245260185559 0.747459062676454 0.020976200080677694 0.013269339356295878
0 0.8247277127874143 0.7447769621682665 0.0391286809197257 0.005081874647092038
0 0.8662767244856797 0.7419536984754376 0.026220250100847116 0.009599096555618294
