0 0.13513513513513514 0.20976849237718803 0.003227107704719645 0.009034443817052512
0 0.13977410246066962 0.21047430830039526 0.0052440500201694235 0.008752117447769622
0 0.17043162565550626 0.22233201581027667 0.06333198870512304 0.029079616036137776
0 0.2537313432835821 0.21682665160926032 0.045986284792254944 0.020892151326933936
0 0.28317870108914883 0.23136645962732919 0.012101653892698669 0.02456239412761152
0 0.3354175070592981 0.22190852625635235 0.0318676885841065 0.006211180124223602
0 0.3644614764017749 0.21823828345567475 0.01653892698668818 0.014680971202710334
0 0.4388866478418717 0.22120271033314512 0.08309802339653086 0.009881422924901186
0 0.5008067769261799 0.21357989836250707 0.027833803953206938 0.02456239412761152
0 0.5780556676079064 0.22261434217955958 0.07180314643001211 0.012704686617730096
0 0.6135538523598225 0.21188594014680973 0.003227107704719645 0.002540937323546019
0 0.627269060104881 0.21485036702428006 0.01855586930213796 0.019762845849802372
0 0.6470350947962888 0.22063805759457933 0.03065752319483663 0.01101072840203275
0 0.6851553045582897 0.21414455110107283 0.04235578862444534 0.021174477696216828
0 0.7107704719645018 0.208498023715415 0.003227107704719645 0.003105590062111801
0 0.7269060104881 0.2186617730095991 0.03227107704719645 0.008752117447769622
0 0.744856797095603 0.22939017504234896 0.00927793465106898 0.01101072840203275
0 0.7829770068576039 0.21146245059288538 0.028237192416296894 0.02710333145115754
0 0.8057684550221864 0.2134387351778656 0.0318676885841065 0.009599096555618294
0 0.1518757563533683 0.2553642010163749 0.0326744655102864 0.01948051948051948
0 0.18515530455828963 0.26693958215697344 0.02501008471157725 0.0251270468661773
0 0.19786204114562322 0.2468944099378882 0.0028237192416296895 0.0036702428006775835
0 0.23315853166599435 0.2627046866177301 0.05808793868495361 0.03585544889892716
0 0.27490923759580477 0.2466120835686053 0.003630496167809601 0.00818746470920384
0 0.281968535699879 0.25804630152456237 0.009681323114158934 0.012422360248447204
0 0.41407825736183945 0.26679841897233203 0.18596208148446955 0.044042913608131
0 0.5431625655506253 0.2531055900621118 0.030254134731746672 0.021174477696216828
0 0.5776522791448164 0.256352343308865 0.03469140782573618 0.012987012987012988
0 0.6034691407825736 0.25607001693958215 0.015328761597418314 0.01129305477131564
0 0.6766841468334006 0.25592885375494073 0.0826946349334409 0.01101072840203275
0 0.7638160548608309 0.24830604178430266 0.04154901169826543 0.025691699604743084
0 0.826946349334409 0.24745906267645398 0.05163372327551432 0.023997741389045736
0 0.1661960467930617 0.30237154150197626 0.05405405405405406 0.010728402032749858
0 0.22307382008874546 0.295313382269904 0.048406615570794675 0.024280067758328628
0 0.26119402985074625 0.30251270468661773 0.020572811617587738 0.011575381140598532
0 0.2743041549011698 0.28952569169960474 0.003227107704719645 0.002540937323546019
0 0.30052440500201694 0.30124223602484473 0.041145623235175476 0.010163749294184076
0 0.3672851956434046 0.296583850931677 0.04154901169826543 0.0251270468661773
0 0.409035901573215 0.294042913608131 0.033884630899556276 0.01948051948051948
0 0.4560306575231948 0.3002540937323546 0.01653892698668818 0.010446075663466968
0 0.4757966922146027 0.2961603613777527 0.02864058087938685 0.020327498588368152
0 0.46591367486889873 0.2876905702992659 0.003227107704719645 0.004517221908526256
0 0.518757563533683 0.2972896668548842 0.035498184751916094 0.012987012987012988
0 0.5772488906817265 0.29051383399209485 0.0790641387656313 0.02258610954263128
0 0.645421540943929 0.2900903444381705 0.024203307785397338 0.020045172219085264
0 0.6686163775716014 0.2930547713156409 0.01573215006050827 0.009599096555618294
0 0.7061315046389673 0.29150197628458496 0.033481242436466316 0.01101072840203275
0 0.7509076240419524 0.29136081309994355 0.05526421944332392 0.03500846979107849
0 0.7252924566357403 0.27936194240542067 0.003227107704719645 0.004234895539243365
0 0.8265429608713191 0.2891022021456804 0.05405405405405406 0.03670242800677583
0 0.16599435256151673 0.33695652173913043 0.050423557886244454 0.031338226990400904
0 0.18898749495764422 0.33356860530773574 0.0028237192416296895 0.003105590062111801
0 0.23013311819281967 0.3375211744776962 0.0754336425978217 0.026821005081874648
0 0.24606696248487292 0.3272162619988707 0.004033884630899556 0.002258610954263128
0 0.31020572811617586 0.33568605307735744 0.04679306171843485 0.024844720496894408
0 0.3711173860427592 0.34105025409373235 0.03791851553045583 0.009599096555618294
0 0.41609519967728925 0.3351214003387916 0.050423557886244454 0.020892151326933936
0 0.4782170229931424 0.3396386222473179 0.021379588543767647 0.010728402032749858
0 0.5465913674868899 0.339356295878035 0.08229124647035095 0.04009034443817053
0 0.6131504638967326 0.3277809147374365 0.03953206938281565 0.023715415019762844
0 0.6718434852763211 0.3386504799548278 0.03509479628882614 0.02456239412761152
0 0.7107704719645018 0.33046301524562394 0.05163372327551432 0.037549407114624504
0 0.7337636143606293 0.3166290231507623 0.004840661557079467 0.003105590062111801
0 0.7692617991125453 0.32269904009034445 0.060508269463493344 0.023150762281197064
0 0.8231141589350545 0.32792207792207795 0.045582896329164985 0.012140033879164314
0 0.8033481242436467 0.31521739130434784 0.003630496167809601 0.004799548277809147
0 0.854175070592981 0.33201581027667987 0.0028237192416296895 0.0033879164313946925
0 0.8612343686970553 0.3307453416149068 0.0024203307785397336 0.0036702428006775835
0 0.16337232755143202 0.3870694522868436 0.0500201694231545 0.04630152456239413
0 0.22589753933037515 0.3848108413325805 0.04033884630899556 0.010163749294184076
0 0.28176684146833403 0.3836815358554489 0.06655909640984267 0.038396386222473176
0 0.3140379185155305 0.370412196499153 0.0028237192416296895 0.00282326369282891
0 0.33682936668011293 0.3769057029926595 0.04195240016135539 0.024280067758328628
0 0.38967325534489716 0.378317334839074 0.060508269463493344 0.010728402032749858
0 0.36304961678096004 0.3675889328063241 0.004033884630899556 0.00282326369282891
0 0.4598628479225494 0.3753529079616036 0.03630496167809601 0.012704686617730096
0 0.4844695441710367 0.3753529079616036 0.012101653892698669 0.00818746470920384
0 0.49152884227511096 0.3675889328063241 0.004437273093989512 0.006775832862789385
0 0.5123033481242436 0.37012987012987014 0.03872529245663574 0.024280067758328628
0 0.5629286002420331 0.3743647656691135 0.014118596208148447 0.011857707509881422
0 0.6117386042759178 0.37267080745341613 0.0391286809197257 0.01355166572557877
0 0.6339249697458653 0.3620835686053077 0.003630496167809601 0.005364201016374929
0 0.6561113352158128 0.3709768492377188 0.04477611940298507 0.012422360248447204
0 0.7125857200484066 0.36462450592885376 0.0536506655909641 0.023997741389045736
0 0.8041549011698266 0.378317334839074 0.0891488503428802 0.034443817052512704
0 0.7829770068576039 0.3564370412196499 0.003227107704719645 0.005928853754940711
0 0.8170633319887052 0.354884246188594 0.0028237192416296895 0.003952569169960474
0 0.8519564340459863 0.3551665725578769 0.0024203307785397336 0.005081874647092038
0 0.8590157321500606 0.36801242236024845 0.014925373134328358 0.009881422924901186
0 0.8731343283582089 0.3780350084697911 0.014118596208148447 0.030491247882552232
0 0.1645824929407019 0.4209486166007905 0.053247277127874144 0.025974025974025976
0 0.26865671641791045 0.4213721061547149 0.06696248487293263 0.023997741389045736
0 0.3235175473981444 0.4265951439864483 0.03872529245663574 0.009599096555618294
0 0.3707139975796692 0.4258893280632411 0.05970149253731343 0.01101072840203275
0 0.39955627269060107 0.4138904573687182 0.004437273093989512 0.0016939582156973462
0 0.42073416700282373 0.42617165443252397 0.035498184751916094 0.046583850931677016
0 0.44937474788221055 0.42828910220214567 0.003227107704719645 0.002258610954263128
0 0.46409842678499397 0.40993788819875776 0.003630496167809601 0.006775832862789385
0 0.46873739411052845 0.4113495200451722 0.003227107704719645 0.007905138339920948
0 0.5054457442517144 0.42292490118577075 0.041145623235175476 0.023150762281197064
0 0.5705929810407422 0.4189723320158103 0.050423557886244454 0.024844720496894408
0 0.5958047599838645 0.4117730095990966 0.0024203307785397336 0.001976284584980237
0 0.6012505042355789 0.424901185770751 0.013311819281968536 0.007340485601355167
0 0.6347317466720451 0.43167701863354035 0.025413473174667203 0.025974025974025976
0 0.6873739411052844 0.4203839638622247 0.07987091569181122 0.023715415019762844
0 0.6799112545381202 0.4097967250141163 0.0028237192416296895 0.0036702428006775835
0 0.727511093182735 0.4383116883116883 0.0052440500201694235 0.008752117447769622
0 0.7704719645018152 0.4227837380011293 0.04356595401371521 0.020609824957651044
0 0.8017345703912868 0.42377188029361945 0.02218636546994756 0.011857707509881422
0 0.8190802743041549 0.43266516092603047 0.003630496167809601 0.001976284584980237
0 0.8521581282775312 0.4213721061547149 0.027833803953206938 0.026256352343308864
0 0.8799919322307382 0.4205251270468662 0.06010488100040339 0.02456239412761152
0 0.14602662363856395 0.47374364765669114 0.04356595401371521 0.02258610954263128
0 0.17063331988705124 0.4751552795031056 0.011294876966518758 0.00846979107848673
0 0.1772892295280355 0.4654150197628458 0.002016942315449778 0.002540937323546019
0 0.19604679306171843 0.46922642574816487 0.03469140782573618 0.023150762281197064
0 0.2156111335215813 0.46075663466967814 0.0028237192416296895 0.0016939582156973462
0 0.24162968939088342 0.4754376058723885 0.04759983864461476 0.011857707509881422
0 0.27611940298507465 0.47811970638057594 0.02218636546994756 0.01383399209486166
0 0.3152480839048003 0.47346132128740825 0.01734570391286809 0.03557312252964427
0 0.37031060911657926 0.4720496894409938 0.060508269463493344 0.019198193111236588
0 0.40419524001613555 0.48023715415019763 0.0024203307785397336 0.00282326369282891
0 0.4100443727309399 0.4872953133822699 0.011698265429608713 0.012987012987012988
0 0.4489713594191206 0.4699322416713721 0.02501008471157725 0.0251270468661773
0 0.472771278741428 0.47656691134952006 0.04517950786607503 0.01129305477131564
0 0.5129084308188786 0.4704968944099379 0.026220250100847116 0.022303783173348392
0 0.5324727712787414 0.4761434217955957 0.03791851553045583 0.01101072840203275
0 0.5839048003227107 0.4699322416713721 0.05445744251714401 0.023997741389045736
0 0.6292860024203307 0.4709203839638622 0.029850746268656716 0.019762845849802372
0 0.6502622025010085 0.47684923771880294 0.021782977006857603 0.039525691699604744
0 0.7329568374344494 0.46922642574816487 0.10084711577248891 0.023715415019762844
0 0.8327954820492134 0.470214568040655 0.07059298104074223 0.029079616036137776
0 0.13614360629286001 0.5132693393562959 0.0060508269463493344 0.006211180124223602
0 0.16659943525615167 0.5221626199887069 0.029850746268656716 0.02456239412761152
0 0.22186365469947558 0.5200451722190853 0.09439290036304962 0.026538678712591756
0 0.27934651068979427 0.532326369282891 0.002016942315449778 0.002540937323546019
0 0.3027430415490117 0.5134105025409373 0.007664380798709157 0.006493506493506494
0 0.35316659943525613 0.5228684359119141 0.06655909640984267 0.019762845849802372
0 0.39673255344897135 0.5341614906832298 0.0028237192416296895 0.0033879164313946925
0 0.44392900363049614 0.5238565782044043 0.0536506655909641 0.02456239412761152
0 0.47196450181524807 0.5286561264822134 0.01290843081887858 0.010446075663466968
0 0.4953610326744655 0.5221626199887069 0.03711173860427592 0.02456239412761152
0 0.48204921339249696 0.5138339920948617 0.0024203307785397336 0.00282326369282891
0 0.5185558693021379 0.512987012987013 0.003630496167809601 0.00282326369282891
0 0.5469947559499798 0.5290796160361377 0.05889471561113352 0.01129305477131564
0 0.5865268253327954 0.5304912478825522 0.02016942315449778 0.01129305477131564
0 0.6434045986284792 0.5275268210050819 0.03711173860427592 0.01101072840203275
0 0.6506655909640984 0.5103049124788255 0.0024203307785397336 0.003105590062111801
0 0.700080677692618 0.5258328627893846 0.021379588543767647 0.014398644833427442
0 0.7791448164582493 0.5190570299265952 0.057684550221863654 0.026256352343308864
0 0.8192819685356999 0.5254093732354602 0.022589753933037516 0.01355166572557877
0 0.17567567567567569 0.5772162619988707 0.09318273497377975 0.017221908526256352
0 0.18959257765227913 0.5636645962732919 0.0024203307785397336 0.004234895539243365
0 0.2263009277934651 0.564935064935065 0.003227107704719645 0.0033879164313946925
0 0.2527228721258572 0.5735460191981931 0.05526421944332392 0.028514963297571992
0 0.33198870512303347 0.5789102202145681 0.048406615570794675 0.053924336533032184
0 0.40318676885841065 0.5729813664596274 0.06897942718838242 0.022303783173348392
0 0.436264622831787 0.5875211744776963 0.002016942315449778 0.0033879164313946925
0 0.4794271883824123 0.5728402032749859 0.019766034691407825 0.018633540372670808
0 0.49616780960064544 0.558300395256917 0.04437273093989512 0.016657255787690572
0 0.5147236789027834 0.571005081874647 0.04921339249697459 0.026821005081874648
0 0.5336829366680113 0.58399209486166 0.0024203307785397336 0.004799548277809147
