0 0.17466720451795079 0.22092038396386224 0.026623638563937072 0.02456239412761152
0 0.2172246873739411 0.22332015810276679 0.020572811617587738 0.019762845849802372
0 0.24062121823315852 0.22840203274985885 0.01008471157724889 0.007905138339920948
0 0.25110931827349736 0.2295313382269904 0.0028237192416296895 0.0033879164313946925
0 0.28317870108914883 0.2224731789949181 0.01855586930213796 0.018633540372670808
0 0.30254134731746674 0.22600225861095427 0.01371520774505849 0.00818746470920384
0 0.3194836627672449 0.22656691134952003 0.01290843081887858 0.008752117447769622
0 0.3469140782573618 0.22656691134952003 0.03065752319483663 0.00818746470920384
0 0.3618394513916902 0.21668548842461885 0.004840661557079467 0.003105590062111801
0 0.3743444937474788 0.21936758893280633 0.004840661557079467 0.021456804065499716
0 0.3838241226300928 0.220214568040655 0.0052440500201694235 0.0220214568040655
0 0.4045986284792255 0.22600225861095427 0.03227107704719645 0.01101072840203275
0 0.46430012101653895 0.2267080745341615 0.04437273093989512 0.00846979107848673
0 0.49394917305365066 0.2217673630717109 0.013311819281968536 0.01948051948051948
0 0.5078660750302542 0.22783738001129306 0.016942315449778138 0.009034443817052512
0 0.5425574828559904 0.22261434217955958 0.02016942315449778 0.017786561264822136
0 0.5572811617587737 0.22120271033314512 0.0028237192416296895 0.0036702428006775835
0 0.5619201290843082 0.2267080745341615 0.010488100040338847 0.00846979107848673
0 0.600040338846309 0.2289666854884246 0.030254134731746672 0.007340485601355167
0 0.6528842275110932 0.22910784867306608 0.0681726502622025 0.007058159232072276
0 0.7010891488503429 0.22882552230378317 0.016942315449778138 0.007622811970638058
0 0.7476805163372328 0.22769621682665162 0.06978620411456232 0.012140033879164314
0 0.7900363049616781 0.23376623376623376 0.008471157724889069 0.00846979107848673
0 0.8217022993142397 0.22557876905702992 0.03227107704719645 0.01637492941840768
0 0.18132311415893507 0.2701863354037267 0.043969342476805166 0.023715415019762844
0 0.22025010084711577 0.27498588368153587 0.02501008471157725 0.012987012987012988
0 0.25958047599838646 0.27837380011293056 0.014118596208148447 0.011857707509881422
0 0.27410246066962485 0.2782326369282891 0.01653892698668818 0.008752117447769622
0 0.2880193626462283 0.27738565782044045 0.007260992335619202 0.009881422924901186
0 0.33985478015328763 0.2780914737436477 0.06171843485276321 0.01129305477131564
0 0.3880597014925373 0.27526821005081875 0.02501008471157725 0.017504234895539244
0 0.40843081887858007 0.2735742518351214 0.014118596208148447 0.019762845849802372
0 0.4279951593384429 0.28190287972896666 0.003227107704719645 0.002540937323546019
0 0.46107301331181927 0.2751270468661773 0.02016942315449778 0.022303783173348392
0 0.4774102460669625 0.2789384528514963 0.012505042355788625 0.007905138339920948
0 0.5072609923356192 0.2789384528514963 0.011698265429608713 0.009034443817052512
0 0.5256151674062122 0.2789384528514963 0.02501008471157725 0.007340485601355167
0 0.5401371520774506 0.27442123094297005 0.004033884630899556 0.0033879164313946925
0 0.5510286405808794 0.27526821005081875 0.01936264622831787 0.01355166572557877
0 0.5738200887454619 0.2834556747600226 0.0060508269463493344 0.003952569169960474
0 0.5748285599031868 0.2795031055900621 0.003227107704719645 0.00282326369282891
0 0.5949979830576846 0.26976284584980237 0.003227107704719645 0.005364201016374929
0 0.600040338846309 0.2694805194805195 0.0028237192416296895 0.004234895539243365
0 0.6222267043162566 0.27526821005081875 0.018959257765227916 0.010163749294184076
0 0.6345300524405002 0.27752682100508186 0.009681323114158934 0.006775832862789385
0 0.6952400161355385 0.27498588368153587 0.06252521177894312 0.018068887634105024
0 0.763210972166196 0.2732919254658385 0.02743041549011698 0.018633540372670808
0 0.7771278741427995 0.2713156408808583 0.003630496167809601 0.004517221908526256
0 0.7914481645824929 0.2715979672501412 0.01371520774505849 0.017504234895539244
0 0.7970956030657523 0.26976284584980237 0.003227107704719645 0.003105590062111801
0 0.8045582896329165 0.2782326369282891 0.011698265429608713 0.01101072840203275
0 0.8190802743041549 0.27442123094297005 0.013311819281968536 0.01637492941840768
0 0.17507059298104075 0.32156973461321287 0.03469140782573618 0.018068887634105024
0 0.19967728922952804 0.3246753246753247 0.012101653892698669 0.010728402032749858
0 0.21621621621621623 0.3256634669678148 0.022589753933037516 0.009316770186335404
0 0.23699072206534894 0.3266516092603049 0.012505042355788625 0.007340485601355167
0 0.2823719241629689 0.3234048560135517 0.06938281565147236 0.015527950310559006
0 0.3537716821298911 0.32608695652173914 0.04356595401371521 0.009599096555618294
0 0.3852359822509076 0.3221343873517787 0.005647438483259379 0.015245623941276116
0 0.39753933037515127 0.32269904009034445 0.014118596208148447 0.015810276679841896
0 0.42396127470754336 0.33258046301524563 0.011294876966518758 0.024844720496894408
0 0.4429205324727713 0.32792207792207795 0.016135538523598225 0.007622811970638058
0 0.4540137152077451 0.32086391869000563 0.003630496167809601 0.004234895539243365
0 0.4626865671641791 0.3277809147374365 0.015328761597418314 0.005081874647092038
0 0.5074626865671642 0.3245341614906832 0.033884630899556276 0.017221908526256352
0 0.573013311819282 0.32594579333709767 0.06010488100040339 0.014398644833427442
0 0.6335215812827754 0.33540372670807456 0.057684550221863654 0.023150762281197064
0 0.7216619604679306 0.32594579333709767 0.08713190802743041 0.014398644833427442
0 0.7831787010891489 0.3306041784302654 0.030254134731746672 0.004517221908526256
0 0.7942718838241226 0.32523997741389044 0.004033884630899556 0.00282326369282891
0 0.808592174263816 0.3297571993224167 0.00927793465106898 0.006775832862789385
0 0.1855586930213796 0.37337662337662336 0.063735377168213 0.016657255787690572
0 0.24969745865268253 0.3790231507622812 0.05405405405405406 0.008752117447769622
0 0.2708753529649052 0.371682665160926 0.004437273093989512 0.003105590062111801
0 0.2966922146026624 0.37987012987012986 0.027833803953206938 0.025691699604743084
0 0.3372327551432029 0.37732919254658387 0.01936264622831787 0.008752117447769622
0 0.34630899556272693 0.3697063805759458 0.0028237192416296895 0.0036702428006775835
0 0.3870512303348124 0.3715415019762846 0.07382008874546188 0.0220214568040655
0 0.4515933844292053 0.3848108413325805 0.02944735780556676 0.019762845849802372
0 0.46954417103670837 0.3746470920383964 0.003227107704719645 0.003952569169960474
0 0.48527632109721663 0.3780350084697911 0.029850746268656716 0.009599096555618294
0 0.535699878983461 0.3845285149632976 0.048406615570794675 0.020892151326933936
0 0.5734167002823719 0.38015245623941274 0.014925373134328358 0.008752117447769622
0 0.5845098830173457 0.37549407114624506 0.004033884630899556 0.004517221908526256
0 0.5933844292053247 0.37972896668548844 0.016942315449778138 0.006775832862789385
0 0.6129487696651875 0.3743647656691135 0.012505042355788625 0.015810276679841896
0 0.6208148446954417 0.3740824392998306 0.003227107704719645 0.003952569169960474
0 0.6391690197660347 0.3794466403162055 0.0318676885841065 0.007905138339920948
0 0.6748688987494957 0.37704686617730093 0.02016942315449778 0.009881422924901186
0 0.6843485276321097 0.370412196499153 0.003630496167809601 0.003952569169960474
0 0.7025010084711577 0.37323546019198195 0.021379588543767647 0.015810276679841896
0 0.7309398951189996 0.37874082439299833 0.012101653892698669 0.007058159232072276
0 0.7892295280354982 0.3791643139469226 0.056070996369503835 0.010728402032749858
0 0.16841468334005646 0.422360248447205 0.018959257765227916 0.021456804065499716
0 0.21157724889068172 0.4278656126482213 0.04800322710770472 0.010446075663466968
0 0.2428398547801533 0.424901185770751 0.010488100040338847 0.019198193111236588
0 0.24788221056877774 0.4225014116318464 0.003630496167809601 0.005928853754940711
0 0.25574828559903184 0.42970073404856013 0.011294876966518758 0.005081874647092038
0 0.2712787414279952 0.435347261434218 0.006857603872529245 0.023150762281197064
0 0.318273497377975 0.4253246753246753 0.03227107704719645 0.022868435911914172
0 0.3781766841468334 0.4278656126482213 0.04719645018152481 0.01948051948051948
0 0.40984267849939493 0.43351214003387917 0.012101653892698669 0.010446075663466968
0 0.4471561113352158 0.429983060417843 0.026220250100847116 0.032185206098249576
0 0.4893102057281162 0.427442123094297 0.03711173860427592 0.01693958215697346
0 0.5502218636546995 0.42730095990965555 0.05889471561113352 0.015527950310559006
0 0.609116579265833 0.4309712027103331 0.05244050020169423 0.008752117447769622
0 0.6670028237192416 0.42871259175607 0.06171843485276321 0.013269339356295878
0 0.7154094392900363 0.42730095990965555 0.022993142396127472 0.017221908526256352
0 0.7775312626058895 0.4295595708639187 0.06413876563130294 0.009316770186335404
0 0.8384429205324728 0.424901185770751 0.04719645018152481 0.018068887634105024
0 0.8380395320693829 0.42405420666290233 0.003630496167809601 0.00564652738565782
0 0.8715207745058491 0.4374647092038396 0.0060508269463493344 0.00818746470920384
0 0.1536910044372731 0.48207227555053644 0.01371520774505849 0.010446075663466968
0 0.17406212182331585 0.48320158102766797 0.010891488503428802 0.03077357425183512
0 0.22388059701492538 0.4803783173348391 0.05163372327551432 0.010446075663466968
0 0.30354981847519164 0.4798136645962733 0.06010488100040339 0.013269339356295878
0 0.3688987494957644 0.48771880293619424 0.06252521177894312 0.020045172219085264
0 0.44574425171440096 0.4786843591191417 0.0500201694231545 0.016092603049124788
0 0.4864864864864865 0.47148503670242803 0.02016942315449778 0.004517221908526256
0 0.48769665187575634 0.47896668548842464 0.007260992335619202 0.010446075663466968
0 0.5074626865671642 0.4810841332580463 0.02501008471157725 0.006775832862789385
0 0.5334812424364663 0.4762845849802372 0.025413473174667203 0.01693958215697346
0 0.5822912464703509 0.4754376058723885 0.03509479628882614 0.018068887634105024
0 0.6135538523598225 0.47995482778091475 0.020976200080677694 0.010163749294184076
0 0.6397741024606697 0.48094297007340486 0.016942315449778138 0.00818746470920384
0 0.6482452601855587 0.4761434217955957 0.004033884630899556 0.004234895539243365
0 0.6601452198467124 0.4813664596273292 0.014118596208148447 0.007340485601355167
0 0.6875756353368294 0.47656691134952006 0.06010488100040339 0.01637492941840768
0 0.7406212182331585 0.4872953133822699 0.007260992335619202 0.019762845849802372
0 0.7620008067769262 0.47967250141163187 0.029850746268656716 0.007905138339920948
0 0.8120209762000806 0.4772727272727273 0.060508269463493344 0.016092603049124788
0 0.1708350141185962 0.5279503105590062 0.04477611940298507 0.010728402032749858
0 0.20108914885034287 0.5249858836815359 0.011698265429608713 0.017221908526256352
0 0.22972972972972974 0.5317617165443252 0.00927793465106898 0.009316770186335404
0 0.2436466317063332 0.5320440429136082 0.009681323114158934 0.029644268774703556
0 0.29507866075030253 0.5255505364201016 0.033481242436466316 0.018351214003387916
0 0.30939895118999594 0.5225861095426313 0.004033884630899556 0.0033879164313946925
0 0.32331585316659944 0.5247035573122529 0.010891488503428802 0.0189158667419537
0 0.32956837434449376 0.5220214568040655 0.0024203307785397336 0.004517221908526256
0 0.3414683340056474 0.5293619424054207 0.01008471157724889 0.010728402032749858
0 0.35599031867688585 0.5248447204968945 0.010891488503428802 0.01693958215697346
0 0.39007664380798707 0.5309147374364765 0.015328761597418314 0.007058159232072276
0 0.4126663977410246 0.5372670807453416 0.021782977006857603 0.023715415019762844
0 0.4253731343283582 0.5227272727272727 0.003630496167809601 0.0036702428006775835
0 0.4505849132714804 0.5265386787125917 0.042759177087535294 0.014680971202710334
0 0.5022186365469947 0.5276679841897233 0.04759983864461476 0.019762845849802372
0 0.5338846308995563 0.536420101637493 0.0060508269463493344 0.00282326369282891
0 0.5524405002016942 0.5247035573122529 0.006857603872529245 0.008752117447769622
0 0.5586930213795885 0.5251270468661773 0.003227107704719645 0.005081874647092038
0 0.6127470754336426 0.527244494635799 0.06131504638967326 0.016092603049124788
0 0.6659943525615167 0.5262563523433089 0.00645421540943929 0.015810276679841896
0 0.6809197256958451 0.5269621682665161 0.028237192416296894 0.016092603049124788
0 0.7321500605082695 0.5283738001129306 0.04921339249697459 0.01948051948051948
0 0.7793465106897943 0.5330321852060983 0.010488100040338847 0.009034443817052512
0 0.7926583299717628 0.5343026538678712 0.007260992335619202 0.027950310559006212
0 0.8346107301331182 0.5331733483907397 0.017749092375958047 0.005928853754940711
0 0.17043162565550626 0.5724167137210615 0.035901573215006054 0.022303783173348392
0 0.19766034691407824 0.5882269904009034 0.008874546187979023 0.023997741389045736
0 0.23699072206534894 0.5815923207227555 0.012505042355788625 0.009599096555618294
0 0.25776522791448164 0.5728402032749859 0.026623638563937072 0.0220214568040655
0 0.29164985881403793 0.5739695087521175 0.023396530859217425 0.023150762281197064
0 0.3509479628882614 0.5763692828910221 0.0790641387656313 0.015527950310559006
0 0.39975796692214605 0.588085827216262 0.008874546187979023 0.007905138339920948
0 0.44776119402985076 0.5760869565217391 0.01371520774505849 0.014398644833427442
0 0.46430012101653895 0.5798983625070582 0.008067769261799113 0.00846979107848673
0 0.4717628075837031 0.58399209486166 0.004437273093989512 0.001976284584980237
0 0.5058491327148044 0.5784867306606437 0.01855586930213796 0.01637492941840768
0 0.5227914481645825 0.5811688311688312 0.01371520774505849 0.006493506493506494
0 0.5377168212989109 0.5813099943534726 0.011294876966518758 0.007340485601355167
0 0.5647438483259378 0.5821569734613213 0.03469140782573618 0.00846979107848673
0 0.582089552238806 0.5736871823828346 0.003227107704719645 0.00282326369282891
0 0.591367486889875 0.5759457933370977 0.004840661557079467 0.020327498588368152
0 0.5974183138362242 0.577639751552795 0.004840661557079467 0.017504234895539244
0 0.6189995966115369 0.5825804630152456 0.03509479628882614 0.009316770186335404
0 0.6692214602662364 0.5813099943534726 0.011294876966518758 0.007905138339920948
0 0.691004437273094 0.5748164878599661 0.02743041549011698 0.020327498588368152
0 0.7289229528035498 0.5767927724449463 0.03711173860427592 0.019198193111236588
0 0.7835820895522388 0.5804630152456239 0.033481242436466316 0.01637492941840768
0 0.17244856797095603 0.6240824392998306 0.030254134731746672 0.015527950310559006
0 0.21480435659540137 0.6294466403162056 0.05203711173860428 0.009881422924901186
0 0.281968535699879 0.6283173348390739 0.07099636950383219 0.014398644833427442
0 0.32674465510286405 0.6211180124223602 0.004033884630899556 0.006211180124223602
0 0.34328358208955223 0.6304347826086957 0.008874546187979023 0.009034443817052512
0 0.38140379185155304 0.6246470920383964 0.0028237192416296895 0.003105590062111801
0 0.3826139572408229 0.6326933935629587 0.003630496167809601 0.00564652738565782
0 0.3973376361436063 0.6329757199322417 0.016135538523598225 0.00564652738565782
0 0.43303751512706734 0.6284584980237155 0.050423557886244454 0.01355166572557877
0 0.46853569987898347 0.6266233766233766 0.014118596208148447 0.014963297571993224
0 0.48749495764421136 0.63085827216262 0.0318676885841065 0.009881422924901186
0 0.5149253731343284 0.6314229249011858 0.003630496167809601 0.003105590062111801
