0 0.14965711980637353 0.2658102766798419 0.012101653892698669 0.012140033879164314
0 0.1619604679306172 0.26538678712591757 0.011698265429608713 0.01129305477131564
0 0.17607906413876562 0.2651044607566347 0.003630496167809601 0.009034443817052512
0 0.18898749495764422 0.2658102766798419 0.01008471157724889 0.010446075663466968
0 0.20875352964905203 0.2663749294184077 0.02218636546994756 0.011575381140598532
0 0.22952803549818476 0.2673630717108978 0.014521984671238403 0.00846979107848673
0 0.2579669221460266 0.2682100508187465 0.00927793465106898 0.0016939582156973462
0 0.28479225494150867 0.26679841897233203 0.015328761597418314 0.011857707509881422
0 0.31040742234772084 0.2682100508187465 0.025413473174667203 0.006775832862789385
0 0.3691004437273094 0.27103331451157536 0.050826946349334406 0.006775832862789385
0 0.40137152077450583 0.2714568040654997 0.012101653892698669 0.006493506493506494
0 0.41206131504638965 0.2672219085262564 0.007664380798709157 0.012140033879164314
0 0.4584509883017346 0.2676453980801807 0.024606696248487294 0.011857707509881422
0 0.47539330375151273 0.26792772444946356 0.006857603872529245 0.010728402032749858
0 0.5145219846712384 0.2715979672501412 0.02218636546994756 0.006775832862789385
0 0.5080677692617991 0.269339356295878 0.0028237192416296895 0.0016939582156973462
0 0.5338846308995563 0.2723037831733484 0.014118596208148447 0.006493506493506494
0 0.5580879386849537 0.27004517221908525 0.033481242436466316 0.009316770186335404
0 0.6044776119402985 0.2715979672501412 0.010891488503428802 0.004517221908526256
0 0.6165792658329972 0.2682100508187465 0.01008471157724889 0.010728402032749858
0 0.6530859217426381 0.2686335403726708 0.011294876966518758 0.01101072840203275
0 0.6682129891085115 0.27103331451157536 0.014118596208148447 0.004517221908526256
0 0.6706333198870512 0.264257481648786 0.0028237192416296895 0.001129305477131564
0 0.6851553045582897 0.2683512140033879 0.01734570391286809 0.008752117447769622
0 0.6895925776522791 0.2627046866177301 0.002016942315449778 0.001411631846414455
0 0.7059298104074223 0.2672219085262564 0.02016942315449778 0.01101072840203275
0 0.745461879790238 0.2663749294184077 0.012101653892698669 0.01101072840203275
0 0.7591770875352964 0.269339356295878 0.01290843081887858 0.006211180124223602
0 0.7789431222267044 0.27004517221908525 0.02501008471157725 0.007058159232072276
0 0.8204921339249698 0.2683512140033879 0.020976200080677694 0.010446075663466968
0 0.8212989108511497 0.26256352343308864 0.0016135538523598225 0.001129305477131564
0 0.8329971762807584 0.2649632975719932 0.003227107704719645 0.001976284584980237
0 0.8338039532069382 0.26990400903444384 0.004840661557079467 0.004517221908526256
0 0.8414683340056475 0.2704686617730096 0.007260992335619202 0.0033879164313946925
0 0.8497377974989915 0.27428006775832864 0.00927793465106898 0.009881422924901186
0 0.15207745058491326 0.3235460191981931 0.02016942315449778 0.011857707509881422
0 0.1672045179507866 0.31634669678147936 0.006857603872529245 0.011575381140598532
0 0.19342476805163372 0.3204404291360813 0.011698265429608713 0.004517221908526256
0 0.2018959257765228 0.31733483907396953 0.006857603872529245 0.010163749294184076
0 0.24263816054860832 0.3177583286278938 0.03428801936264623 0.012704686617730096
0 0.3041549011698265 0.3181818181818182 0.029850746268656716 0.012987012987012988
0 0.30899556272690604 0.314652738565782 0.0016135538523598225 0.0008469791078486731
0 0.3110125050423558 0.31493506493506496 0.0016135538523598225 0.0008469791078486731
0 0.32956837434449376 0.32481648785996614 0.01855586930213796 0.010446075663466968
0 0.34852763210972165 0.32284020327498586 0.017749092375958047 0.005364201016374929
0 0.3608309802339653 0.31945228684359117 0.0028237192416296895 0.008752117447769622
0 0.3935054457442517 0.32185206098249575 0.022993142396127472 0.015245623941276116
0 0.445139169019766 0.32058159232072275 0.033481242436466316 0.013269339356295878
0 0.46974586526825335 0.3219932241671372 0.013311819281968536 0.005364201016374929
0 0.5207745058491328 0.32382834556747603 0.03791851553045583 0.01129305477131564
0 0.5752319483662768 0.32241671372106157 0.03065752319483663 0.006775832862789385
0 0.5881403791851553 0.314652738565782 0.0024203307785397336 0.001976284584980237
0 0.5996369503832191 0.3198757763975155 0.01573215006050827 0.010728402032749858
0 0.6042759177087536 0.3154997176736307 0.004033884630899556 0.004234895539243365
0 0.6149657119806373 0.32086391869000563 0.013311819281968536 0.010446075663466968
0 0.6306978620411456 0.3221343873517787 0.014925373134328358 0.003952569169960474
0 0.635538523598225 0.3169113495200452 0.0028237192416296895 0.001976284584980237
0 0.6415893505445744 0.32269904009034445 0.004437273093989512 0.006775832862789385
0 0.6520774505849133 0.3197346132128741 0.014118596208148447 0.012140033879164314
0 0.6958450988301734 0.3245341614906832 0.01371520774505849 0.006493506493506494
0 0.7158128277531263 0.32185206098249575 0.024606696248487294 0.009034443817052512
0 0.7061315046389673 0.3166290231507623 0.0012101653892698668 0.0008469791078486731
0 0.7601855586930214 0.32396950875211744 0.018959257765227916 0.005928853754940711
0 0.7835820895522388 0.3245341614906832 0.018959257765227916 0.007622811970638058
0 0.8021379588543768 0.32142857142857145 0.014118596208148447 0.009316770186335404
0 0.14925373134328357 0.3675889328063241 0.020976200080677694 0.012422360248447204
0 0.17668414683340056 0.3697063805759458 0.03227107704719645 0.006493506493506494
0 0.2073416700282372 0.3705533596837945 0.026623638563937072 0.01383399209486166
0 0.2519160951996773 0.371682665160926 0.012505042355788625 0.004799548277809147
0 0.26522791448164584 0.36984754376058726 0.013311819281968536 0.002258610954263128
0 0.28035498184751917 0.36702428006775834 0.015328761597418314 0.010163749294184076
0 0.3237192416296894 0.3675889328063241 0.014118596208148447 0.01129305477131564
0 0.3380395320693828 0.37027103331451156 0.01290843081887858 0.005364201016374929
0 0.34933440903590157 0.3709768492377188 0.009681323114158934 0.004517221908526256
0 0.36062928600242034 0.36984754376058726 0.011294876966518758 0.009034443817052512
0 0.37152077450584914 0.37210615471485037 0.010488100040338847 0.005081874647092038
0 0.3914885034288019 0.3709768492377188 0.02702702702702703 0.00564652738565782
0 0.40923759580476 0.3715415019762846 0.004437273093989512 0.00564652738565782
0 0.4169019766034691 0.3684359119141728 0.003630496167809601 0.010728402032749858
0 0.427390076643808 0.3739412761151892 0.014118596208148447 0.009881422924901186
0 0.463896732553449 0.370412196499153 0.011294876966518758 0.010728402032749858
0 0.4762000806776926 0.37267080745341613 0.006857603872529245 0.005081874647092038
0 0.481645824929407 0.3719649915302089 0.0016135538523598225 0.001976284584980237
0 0.49173053650665594 0.37295313382269907 0.017749092375958047 0.0033879164313946925
0 0.5066559096409843 0.37111801242236025 0.009681323114158934 0.009316770186335404
0 0.5189592577652279 0.3738001129305477 0.00927793465106898 0.00564652738565782
0 0.5288422751109318 0.3740824392998306 0.004840661557079467 0.00282326369282891
0 0.5373134328358209 0.37012987012987014 0.012101653892698669 0.009599096555618294
0 0.5808793868495361 0.3697063805759458 0.02016942315449778 0.010446075663466968
0 0.5972166196046793 0.3728119706380576 0.01008471157724889 0.002540937323546019
0 0.6151674062121824 0.3705533596837945 0.024203307785397338 0.009316770186335404
0 0.6258572004840661 0.3705533596837945 0.002016942315449778 0.001976284584980237
0 0.6343283582089553 0.3728119706380576 0.010891488503428802 0.003105590062111801
0 0.6298910851149657 0.37140033879164314 0.0012101653892698668 0.0008469791078486731
0 0.6678096006454215 0.3747882552230378 0.01008471157724889 0.006493506493506494
0 0.6895925776522791 0.3709768492377188 0.02944735780556676 0.009034443817052512
0 0.7511093182734974 0.3718238283455675 0.04437273093989512 0.01355166572557877
0 0.800121016538927 0.370412196499153 0.010891488503428802 0.010163749294184076
0 0.8166599435256152 0.3718238283455675 0.01573215006050827 0.0033879164313946925
0 0.8212989108511497 0.36617730095990964 0.003227107704719645 0.0016939582156973462
0 0.8329971762807584 0.36984754376058726 0.015328761597418314 0.007905138339920948
0 0.8390480032271077 0.36702428006775834 0.0016135538523598225 0.00282326369282891
0 0.8459056070996369 0.37224731789949184 0.003227107704719645 0.004234895539243365
0 0.8559903186768858 0.3695652173913043 0.01290843081887858 0.010728402032749858
0 0.15046389673255345 0.41967814793901753 0.02016942315449778 0.005928853754940711
0 0.1563130294473578 0.4117730095990966 0.003630496167809601 0.001976284584980237
0 0.16962484872932634 0.41643139469226426 0.013311819281968536 0.01129305477131564
0 0.1736587333602259 0.4126199887069452 0.002016942315449778 0.001411631846414455
0 0.1897942718838241 0.41953698475437606 0.022993142396127472 0.00564652738565782
0 0.2101653892698669 0.42193675889328064 0.0024203307785397336 0.001411631846414455
0 0.26099233561920127 0.41981931112365894 0.012101653892698669 0.01355166572557877
0 0.28075837031060913 0.4193958215697346 0.023396530859217425 0.011575381140598532
0 0.299919322307382 0.4191134952004517 0.012505042355788625 0.009316770186335404
0 0.31242436466317064 0.41883116883116883 0.010891488503428802 0.007622811970638058
0 0.3253327954820492 0.41854884246188595 0.012505042355788625 0.00818746470920384
0 0.3402581686163776 0.4205251270468662 0.008471157724889069 0.001411631846414455
0 0.3743444937474788 0.41798418972332013 0.01855586930213796 0.011575381140598532
0 0.39854780153287617 0.42193675889328064 0.023396530859217425 0.005364201016374929
0 0.44392900363049614 0.42391304347826086 0.0318676885841065 0.005928853754940711
0 0.491327148043566 0.4202428006775833 0.02581686163775716 0.011575381140598532
0 0.5106897942718839 0.4246188594014681 0.00645421540943929 0.0016939582156973462
0 0.5256151674062122 0.4227837380011293 0.01371520774505849 0.00818746470920384
0 0.5391286809197257 0.42207792207792205 0.0052440500201694235 0.009034443817052512
0 0.5488100040338846 0.4277244494635799 0.010891488503428802 0.009034443817052512
0 0.5873336022589754 0.4257481648785997 0.016942315449778138 0.006211180124223602
0 0.6020572811617588 0.4256070016939582 0.010891488503428802 0.0036702428006775835
0 0.6198063735377168 0.4257481648785997 0.019766034691407825 0.005081874647092038
0 0.6286809197256958 0.41967814793901753 0.003630496167809601 0.001411631846414455
0 0.6421944332392093 0.4244776962168266 0.02016942315449778 0.005928853754940711
0 0.690399354578459 0.42320722755505363 0.03509479628882614 0.012422360248447204
0 0.7611940298507462 0.4212309429700734 0.05808793868495361 0.012987012987012988
0 0.8249294070189592 0.4243365330321852 0.02743041549011698 0.00564652738565782
0 0.15449778136345302 0.47162619988706944 0.024203307785397338 0.005928853754940711
0 0.17103670835014118 0.46950875211744775 0.008067769261799113 0.010163749294184076
0 0.20169423154497781 0.47289666854884244 0.012101653892698669 0.0033879164313946925
0 0.22186365469947558 0.46922642574816487 0.02581686163775716 0.009599096555618294
0 0.2527228721258572 0.47219085262563526 0.02864058087938685 0.004234895539243365
0 0.27732956837434447 0.46922642574816487 0.014118596208148447 0.009034443817052512
0 0.2900363049616781 0.47571993224167136 0.003227107704719645 0.0016939582156973462
0 0.2991125453812021 0.4767080745341615 0.0012101653892698668 0.0008469791078486731
0 0.30032271077047196 0.47656691134952006 0.0012101653892698668 0.001129305477131564
0 0.3055667607906414 0.4762845849802372 0.002016942315449778 0.001129305477131564
0 0.3172650262202501 0.4764257481648786 0.002016942315449778 0.0008469791078486731
0 0.36587333602258976 0.4712027103331451 0.01936264622831787 0.011857707509881422
0 0.38886647841871724 0.4710615471485037 0.029850746268656716 0.012140033879164314
0 0.44352561516740624 0.47360248447204967 0.02944735780556676 0.01101072840203275
0 0.4673255344897136 0.47586109542631283 0.01653892698668818 0.006493506493506494
0 0.48204921339249696 0.47939017504234893 0.007260992335619202 0.007340485601355167
0 0.5062525211778943 0.46852060982495763 0.0016135538523598225 0.0008469791078486731
0 0.5074626865671642 0.474025974025974 0.003227107704719645 0.007340485601355167
0 0.5189592577652279 0.47459062676453984 0.014925373134328358 0.005081874647092038
0 0.5667607906413876 0.4719085262563523 0.035498184751916094 0.01101072840203275
0 0.5893505445744252 0.47007340485601357 0.004840661557079467 0.00846979107848673
0 0.6151674062121824 0.47134387351778656 0.008067769261799113 0.01101072840203275
0 0.6468334005647438 0.47444946357989837 0.06010488100040339 0.007058159232072276
0 0.6863654699475595 0.48009599096555616 0.013311819281968536 0.011575381140598532
0 0.7035094796288827 0.48306041784302656 0.005647438483259379 0.005081874647092038
0 0.7353771682129892 0.47289666854884244 0.020976200080677694 0.009599096555618294
0 0.7668414683340057 0.47586109542631283 0.03307785397337636 0.016092603049124788
0 0.8051633723275514 0.47473178994918125 0.008874546187979023 0.004234895539243365
0 0.817870108914885 0.4748729531338227 0.010891488503428802 0.00564652738565782
0 0.8301734570391287 0.4751552795031056 0.016135538523598225 0.004517221908526256
0 0.8430818878580073 0.4748729531338227 0.007260992335619202 0.0033879164313946925
0 0.8469140782573619 0.47939017504234893 0.011698265429608713 0.009599096555618294
0 0.8628479225494151 0.4767080745341615 0.007260992335619202 0.005928853754940711
0 0.8795885437676483 0.47699040090344436 0.02218636546994756 0.005928853754940711
0 0.8892698668818072 0.4709203839638622 0.0028237192416296895 0.00282326369282891
0 0.8979427188382412 0.47656691134952006 0.007260992335619202 0.00564652738565782
0 0.1438079870915692 0.5214568040654998 0.010891488503428802 0.006775832862789385
0 0.15691811214199275 0.5248447204968945 0.011294876966518758 0.012987012987012988
0 0.17386042759177087 0.5215979672501412 0.020976200080677694 0.00818746470920384
0 0.2428398547801533 0.5213156408808582 0.050826946349334406 0.01383399209486166
0 0.3100040338846309 0.5206098249576511 0.026220250100847116 0.010728402032749858
0 0.32654296087131907 0.5235742518351214 0.0060508269463493344 0.005364201016374929
0 0.35720048406615573 0.5238565782044043 0.008471157724889069 0.005364201016374929
0 0.36789027833803956 0.5283738001129306 0.00645421540943929 0.011575381140598532
0 0.39007664380798707 0.5275268210050819 0.028237192416296894 0.009881422924901186
0 0.4318273497377975 0.525691699604743 0.00927793465106898 0.0033879164313946925
0 0.44251714400968134 0.5273856578204404 0.008874546187979023 0.010163749294184076
0 0.4745865268253328 0.5248447204968945 0.013311819281968536 0.005081874647092038
0 0.509883017345704 0.5245623941276115 0.01371520774505849 0.005081874647092038
0 0.5244050020169423 0.5278091473743648 0.02016942315449778 0.010446075663466968
0 0.5510286405808794 0.5213156408808582 0.029043969342476807 0.010446075663466968
0 0.6171843485276322 0.5295031055900621 0.053247277127874144 0.009881422924901186
0 0.6829366680112948 0.5239977413890458 0.03227107704719645 0.011857707509881422
0 0.7299314239612748 0.5210333145115754 0.01008471157724889 0.010446075663466968
0 0.7408229124647036 0.5287972896668549 0.010891488503428802 0.010728402032749858
0 0.7843888664784188 0.5237154150197628 0.02379991932230738 0.015245623941276116
0 0.8162565550625253 0.5254093732354602 0.0326744655102864 0.003952569169960474
0 0.8574021782977007 0.5227272727272727 0.018959257765227916 0.012704686617730096
0 0.8695038321903994 0.5252682100508187 0.01008471157724889 0.006493506493506494
0 0.8816054860830981 0.5262563523433089 0.014118596208148447 0.007905138339920948
0 0.8894715611133521 0.5220214568040655 0.004033884630899556 0.003952569169960474
0 0.1772892295280355 0.573828345567476 0.07220653489310205 0.014963297571993224
0 0.24142799515933844 0.5736871823828346 0.012505042355788625 0.005081874647092038
0 0.25433642597821704 0.5741106719367589 0.011698265429608713 0.002540937323546019
0 0.2692617991125454 0.5708639186900056 0.014118596208148447 0.009034443817052512
0 0.3071803146430012 0.5749576510446076 0.00927793465106898 0.006493506493506494
0 0.3225090762404195 0.573828345567476 0.01653892698668818 0.014963297571993224
0 0.32855990318676886 0.5688876341050254 0.003630496167809601 0.0033879164313946925
0 0.34630899556272693 0.5746753246753247 0.026220250100847116 0.005928853754940711
0 0.3618394513916902 0.5746753246753247 0.005647438483259379 0.005928853754940711
0 0.37051230334812424 0.5753811405985318 0.0028237192416296895 0.002258610954263128
