0 0.16841468334005646 0.22416713721061546 0.033481242436466316 0.020327498588368152
0 0.23336022589753933 0.2236024844720497 0.05203711173860428 0.020327498588368152
0 0.2626058894715611 0.22106154714850368 0.010488100040338847 0.007340485601355167
0 0.29144816458249295 0.22571993224167136 0.05203711173860428 0.017786561264822136
0 0.372932634126664 0.2264257481648786 0.07139975796692215 0.020327498588368152
0 0.4281968535699879 0.23715415019762845 0.003630496167809601 0.009034443817052512
0 0.44937474788221055 0.23094297007340486 0.017749092375958047 0.012422360248447204
0 0.49697458652682536 0.2267080745341615 0.07180314643001211 0.019762845849802372
0 0.5776522791448164 0.23037831733483907 0.04759983864461476 0.011857707509881422
0 0.6653892698668818 0.2300959909655562 0.07220653489310205 0.012422360248447204
0 0.7303348124243647 0.23037831733483907 0.003630496167809601 0.010163749294184076
0 0.7351754739814441 0.2236024844720497 0.003630496167809601 0.004517221908526256
0 0.7468737394110528 0.23080180688876342 0.018152480839048003 0.010446075663466968
0 0.8071803146430012 0.22628458498023715 0.055667607906413875 0.022303783173348392
0 0.1791044776119403 0.2745623941276115 0.05405405405405406 0.021739130434782608
0 0.24041952400161357 0.2816205533596838 0.060508269463493344 0.014398644833427442
0 0.3029447357805567 0.2779503105590062 0.014521984671238403 0.017221908526256352
0 0.3565954013715208 0.275974025974026 0.08713190802743041 0.026256352343308864
0 0.4173053650665591 0.2855731225296443 0.003630496167809601 0.01101072840203275
0 0.4489713594191206 0.2816205533596838 0.04195240016135539 0.015527950310559006
0 0.5393303751512707 0.277244494635799 0.09762000806776926 0.02710333145115754
0 0.6292860024203307 0.283596837944664 0.03065752319483663 0.012140033879164314
0 0.6524808390480032 0.2821852060982496 0.012505042355788625 0.017786561264822136
0 0.7008874546187979 0.28077357425183513 0.0318676885841065 0.020045172219085264
0 0.7789431222267044 0.2787972896668549 0.06938281565147236 0.021739130434782608
0 0.8424768051633723 0.2790796160361378 0.02379991932230738 0.01948051948051948
0 0.172851956434046 0.32806324110671936 0.06010488100040339 0.040654997176736304
0 0.2507059298104074 0.3359683794466403 0.04881000403388463 0.02258610954263128
0 0.3293666801129488 0.32820440429136083 0.07059298104074223 0.03077357425183512
0 0.3983461073013312 0.33018068887634106 0.008471157724889069 0.016092603049124788
0 0.41306978620411455 0.33258046301524563 0.01936264622831787 0.012422360248447204
0 0.43283582089552236 0.33032185206098247 0.01936264622831787 0.018633540372670808
0 0.49737797498991526 0.32933370976849236 0.08955223880597014 0.020609824957651044
0 0.5576845502218637 0.3315923207227555 0.0318676885841065 0.011575381140598532
0 0.5766438079870916 0.32495765104460755 0.004437273093989512 0.004517221908526256
0 0.5954013715207745 0.3337097684923772 0.02581686163775716 0.009034443817052512
0 0.6105284388866479 0.3245341614906832 0.004437273093989512 0.006493506493506494
0 0.6292860024203307 0.338085827216262 0.029850746268656716 0.020609824957651044
0 0.6472367890278338 0.32622811970638055 0.007664380798709157 0.005364201016374929
0 0.6827349737797499 0.3338509316770186 0.0052440500201694235 0.009881422924901186
0 0.6875756353368294 0.32891022021456806 0.004437273093989512 0.005081874647092038
0 0.709156918112142 0.32891022021456806 0.03227107704719645 0.0220214568040655
0 0.77269060104881 0.32919254658385094 0.0391286809197257 0.029361942405420668
0 0.8317870108914885 0.3298983625070582 0.07745058491327148 0.023997741389045736
0 0.8315853166599435 0.320016939582157 0.002016942315449778 0.001411631846414455
0 0.13937071399757966 0.3687182382834557 0.0028237192416296895 0.012422360248447204
0 0.14421137555465913 0.37012987012987014 0.0052440500201694235 0.012422360248447204
0 0.17325534489713595 0.37634105025409376 0.043162565550625254 0.018633540372670808
0 0.25010084711577246 0.37972896668548844 0.0500201694231545 0.015245623941276116
0 0.33299717628075837 0.37775268210050816 0.06494554255748286 0.02258610954263128
0 0.4407018959257765 0.37634105025409376 0.08672851956434045 0.023715415019762844
0 0.5433642597821702 0.37676453980801805 0.06615570794675273 0.028514963297571992
0 0.6175877369907221 0.38114059853190285 0.03711173860427592 0.01355166572557877
0 0.6415893505445744 0.3752117447769622 0.007664380798709157 0.004517221908526256
0 0.664179104477612 0.37789384528514963 0.04477611940298507 0.021739130434782608
0 0.6895925776522791 0.3746470920383964 0.003630496167809601 0.003952569169960474
0 0.7012908430818878 0.38438735177865613 0.020572811617587738 0.01101072840203275
0 0.7327551432029044 0.37704686617730093 0.00927793465106898 0.010446075663466968
0 0.7438483259378782 0.3922924901185771 0.004840661557079467 0.009316770186335404
0 0.7789431222267044 0.3793054771315641 0.03065752319483663 0.022303783173348392
0 0.8420734167002824 0.38114059853190285 0.05445744251714401 0.017504234895539244
0 0.8717224687373941 0.37662337662337664 0.004840661557079467 0.004517221908526256
0 0.8872529245663574 0.3805759457933371 0.020572811617587738 0.015245623941276116
0 0.899959661153691 0.38961038961038963 0.00645421540943929 0.003952569169960474
0 0.1607503025413473 0.4246188594014681 0.03993545784590561 0.018633540372670808
0 0.1897942718838241 0.4323828345567476 0.004437273093989512 0.004234895539243365
0 0.22327551432029044 0.42814793901750425 0.01734570391286809 0.014963297571993224
0 0.24162968939088342 0.4302653867871259 0.016942315449778138 0.01355166572557877
0 0.26321097216619604 0.4311123658949746 0.018152480839048003 0.014116318464144552
0 0.2855990318676886 0.43054771315640883 0.020976200080677694 0.01129305477131564
0 0.30032271077047196 0.423630717108978 0.003630496167809601 0.0036702428006775835
0 0.300121016538927 0.43266516092603047 0.003227107704719645 0.00818746470920384
0 0.33662767244856795 0.42617165443252397 0.058491327148043566 0.021739130434782608
0 0.44372730939895116 0.4292772444946358 0.09600645421540945 0.022868435911914172
0 0.5306575231948366 0.43252399774138905 0.033481242436466316 0.012987012987012988
0 0.5492133924969745 0.42603049124788256 0.003630496167809601 0.00282326369282891
0 0.5693828156514724 0.42941840767927725 0.03751512706736587 0.019198193111236588
0 0.627672448567971 0.4288537549407115 0.05808793868495361 0.020892151326933936
0 0.718031464300121 0.4321005081874647 0.055667607906413875 0.01383399209486166
0 0.7492940701895926 0.42603049124788256 0.004437273093989512 0.00564652738565782
0 0.7611940298507462 0.4339356295878035 0.01936264622831787 0.012987012987012988
0 0.8118192819685357 0.4332298136645963 0.0391286809197257 0.029644268774703556
0 0.8428801936264623 0.4323828345567476 0.01653892698668818 0.016092603049124788
0 0.872730939895119 0.4311123658949746 0.03670835014118596 0.019762845849802372
0 0.8969342476805163 0.42871259175607 0.003630496167809601 0.005364201016374929
0 0.9130697862041146 0.4352060982495765 0.03509479628882614 0.01383399209486166
0 0.16438079870915692 0.481931112365895 0.04800322710770472 0.019198193111236588
0 0.191004437273094 0.475296442687747 0.0052440500201694235 0.004234895539243365
0 0.21803146430012102 0.48122529644268774 0.056070996369503835 0.020609824957651044
0 0.2898346107301331 0.48404856013551667 0.03670835014118596 0.03077357425183512
0 0.3499394917305365 0.47374364765669114 0.02379991932230738 0.004517221908526256
0 0.34872932634126663 0.4823546019198193 0.0052440500201694235 0.015527950310559006
0 0.3642597821702299 0.4860248447204969 0.017749092375958047 0.012140033879164314
0 0.3924969745865268 0.4915302089215133 0.03469140782573618 0.024280067758328628
0 0.46994755949979833 0.48320158102766797 0.045986284792254944 0.014963297571993224
0 0.4955627269060105 0.4784020327498588 0.008471157724889069 0.004799548277809147
0 0.509479628882614 0.4813664596273292 0.020976200080677694 0.020327498588368152
0 0.5248083904800322 0.4767080745341615 0.004033884630899556 0.004234895539243365
0 0.5445744251714401 0.484472049689441 0.03630496167809601 0.012422360248447204
0 0.5766438079870916 0.48856578204404294 0.0052440500201694235 0.003105590062111801
0 0.6401774909237595 0.4798136645962733 0.04356595401371521 0.0189158667419537
0 0.6680112948769665 0.4880011293054771 0.005647438483259379 0.003105590062111801
0 0.7125857200484066 0.48009599096555616 0.03751512706736587 0.018351214003387916
0 0.7609923356192013 0.4798136645962733 0.04800322710770472 0.01948051948051948
0 0.8055667607906414 0.4891304347826087 0.035498184751916094 0.021174477696216828
0 0.9054054054054054 0.4826369282891022 0.07704719645018153 0.018351214003387916
0 0.9477611940298507 0.4953416149068323 0.006857603872529245 0.011575381140598532
0 0.17587736990722067 0.5293619424054207 0.05970149253731343 0.023715415019762844
0 0.28862444534086323 0.5304912478825522 0.11415893505445744 0.020892151326933936
0 0.3838241226300928 0.5343026538678712 0.014925373134328358 0.012140033879164314
0 0.43929003630496166 0.5338791643139469 0.024203307785397338 0.01637492941840768
0 0.49213392496974584 0.5344438170525128 0.07341670028237192 0.015245623941276116
0 0.5832997176280759 0.5338791643139469 0.033884630899556276 0.012422360248447204
0 0.6407825736183945 0.5300677583286278 0.043969342476805166 0.020609824957651044
0 0.6688180718031465 0.5347261434217956 0.004033884630899556 0.007340485601355167
0 0.6756756756756757 0.5255505364201016 0.004033884630899556 0.005364201016374929
0 0.6843485276321097 0.5331733483907397 0.018152480839048003 0.01383399209486166
0 0.7422347720855184 0.5313382269904009 0.050826946349334406 0.02766798418972332
0 0.7791448164582493 0.5335968379446641 0.020572811617587738 0.012422360248447204
0 0.8025413473174667 0.5319028797289667 0.02379991932230738 0.014680971202710334
0 0.8691004437273094 0.536420101637493 0.03670835014118596 0.012422360248447204
0 0.15752319483662766 0.5804630152456239 0.025413473174667203 0.019762845849802372
0 0.18576038725292457 0.5838509316770186 0.0318676885841065 0.01355166572557877
0 0.21924162968939087 0.5789102202145681 0.026220250100847116 0.01948051948051948
0 0.24667204517950786 0.5883681535855448 0.031060911657926585 0.026538678712591756
0 0.2991125453812021 0.5909090909090909 0.006857603872529245 0.009599096555618294
0 0.34328358208955223 0.5804630152456239 0.05647438483259379 0.023715415019762844
0 0.38483259378781765 0.5820158102766798 0.017749092375958047 0.018351214003387916
0 0.42759177087535294 0.5859683794466403 0.02016942315449778 0.007622811970638058
0 0.44776119402985076 0.584274421230943 0.016942315449778138 0.026256352343308864
0 0.4935457845905607 0.5852625635234331 0.020572811617587738 0.01355166572557877
0 0.5621218233158531 0.581451157538114 0.06010488100040339 0.029079616036137776
0 0.5945945945945946 0.5774985883681536 0.004033884630899556 0.0036702428006775835
0 0.6054860830980234 0.5808865047995483 0.016135538523598225 0.0189158667419537
0 0.6165792658329972 0.5774985883681536 0.003630496167809601 0.004234895539243365
0 0.63654699475595 0.5848390739695087 0.028237192416296894 0.011575381140598532
0 0.7434449374747882 0.5804630152456239 0.11133521581282775 0.023150762281197064
0 0.8190802743041549 0.5827216261998871 0.02379991932230738 0.015245623941276116
0 0.8717224687373941 0.5793337097684924 0.01936264622831787 0.024844720496894408
0 0.8886647841871722 0.5777809147374364 0.003227107704719645 0.005364201016374929
0 0.9011698265429609 0.5821569734613213 0.02016942315449778 0.017504234895539244
0 0.9195240016135539 0.5825804630152456 0.019766034691407825 0.016092603049124788
0 0.945542557482856 0.585544889892716 0.033884630899556276 0.012987012987012988
0 0.18495361032674465 0.6260587238848109 0.06413876563130294 0.025691699604743084
0 0.21863654699475596 0.6238001129305477 0.004033884630899556 0.0036702428006775835
0 0.2392093586123437 0.6285996612083569 0.03469140782573618 0.016657255787690572
0 0.3108108108108108 0.629305477131564 0.056070996369503835 0.020892151326933936
0 0.43707139975796694 0.6353754940711462 0.12141992739007665 0.032467532467532464
0 0.5157321500605083 0.633399209486166 0.02379991932230738 0.018351214003387916
0 0.5744251714400969 0.6312817617165444 0.05163372327551432 0.020892151326933936
0 0.6609519967728923 0.6332580463015246 0.0681726502622025 0.019198193111236588
0 0.7109721661960468 0.6362224731789949 0.020572811617587738 0.013269339356295878
0 0.7343686970552642 0.6273291925465838 0.0052440500201694235 0.012422360248447204
0 0.8021379588543768 0.6301524562394127 0.06978620411456232 0.024844720496894408
0 0.8398547801532876 0.6297289666854884 0.003227107704719645 0.005364201016374929
0 0.8553852359822509 0.6362224731789949 0.018152480839048003 0.011575381140598532
0 0.8795885437676483 0.6401750423489554 0.0060508269463493344 0.004799548277809147
