0 0.16317063331988704 0.21964991530208922 0.0326744655102864 0.029926595143986448
0 0.21964501815248083 0.22106154714850368 0.03428801936264623 0.009599096555618294
0 0.2942718838241226 0.22910784867306608 0.04477611940298507 0.022868435911914172
0 0.2779346510689794 0.20948616600790515 0.0024203307785397336 0.002258610954263128
0 0.33098023396530857 0.22233201581027667 0.027833803953206938 0.009316770186335404
0 0.32956837434449376 0.2137210615471485 0.004033884630899556 0.0016939582156973462
0 0.3666801129487697 0.22063805759457933 0.03953206938281565 0.020609824957651044
0 0.4431222267043163 0.22275550536420102 0.0536506655909641 0.01693958215697346
0 0.5653489310205728 0.2217673630717109 0.13594191206131503 0.01948051948051948
0 0.6801129487696652 0.2217673630717109 0.03953206938281565 0.020045172219085264
0 0.7583703106091165 0.22063805759457933 0.10165389269866881 0.0189158667419537
0 0.8148446954417103 0.23517786561264822 0.003227107704719645 0.007905138339920948
0 0.8567970956030657 0.22713156408808582 0.04195240016135539 0.009316770186335404
0 0.8832190399354578 0.22586109542631283 0.01008471157724889 0.007905138339920948
0 0.1734570391286809 0.2720214568040655 0.045986284792254944 0.032467532467532464
0 0.21218233158531666 0.2670807453416149 0.021782977006857603 0.014680971202710334
0 0.27289229528035497 0.269339356295878 0.040742234772085516 0.012422360248447204
0 0.3051633723275514 0.2676453980801807 0.014925373134328358 0.01693958215697346
0 0.32573618394513915 0.2713156408808583 0.02379991932230738 0.010728402032749858
0 0.33682936668011293 0.2649632975719932 0.004033884630899556 0.0036702428006775835
0 0.3795885437676482 0.2689158667419537 0.07583703106091166 0.016657255787690572
0 0.38886647841871724 0.2639751552795031 0.003227107704719645 0.0016939582156973462
0 0.4979830576845502 0.27188029361942406 0.09076240419524001 0.014116318464144552
0 0.4540137152077451 0.2696216826651609 0.002016942315449778 0.0016939582156973462
0 0.5574828559903187 0.27032749858836813 0.02016942315449778 0.015527950310559006
0 0.600847115772489 0.2780914737436477 0.01008471157724889 0.021456804065499716
0 0.6175877369907221 0.2748447204968944 0.008067769261799113 0.012140033879164314
0 0.6885841064945543 0.28402032749858835 0.1290843081887858 0.03162055335968379
0 0.7206534893102057 0.2707509881422925 0.0012101653892698668 0.001129305477131564
0 0.7987091569181122 0.27555053642010163 0.03307785397337636 0.014116318464144552
0 0.2029043969342477 0.32608695652173914 0.11133521581282775 0.029361942405420668
0 0.2680516337232755 0.32128740824393 0.019766034691407825 0.015245623941276116
0 0.3382412263009278 0.32891022021456806 0.05687777329568374 0.025974025974025976
0 0.38967325534489716 0.3234048560135517 0.01936264622831787 0.007058159232072276
0 0.4933440903590157 0.3266516092603049 0.1306978620411456 0.025974025974025976
0 0.6020572811617588 0.3255223037831734 0.04154901169826543 0.02766798418972332
0 0.6708350141185963 0.3221343873517787 0.04356595401371521 0.015810276679841896
0 0.72730939895119 0.326369282891022 0.0790641387656313 0.030491247882552232
0 0.7075433642597821 0.31535855448898925 0.005647438483259379 0.002258610954263128
0 0.7977006857603872 0.33173348390739693 0.004437273093989512 0.007340485601355167
0 0.8049616780960065 0.3310276679841897 0.0028237192416296895 0.007058159232072276
0 0.8354175070592981 0.3222755505364201 0.03307785397337636 0.021174477696216828
0 0.8695038321903994 0.3243929983060418 0.03670835014118596 0.019762845849802372
0 0.17587736990722067 0.36900056465273856 0.08229124647035095 0.018068887634105024
0 0.1754739814441307 0.3634952004517222 0.004033884630899556 0.0008469791078486731
0 0.2583703106091166 0.3728119706380576 0.04881000403388463 0.01101072840203275
0 0.3065752319483663 0.3738001129305477 0.042759177087535294 0.010163749294184076
0 0.3666801129487697 0.3753529079616036 0.024203307785397338 0.009881422924901186
0 0.4189189189189189 0.3747882552230378 0.02944735780556676 0.012140033879164314
0 0.42860024203307784 0.36801242236024845 0.003630496167809601 0.001411631846414455
0 0.4526018555869302 0.3747882552230378 0.029850746268656716 0.01101072840203275
0 0.5076643807987091 0.3761998870694523 0.018152480839048003 0.007058159232072276
0 0.5266236385639371 0.3753529079616036 0.018959257765227916 0.01101072840203275
0 0.5221863654699476 0.36885940146809715 0.0060508269463493344 0.003105590062111801
0 0.5800726099233562 0.3738001129305477 0.05486083098023396 0.01693958215697346
0 0.6772892295280355 0.37238848108413325 0.07583703106091166 0.01637492941840768
0 0.6462283178701089 0.37111801242236025 0.004033884630899556 0.0008469791078486731
0 0.7525211778943123 0.3753529079616036 0.03428801936264623 0.029079616036137776
0 0.8428801936264623 0.3814229249011858 0.08753529649052037 0.034443817052512704
0 0.8073820088745461 0.3675889328063241 0.002016942315449778 0.0016939582156973462
0 0.8931020572811618 0.38311688311688313 0.0024203307785397336 0.0016939582156973462
0 0.8969342476805163 0.36307171089779783 0.0052440500201694235 0.00846979107848673
0 0.9033884630899556 0.3634952004517222 0.003630496167809601 0.007058159232072276
0 0.14965711980637353 0.41967814793901753 0.023396530859217425 0.017221908526256352
0 0.13957240822912464 0.4199604743083004 0.003227107704719645 0.014398644833427442
0 0.17507059298104075 0.4193958215697346 0.021782977006857603 0.012704686617730096
0 0.200080677692618 0.4184076792772445 0.02016942315449778 0.014116318464144552
0 0.2505042355788624 0.4212309429700734 0.07583703106091166 0.01693958215697346
0 0.3009277934651069 0.4225014116318464 0.02743041549011698 0.01383399209486166
0 0.3011294876966519 0.42320722755505363 0.020572811617587738 0.002258610954263128
0 0.35498184751916095 0.42377188029361945 0.03146430012101654 0.009034443817052512
0 0.40661557079467525 0.42405420666290233 0.015328761597418314 0.010163749294184076
0 0.4263816054860831 0.424901185770751 0.020976200080677694 0.009599096555618294
0 0.46853569987898347 0.42264257481648787 0.022993142396127472 0.018068887634105024
0 0.4925373134328358 0.4265951439864483 0.020976200080677694 0.00846979107848673
0 0.5647438483259378 0.43040654997176736 0.1218233158531666 0.03190287972896669
0 0.5663574021782977 0.4222190852625635 0.0016135538523598225 0.001411631846414455
0 0.655304558289633 0.42165443252399776 0.02702702702702703 0.021174477696216828
0 0.6784993949173054 0.42320722755505363 0.020976200080677694 0.01355166572557877
0 0.699273900766438 0.4243365330321852 0.019766034691407825 0.01637492941840768
0 0.7587736990722065 0.42617165443252397 0.050826946349334406 0.01101072840203275
0 0.13533682936668012 0.47261434217955955 0.014925373134328358 0.012422360248447204
0 0.21198063735377168 0.47967250141163187 0.13916901976603469 0.03387916431394692
0 0.24304154901169828 0.4666854884246189 0.007664380798709157 0.00282326369282891
0 0.3555869302137959 0.47289666854884244 0.07624041952400161 0.010728402032749858
0 0.436668011294877 0.4743083003952569 0.04235578862444534 0.010728402032749858
0 0.508471157724889 0.4712027103331451 0.04961678096006454 0.01693958215697346
0 0.5762404195240016 0.4751552795031056 0.014118596208148447 0.01129305477131564
0 0.5980233965308592 0.47374364765669114 0.022993142396127472 0.010163749294184076
0 0.6520774505849133 0.474025974025974 0.08430818878580072 0.01129305477131564
0 0.7539330375151271 0.46950875211744775 0.06696248487293263 0.01693958215697346
0 0.7862041145623235 0.46823828345567475 0.004033884630899556 0.002540937323546019
0 0.7987091569181122 0.47247317899491814 0.02016942315449778 0.014398644833427442
0 0.8384429205324728 0.48348390739695085 0.05929810407422348 0.027950310559006212
0 0.13533682936668012 0.5215979672501412 0.011698265429608713 0.014398644833427442
0 0.17063331988705124 0.5210333145115754 0.0500201694231545 0.009316770186335404
0 0.22569584509883017 0.5213156408808582 0.0609116579265833 0.012140033879164314
0 0.3317870108914885 0.5228684359119141 0.09883017345703912 0.01129305477131564
0 0.38684953610326744 0.5227272727272727 0.01855586930213796 0.010446075663466968
0 0.38241226300927794 0.525691699604743 0.0016135538523598225 0.001129305477131564
0 0.44695441710367084 0.5221626199887069 0.0572811617587737 0.015527950310559006
0 0.4354578459056071 0.5152456239412762 0.011698265429608713 0.0016939582156973462
0 0.4834610730133118 0.5255505364201016 0.018152480839048003 0.01101072840203275
0 0.536103267446551 0.5224449463579899 0.04195240016135539 0.01383399209486166
0 0.5651472367890278 0.5299265951439864 0.01936264622831787 0.02258610954263128
0 0.6175877369907221 0.5307735742518351 0.03791851553045583 0.021456804065499716
0 0.654296087131908 0.5263975155279503 0.03227107704719645 0.009881422924901186
0 0.6797095603065753 0.5311970638057595 0.003227107704719645 0.001976284584980237
0 0.1498588140379185 0.5698757763975155 0.031060911657926585 0.016657255787690572
0 0.17668414683340056 0.5731225296442688 0.021782977006857603 0.012987012987012988
0 0.24304154901169828 0.5718520609824957 0.06655909640984267 0.018351214003387916
0 0.33420734167002825 0.5743929983060417 0.056070996369503835 0.01101072840203275
0 0.42496974586526826 0.577922077922078 0.04235578862444534 0.02766798418972332
0 0.5649455425574829 0.5752399774138904 0.1617587736990722 0.035290796160361376
0 0.4899152884227511 0.5748164878599661 0.0052440500201694235 0.003952569169960474
0 0.6764824526018556 0.5739695087521175 0.022589753933037516 0.023150762281197064
0 0.7240822912464704 0.5739695087521175 0.07503025413473174 0.018633540372670808
0 0.809600645421541 0.5722755505364201 0.06615570794675273 0.031055900621118012
0 0.8448971359419121 0.5680406549971767 0.0028237192416296895 0.002258610954263128
0 0.8513513513513513 0.5762281197063805 0.01573215006050827 0.019762845849802372
0 0.8767648245260186 0.5886504799548278 0.033481242436466316 0.031055900621118012
0 0.15954013715207746 0.6221061547148503 0.04881000403388463 0.021739130434782608
0 0.2281161758773699 0.6269057029926595 0.018152480839048003 0.011575381140598532
0 0.22872125857200484 0.6209768492377188 0.003227107704719645 0.0008469791078486731
0 0.26966518757563535 0.6288819875776398 0.06010488100040339 0.01948051948051948
0 0.3344090359015732 0.6239412761151891 0.06857603872529246 0.0220214568040655
0 0.3850342880193626 0.6362224731789949 0.024606696248487294 0.025691699604743084
0 0.4554255748285599 0.6290231507622812 0.03469140782573618 0.0220214568040655
0 0.49737797498991526 0.6271880293619424 0.048406615570794675 0.014963297571993224
0 0.5578862444534086 0.6285996612083569 0.02501008471157725 0.01101072840203275
0 0.5631302944735781 0.6219649915302089 0.004033884630899556 0.002258610954263128
0 0.5778539733763615 0.6283173348390739 0.013311819281968536 0.011575381140598532
0 0.6282775312626059 0.6242236024844721 0.04719645018152481 0.017504234895539244
0 0.6803146430012101 0.6278938452851497 0.02379991932230738 0.007905138339920948
0 0.7549415086728519 0.6290231507622812 0.08753529649052037 0.014116318464144552
0 0.1744655102864058 0.6693958215697347 0.06252521177894312 0.017504234895539244
0 0.21480435659540137 0.6686900056465274 0.01653892698668818 0.001976284584980237
0 0.24162968939088342 0.6696781479390175 0.03227107704719645 0.015245623941276116
0 0.2626058894715611 0.6674195369847544 0.007260992335619202 0.00282326369282891
0 0.2876159741831384 0.6739130434782609 0.05647438483259379 0.009599096555618294
0 0.37051230334812424 0.6808300395256917 0.031060911657926585 0.022303783173348392
0 0.41670028237192414 0.6696781479390175 0.0572811617587737 0.019198193111236588
0 0.46793061718434853 0.6806888763410502 0.003227107704719645 0.00282326369282891
