0 0.17244856797095603 0.2140033879164314 0.056070996369503835 0.01693958215697346
0 0.2569584509883017 0.21753246753246752 0.05808793868495361 0.020609824957651044
0 0.327148043565954 0.21668548842461885 0.03872529245663574 0.011575381140598532
0 0.3937071399757967 0.21541501976284586 0.04759983864461476 0.011857707509881422
0 0.4889068172650262 0.22077922077922077 0.08713190802743041 0.014680971202710334
0 0.5792658329971763 0.221485036702428 0.041145623235175476 0.015527950310559006
0 0.6327148043565954 0.22007340485601354 0.025413473174667203 0.005928853754940711
0 0.6924162968939088 0.21725014116318464 0.035901573215006054 0.012704686617730096
0 0.754538120209762 0.22077922077922077 0.0326744655102864 0.006211180124223602
0 0.799717628075837 0.22120271033314512 0.02218636546994756 0.016092603049124788
0 0.8501411859620814 0.21852060982495766 0.0318676885841065 0.01355166572557877
0 0.1672045179507866 0.26595143986448333 0.043162565550625254 0.012987012987012988
0 0.25231948366276724 0.268068887634105 0.09156918112141993 0.009881422924901186
0 0.3854376764824526 0.26990400903444384 0.1189995966115369 0.010163749294184076
0 0.4794271883824123 0.2720214568040655 0.02379991932230738 0.004799548277809147
0 0.5369100443727309 0.27117447769621683 0.03711173860427592 0.018351214003387916
0 0.5933844292053247 0.2714568040654997 0.022589753933037516 0.016092603049124788
0 0.6218233158531666 0.26693958215697344 0.003630496167809601 0.009881422924901186
0 0.6530859217426381 0.2682100508187465 0.05163372327551432 0.015245623941276116
0 0.7369907220653489 0.2694805194805195 0.03469140782573618 0.01101072840203275
0 0.7492940701895926 0.26679841897233203 0.04235578862444534 0.010728402032749858
0 0.8384429205324728 0.2713156408808583 0.08108108108108109 0.018633540372670808
0 0.1690197660346914 0.31931112365894976 0.03872529245663574 0.01637492941840768
0 0.23013311819281967 0.31832298136645965 0.01573215006050827 0.014963297571993224
0 0.28499394917305365 0.3234048560135517 0.043969342476805166 0.009316770186335404
0 0.35074626865671643 0.3176171654432524 0.019766034691407825 0.01129305477131564
0 0.40500201694231547 0.3198757763975155 0.02743041549011698 0.01355166572557877
0 0.4770068576038725 0.3198757763975155 0.06978620411456232 0.011857707509881422
0 0.5512303348124243 0.32284020327498586 0.02379991932230738 0.016657255787690572
0 0.5992335619201291 0.3207227555053642 0.02944735780556676 0.011857707509881422
0 0.6613553852359823 0.3241106719367589 0.04961678096006454 0.018633540372670808
0 0.7436466317063332 0.3231225296442688 0.058491327148043566 0.018351214003387916
0 0.8186768858410649 0.32806324110671936 0.05687777329568374 0.01355166572557877
0 0.8525615167406212 0.32834556747600224 0.002016942315449778 0.001129305477131564
0 0.17244856797095603 0.3725296442687747 0.056070996369503835 0.01948051948051948
0 0.24021782977006859 0.37125917560700167 0.035901573215006054 0.010728402032749858
0 0.32029043969342474 0.3746470920383964 0.0782573618394514 0.014680971202710334
0 0.39975796692214605 0.3719649915302089 0.04356595401371521 0.01101072840203275
0 0.48043565954013717 0.3738001129305477 0.06131504638967326 0.018068887634105024
0 0.5619201290843082 0.37027103331451156 0.05889471561113352 0.01383399209486166
0 0.63614360629286 0.37125917560700167 0.03227107704719645 0.011857707509881422
0 0.6976603469140783 0.37210615471485037 0.04719645018152481 0.010163749294184076
0 0.7470754336425979 0.37295313382269907 0.014521984671238403 0.010728402032749858
0 0.7811617587736991 0.37365894974590624 0.018152480839048003 0.010446075663466968
0 0.8253327954820492 0.37337662337662336 0.04356595401371521 0.010446075663466968
0 0.8576038725292456 0.3780350084697911 0.0024203307785397336 0.002258610954263128
