0 0.1482452601855587 0.2127329192546584 0.026220250100847116 0.025691699604743084
0 0.16438079870915692 0.21739130434782608 0.011698265429608713 0.014116318464144552
0 0.17809600645421542 0.221485036702428 0.0028237192416296895 0.001976284584980237
0 0.21238402581686164 0.20948616600790515 0.031060911657926585 0.028232636928289104
0 0.24687373941105284 0.21753246753246752 0.04195240016135539 0.021174477696216828
0 0.28600242033077855 0.2186617730095991 0.03953206938281565 0.017221908526256352
0 0.30778539733763616 0.21979107848673066 0.007260992335619202 0.009881422924901186
0 0.3150463896732553 0.20609824957651043 0.003227107704719645 0.002258610954263128
0 0.3301734570391287 0.21230942970073405 0.021379588543767647 0.026538678712591756
0 0.3592174263816055 0.21315640880858272 0.045582896329164985 0.019762845849802372
0 0.42315449778136344 0.21230942970073405 0.022589753933037516 0.023150762281197064
0 0.4463493344090359 0.21202710333145117 0.03509479628882614 0.01693958215697346
0 0.46692214602662363 0.20383963862224733 0.003630496167809601 0.002258610954263128
0 0.4854780153287616 0.2100508187464709 0.027833803953206938 0.025409373235460192
0 0.5292456635740218 0.21414455110107283 0.042759177087535294 0.020045172219085264
0 0.5752319483662768 0.21386222473178995 0.024203307785397338 0.021739130434782608
0 0.5943929003630496 0.21485036702428006 0.038321903993545785 0.017504234895539244
0 0.6244453408632513 0.21132128740824394 0.01371520774505849 0.01948051948051948
0 0.6425978217022993 0.20920383963862224 0.029043969342476807 0.026538678712591756
0 0.6793061718434853 0.21202710333145117 0.023396530859217425 0.032185206098249576
0 0.6994755949979831 0.21470920383963862 0.022589753933037516 0.014398644833427442
0 0.7509076240419524 0.2183794466403162 0.03670835014118596 0.016657255787690572
0 0.7777329568374345 0.21894409937888198 0.023396530859217425 0.016657255787690572
0 0.8041549011698266 0.2161208356860531 0.03428801936264623 0.021174477696216828
0 0.845098830173457 0.21103896103896103 0.01855586930213796 0.027385657820440428
0 0.8664784187172246 0.2161208356860531 0.02016942315449778 0.017221908526256352
0 0.8805970149253731 0.21202710333145117 0.015328761597418314 0.025409373235460192
0 0.8870512303348125 0.221485036702428 0.026623638563937072 0.026256352343308864
0 0.13957240822912464 0.26877470355731226 0.02581686163775716 0.030491247882552232
0 0.15671641791044777 0.26905702992659514 0.021379588543767647 0.018068887634105024
0 0.20492133924969747 0.26242236024844723 0.026623638563937072 0.026821005081874648
0 0.22569584509883017 0.2618577075098814 0.018152480839048003 0.028514963297571992
0 0.25030254134731744 0.26538678712591757 0.019766034691407825 0.01693958215697346
0 0.3019362646228318 0.2618577075098814 0.026220250100847116 0.029644268774703556
0 0.31988705123033484 0.26651609260304915 0.023396530859217425 0.023150762281197064
0 0.3471157724889068 0.2694805194805195 0.03751512706736587 0.017786561264822136
0 0.3852359822509076 0.26905702992659514 0.029043969342476807 0.017504234895539244
0 0.40943929003630497 0.26679841897233203 0.017749092375958047 0.01693958215697346
0 0.43142396127470756 0.26595143986448333 0.021379588543767647 0.01637492941840768
0 0.45582896329164985 0.2639751552795031 0.03065752319483663 0.023150762281197064
0 0.4901169826542961 0.26439864483342745 0.04679306171843485 0.018351214003387916
0 0.5233965308592174 0.25734048560135514 0.010891488503428802 0.021174477696216828
0 0.5506252521177895 0.2619988706945229 0.04195240016135539 0.024844720496894408
0 0.6325131101250504 0.2595990965556183 0.029850746268656716 0.029644268774703556
0 0.6470350947962888 0.2611518915866742 0.02016942315449778 0.02710333145115754
0 0.6651875756353368 0.26468097120271034 0.01371520774505849 0.014963297571993224
0 0.6797095603065753 0.2632693393562959 0.021782977006857603 0.014963297571993224
0 0.709358612343687 0.27117447769621683 0.043162565550625254 0.031338226990400904
0 0.7442517144009682 0.26228119706380576 0.014521984671238403 0.02710333145115754
0 0.8059701492537313 0.26101072840203277 0.048406615570794675 0.023433088650479956
0 0.845300524405002 0.2649632975719932 0.026220250100847116 0.017221908526256352
0 0.13957240822912464 0.314652738565782 0.01855586930213796 0.026256352343308864
0 0.1607503025413473 0.31309994353472614 0.033481242436466316 0.03613777526821005
0 0.21480435659540137 0.3256634669678148 0.07624041952400161 0.037549407114624504
0 0.272488906817265 0.31084133258046304 0.027833803953206938 0.018068887634105024
0 0.28721258572004843 0.30971202710333146 0.015328761597418314 0.019762845849802372
0 0.3511496571198064 0.3177583286278938 0.03509479628882614 0.020609824957651044
0 0.37333602258975396 0.3186053077357425 0.018959257765227916 0.014963297571993224
0 0.4265832997176281 0.3181818181818182 0.033481242436466316 0.020892151326933936
0 0.4443323920935861 0.3186053077357425 0.02379991932230738 0.0189158667419537
0 0.4647035094796289 0.3201581027667984 0.022589753933037516 0.020892151326933936
0 0.4878983461073013 0.30844155844155846 0.01008471157724889 0.021739130434782608
0 0.5072609923356192 0.31197063805759456 0.03670835014118596 0.028797289666854884
0 0.5520371117386043 0.3269339356295878 0.033481242436466316 0.03896103896103896
0 0.582492940701896 0.3181818181818182 0.03469140782573618 0.023715415019762844
0 0.5752319483662768 0.30039525691699603 0.004033884630899556 0.007340485601355167
0 0.6016538926986689 0.3080180688876341 0.0028237192416296895 0.002258610954263128
0 0.6066962484872933 0.30547713156408807 0.005647438483259379 0.00282326369282891
0 0.6137555465913674 0.32058159232072275 0.010891488503428802 0.016092603049124788
0 0.6264622831787011 0.3235460191981931 0.01290843081887858 0.014116318464144552
0 0.6851553045582897 0.3198757763975155 0.043969342476805166 0.019198193111236588
0 0.6803146430012101 0.2985601355166573 0.0028237192416296895 0.004234895539243365
0 0.7482855990318676 0.3125352907961604 0.045986284792254944 0.02766798418972332
0 0.7831787010891489 0.31846414455110106 0.019766034691407825 0.015245623941276116
0 0.7966922146026624 0.32382834556747603 0.00645421540943929 0.001129305477131564
0 0.8378378378378378 0.30999435347261434 0.035498184751916094 0.03162055335968379
0 0.8832190399354578 0.31493506493506496 0.06171843485276321 0.020045172219085264
0 0.9243646631706334 0.31521739130434784 0.02218636546994756 0.018351214003387916
0 0.946147640177491 0.31945228684359117 0.014925373134328358 0.022303783173348392
0 0.15026220250100847 0.36123658949745907 0.0391286809197257 0.03020892151326934
0 0.18616377571601453 0.36688311688311687 0.04154901169826543 0.020609824957651044
0 0.2127874142799516 0.35827216261998873 0.018152480839048003 0.033314511575381144
0 0.2299314239612747 0.3673066064370412 0.042759177087535294 0.020327498588368152
0 0.24687373941105284 0.37323546019198195 0.003227107704719645 0.0016939582156973462
0 0.2680516337232755 0.3654714850367024 0.014118596208148447 0.022303783173348392
0 0.33319887051230335 0.3599661208356861 0.021782977006857603 0.025974025974025976
0 0.36849536103267444 0.3634952004517222 0.05203711173860428 0.02456239412761152
0 0.37797498991528844 0.37027103331451156 0.0016135538523598225 0.0008469791078486731
0 0.4048003227107705 0.3695652173913043 0.026220250100847116 0.014680971202710334
0 0.463695038321904 0.36151891586674195 0.027833803953206938 0.03190287972896669
0 0.4826542960871319 0.37761151891586675 0.022993142396127472 0.031338226990400904
0 0.5240016135538523 0.3651891586674195 0.012101653892698669 0.012704686617730096
0 0.5256151674062122 0.3490965556182947 0.003227107704719645 0.004799548277809147
0 0.5409439290036305 0.3622247317899492 0.015328761597418314 0.01693958215697346
0 0.5560709963695039 0.36377752682100506 0.024606696248487294 0.017221908526256352
0 0.5784590560709963 0.3598249576510446 0.02016942315449778 0.028514963297571992
0 0.5897539330375151 0.36278938452851495 0.02581686163775716 0.01693958215697346
0 0.6194029850746269 0.3578486730660644 0.02379991932230738 0.021739130434782608
0 0.645219846712384 0.3643421795595709 0.025413473174667203 0.013269339356295878
0 0.63695038321904 0.3514963297571993 0.0024203307785397336 0.002258610954263128
0 0.6704316256555063 0.3681535855448899 0.01936264622831787 0.011857707509881422
0 0.6982654296087132 0.37648221343873517 0.0024203307785397336 0.001976284584980237
0 0.7232755143202905 0.37238848108413325 0.00645421540943929 0.010163749294184076
0 0.7390076643807987 0.35629587803500845 0.026623638563937072 0.023150762281197064
0 0.7285195643404598 0.370412196499153 0.004033884630899556 0.003952569169960474
0 0.7561516740621218 0.36575381140598534 0.020572811617587738 0.0189158667419537
0 0.7886244453408633 0.37704686617730093 0.016135538523598225 0.022303783173348392
0 0.8077853973376361 0.365330321852061 0.019766034691407825 0.017504234895539244
0 0.8287615974183138 0.36617730095990964 0.03670835014118596 0.017504234895539244
0 0.8487293263412666 0.35403726708074534 0.004033884630899556 0.00564652738565782
0 0.8680919725695845 0.36250705815923207 0.03469140782573618 0.024844720496894408
0 0.8662767244856797 0.3687182382834557 0.002016942315449778 0.0016939582156973462
0 0.8703106091165793 0.3687182382834557 0.004437273093989512 0.0033879164313946925
0 0.8735377168212989 0.366600790513834 0.0012101653892698668 0.0008469791078486731
0 0.14804356595401372 0.41219649915302087 0.042759177087535294 0.03613777526821005
0 0.16861637757160144 0.41770186335403725 0.010488100040338847 0.016657255787690572
0 0.1772892295280355 0.40245623941276115 0.003630496167809601 0.005364201016374929
0 0.18757563533682936 0.4126199887069452 0.023396530859217425 0.03190287972896669
0 0.21601452198467125 0.4201016374929418 0.020572811617587738 0.014680971202710334
0 0.2537313432835821 0.41233766233766234 0.03630496167809601 0.026821005081874648
0 0.31665994352561516 0.4127611518915867 0.023396530859217425 0.029361942405420668
0 0.32109721661960466 0.4184076792772445 0.0024203307785397336 0.002258610954263128
0 0.33219039935457845 0.41770186335403725 0.018959257765227916 0.017786561264822136
0 0.381807180314643 0.4140316205533597 0.030254134731746672 0.0251270468661773
0 0.40742234772085517 0.4155844155844156 0.015328761597418314 0.025409373235460192
0 0.4334409035901573 0.41727837380011296 0.024606696248487294 0.01693958215697346
0 0.4883017345703913 0.41459627329192544 0.03670835014118596 0.025691699604743084
0 0.5108914885034288 0.41798418972332013 0.025413473174667203 0.01948051948051948
0 0.5352964905203711 0.4192546583850932 0.024203307785397338 0.018633540372670808
0 0.5514320290439694 0.41953698475437606 0.022589753933037516 0.01637492941840768
0 0.572609923356192 0.415725578769057 0.018959257765227916 0.022868435911914172
0 0.5851149657119806 0.4192546583850932 0.025413473174667203 0.018633540372670808
0 0.6016538926986689 0.4253246753246753 0.0391286809197257 0.035290796160361376
0 0.645219846712384 0.4209486166007905 0.040742234772085516 0.019198193111236588
0 0.6855586930213796 0.4178430265386787 0.03993545784590561 0.017504234895539244
0 0.7277127874142799 0.4134669678147939 0.02581686163775716 0.021174477696216828
0 0.7755143202904397 0.41741953698475437 0.022993142396127472 0.0189158667419537
0 0.7966922146026624 0.4158667419536985 0.021782977006857603 0.033314511575381144
0 0.8380395320693829 0.41219649915302087 0.025413473174667203 0.03162055335968379
0 0.8574021782977007 0.4148785996612084 0.01573215006050827 0.027385657820440428
0 0.8826139572408229 0.4162902315076228 0.021782977006857603 0.0189158667419537
0 0.891085114965712 0.42391304347826086 0.003227107704719645 0.0008469791078486731
0 0.1508672851956434 0.4603331451157538 0.03953206938281565 0.03190287972896669
0 0.1865671641791045 0.46950875211744775 0.035901573215006054 0.01693958215697346
0 0.20653489310205728 0.4697910784867307 0.011294876966518758 0.012987012987012988
0 0.23295683743444937 0.47063805759457933 0.0391286809197257 0.01637492941840768
0 0.2591770875352965 0.47247317899491814 0.02218636546994756 0.021174477696216828
0 0.28055667607906415 0.47374364765669114 0.018152480839048003 0.020327498588368152
0 0.3491327148043566 0.4634387351778656 0.04154901169826543 0.029644268774703556
0 0.3828156514723679 0.46852060982495763 0.042759177087535294 0.021174477696216828
0 0.4118596208148447 0.4614624505928854 0.01855586930213796 0.027950310559006212
0 0.4247680516337233 0.4666854884246189 0.033884630899556276 0.021456804065499716
0 0.4572408229124647 0.4644268774703557 0.022993142396127472 0.026538678712591756
0 0.48083904800322713 0.4743083003952569 0.0024203307785397336 0.003952569169960474
0 0.5211778943122227 0.4535573122529644 0.011294876966518758 0.018351214003387916
0 0.5534489713594192 0.4640033879164314 0.03307785397337636 0.032467532467532464
0 0.5461879790237999 0.46809712027103334 0.01290843081887858 0.020327498588368152
0 0.5845098830173457 0.4696499153020892 0.028237192416296894 0.015527950310559006
0 0.6349334409035902 0.46499153020892153 0.03065752319483663 0.032185206098249576
0 0.6468334005647438 0.47007340485601357 0.018959257765227916 0.019198193111236588
0 0.672246873739411 0.46950875211744775 0.031060911657926585 0.019762845849802372
0 0.7004840661557079 0.47007340485601357 0.027833803953206938 0.015810276679841896
0 0.7305365066559096 0.4697910784867307 0.022589753933037516 0.015810276679841896
0 0.754336425978217 0.46795595708639187 0.01936264622831787 0.014963297571993224
0 0.7722872125857201 0.4712027103331451 0.00927793465106898 0.012987012987012988
0 0.7805566760790641 0.45115753811405984 0.003227107704719645 0.006211180124223602
0 0.7928600242033078 0.45948616600790515 0.02702702702702703 0.03190287972896669
0 0.8067769261799113 0.47699040090344436 0.020976200080677694 0.03190287972896669
0 0.13937071399757966 0.5159514398644833 0.0326744655102864 0.0409373235460192
0 0.16700282371924163 0.5145398080180689 0.028237192416296894 0.03077357425183512
0 0.17809600645421542 0.5199040090344438 0.02218636546994756 0.0189158667419537
0 0.20592981040742234 0.5208921513269339 0.0318676885841065 0.019762845849802372
0 0.2482855990318677 0.5244212309429701 0.03670835014118596 0.020045172219085264
0 0.27853973376361435 0.521880293619424 0.020572811617587738 0.0189158667419537
0 0.29689390883420735 0.5249858836815359 0.01855586930213796 0.017786561264822136
0 0.35619201290843083 0.5139751552795031 0.04356595401371521 0.031338226990400904
0 0.38422751109318276 0.5194805194805194 0.02944735780556676 0.020892151326933936
0 0.3973376361436063 0.5241389045736872 0.004033884630899556 0.003105590062111801
0 0.40843081887858007 0.519339356295878 0.01734570391286809 0.016092603049124788
0 0.4253731343283582 0.5108695652173914 0.022993142396127472 0.031338226990400904
0 0.43787817668414686 0.5183512140033879 0.04154901169826543 0.0220214568040655
0 0.47216619604679305 0.5112930547713156 0.022993142396127472 0.025409373235460192
0 0.48527632109721663 0.5162337662337663 0.024203307785397338 0.04376058723884811
0 0.5242033077853974 0.5141163184641445 0.02702702702702703 0.033314511575381144
0 0.553852359822509 0.5182100508187465 0.029850746268656716 0.023433088650479956
0 0.5784590560709963 0.5184923771880293 0.028237192416296894 0.0251270468661773
0 0.635941912061315 0.5223037831733484 0.04235578862444534 0.020327498588368152
0 0.6353368293666801 0.5047995482778092 0.004840661557079467 0.0033879164313946925
0 0.6764824526018556 0.5251270468661773 0.04033884630899556 0.037267080745341616
0 0.6670028237192416 0.52343308865048 0.0028237192416296895 0.0033879164313946925
0 0.6692214602662364 0.5204686617730095 0.0016135538523598225 0.001976284584980237
0 0.6708350141185963 0.5186335403726708 0.0016135538523598225 0.0016939582156973462
0 0.672246873739411 0.516798418972332 0.0012101653892698668 0.001411631846414455
0 0.6742638160548609 0.5148221343873518 0.002016942315449778 0.001976284584980237
0 0.7119806373537717 0.5173630717108978 0.035498184751916094 0.023433088650479956
0 0.7263009277934651 0.5224449463579899 0.0052440500201694235 0.0036702428006775835
0 0.7321500605082695 0.5210333145115754 0.016135538523598225 0.014398644833427442
0 0.7581686163775716 0.5112930547713156 0.02864058087938685 0.029926595143986448
0 0.7936668011294877 0.5139751552795031 0.03428801936264623 0.029644268774703556
0 0.8017345703912868 0.512987012987013 0.002016942315449778 0.002258610954263128
0 0.8053650665590965 0.5087521174477696 0.0012101653892698668 0.001129305477131564
0 0.8499394917305365 0.5199040090344438 0.05163372327551432 0.023433088650479956
0 0.12989108511496572 0.5684641445511011 0.010488100040338847 0.022303783173348392
0 0.14199273900766438 0.549124788255223 0.003227107704719645 0.002258610954263128
0 0.16942315449778136 0.5748164878599661 0.05808793868495361 0.03500846979107849
0 0.21198063735377168 0.5743929983060417 0.025413473174667203 0.021174477696216828
0 0.23961274707543365 0.5681818181818182 0.03630496167809601 0.03359683794466403
0 0.2589753933037515 0.577639751552795 0.0016135538523598225 0.001129305477131564
0 0.2607906413876563 0.5767927724449463 0.0012101653892698668 0.001129305477131564
0 0.26764824526018555 0.5784867306606437 0.011698265429608713 0.01355166572557877
0 0.28620411456232353 0.575098814229249 0.033481242436466316 0.023150762281197064
0 0.35962081484469544 0.5734048560135516 0.0609116579265833 0.023715415019762844
0 0.41589350544574427 0.5694522868435912 0.03711173860427592 0.033314511575381144
0 0.4199273900766438 0.5698757763975155 0.003227107704719645 0.003105590062111801
0 0.4828559903186769 0.5732636928289102 0.06131504638967326 0.023997741389045736
0 0.5601048810004033 0.57128740824393 0.031060911657926585 0.018351214003387916
0 0.5853166599435257 0.5691699604743083 0.021782977006857603 0.019198193111236588
0 0.6058894715611134 0.5705815923207228 0.02581686163775716 0.019198193111236588
0 0.6432029043969343 0.5697346132128741 0.05445744251714401 0.020327498588368152
0 0.6595401371520775 0.5578769057029926 0.0024203307785397336 0.00282326369282891
0 0.6912061315046389 0.5688876341050254 0.04800322710770472 0.019198193111236588
0 0.7295280354981848 0.5722755505364201 0.027833803953206938 0.018633540372670808
0 0.7174263816054861 0.5584415584415584 0.0028237192416296895 0.0033879164313946925
0 0.7807583703106091 0.577639751552795 0.0326744655102864 0.039525691699604744
0 0.8015328761597418 0.5664878599661208 0.016135538523598225 0.016092603049124788
0 0.8164582492940702 0.5693111236589498 0.021782977006857603 0.017786561264822136
0 0.854981847519161 0.567193675889328 0.06171843485276321 0.037267080745341616
0 0.14481645824929407 0.6120835686053078 0.028237192416296894 0.023150762281197064
0 0.16236385639370715 0.6198475437605873 0.018959257765227916 0.012704686617730096
0 0.21500605082694635 0.6187182382834556 0.01371520774505849 0.0189158667419537
0 0.22307382008874546 0.6012140033879164 0.017749092375958047 0.002540937323546019
0 0.2390076643807987 0.616600790513834 0.019766034691407825 0.025409373235460192
0 0.26603469140782576 0.6185770750988142 0.021379588543767647 0.015245623941276116
0 0.3194836627672449 0.6160361377752682 0.03953206938281565 0.03500846979107849
0 0.34530052440500203 0.6230942970073405 0.02581686163775716 0.02258610954263128
0 0.3771682129891085 0.6288819875776398 0.004033884630899556 0.005928853754940711
0 0.4376764824526019 0.617871259175607 0.04679306171843485 0.04432523997741389
0 0.44150867285195644 0.6105307735742518 0.0012101653892698668 0.0008469791078486731
0 0.44695441710367084 0.6047430830039525 0.0024203307785397336 0.0016939582156973462
0 0.4552238805970149 0.5979672501411631 0.002016942315449778 0.001129305477131564
0 0.46672045179507865 0.614059853190288 0.016942315449778138 0.025409373235460192
0 0.4891085114965712 0.6184359119141728 0.025413473174667203 0.017221908526256352
0 0.5149253731343284 0.6171654432523997 0.02379991932230738 0.021456804065499716
0 0.5302541347317467 0.6156126482213439 0.026220250100847116 0.017221908526256352
0 0.5742234772085518 0.6187182382834556 0.02944735780556676 0.020609824957651044
0 0.6040742234772085 0.6120835686053078 0.026220250100847116 0.031055900621118012
0 0.6127470754336426 0.6357989836250706 0.01855586930213796 0.020327498588368152
0 0.6510689794271883 0.6240824392998306 0.009681323114158934 0.009881422924901186
0 0.6589350544574425 0.606154714850367 0.0028237192416296895 0.005081874647092038
0 0.6793061718434853 0.612789384528515 0.02743041549011698 0.03303218520609825
0 0.7045179507866075 0.6214003387916431 0.012505042355788625 0.014680971202710334
0 0.7226704316256555 0.620412196499153 0.027833803953206938 0.020045172219085264
0 0.7144009681323115 0.6027667984189723 0.003227107704719645 0.003952569169960474
0 0.7642194433239209 0.6199887069452287 0.02702702702702703 0.01637492941840768
0 0.7900363049616781 0.6221061547148503 0.019766034691407825 0.013269339356295878
0 0.8227107704719645 0.6228119706380576 0.01008471157724889 0.01637492941840768
0 0.8293666801129488 0.6034726143421796 0.004840661557079467 0.005364201016374929
0 0.8495361032674466 0.6174477696216827 0.04356595401371521 0.028232636928289104
0 0.8709156918112142 0.6219649915302089 0.022589753933037516 0.017504234895539244
0 0.891690197660347 0.623235460191982 0.02944735780556676 0.0251270468661773
0 0.14481645824929407 0.6695369847543761 0.029043969342476807 0.022303783173348392
0 0.18313836224283986 0.6624788255223037 0.03469140782573618 0.03190287972896669
0 0.20512303348124244 0.6609260304912479 0.007664380798709157 0.007340485601355167
0 0.21944332392093585 0.6703839638622248 0.020976200080677694 0.017786561264822136
0 0.2382008874546188 0.6653020892151327 0.01573215006050827 0.027385657820440428
0 0.28519564340459863 0.6633258046301524 0.023396530859217425 0.03077357425183512
0 0.31242436466317064 0.668266516092603 0.027833803953206938 0.018068887634105024
0 0.3338039532069383 0.6710897797854319 0.018152480839048003 0.019762845849802372
0 0.38120209762000806 0.6822416713721061 0.03227107704719645 0.0409373235460192
0 0.4056070996369504 0.6709486166007905 0.01573215006050827 0.017786561264822136
0 0.41629689390883423 0.6695369847543761 0.012101653892698669 0.017221908526256352
0 0.4235578862444534 0.6792772444946358 0.023396530859217425 0.030491247882552232
0 0.42517144009681324 0.6535855448898927 0.0024203307785397336 0.00282326369282891
0 0.4352561516740621 0.6717955957086392 0.01936264622831787 0.0189158667419537
0 0.45139169019766034 0.6763128176171654 0.029043969342476807 0.03077357425183512
0 0.4737797498991529 0.6703839638622248 0.018959257765227916 0.015527950310559006
0 0.4967728922952804 0.6672783738001129 0.03670835014118596 0.026821005081874648
0 0.5502218636546995 0.6725014116318464 0.03953206938281565 0.02258610954263128
0 0.5796692214602662 0.6719367588932806 0.02501008471157725 0.019198193111236588
0 0.5943929003630496 0.6716544325239977 0.00927793465106898 0.01693958215697346
0 0.599435256151674 0.6751835121400339 0.0016135538523598225 0.0008469791078486731
0 0.6010488100040339 0.6739130434782609 0.0016135538523598225 0.001129305477131564
0 0.6062928600242034 0.6737718802936195 0.012101653892698669 0.014963297571993224
0 0.627269060104881 0.653020892151327 0.009681323114158934 0.010728402032749858
0 0.6329164985881404 0.6693958215697347 0.023396530859217425 0.019762845849802372
0 0.6954417103670835 0.6725014116318464 0.05647438483259379 0.023150762281197064
0 0.7256958450988302 0.6602202145680407 0.003227107704719645 0.0036702428006775835
0 0.7410246066962485 0.6756070016939583 0.024203307785397338 0.014680971202710334
0 0.7696651875756353 0.6688311688311688 0.03872529245663574 0.028797289666854884
0 0.7888261395724082 0.6691134952004517 0.01653892698668818 0.018633540372670808
0 0.7960871319080274 0.6847826086956522 0.00927793465106898 0.012140033879164314
0 0.8221056877773296 0.6548560135516657 0.009681323114158934 0.012140033879164314
0 0.15570794675272287 0.7131564088085828 0.017749092375958047 0.03670242800677583
0 0.18334005647438484 0.7207792207792207 0.02702702702702703 0.020327498588368152
0 0.19342476805163372 0.7251552795031055 0.002016942315449778 0.0008469791078486731
0 0.24324324324324326 0.7204968944099379 0.02016942315449778 0.02258610954263128
0 0.2690601048810004 0.7195087521174478 0.03711173860427592 0.020609824957651044
0 0.29144816458249295 0.7131564088085828 0.0052440500201694235 0.005081874647092038
0 0.31121419927390076 0.715132693393563 0.038321903993545785 0.03162055335968379
0 0.3327954820492134 0.7274138904573687 0.0024203307785397336 0.001411631846414455
