0 0.14259782170229932 0.22190852625635235 0.024606696248487294 0.015810276679841896
0 0.15611133521581283 0.22444946357989837 0.012101653892698669 0.018633540372670808
0 0.16962484872932634 0.22713156408808582 0.010891488503428802 0.011575381140598532
0 0.18858410649455426 0.22628458498023715 0.02379991932230738 0.008752117447769622
0 0.2127874142799516 0.2220496894409938 0.013311819281968536 0.01383399209486166
0 0.23315853166599435 0.22219085262563523 0.021782977006857603 0.015245623941276116
0 0.2482855990318677 0.2316487859966121 0.01008471157724889 0.023433088650479956
0 0.2734973779749899 0.22374364765669114 0.011294876966518758 0.01383399209486166
0 0.28479225494150867 0.22755505364201017 0.009681323114158934 0.009034443817052512
0 0.3065752319483663 0.22656691134952003 0.029850746268656716 0.009881422924901186
0 0.3402581686163776 0.2224731789949181 0.010891488503428802 0.004517221908526256
0 0.34207341670028235 0.22755505364201017 0.011294876966518758 0.006775832862789385
0 0.35034288019362647 0.22317899491812535 0.012505042355788625 0.01383399209486166
0 0.3610326744655103 0.22769621682665162 0.012101653892698669 0.009316770186335404
0 0.37575635336829366 0.22981366459627328 0.012505042355788625 0.018068887634105024
0 0.3981444130697862 0.22374364765669114 0.03227107704719645 0.016657255787690572
0 0.4374747882210569 0.22628458498023715 0.014925373134328358 0.010446075663466968
0 0.45764421137555467 0.2261434217955957 0.024606696248487294 0.009599096555618294
0 0.481444130697862 0.22416713721061546 0.01734570391286809 0.015245623941276116
0 0.4967728922952804 0.22430830039525693 0.00927793465106898 0.004799548277809147
0 0.5022186365469947 0.22995482778091475 0.01936264622831787 0.006493506493506494
0 0.5078660750302542 0.2251552795031056 0.010488100040338847 0.006493506493506494
0 0.517749092375958 0.22402597402597402 0.004437273093989512 0.014398644833427442
0 0.5264219443323921 0.2316487859966121 0.011294876966518758 0.017221908526256352
0 0.554860830980234 0.22402597402597402 0.0052440500201694235 0.018351214003387916
0 0.563937071399758 0.22600225861095427 0.010488100040338847 0.011575381140598532
0 0.5931827349737797 0.22233201581027667 0.04800322710770472 0.016657255787690572
0 0.6367486889874949 0.22628458498023715 0.013311819281968536 0.009316770186335404
0 0.6472367890278338 0.23150762281197063 0.01653892698668818 0.018068887634105024
0 0.6984671238402582 0.22346132128740825 0.051230334812424366 0.014963297571993224
0 0.7321500605082695 0.2267080745341615 0.015328761597418314 0.01129305477131564
0 0.7533279548204921 0.22571993224167136 0.02944735780556676 0.008752117447769622
0 0.14320290439693426 0.2732919254658385 0.01936264622831787 0.020327498588368152
0 0.16256555062525213 0.2769621682665161 0.023396530859217425 0.012422360248447204
0 0.181726502622025 0.27837380011293056 0.019766034691407825 0.009034443817052512
0 0.18898749495764422 0.28176171654432525 0.002016942315449778 0.003952569169960474
0 0.1972569584509883 0.2780914737436477 0.011294876966518758 0.00846979107848673
0 0.21056877773295685 0.27710333145115756 0.01290843081887858 0.00818746470920384
0 0.2244856797095603 0.2831733483907397 0.008471157724889069 0.018633540372670808
0 0.25211778943122226 0.27526821005081875 0.02743041549011698 0.015245623941276116
0 0.28519564340459863 0.2766798418972332 0.011294876966518758 0.010728402032749858
0 0.2983057684550222 0.27710333145115756 0.012505042355788625 0.008752117447769622
0 0.3299717628075837 0.27300959909655564 0.028237192416296894 0.015810276679841896
0 0.3473174667204518 0.27851496329757197 0.01290843081887858 0.009881422924901186
0 0.3646631706333199 0.2751270468661773 0.02016942315449778 0.016657255787690572
0 0.3830173457039129 0.2737154150197628 0.014925373134328358 0.017786561264822136
0 0.381605486083098 0.2682100508187465 0.0016135538523598225 0.00282326369282891
0 0.3939088342073417 0.27752682100508186 0.003630496167809601 0.009599096555618294
0 0.39673255344897135 0.264257481648786 0.002016942315449778 0.003952569169960474
0 0.40338846308995563 0.27752682100508186 0.012101653892698669 0.009034443817052512
0 0.41629689390883423 0.2790796160361378 0.015328761597418314 0.008752117447769622
0 0.44876966518757566 0.27300959909655564 0.027833803953206938 0.020327498588368152
0 0.481645824929407 0.27315076228119706 0.029850746268656716 0.018351214003387916
0 0.5104881000403388 0.27413890457368717 0.03509479628882614 0.015810276679841896
0 0.5322710770471965 0.2766798418972332 0.004437273093989512 0.010163749294184076
0 0.5411456232351755 0.2779503105590062 0.012505042355788625 0.010446075663466968
0 0.5375151270673659 0.26566911349520045 0.0012101653892698668 0.002258610954263128
0 0.554255748285599 0.2857142857142857 0.016942315449778138 0.024280067758328628
0 0.5867285195643405 0.2725861095426313 0.012505042355788625 0.009881422924901186
0 0.5891488503428802 0.27498588368153587 0.006857603872529245 0.006211180124223602
0 0.599838644614764 0.2701863354037267 0.01290843081887858 0.015810276679841896
0 0.6200080677692618 0.27526821005081875 0.023396530859217425 0.010163749294184076
0 0.6387656313029447 0.2768210050818746 0.010891488503428802 0.009881422924901186
0 0.6571198063735377 0.2725861095426313 0.01855586930213796 0.01383399209486166
0 0.6742638160548609 0.28147939017504237 0.002016942315449778 0.0016939582156973462
0 0.7022993142396128 0.2790796160361378 0.02016942315449778 0.003105590062111801
0 0.7077450584913272 0.2627046866177301 0.012505042355788625 0.0008469791078486731
0 0.7061315046389673 0.2724449463579898 0.003630496167809601 0.010728402032749858
0 0.719039935457846 0.27752682100508186 0.012505042355788625 0.006775832862789385
0 0.7446551028640581 0.27540937323546016 0.01290843081887858 0.00818746470920384
0 0.7658329971762807 0.27300959909655564 0.026220250100847116 0.01693958215697346
0 0.7791448164582493 0.2738565782044043 0.018152480839048003 0.015245623941276116
0 0.7958854376764825 0.27300959909655564 0.014521984671238403 0.019198193111236588
0 0.7960871319080274 0.2652456239412761 0.002016942315449778 0.001411631846414455
0 0.8075837031060912 0.27653867871259175 0.003227107704719645 0.00818746470920384
0 0.8116175877369908 0.26538678712591757 0.0024203307785397336 0.0033879164313946925
0 0.817870108914885 0.2768210050818746 0.014118596208148447 0.009881422924901186
0 0.8313836224283986 0.27752682100508186 0.016135538523598225 0.011857707509881422
0 0.13957240822912464 0.32241671372106157 0.015328761597418314 0.01693958215697346
0 0.1619604679306172 0.32495765104460755 0.027833803953206938 0.014680971202710334
0 0.21298910851149658 0.32396950875211744 0.050826946349334406 0.017221908526256352
0 0.24586526825332797 0.3310276679841897 0.014118596208148447 0.016657255787690572
0 0.26401774909237596 0.3242518351214003 0.026220250100847116 0.016092603049124788
0 0.26099233561920127 0.3154997176736307 0.0016135538523598225 0.001411631846414455
0 0.30939895118999594 0.32396950875211744 0.029043969342476807 0.01948051948051948
0 0.3588140379185155 0.32396950875211744 0.0391286809197257 0.015527950310559006
0 0.3882613957240823 0.327639751552795 0.018152480839048003 0.007622811970638058
0 0.4017749092375958 0.3274985883681536 0.011294876966518758 0.007340485601355167
0 0.41508672851956435 0.3277809147374365 0.012101653892698669 0.007340485601355167
0 0.42960871319080274 0.33032185206098247 0.011294876966518758 0.01637492941840768
0 0.4471561113352158 0.3286278938452851 0.014925373134328358 0.00846979107848673
0 0.4429205324727713 0.3197346132128741 0.004840661557079467 0.004799548277809147
0 0.4891085114965712 0.325098814229249 0.02944735780556676 0.015527950310559006
0 0.5155304558289633 0.3241106719367589 0.021782977006857603 0.015810276679841896
0 0.5262202501008472 0.32806324110671936 0.0060508269463493344 0.01129305477131564
0 0.5354981847519161 0.3272162619988707 0.010891488503428802 0.009034443817052512
0 0.5439693424768052 0.3341332580463015 0.014118596208148447 0.018351214003387916
0 0.5917708753529649 0.3297571993224167 0.041145623235175476 0.020327498588368152
0 0.6220250100847116 0.32298136645962733 0.01371520774505849 0.019198193111236588
0 0.6254538120209762 0.3147939017504235 0.0028237192416296895 0.0016939582156973462
0 0.6321097216619604 0.32622811970638055 0.0024203307785397336 0.006493506493506494
0 0.6389673255344898 0.3274985883681536 0.010488100040338847 0.007340485601355167
0 0.635941912061315 0.3160643704121965 0.0012101653892698668 0.002540937323546019
0 0.6512706736587334 0.32735742518351213 0.013311819281968536 0.005928853754940711
0 0.6879790237999194 0.32580463015245625 0.02379991932230738 0.01355166572557877
0 0.7049213392496975 0.32735742518351213 0.00927793465106898 0.009316770186335404
0 0.7444534086325131 0.322557876905703 0.030254134731746672 0.018351214003387916
0 0.764017749092376 0.3272162619988707 0.011294876966518758 0.010163749294184076
0 0.7743041549011698 0.3274985883681536 0.010891488503428802 0.00846979107848673
0 0.7876159741831383 0.32679277244494637 0.013311819281968536 0.007622811970638058
0 0.7948769665187576 0.32594579333709767 0.0012101653892698668 0.0008469791078486731
0 0.8037515127067366 0.32298136645962733 0.014925373134328358 0.015810276679841896
0 0.8037515127067366 0.3145115753811406 0.0012101653892698668 0.001129305477131564
0 0.8210972166196047 0.32284020327498586 0.02218636546994756 0.0189158667419537
0 0.14158935054457442 0.37676453980801805 0.015328761597418314 0.013269339356295878
0 0.17708753529649052 0.3824110671936759 0.0572811617587737 0.020609824957651044
0 0.21379588543767647 0.37337662337662336 0.008067769261799113 0.016657255787690572
0 0.23013311819281967 0.37549407114624506 0.02379991932230738 0.015810276679841896
0 0.24526018555869303 0.3781761716544325 0.01371520774505849 0.00818746470920384
0 0.25958047599838646 0.37761151891586675 0.008471157724889069 0.009316770186335404
0 0.2708753529649052 0.37662337662337664 0.011698265429608713 0.00846979107848673
0 0.27732956837434447 0.3728119706380576 0.002016942315449778 0.0008469791078486731
0 0.3007260992335619 0.37365894974590624 0.012505042355788625 0.014398644833427442
0 0.31121419927390076 0.37775268210050816 0.014118596208148447 0.00846979107848673
0 0.3400564743848326 0.3749294184076793 0.022589753933037516 0.012987012987012988
0 0.35518354175070593 0.3739412761151892 0.006857603872529245 0.016657255787690572
0 0.3662767244856797 0.3752117447769622 0.021782977006857603 0.01693958215697346
0 0.409035901573215 0.37775268210050816 0.042759177087535294 0.01355166572557877
0 0.4443323920935861 0.3759175607001694 0.021379588543767647 0.016092603049124788
0 0.43949173053650664 0.3674477696216827 0.0012101653892698668 0.0008469791078486731
0 0.4792254941508673 0.37648221343873517 0.012101653892698669 0.011575381140598532
0 0.4953610326744655 0.3725296442687747 0.023396530859217425 0.0189158667419537
0 0.5254134731746672 0.3750705815923207 0.033481242436466316 0.012704686617730096
0 0.5617184348527632 0.3752117447769622 0.014925373134328358 0.015245623941276116
0 0.5762404195240016 0.3761998870694523 0.00927793465106898 0.014398644833427442
0 0.5901573215006051 0.3780350084697911 0.01371520774505849 0.009599096555618294
0 0.6060911657926583 0.37648221343873517 0.013311819281968536 0.006493506493506494
0 0.6391690197660347 0.3812817617165443 0.02864058087938685 0.0189158667419537
0 0.6617587736990722 0.37704686617730093 0.011698265429608713 0.009316770186335404
0 0.682533279548205 0.3746470920383964 0.02743041549011698 0.017504234895539244
0 0.699273900766438 0.3753529079616036 0.013311819281968536 0.011575381140598532
0 0.7196450181524808 0.3761998870694523 0.01290843081887858 0.01101072840203275
0 0.7319483662767244 0.37662337662337664 0.00927793465106898 0.009599096555618294
0 0.7615974183138362 0.37662337662337664 0.010488100040338847 0.007340485601355167
0 0.7741024606696248 0.3718238283455675 0.01371520774505849 0.018068887634105024
0 0.7841871722468737 0.3761998870694523 0.011294876966518758 0.01101072840203275
0 0.7952803549818476 0.3708356860530774 0.006857603872529245 0.017221908526256352
0 0.8015328761597418 0.371682665160926 0.005647438483259379 0.0189158667419537
0 0.8093989511899959 0.3749294184076793 0.011698265429608713 0.010728402032749858
0 0.8212989108511497 0.37351778656126483 0.005647438483259379 0.004517221908526256
0 0.8334005647438483 0.3752117447769622 0.014521984671238403 0.010728402032749858
0 0.8418717224687374 0.38523433088650477 0.011294876966518758 0.012704686617730096
0 0.1518757563533683 0.4256070016939582 0.026220250100847116 0.016657255787690572
0 0.17103670835014118 0.43280632411067194 0.015328761597418314 0.015810276679841896
0 0.1827349737797499 0.42913608130999437 0.004840661557079467 0.009034443817052512
0 0.1881807180314643 0.4184076792772445 0.002016942315449778 0.0016939582156973462
0 0.19927390076643808 0.4361942405420666 0.024203307785397338 0.025409373235460192
0 0.24586526825332797 0.42730095990965555 0.022993142396127472 0.023433088650479956
0 0.26502622025010086 0.42758328627893843 0.01290843081887858 0.008752117447769622
0 0.3043565954013715 0.42419536984754375 0.0391286809197257 0.016092603049124788
0 0.3511496571198064 0.42715979672501414 0.018959257765227916 0.01129305477131564
0 0.3662767244856797 0.4292772444946358 0.011294876966518758 0.009881422924901186
0 0.38019362646228316 0.42701863354037267 0.014118596208148447 0.00818746470920384
0 0.3935054457442517 0.42419536984754375 0.010891488503428802 0.016092603049124788
0 0.43041549011698266 0.42518351214003386 0.015328761597418314 0.015810276679841896
0 0.4411052843888665 0.4288537549407115 0.011698265429608713 0.007905138339920948
0 0.4774102460669625 0.4277244494635799 0.019766034691407825 0.01129305477131564
0 0.4893102057281162 0.41770186335403725 0.004033884630899556 0.001976284584980237
0 0.5068576038725292 0.42631281761716544 0.03670835014118596 0.010728402032749858
0 0.5266236385639371 0.4363354037267081 0.012505042355788625 0.011575381140598532
0 0.5603065752319484 0.42377188029361945 0.011294876966518758 0.00846979107848673
0 0.5607099636950383 0.4265951439864483 0.00645421540943929 0.00846979107848673
0 0.5703912868091973 0.424901185770751 0.008874546187979023 0.007905138339920948
0 0.6054860830980234 0.42405420666290233 0.008874546187979023 0.014116318464144552
0 0.6163775716014522 0.427442123094297 0.012101653892698669 0.009034443817052512
0 0.627672448567971 0.427442123094297 0.009681323114158934 0.009034443817052512
0 0.6601452198467124 0.42631281761716544 0.012505042355788625 0.009599096555618294
0 0.6728519564340459 0.42631281761716544 0.010488100040338847 0.010163749294184076
0 0.6754739814441307 0.4268774703557312 0.007664380798709157 0.007905138339920948
0 0.6901976603469141 0.42617165443252397 0.02016942315449778 0.009316770186335404
0 0.7289229528035498 0.42419536984754375 0.012101653892698669 0.015527950310559006
0 0.7400161355385236 0.42843026538678713 0.012505042355788625 0.009881422924901186
0 0.7694634933440904 0.4311123658949746 0.05445744251714401 0.018068887634105024
0 0.8104074223477209 0.4233483907396951 0.033884630899556276 0.017221908526256352
0 0.8168616377571601 0.42066629023150764 0.004840661557079467 0.0016939582156973462
0 0.8327954820492134 0.43125352907961606 0.0052440500201694235 0.005364201016374929
0 0.15127067365873337 0.4738848108413326 0.01936264622831787 0.017221908526256352
0 0.163574021782977 0.4751552795031056 0.0052440500201694235 0.015810276679841896
0 0.1791044776119403 0.47501411631846413 0.02581686163775716 0.016092603049124788
0 0.2127874142799516 0.4754376058723885 0.013311819281968536 0.015810276679841896
0 0.23436869705526422 0.4764257481648786 0.03146430012101654 0.017221908526256352
0 0.2874142799515934 0.47896668548842464 0.04719645018152481 0.01101072840203275
0 0.33965308592174265 0.4779785431959345 0.01290843081887858 0.012422360248447204
0 0.34953610326744655 0.4779785431959345 0.010891488503428802 0.009034443817052512
0 0.3602258975393304 0.47600225861095424 0.005647438483259379 0.015245623941276116
0 0.36930213795885436 0.4798136645962733 0.013311819281968536 0.012140033879164314
0 0.39128680919725695 0.4754376058723885 0.024203307785397338 0.018068887634105024
0 0.4048003227107705 0.47939017504234893 0.004437273093989512 0.01129305477131564
0 0.4118596208148447 0.4665443252399774 0.003227107704719645 0.0036702428006775835
0 0.4257765227914482 0.47811970638057594 0.031060911657926585 0.008752117447769622
0 0.4396934247680516 0.4813664596273292 0.0016135538523598225 0.001129305477131564
0 0.4834610730133118 0.4751552795031056 0.035901573215006054 0.014680971202710334
0 0.5264219443323921 0.4771315640880858 0.026623638563937072 0.012422360248447204
0 0.5506252521177895 0.47783738001129306 0.014521984671238403 0.010446075663466968
0 0.5649455425574829 0.47939017504234893 0.014925373134328358 0.010163749294184076
0 0.5796692214602662 0.4871541501976285 0.017749092375958047 0.017786561264822136
0 0.5786607503025414 0.4775550536420102 0.010891488503428802 0.007622811970638058
0 0.5943929003630496 0.4743083003952569 0.006857603872529245 0.015810276679841896
0 0.6020572811617588 0.4792490118577075 0.008471157724889069 0.007058159232072276
0 0.6373537716821299 0.4733201581027668 0.02581686163775716 0.016092603049124788
0 0.6881807180314643 0.4771315640880858 0.029850746268656716 0.012422360248447204
0 0.7099636950383219 0.47699040090344436 0.008067769261799113 0.01101072840203275
0 0.7216619604679306 0.4774138904573687 0.011294876966518758 0.010163749294184076
0 0.7440500201694231 0.4767080745341615 0.02944735780556676 0.01101072840203275
0 0.7609923356192013 0.47289666854884244 0.00927793465106898 0.017504234895539244
0 0.15348931020572812 0.5238565782044043 0.01734570391286809 0.017786561264822136
0 0.18051633723275515 0.5273856578204404 0.0318676885841065 0.011857707509881422
0 0.20471964501815249 0.528514963297572 0.021379588543767647 0.012987012987012988
0 0.22347720855183542 0.5303500846979108 0.014521984671238403 0.009881422924901186
0 0.23759580475998388 0.5304912478825522 0.01371520774505849 0.009599096555618294
0 0.2537313432835821 0.53613777526821 0.01290843081887858 0.02258610954263128
0 0.2747075433642598 0.5309147374364765 0.015328761597418314 0.011575381140598532
0 0.2708753529649052 0.5237154150197628 0.0060508269463493344 0.00846979107848673
0 0.31686163775716014 0.5279503105590062 0.018959257765227916 0.01129305477131564
0 0.32513110125050426 0.532326369282891 0.0016135538523598225 0.0036702428006775835
0 0.3338039532069383 0.528514963297572 0.012505042355788625 0.009599096555618294
0 0.3444937474788221 0.5314793901750423 0.011294876966518758 0.003105590062111801
0 0.3471157724889068 0.5265386787125917 0.00927793465106898 0.006775832862789385
0 0.3557886244453409 0.5324675324675324 0.010488100040338847 0.0033879164313946925
0 0.3557886244453409 0.5271033314511575 0.008874546187979023 0.006775832862789385
0 0.36486486486486486 0.5289384528514963 0.0028237192416296895 0.007622811970638058
0 0.3666801129487697 0.5173630717108978 0.0016135538523598225 0.002540937323546019
0 0.38463089955627267 0.5313382269904009 0.0326744655102864 0.010728402032749858
0 0.4288019362646228 0.5252682100508187 0.035498184751916094 0.020609824957651044
0 0.4517950786607503 0.5287972896668549 0.016942315449778138 0.009599096555618294
0 0.4705526421944332 0.5239977413890458 0.02218636546994756 0.018068887634105024
0 0.481444130697862 0.5279503105590062 0.0052440500201694235 0.010728402032749858
0 0.48749495764421136 0.515527950310559 0.002016942315449778 0.001129305477131564
0 0.49152884227511096 0.528514963297572 0.01008471157724889 0.009599096555618294
0 0.5014118596208148 0.5362789384528515 0.01855586930213796 0.0251270468661773
0 0.5385235982250908 0.527244494635799 0.015328761597418314 0.013269339356295878
0 0.553852359822509 0.5287972896668549 0.015328761597418314 0.01129305477131564
0 0.5699878983461073 0.527244494635799 0.01290843081887858 0.005928853754940711
0 0.5653489310205728 0.5317617165443252 0.0012101653892698668 0.002540937323546019
0 0.5835014118596208 0.5317617165443252 0.01573215006050827 0.014398644833427442
0 0.5954013715207745 0.5268210050818747 0.00645421540943929 0.015245623941276116
0 0.6058894715611134 0.5287972896668549 0.012101653892698669 0.007905138339920948
0 0.6192012908430818 0.5290796160361377 0.01290843081887858 0.01129305477131564
0 0.6611536910044373 0.5269621682665161 0.02581686163775716 0.01101072840203275
0 0.6827349737797499 0.5261151891586674 0.018152480839048003 0.01383399209486166
0 0.7343686970552642 0.5238565782044043 0.031060911657926585 0.017786561264822136
0 0.7583703106091165 0.527244494635799 0.012101653892698669 0.010446075663466968
0 0.7833803953206938 0.5237154150197628 0.03065752319483663 0.017504234895539244
0 0.16377571601452198 0.5755223037831734 0.033884630899556276 0.026256352343308864
0 0.17870108914885036 0.5766516092603049 0.021782977006857603 0.026821005081874648
0 0.245663574021783 0.5810276679841897 0.0653489310205728 0.0220214568040655
0 0.28680919725695847 0.5813099943534726 0.015328761597418314 0.009599096555618294
0 0.3061718434852763 0.5760869565217391 0.005647438483259379 0.016092603049124788
0 0.3217022993142396 0.575098814229249 0.025413473174667203 0.017504234895539244
0 0.33662767244856795 0.5791925465838509 0.0052440500201694235 0.01101072840203275
0 0.35760387252924564 0.5794748729531338 0.031060911657926585 0.01101072840203275
0 0.3434852763210972 0.5673348390739695 0.002016942315449778 0.004799548277809147
0 0.40298507462686567 0.5774985883681536 0.01371520774505849 0.008752117447769622
0 0.40439693424768053 0.5804630152456239 0.006857603872529245 0.006775832862789385
0 0.4173053650665591 0.5846979107848673 0.01653892698668818 0.020892151326933936
0 0.4376764824526019 0.5803218520609825 0.016135538523598225 0.01101072840203275
0 0.4507866075030254 0.5787690570299266 0.0028237192416296895 0.010728402032749858
0 0.454417103670835 0.5678994918125353 0.003630496167809601 0.004799548277809147
0 0.47135941912061313 0.5758046301524562 0.03509479628882614 0.020045172219085264
0 0.5258168616377572 0.5735460191981931 0.02864058087938685 0.021174477696216828
0 0.5411456232351755 0.5797571993224168 0.01653892698668818 0.01101072840203275
0 0.5558693021379588 0.5745341614906833 0.009681323114158934 0.017504234895539244
0 0.563937071399758 0.5739695087521175 0.008874546187979023 0.018068887634105024
0 0.5764421137555465 0.5783455674760023 0.015328761597418314 0.011575381140598532
0 0.5947962888261396 0.5769339356295878 0.01653892698668818 0.011575381140598532
0 0.6304961678096006 0.5791925465838509 0.015328761597418314 0.011575381140598532
0 0.653892698668818 0.5756634669678148 0.03307785397337636 0.01693958215697346
0 0.7020976200080677 0.5835686053077357 0.019766034691407825 0.020892151326933936
0 0.7192416296893909 0.5782044042913608 0.014521984671238403 0.007905138339920948
0 0.7341670028237193 0.5787690570299266 0.01371520774505849 0.007905138339920948
0 0.7468737394110528 0.5784867306606437 0.00927793465106898 0.007340485601355167
0 0.763210972166196 0.5752399774138904 0.01936264622831787 0.015527950310559006
0 0.7960871319080274 0.5688876341050254 0.010891488503428802 0.012422360248447204
0 0.7920532472771279 0.5821569734613213 0.0028237192416296895 0.0016939582156973462
