0 0.15671641791044777 0.22416713721061546 0.013311819281968536 0.014116318464144552
0 0.17022993142396128 0.22811970638057594 0.016942315449778138 0.006775832862789385
0 0.19140782573618395 0.22826086956521738 0.025413473174667203 0.007622811970638058
0 0.18132311415893507 0.21964991530208922 0.0028237192416296895 0.005081874647092038
0 0.2400161355385236 0.22684923771880294 0.01936264622831787 0.012704686617730096
0 0.25131101250504234 0.22939017504234896 0.004840661557079467 0.006493506493506494
0 0.2692617991125454 0.22967250141163184 0.026220250100847116 0.00818746470920384
0 0.2583703106091166 0.221485036702428 0.003630496167809601 0.004799548277809147
0 0.27853973376361435 0.22007340485601354 0.003630496167809601 0.004234895539243365
0 0.29689390883420735 0.22600225861095427 0.03146430012101654 0.017786561264822136
0 0.3751512706736587 0.22826086956521738 0.05970149253731343 0.021739130434782608
0 0.4495764421137555 0.22529644268774704 0.018959257765227916 0.01637492941840768
0 0.46046793061718433 0.22924901185770752 0.01653892698668818 0.007340485601355167
0 0.481645824929407 0.22981366459627328 0.02743041549011698 0.006775832862789385
0 0.47196450181524807 0.22035573122529645 0.004840661557079467 0.004234895539243365
0 0.5332795482049213 0.22656691134952003 0.020976200080677694 0.01383399209486166
0 0.54538120209762 0.22910784867306608 0.003227107704719645 0.005928853754940711
0 0.5599031867688584 0.22981366459627328 0.021782977006857603 0.006211180124223602
0 0.5510286405808794 0.22120271033314512 0.003227107704719645 0.004799548277809147
0 0.5768455022186365 0.23037831733483907 0.008067769261799113 0.007905138339920948
0 0.5752319483662768 0.22134387351778656 0.003227107704719645 0.00282326369282891
0 0.599435256151674 0.2289666854884246 0.03711173860427592 0.01693958215697346
0 0.6526825332795482 0.2295313382269904 0.008067769261799113 0.007905138339920948
0 0.6647841871722469 0.23404856013551667 0.02016942315449778 0.014116318464144552
0 0.700080677692618 0.22840203274985885 0.040742234772085516 0.014680971202710334
0 0.72650262202501 0.2305194805194805 0.010488100040338847 0.008752117447769622
0 0.781565147236789 0.22586109542631283 0.043969342476805166 0.014680971202710334
0 0.15449778136345302 0.2792207792207792 0.004840661557079467 0.010728402032749858
0 0.16861637757160144 0.27780914737436474 0.017749092375958047 0.007340485601355167
0 0.16276724485679708 0.2673630717108978 0.0028237192416296895 0.005081874647092038
0 0.208955223880597 0.2787972896668549 0.02016942315449778 0.009316770186335404
0 0.22690601048810005 0.27865612648221344 0.010891488503428802 0.010163749294184076
0 0.23880597014925373 0.2776679841897233 0.014521984671238403 0.006493506493506494
0 0.25131101250504234 0.27428006775832864 0.010488100040338847 0.01383399209486166
0 0.26099233561920127 0.27738565782044045 0.008067769261799113 0.009316770186335404
0 0.2672448567970956 0.27964426877470355 0.004437273093989512 0.006493506493506494
0 0.26966518757563535 0.275974025974026 0.0012101653892698668 0.0008469791078486731
0 0.2753126260588947 0.2704686617730096 0.004437273093989512 0.003952569169960474
0 0.2918515530455829 0.27936194240542067 0.03428801936264623 0.007058159232072276
0 0.3656716417910448 0.2816205533596838 0.04719645018152481 0.013269339356295878
0 0.39229528035498185 0.2720214568040655 0.003630496167809601 0.003105590062111801
0 0.3983461073013312 0.2795031055900621 0.01573215006050827 0.00564652738565782
0 0.41064945542557485 0.2789384528514963 0.008067769261799113 0.007905138339920948
0 0.4219443323920936 0.27625635234330886 0.01371520774505849 0.017221908526256352
0 0.4645018152480839 0.2761151891586674 0.011698265429608713 0.01355166572557877
0 0.4782170229931424 0.27625635234330886 0.018959257765227916 0.016092603049124788
0 0.5207745058491328 0.2751270468661773 0.011294876966518758 0.012704686617730096
0 0.5280354981847519 0.2782326369282891 0.008874546187979023 0.005928853754940711
0 0.5486083098023397 0.27639751552795033 0.03227107704719645 0.014680971202710334
0 0.572206534893102 0.2761151891586674 0.018959257765227916 0.014116318464144552
0 0.6246470350947962 0.2768210050818746 0.02218636546994756 0.013269339356295878
0 0.673053650665591 0.27936194240542067 0.07785397337636143 0.017221908526256352
0 0.6670028237192416 0.2732919254658385 0.003630496167809601 0.0033879164313946925
0 0.1536910044372731 0.32707509881422925 0.01371520774505849 0.012704686617730096
0 0.16599435256151673 0.3296160361377753 0.00927793465106898 0.005364201016374929
0 0.17849939491730538 0.33032185206098247 0.01008471157724889 0.007340485601355167
0 0.22831787010891488 0.3277809147374365 0.08793868495361033 0.015810276679841896
0 0.2789431222267043 0.32298136645962733 0.008471157724889069 0.007905138339920948
0 0.2799515933844292 0.33018068887634106 0.009681323114158934 0.008752117447769622
0 0.327148043565954 0.33243929983060416 0.016942315449778138 0.011575381140598532
0 0.3402581686163776 0.33046301524562394 0.00927793465106898 0.006493506493506494
0 0.3527632109721662 0.3266516092603049 0.013311819281968536 0.014680971202710334
0 0.36405808793868494 0.3232636928289102 0.003630496167809601 0.006211180124223602
0 0.3664784187172247 0.33032185206098247 0.008471157724889069 0.006211180124223602
0 0.37676482452601856 0.334274421230943 0.01936264622831787 0.012422360248447204
0 0.37575635336829366 0.3296160361377753 0.003630496167809601 0.004234895539243365
0 0.4417103670835014 0.32891022021456806 0.02581686163775716 0.021456804065499716
0 0.5018152480839048 0.33328627893845286 0.02743041549011698 0.01383399209486166
0 0.5298507462686567 0.3310276679841897 0.02379991932230738 0.006493506493506494
0 0.5500201694231545 0.3255223037831734 0.013311819281968536 0.014680971202710334
0 0.5845098830173457 0.3269339356295878 0.0572811617587737 0.015245623941276116
0 0.5935861234368697 0.3222755505364201 0.003630496167809601 0.004234895539243365
0 0.6621621621621622 0.3294748729531338 0.013311819281968536 0.006775832862789385
0 0.6742638160548609 0.3297571993224167 0.006857603872529245 0.00846979107848673
0 0.7154094392900363 0.3296160361377753 0.020572811617587738 0.006493506493506494
0 0.7323517547398144 0.3296160361377753 0.012505042355788625 0.00818746470920384
0 0.781565147236789 0.32820440429136083 0.019766034691407825 0.00818746470920384
0 0.8027430415490117 0.32792207792207795 0.021782977006857603 0.007058159232072276
0 0.8245260185558693 0.32396950875211744 0.01371520774505849 0.014963297571993224
0 0.8217022993142397 0.3176171654432524 0.004033884630899556 0.002258610954263128
0 0.17022993142396128 0.3804347826086957 0.03146430012101654 0.02456239412761152
0 0.22327551432029044 0.37577639751552794 0.012505042355788625 0.015245623941276116
0 0.23961274707543365 0.3750705815923207 0.021782977006857603 0.014963297571993224
0 0.29951593384429204 0.3793054771315641 0.0391286809197257 0.007622811970638058
0 0.3400564743848326 0.37549407114624506 0.033884630899556276 0.015810276679841896
0 0.35699878983461075 0.3715415019762846 0.004840661557079467 0.004517221908526256
0 0.3654699475594998 0.3804347826086957 0.01855586930213796 0.005364201016374929
0 0.4235578862444534 0.3781761716544325 0.01855586930213796 0.017786561264822136
0 0.46974586526825335 0.3814229249011858 0.020572811617587738 0.006775832862789385
0 0.4848729326341267 0.3818464144551101 0.008874546187979023 0.007622811970638058
0 0.48668818071803144 0.3706945228684359 0.0028237192416296895 0.003952569169960474
0 0.4963695038321904 0.38114059853190285 0.014925373134328358 0.007905138339920948
0 0.5564743848325938 0.38085827216261997 0.027833803953206938 0.007340485601355167
0 0.6125453812020977 0.37704686617730093 0.03428801936264623 0.014398644833427442
0 0.6877773295683743 0.3759175607001694 0.06131504638967326 0.016657255787690572
0 0.7337636143606293 0.38114059853190285 0.029850746268656716 0.00846979107848673
0 0.7624041952400161 0.3805759457933371 0.01936264622831787 0.006775832862789385
0 0.7858007260992336 0.3802936194240542 0.028237192416296894 0.00846979107848673
0 0.8071803146430012 0.37732919254658387 0.010488100040338847 0.015527950310559006
0 0.8200887454618798 0.37761151891586675 0.015328761597418314 0.014963297571993224
0 0.8382412263009278 0.3784584980237154 0.021782977006857603 0.015527950310559006
0 0.17587736990722067 0.42828910220214567 0.03630496167809601 0.01355166572557877
0 0.23376361436062928 0.4302653867871259 0.07946752722872126 0.019762845849802372
0 0.3174667204517951 0.43125352907961606 0.005647438483259379 0.008752117447769622
0 0.3225090762404195 0.422360248447205 0.0028237192416296895 0.004517221908526256
0 0.3289632916498588 0.4321005081874647 0.014925373134328358 0.00818746470920384
0 0.3719241629689391 0.4280067758328628 0.01855586930213796 0.014116318464144552
0 0.3884630899556273 0.43153585544889894 0.01371520774505849 0.007058159232072276
0 0.4227511093182735 0.42941840767927725 0.053247277127874144 0.014116318464144552
0 0.4592577652279145 0.43464144551101075 0.0028237192416296895 0.002540937323546019
0 0.5052440500201695 0.4289949181253529 0.02218636546994756 0.011575381140598532
0 0.5137152077450585 0.4330886504799548 0.003630496167809601 0.006775832862789385
0 0.5195643404598629 0.42476002258610956 0.0024203307785397336 0.004234895539243365
0 0.5231948366276724 0.4292772444946358 0.008067769261799113 0.013269339356295878
0 0.5334812424364663 0.42857142857142855 0.00927793465106898 0.014116318464144552
0 0.5703912868091973 0.4318181818181818 0.004033884630899556 0.005928853754940711
0 0.5754336425978217 0.4234895539243365 0.003630496167809601 0.005081874647092038
0 0.5790641387656313 0.4278656126482213 0.01008471157724889 0.01383399209486166
0 0.6300927793465106 0.42970073404856013 0.04921339249697459 0.012422360248447204
0 0.6970552642194433 0.43195934500282324 0.017749092375958047 0.006775832862789385
0 0.7057281161758774 0.4322416713721062 0.004437273093989512 0.005081874647092038
0 0.7254941508672852 0.427442123094297 0.027833803953206938 0.014680971202710334
0 0.7135941912061315 0.4233483907396951 0.003227107704719645 0.003105590062111801
0 0.17063331988705124 0.4776962168266516 0.008067769261799113 0.01355166572557877
0 0.18031464300121017 0.48094297007340486 0.009681323114158934 0.005928853754940711
0 0.19705526421944333 0.4798136645962733 0.022993142396127472 0.014398644833427442
0 0.21924162968939087 0.4786843591191417 0.019766034691407825 0.015527950310559006
0 0.3073820088745462 0.48094297007340486 0.0782573618394514 0.018351214003387916
0 0.3190802743041549 0.47289666854884244 0.004033884630899556 0.0033879164313946925
0 0.3519564340459863 0.4741671372106155 0.0052440500201694235 0.004799548277809147
0 0.3620411456232352 0.4826369282891022 0.008471157724889069 0.00818746470920384
0 0.42718838241226303 0.4816487859966121 0.015328761597418314 0.009034443817052512
0 0.4386849536103267 0.48221343873517786 0.00927793465106898 0.009034443817052512
0 0.45461879790237997 0.4823546019198193 0.011294876966518758 0.007058159232072276
0 0.4792254941508673 0.4785431959345003 0.03469140782573618 0.015810276679841896
0 0.5 0.4817899491812535 0.0060508269463493344 0.006493506493506494
0 0.5050423557886244 0.47346132128740825 0.0024203307785397336 0.00282326369282891
0 0.5211778943122227 0.48094297007340486 0.03146430012101654 0.006493506493506494
0 0.5984267849939492 0.47910784867306605 0.058491327148043566 0.019198193111236588
0 0.6861637757160145 0.4776962168266516 0.03469140782573618 0.01637492941840768
0 0.18515530455828963 0.5299265951439864 0.041145623235175476 0.012987012987012988
0 0.2144009681323114 0.5319028797289667 0.018152480839048003 0.006775832862789385
0 0.23941105284388867 0.5331733483907397 0.02864058087938685 0.006493506493506494
0 0.2700685760387253 0.532608695652174 0.018959257765227916 0.007622811970638058
0 0.30032271077047196 0.5293619424054207 0.038321903993545785 0.014116318464144552
0 0.3293666801129488 0.5276679841897233 0.013311819281968536 0.01355166572557877
0 0.34227511093182733 0.5289384528514963 0.018152480839048003 0.016092603049124788
0 0.38221056877773296 0.5261151891586674 0.014118596208148447 0.011575381140598532
0 0.382008874546188 0.5359966120835686 0.0024203307785397336 0.002540937323546019
0 0.4344493747478822 0.5279503105590062 0.015328761597418314 0.014680971202710334
0 0.4489713594191206 0.5279503105590062 0.021782977006857603 0.014680971202710334
0 0.4848729326341267 0.5313382269904009 0.004033884630899556 0.006211180124223602
0 0.4923356192012908 0.5228684359119141 0.0028237192416296895 0.005081874647092038
0 0.4943525615167406 0.5311970638057595 0.006857603872529245 0.009316770186335404
0 0.5020169423154498 0.5309147374364765 0.0060508269463493344 0.00818746470920384
0 0.5171440096813231 0.5300677583286278 0.016135538523598225 0.008752117447769622
0 0.5338846308995563 0.529785431959345 0.010891488503428802 0.00818746470920384
0 0.5784590560709963 0.5309147374364765 0.004033884630899556 0.006493506493506494
0 0.5861234368697055 0.5317617165443252 0.005647438483259379 0.009881422924901186
0 0.5857200484066156 0.5214568040654998 0.0024203307785397336 0.0033879164313946925
0 0.6490520371117386 0.5289384528514963 0.06696248487293263 0.0189158667419537
0 0.7373941105284388 0.5292207792207793 0.053247277127874144 0.013269339356295878
0 0.8146430012101654 0.5344438170525128 0.031060911657926585 0.01355166572557877
0 0.826946349334409 0.5372670807453416 0.004033884630899556 0.00282326369282891
