0 0.16256555062525213 0.22628458498023715 0.01290843081887858 0.013269339356295878
0 0.1772892295280355 0.2264257481648786 0.021379588543767647 0.014680971202710334
0 0.22408229124647036 0.22684923771880294 0.020572811617587738 0.014398644833427442
0 0.23961274707543365 0.22924901185770752 0.011294876966518758 0.006211180124223602
0 0.2488906817265026 0.22967250141163184 0.008067769261799113 0.006493506493506494
0 0.2617991125453812 0.22571993224167136 0.015328761597418314 0.014398644833427442
0 0.27833803953206937 0.2274138904573687 0.01371520774505849 0.016092603049124788
0 0.29064138765631303 0.23122529644268774 0.004437273093989512 0.006211180124223602
0 0.29689390883420735 0.22162619988706944 0.003227107704719645 0.003952569169960474
0 0.30153287615974184 0.2310841332580463 0.008471157724889069 0.008752117447769622
0 0.31585316659943524 0.22811970638057594 0.012101653892698669 0.015245623941276116
0 0.32977006857603874 0.23080180688876342 0.01008471157724889 0.005928853754940711
0 0.3444937474788221 0.23461321287408243 0.021782977006857603 0.015245623941276116
0 0.40661557079467525 0.2261434217955957 0.02581686163775716 0.01693958215697346
0 0.42517144009681324 0.22995482778091475 0.008874546187979023 0.009316770186335404
0 0.46248487293263413 0.22473178994918125 0.007664380798709157 0.01637492941840768
0 0.48225090762404194 0.23503670242800678 0.0326744655102864 0.021174477696216828
0 0.545179507866075 0.22586109542631283 0.01573215006050827 0.018633540372670808
0 0.5586930213795885 0.22924901185770752 0.012101653892698669 0.007340485601355167
0 0.5826946349334409 0.22924901185770752 0.0318676885841065 0.007905138339920948
0 0.6444130697862042 0.22826086956521738 0.021379588543767647 0.007622811970638058
0 0.6986688180718031 0.2285431959345003 0.02016942315449778 0.00818746470920384
0 0.6970552642194433 0.2245906267645398 0.0024203307785397336 0.001411631846414455
0 0.7152077450584913 0.22783738001129306 0.01371520774505849 0.006211180124223602
0 0.7303348124243647 0.22769621682665162 0.00927793465106898 0.005928853754940711
0 0.7412263009277935 0.22882552230378317 0.012505042355788625 0.007058159232072276
0 0.7617991125453812 0.23136645962732919 0.02218636546994756 0.01101072840203275
0 0.7789431222267044 0.22840203274985885 0.010488100040338847 0.00564652738565782
0 0.7930617184348527 0.2279785431959345 0.015328761597418314 0.005364201016374929
0 0.8087938684953611 0.22826086956521738 0.012101653892698669 0.009316770186335404
0 0.16216216216216217 0.28063241106719367 0.015328761597418314 0.023150762281197064
0 0.1690197660346914 0.2813382269904009 0.004840661557079467 0.006493506493506494
0 0.17789431222267044 0.2854319593450028 0.012101653892698669 0.01355166572557877
0 0.17607906413876562 0.2737154150197628 0.003630496167809601 0.004234895539243365
0 0.19140782573618395 0.2779503105590062 0.013311819281968536 0.01383399209486166
0 0.21641791044776118 0.27540937323546016 0.031060911657926585 0.016092603049124788
0 0.27974989915288423 0.2837380011293055 0.025413473174667203 0.015245623941276116
0 0.3128277531262606 0.2800677583286279 0.035901573215006054 0.007340485601355167
0 0.31968535699878986 0.2738565782044043 0.003630496167809601 0.0033879164313946925
0 0.336224283985478 0.28063241106719367 0.00927793465106898 0.00846979107848673
0 0.3489310205728116 0.27653867871259175 0.015328761597418314 0.0189158667419537
0 0.39552238805970147 0.28049124788255225 0.014118596208148447 0.007058159232072276
0 0.40863251311012505 0.2844438170525127 0.017749092375958047 0.013269339356295878
0 0.43404598628479224 0.2813382269904009 0.026623638563937072 0.006493506493506494
0 0.4530052440500202 0.277244494635799 0.011294876966518758 0.015810276679841896
0 0.46651875756353367 0.27738565782044045 0.01008471157724889 0.016657255787690572
0 0.48305768455022186 0.28063241106719367 0.014925373134328358 0.007905138339920948
0 0.5026220250100847 0.27837380011293056 0.01855586930213796 0.01355166572557877
0 0.4957644211375555 0.2720214568040655 0.0024203307785397336 0.003105590062111801
0 0.5219846712384025 0.2847261434217956 0.004033884630899556 0.0036702428006775835
0 0.564340459862848 0.2761151891586674 0.01936264622831787 0.014680971202710334
0 0.573215006050827 0.28077357425183513 0.008874546187979023 0.00818746470920384
0 0.6077047196450182 0.28063241106719367 0.021379588543767647 0.00846979107848673
0 0.6254538120209762 0.2802089215132693 0.014925373134328358 0.007058159232072276
0 0.63654699475595 0.28063241106719367 0.008067769261799113 0.00846979107848673
0 0.6504638967325534 0.27555053642010163 0.014118596208148447 0.014116318464144552
0 0.6841468334005647 0.2768210050818746 0.009681323114158934 0.014963297571993224
0 0.6960467930617185 0.28063241106719367 0.012505042355788625 0.007340485601355167
0 0.7335619201290843 0.2779503105590062 0.01008471157724889 0.01383399209486166
0 0.7464703509479629 0.28077357425183513 0.01008471157724889 0.006493506493506494
0 0.7676482452601856 0.2800677583286279 0.026623638563937072 0.006775832862789385
0 0.7942718838241226 0.2769621682665161 0.023396530859217425 0.012987012987012988
0 0.1563130294473578 0.3308865047995483 0.014118596208148447 0.009599096555618294
0 0.1661960467930617 0.3315923207227555 0.004033884630899556 0.006493506493506494
0 0.18031464300121017 0.32580463015245625 0.01855586930213796 0.014116318464144552
0 0.17305365066559097 0.32142857142857145 0.0024203307785397336 0.0036702428006775835
0 0.21924162968939087 0.32919254658385094 0.013311819281968536 0.006775832862789385
0 0.23053650665590963 0.32608695652173914 0.012505042355788625 0.01693958215697346
0 0.24162968939088342 0.3246753246753247 0.012101653892698669 0.014116318464144552
0 0.25877369907220654 0.33018068887634106 0.02379991932230738 0.007622811970638058
0 0.2833803953206938 0.32622811970638055 0.019766034691407825 0.017221908526256352
0 0.31040742234772084 0.3307453416149068 0.0326744655102864 0.006493506493506494
0 0.29850746268656714 0.3210050818746471 0.004033884630899556 0.005081874647092038
0 0.3354175070592981 0.33568605307735744 0.0028237192416296895 0.0033879164313946925
0 0.3741427995159338 0.327639751552795 0.012505042355788625 0.01101072840203275
0 0.38866478418717226 0.3310276679841897 0.01653892698668818 0.006493506493506494
0 0.4265832997176281 0.33455674760022586 0.018959257765227916 0.015245623941276116
0 0.45764421137555467 0.3318746470920384 0.02944735780556676 0.007058159232072276
0 0.4800322710770472 0.33229813664596275 0.009681323114158934 0.007340485601355167
0 0.4957644211375555 0.3286278938452851 0.014521984671238403 0.015245623941276116
0 0.509076240419524 0.3338509316770186 0.01855586930213796 0.012140033879164314
0 0.5036304961678096 0.33130999435347264 0.0028237192416296895 0.004234895539243365
0 0.5550625252117789 0.3344155844155844 0.016942315449778138 0.012704686617730096
0 0.5711980637353772 0.33356860530773574 0.010488100040338847 0.007058159232072276
0 0.5830980233965308 0.33328627893845286 0.013311819281968536 0.005928853754940711
0 0.5976200080677693 0.33243929983060416 0.00927793465106898 0.007058159232072276
0 0.6117386042759178 0.32891022021456806 0.01653892698668818 0.015245623941276116
0 0.6298910851149657 0.3338509316770186 0.007664380798709157 0.005928853754940711
0 0.6286809197256958 0.325098814229249 0.003630496167809601 0.004234895539243365
0 0.6430012101653892 0.33356860530773574 0.015328761597418314 0.007058159232072276
0 0.6615570794675272 0.3290513833992095 0.009681323114158934 0.012704686617730096
0 0.6952400161355385 0.33483907396950874 0.014118596208148447 0.015245623941276116
0 0.7117789431222267 0.3331451157538114 0.012505042355788625 0.006211180124223602
0 0.7214602662363856 0.3328627893845285 0.010891488503428802 0.006211180124223602
0 0.7416296893908835 0.33243929983060416 0.02864058087938685 0.006493506493506494
0 0.7688584106494554 0.3310276679841897 0.021782977006857603 0.01101072840203275
0 0.7839854780153288 0.3331451157538114 0.011698265429608713 0.009034443817052512
0 0.8319887051230335 0.3284867306606437 0.026220250100847116 0.014963297571993224
0 0.15792658329971762 0.37987012987012986 0.014925373134328358 0.014963297571993224
0 0.15671641791044777 0.37140033879164314 0.0012101653892698668 0.0008469791078486731
0 0.1700282371924163 0.38170525127046867 0.007664380798709157 0.006211180124223602
0 0.18031464300121017 0.37761151891586675 0.008067769261799113 0.012704686617730096
0 0.19766034691407824 0.3774703557312253 0.02581686163775716 0.014116318464144552
0 0.24223477208551836 0.3774703557312253 0.01008471157724889 0.014116318464144552
0 0.2525211778943122 0.37789384528514963 0.011294876966518758 0.014398644833427442
0 0.2745058491327148 0.37859966120835686 0.02944735780556676 0.015810276679841896
0 0.31323114158935056 0.3818464144551101 0.0052440500201694235 0.00818746470920384
0 0.3208955223880597 0.3730942970073405 0.0028237192416296895 0.004799548277809147
0 0.32513110125050426 0.3781761716544325 0.011294876966518758 0.014398644833427442
0 0.37333602258975396 0.38198757763975155 0.019766034691407825 0.00846979107848673
0 0.3860427591770875 0.38085827216261997 0.008874546187979023 0.006211180124223602
0 0.3981444130697862 0.3812817617165443 0.016135538523598225 0.005364201016374929
0 0.39431222267043164 0.3781761716544325 0.0012101653892698668 0.0008469791078486731
0 0.4138765631302945 0.3781761716544325 0.009681323114158934 0.012140033879164314
0 0.42759177087535294 0.37732919254658387 0.022589753933037516 0.014398644833427442
0 0.41972569584509883 0.3708356860530774 0.002016942315449778 0.001411631846414455
0 0.5010084711577248 0.37775268210050816 0.024203307785397338 0.01355166572557877
0 0.5508269463493344 0.3805759457933371 0.01653892698668818 0.006775832862789385
0 0.6040742234772085 0.38170525127046867 0.0318676885841065 0.009034443817052512
0 0.6268656716417911 0.3825522303783173 0.008067769261799113 0.007340485601355167
0 0.6268656716417911 0.3743647656691135 0.0024203307785397336 0.0033879164313946925
0 0.6407825736183945 0.37775268210050816 0.014925373134328358 0.015810276679841896
0 0.6522791448164582 0.3815640880858272 0.01371520774505849 0.005928853754940711
0 0.6742638160548609 0.3790231507622812 0.027833803953206938 0.013269339356295878
0 0.7329568374344494 0.37732919254658387 0.01855586930213796 0.014398644833427442
0 0.7688584106494554 0.38114059853190285 0.011294876966518758 0.00846979107848673
0 0.781363453005244 0.38198757763975155 0.009681323114158934 0.00846979107848673
0 0.7940701895925777 0.38410502540937325 0.019766034691407825 0.011575381140598532
0 0.8146430012101654 0.38198757763975155 0.012505042355788625 0.007340485601355167
0 0.827349737797499 0.3794466403162055 0.01290843081887858 0.015245623941276116
0 0.8352158128277531 0.3706945228684359 0.003630496167809601 0.0016939582156973462
0 0.16659943525615167 0.42758328627893843 0.009681323114158934 0.016092603049124788
0 0.17244856797095603 0.4318181818181818 0.008471157724889069 0.007622811970638058
0 0.18334005647438484 0.4309712027103331 0.013311819281968536 0.00818746470920384
0 0.1964501815248084 0.4267363071710898 0.011294876966518758 0.016657255787690572
0 0.20814844695441712 0.42758328627893843 0.016942315449778138 0.018351214003387916
0 0.25756353368293666 0.4277244494635799 0.02379991932230738 0.018633540372670808
0 0.28378378378378377 0.42871259175607 0.03509479628882614 0.020045172219085264
0 0.29588543767648245 0.4225014116318464 0.0028237192416296895 0.004234895539243365
0 0.3110125050423558 0.4322416713721062 0.01855586930213796 0.00846979107848673
0 0.3336022589753933 0.43845285149632973 0.005647438483259379 0.006211180124223602
0 0.3652682533279548 0.4323828345567476 0.01573215006050827 0.007622811970638058
0 0.3854376764824526 0.4330886504799548 0.020572811617587738 0.007340485601355167
0 0.40641387656313027 0.4278656126482213 0.012505042355788625 0.014398644833427442
0 0.43384429205324726 0.4322416713721062 0.04477611940298507 0.007905138339920948
0 0.45118999596611536 0.42320722755505363 0.0028237192416296895 0.0033879164313946925
0 0.46248487293263413 0.43690005646527386 0.01653892698668818 0.016092603049124788
0 0.5116982654296087 0.42913608130999437 0.00927793465106898 0.014680971202710334
0 0.5264219443323921 0.42814793901750425 0.01855586930213796 0.014963297571993224
0 0.5711980637353772 0.43125352907961606 0.016942315449778138 0.00818746470920384
0 0.5859217426381605 0.4277244494635799 0.013311819281968536 0.015810276679841896
0 0.5943929003630496 0.43252399774138905 0.0052440500201694235 0.006775832862789385
0 0.6030657523194837 0.4234895539243365 0.0016135538523598225 0.002258610954263128
0 0.6107301331181928 0.4268774703557312 0.016942315449778138 0.01355166572557877
0 0.6040742234772085 0.4215132693393563 0.0012101653892698668 0.001129305477131564
0 0.6242436466317063 0.43068887634105024 0.010891488503428802 0.009316770186335404
0 0.6760790641387656 0.429983060417843 0.01936264622831787 0.009599096555618294
0 0.6936264622831787 0.4265951439864483 0.02218636546994756 0.01693958215697346
0 0.7488906817265026 0.4313946922642575 0.03670835014118596 0.007905138339920948
0 0.16942315449778136 0.48348390739695085 0.01371520774505849 0.011575381140598532
0 0.1791044776119403 0.4816487859966121 0.009681323114158934 0.007340485601355167
0 0.19060104881000403 0.4823546019198193 0.010891488503428802 0.006493506493506494
0 0.20431625655506253 0.4784020327498588 0.012505042355788625 0.016092603049124788
0 0.21399757966922145 0.481931112365895 0.0052440500201694235 0.006775832862789385
0 0.22851956434045986 0.48560135516657255 0.019766034691407825 0.015810276679841896
0 0.22186365469947558 0.47247317899491814 0.004840661557079467 0.004234895539243365
0 0.29043969342476805 0.47995482778091475 0.03469140782573618 0.019762845849802372
0 0.3392496974586527 0.4803783173348391 0.014521984671238403 0.006493506493506494
0 0.3771682129891085 0.480660643704122 0.010488100040338847 0.006493506493506494
0 0.4058087938684954 0.4776962168266516 0.04195240016135539 0.014680971202710334
0 0.43828156514723676 0.4860248447204969 0.024606696248487294 0.014398644833427442
0 0.5032271077047197 0.4784020327498588 0.02702702702702703 0.017221908526256352
0 0.5492133924969745 0.4851778656126482 0.01573215006050827 0.013269339356295878
0 0.563937071399758 0.4823546019198193 0.009681323114158934 0.006493506493506494
0 0.5768455022186365 0.4795313382269904 0.01371520774505849 0.01383399209486166
0 0.5881403791851553 0.47600225861095424 0.003227107704719645 0.003952569169960474
0 0.5925776522791448 0.48334274421230944 0.008067769261799113 0.006775832862789385
0 0.6050826946349335 0.4891304347826087 0.02581686163775716 0.017221908526256352
0 0.6030657523194837 0.4829192546583851 0.003227107704719645 0.005364201016374929
0 0.6183945139169019 0.48644833427442125 0.003227107704719645 0.0033879164313946925
0 0.6665994352561517 0.4774138904573687 0.01008471157724889 0.015245623941276116
0 0.6744655102864058 0.4817899491812535 0.014521984671238403 0.007622811970638058
0 0.7170229931423961 0.47896668548842464 0.01573215006050827 0.016092603049124788
0 0.7299314239612748 0.4826369282891022 0.003630496167809601 0.004234895539243365
0 0.7390076643807987 0.4826369282891022 0.010488100040338847 0.00818746470920384
0 0.7384025816861638 0.4719085262563523 0.003630496167809601 0.004234895539243365
0 0.7880193626462283 0.480660643704122 0.01653892698668818 0.007622811970638058
0 0.7993142396127471 0.4810841332580463 0.006857603872529245 0.007340485601355167
0 0.809197256958451 0.48122529644268774 0.008067769261799113 0.006493506493506494
0 0.8073820088745461 0.47219085262563526 0.002016942315449778 0.003105590062111801
0 0.8243243243243243 0.4815076228119706 0.01573215006050827 0.007622811970638058
0 0.1645824929407019 0.5327498588368154 0.004033884630899556 0.009034443817052512
0 0.16962484872932634 0.5244212309429701 0.003630496167809601 0.004799548277809147
0 0.17507059298104075 0.5302089215132694 0.008874546187979023 0.015245623941276116
0 0.21077047196450183 0.5324675324675324 0.014925373134328358 0.006775832862789385
0 0.23557886244453408 0.5295031055900621 0.035498184751916094 0.014398644833427442
0 0.26200080677692617 0.5303500846979108 0.019766034691407825 0.01383399209486166
0 0.3382412263009278 0.5304912478825522 0.04154901169826543 0.019198193111236588
0 0.4045986284792255 0.5278091473743648 0.02501008471157725 0.014963297571993224
0 0.472771278741428 0.5359966120835686 0.063735377168213 0.016092603049124788
0 0.4955627269060105 0.525691699604743 0.003630496167809601 0.0033879164313946925
0 0.5129084308188786 0.5338791643139469 0.01008471157724889 0.00846979107848673
0 0.5258168616377572 0.5296442687747036 0.018152480839048003 0.019762845849802372
0 0.5790641387656313 0.5279503105590062 0.011698265429608713 0.015245623941276116
0 0.5954013715207745 0.5271033314511575 0.01936264622831787 0.014680971202710334
0 0.6292860024203307 0.5331733483907397 0.005647438483259379 0.007058159232072276
0 0.6611536910044373 0.5286561264822134 0.053247277127874144 0.015527950310559006
0 0.6385639370713998 0.5235742518351214 0.004840661557079467 0.004799548277809147
0 0.6958450988301734 0.5328910220214568 0.007260992335619202 0.007058159232072276
0 0.7097620008067769 0.5275268210050819 0.014118596208148447 0.015527950310559006
0 0.7206534893102057 0.5324675324675324 0.012505042355788625 0.00846979107848673
0 0.7741024606696248 0.5292207792207793 0.03146430012101654 0.0189158667419537
0 0.8247277127874143 0.5279503105590062 0.010891488503428802 0.014680971202710334
0 0.8410649455425575 0.5280914737436476 0.02501008471157725 0.014398644833427442
0 0.20209762000806777 0.5811688311688312 0.0782573618394514 0.018351214003387916
0 0.20532472771278742 0.5759457933370977 0.0024203307785397336 0.0033879164313946925
0 0.2490923759580476 0.5854037267080745 0.012505042355788625 0.009881422924901186
0 0.25776522791448164 0.5882269904009034 0.0024203307785397336 0.002540937323546019
