0 0.14421137555465913 0.21301524562394128 0.040742234772085516 0.018351214003387916
0 0.13916901976603469 0.21541501976284586 0.004033884630899556 0.014116318464144552
0 0.1772892295280355 0.2137210615471485 0.019766034691407825 0.01693958215697346
0 0.18152480839048002 0.2140033879164314 0.01290843081887858 0.00282326369282891
0 0.18495361032674465 0.20609824957651043 0.01573215006050827 0.0016939582156973462
0 0.23880597014925373 0.2111801242236025 0.04033884630899556 0.025409373235460192
0 0.2765227914481646 0.21513269339356295 0.035901573215006054 0.015245623941276116
0 0.3110125050423558 0.21485036702428006 0.033884630899556276 0.015245623941276116
0 0.34610730133118195 0.21541501976284586 0.03227107704719645 0.01693958215697346
0 0.3783783783783784 0.21132128740824394 0.035498184751916094 0.021739130434782608
0 0.4072206534893102 0.2100508187464709 0.021379588543767647 0.019198193111236588
0 0.44776119402985076 0.2171089779785432 0.014521984671238403 0.01355166572557877
0 0.4463493344090359 0.20666290231507622 0.003630496167809601 0.0016939582156973462
0 0.4755949979830577 0.21696781479390176 0.015328761597418314 0.014963297571993224
0 0.5254134731746672 0.21668548842461885 0.052843888664784185 0.020045172219085264
0 0.5578862444534086 0.21569734613212874 0.015328761597418314 0.019198193111236588
0 0.5707946752722872 0.20638057594579334 0.0016135538523598225 0.0016939582156973462
0 0.5828963291649859 0.2161208356860531 0.01371520774505849 0.002540937323546019
0 0.600443727309399 0.2183794466403162 0.01734570391286809 0.016657255787690572
0 0.6109318273497378 0.21668548842461885 0.01734570391286809 0.014963297571993224
0 0.617789431222267 0.21823828345567475 0.006857603872529245 0.011857707509881422
0 0.628075837031061 0.21696781479390176 0.016942315449778138 0.014963297571993224
0 0.6333198870512303 0.21456804065499718 0.0016135538523598225 0.001129305477131564
0 0.6401774909237595 0.21781479390175043 0.008067769261799113 0.012140033879164314
0 0.662767244856797 0.21414455110107283 0.035498184751916094 0.01948051948051948
0 0.6470350947962888 0.20793337097684925 0.0016135538523598225 0.001411631846414455
0 0.7045179507866075 0.21513269339356295 0.018959257765227916 0.01637492941840768
0 0.7192416296893909 0.21541501976284586 0.015328761597418314 0.014116318464144552
0 0.7349737797498992 0.21597967250141162 0.01936264622831787 0.012987012987012988
0 0.7474788221056877 0.21668548842461885 0.008874546187979023 0.013269339356295878
0 0.7561516740621218 0.21541501976284586 0.014925373134328358 0.012987012987012988
0 0.753731343283582 0.204686617730096 0.002016942315449778 0.0016939582156973462
0 0.7736990722065349 0.2300959909655562 0.03791851553045583 0.0502540937323546
0 0.7966922146026624 0.22063805759457933 0.0016135538523598225 0.001976284584980237
0 0.8323920935861234 0.2127329192546584 0.0326744655102864 0.023433088650479956
0 0.14360629286002422 0.27089215132693395 0.017749092375958047 0.022303783173348392
0 0.1661960467930617 0.26538678712591757 0.026623638563937072 0.020892151326933936
0 0.18152480839048002 0.2567758328627894 0.0016135538523598225 0.001976284584980237
0 0.1899959661153691 0.2673630717108978 0.015328761597418314 0.012422360248447204
0 0.20532472771278742 0.27315076228119706 0.01855586930213796 0.021174477696216828
0 0.2444534086325131 0.2691981931112366 0.03146430012101654 0.029079616036137776
0 0.28075837031060913 0.2676453980801807 0.012101653892698669 0.01355166572557877
0 0.29225494150867287 0.265527950310559 0.01573215006050827 0.014398644833427442
0 0.30798709156918114 0.26651609260304915 0.01573215006050827 0.014116318464144552
0 0.318273497377975 0.2676453980801807 0.008067769261799113 0.012987012987012988
0 0.33682936668011293 0.26566911349520045 0.03065752319483663 0.020327498588368152
0 0.3239209358612344 0.256352343308865 0.0016135538523598225 0.002258610954263128
0 0.38342073416700284 0.2663749294184077 0.022993142396127472 0.016092603049124788
0 0.3929003630496168 0.25734048560135514 0.003227107704719645 0.003105590062111801
0 0.40237999193223073 0.26679841897233203 0.01734570391286809 0.012422360248447204
0 0.4017749092375958 0.256352343308865 0.0024203307785397336 0.0016939582156973462
0 0.4060104881000403 0.2691981931112366 0.00927793465106898 0.010446075663466968
0 0.41770875352964904 0.26595143986448333 0.01573215006050827 0.015245623941276116
0 0.4322307382008875 0.2672219085262564 0.013311819281968536 0.015527950310559006
0 0.4417103670835014 0.2542348955392434 0.0016135538523598225 0.001411631846414455
0 0.4497781363453005 0.26665725578769056 0.015328761597418314 0.014963297571993224
0 0.4580475998386446 0.26312817617165446 0.0012101653892698668 0.001129305477131564
0 0.46329164985881405 0.2662337662337662 0.010891488503428802 0.014116318464144552
0 0.4709560306575232 0.2670807453416149 0.007664380798709157 0.011857707509881422
0 0.4802339653085922 0.26665725578769056 0.014118596208148447 0.012704686617730096
0 0.4764017749092376 0.2562111801242236 0.0024203307785397336 0.003105590062111801
0 0.49757966922146024 0.26651609260304915 0.025413473174667203 0.014680971202710334
0 0.5108914885034288 0.26693958215697344 0.006857603872529245 0.012140033879164314
0 0.5125050423557886 0.2564935064935065 0.004437273093989512 0.004799548277809147
0 0.526825332795482 0.2663749294184077 0.026623638563937072 0.014963297571993224
0 0.5201694231544978 0.2531055900621118 0.002016942315449778 0.001976284584980237
0 0.5609116579265833 0.268068887634105 0.025413473174667203 0.01383399209486166
0 0.5590964098426785 0.2528232636928289 0.0016135538523598225 0.001411631846414455
0 0.6010488100040339 0.2672219085262564 0.028237192416296894 0.013269339356295878
0 0.6206131504638968 0.2790796160361378 0.03509479628882614 0.03585544889892716
0 0.6647841871722469 0.2691981931112366 0.029043969342476807 0.026821005081874648
0 0.7039128680919726 0.2652456239412761 0.028237192416296894 0.0189158667419537
0 0.7025010084711577 0.25268210050818746 0.002016942315449778 0.001129305477131564
0 0.7656313029447358 0.26665725578769056 0.05244050020169423 0.015527950310559006
0 0.8009277934651069 0.2641163184641446 0.018152480839048003 0.018351214003387916
0 0.8212989108511497 0.2663749294184077 0.02016942315449778 0.014398644833427442
0 0.8257361839451391 0.2542348955392434 0.003227107704719645 0.001976284584980237
0 0.8348124243646632 0.2662337662337662 0.01734570391286809 0.014680971202710334
0 0.145421540943929 0.3169113495200452 0.01653892698668818 0.015527950310559006
0 0.18596208148446955 0.31733483907396953 0.01855586930213796 0.015245623941276116
0 0.21419927390076643 0.3181818181818182 0.03872529245663574 0.014680971202710334
0 0.24425171440096813 0.32622811970638055 0.024606696248487294 0.04206662902315076
0 0.29225494150867287 0.3145115753811406 0.0326744655102864 0.020892151326933936
0 0.3436869705526422 0.31620553359683795 0.03872529245663574 0.014680971202710334
0 0.3981444130697862 0.3147939017504235 0.02016942315449778 0.019762845849802372
0 0.4201290843081888 0.3176171654432524 0.02864058087938685 0.014680971202710334
0 0.43142396127470756 0.3315923207227555 0.02944735780556676 0.0409373235460192
0 0.4227511093182735 0.30632411067193677 0.0016135538523598225 0.001129305477131564
0 0.4836627672448568 0.31719367588932806 0.023396530859217425 0.01948051948051948
0 0.490923759580476 0.30759457933370976 0.0016135538523598225 0.001411631846414455
0 0.5086728519564341 0.31648785996612083 0.026623638563937072 0.018068887634105024
0 0.5227914481645825 0.3064652738565782 0.0016135538523598225 0.001411631846414455
0 0.5433642597821702 0.31535855448898925 0.024203307785397338 0.020327498588368152
0 0.5431625655506253 0.3067476002258611 0.004437273093989512 0.001976284584980237
0 0.5752319483662768 0.3170525127046866 0.014521984671238403 0.015810276679841896
0 0.5859217426381605 0.3169113495200452 0.012505042355788625 0.013269339356295878
0 0.6052843888664784 0.3142292490118577 0.02944735780556676 0.018633540372670808
0 0.6220250100847116 0.3157820440429136 0.016942315449778138 0.017786561264822136
0 0.6496571198063735 0.31804065499717676 0.01573215006050827 0.013269339356295878
0 0.6665994352561517 0.3176171654432524 0.019766034691407825 0.012987012987012988
0 0.6756756756756757 0.31733483907396953 0.010488100040338847 0.012422360248447204
0 0.6803146430012101 0.3090062111801242 0.0028237192416296895 0.0036702428006775835
0 0.7053247277127874 0.31592320722755507 0.022993142396127472 0.012422360248447204
0 0.7085518354175071 0.3177583286278938 0.01573215006050827 0.012704686617730096
0 0.7379991932230738 0.3176171654432524 0.05203711173860428 0.014116318464144552
0 0.7763210972166196 0.3170525127046866 0.022993142396127472 0.012987012987012988
0 0.7682533279548205 0.30660643704121965 0.002016942315449778 0.00282326369282891
0 0.14219443323920936 0.3629305477131564 0.020572811617587738 0.025691699604743084
0 0.1754739814441307 0.3622247317899492 0.041145623235175476 0.0220214568040655
0 0.21298910851149658 0.366600790513834 0.03307785397337636 0.015527950310559006
0 0.25131101250504234 0.36801242236024845 0.02016942315449778 0.013269339356295878
0 0.26603469140782576 0.364059853190288 0.008471157724889069 0.020045172219085264
0 0.2902379991932231 0.36589497459062675 0.0463896732553449 0.019762845849802372
0 0.3346107301331182 0.367871259175607 0.043162565550625254 0.014680971202710334
0 0.390480032271077 0.378317334839074 0.05163372327551432 0.03896103896103896
0 0.4526018555869302 0.36490683229813664 0.03065752319483663 0.018351214003387916
0 0.5080677692617991 0.36589497459062675 0.03993545784590561 0.020892151326933936
0 0.5843081887858007 0.3685770750988142 0.0899556272690601 0.03077357425183512
0 0.600443727309399 0.36363636363636365 0.006857603872529245 0.003952569169960474
0 0.627672448567971 0.36617730095990964 0.016942315449778138 0.014116318464144552
0 0.6462283178701089 0.36773009599096557 0.026623638563937072 0.014963297571993224
0 0.6837434449374747 0.3660361377752682 0.01371520774505849 0.023433088650479956
0 0.7018959257765228 0.36575381140598534 0.03227107704719645 0.01948051948051948
0 0.7236789027833804 0.36476566911349523 0.016135538523598225 0.019198193111236588
0 0.7589753933037515 0.36645962732919257 0.02702702702702703 0.014116318464144552
0 0.7668414683340057 0.3513551665725579 0.01371520774505849 0.001976284584980237
0 0.14078257361839452 0.41643139469226426 0.02501008471157725 0.025409373235460192
0 0.18293666801129488 0.41770186335403725 0.06413876563130294 0.017786561264822136
0 0.1990722065348931 0.41727837380011296 0.0012101653892698668 0.002258610954263128
0 0.21581282775312627 0.42631281761716544 0.004033884630899556 0.00846979107848673
0 0.24384832593787817 0.41854884246188595 0.01734570391286809 0.015527950310559006
0 0.2569584509883017 0.42108977978543194 0.009681323114158934 0.009881422924901186
0 0.25756353368293666 0.4138904573687182 0.002016942315449778 0.00282326369282891
0 0.263614360629286 0.4191134952004517 0.0052440500201694235 0.011575381140598532
0 0.26220250100847114 0.41770186335403725 0.0016135538523598225 0.001411631846414455
0 0.2688584106494554 0.40767927724449465 0.0012101653892698668 0.0016939582156973462
0 0.2763210972166196 0.4168548842461886 0.015328761597418314 0.018351214003387916
0 0.2791448164582493 0.40711462450592883 0.0016135538523598225 0.0016939582156973462
0 0.2987091569181121 0.41883116883116883 0.030254134731746672 0.014398644833427442
0 0.28499394917305365 0.4061264822134387 0.0012101653892698668 0.001411631846414455
0 0.3162565550625252 0.4191134952004517 0.010488100040338847 0.013269339356295878
0 0.3473174667204518 0.41727837380011296 0.029850746268656716 0.018068887634105024
0 0.3918918918918919 0.41727837380011296 0.014118596208148447 0.019198193111236588
0 0.42315449778136344 0.41953698475437606 0.04921339249697459 0.014116318464144552
0 0.47115772488906815 0.41756070016939584 0.01936264622831787 0.014116318464144552
0 0.49596611536910046 0.41643139469226426 0.03428801936264623 0.018633540372670808
0 0.517345703912868 0.4162902315076228 0.01734570391286809 0.0189158667419537
0 0.5490116982654296 0.41770186335403725 0.023396530859217425 0.014963297571993224
0 0.5546591367486889 0.4313946922642575 0.03065752319483663 0.040654997176736304
0 0.5405405405405406 0.43040654997176736 0.0016135538523598225 0.002540937323546019
0 0.5845098830173457 0.41643139469226426 0.033884630899556276 0.014680971202710334
0 0.6054860830980234 0.4178430265386787 0.017749092375958047 0.01693958215697346
0 0.6153691004437273 0.4083850931677019 0.002016942315449778 0.001976284584980237
0 0.6484469544171036 0.4189723320158103 0.02864058087938685 0.012987012987012988
0 0.6823315853166599 0.4209486166007905 0.01653892698668818 0.007340485601355167
0 0.6956434045986285 0.4193958215697346 0.020572811617587738 0.036420101637492944
0 0.6920129084308189 0.4165725578769057 0.002016942315449778 0.001411631846414455
0 0.7077450584913272 0.41756070016939584 0.011698265429608713 0.01355166572557877
0 0.7069382815651473 0.40654997176736307 0.0012101653892698668 0.001129305477131564
0 0.7240822912464704 0.4181253529079616 0.03227107704719645 0.015245623941276116
0 0.7797498991528842 0.4155844155844156 0.07583703106091166 0.018633540372670808
0 0.8202904396934247 0.4147374364765669 0.014118596208148447 0.017504234895539244
0 0.14844695441710368 0.46936758893280633 0.014521984671238403 0.015527950310559006
0 0.18898749495764422 0.46513269339356295 0.018152480839048003 0.0251270468661773
0 0.21863654699475596 0.46809712027103334 0.0500201694231545 0.015810276679841896
0 0.24929407018959257 0.46795595708639187 0.004033884630899556 0.01383399209486166
0 0.26946349334409037 0.46823828345567475 0.029850746268656716 0.015527950310559006
0 0.3053650665590964 0.46908526256352345 0.03065752319483663 0.016092603049124788
0 0.33400564743848327 0.4655561829474873 0.03146430012101654 0.021456804065499716
0 0.3467123840258169 0.4623094297007341 0.003630496167809601 0.005364201016374929
0 0.363251311012505 0.46513269339356295 0.02702702702702703 0.021174477696216828
0 0.4080274304154901 0.46922642574816487 0.01653892698668818 0.01637492941840768
0 0.427390076643808 0.46597967250141165 0.022993142396127472 0.021174477696216828
0 0.4505849132714804 0.4699322416713721 0.026623638563937072 0.020045172219085264
0 0.4407018959257765 0.45948616600790515 0.002016942315449778 0.002540937323546019
0 0.48668818071803144 0.47289666854884244 0.01653892698668818 0.009034443817052512
0 0.5110931827349737 0.46597967250141165 0.03791851553045583 0.023433088650479956
0 0.5046389673255345 0.4600508187464709 0.0016135538523598225 0.001976284584980237
0 0.5314643001210165 0.4668266516092603 0.008471157724889069 0.015527950310559006
0 0.5379185155304558 0.45553359683794464 0.0012101653892698668 0.001976284584980237
0 0.5720048406615571 0.468944099378882 0.02581686163775716 0.01637492941840768
0 0.6032674465510286 0.46908526256352345 0.043969342476805166 0.014398644833427442
0 0.6486486486486487 0.4707792207792208 0.016135538523598225 0.010446075663466968
0 0.6589350544574425 0.4678147939017504 0.013311819281968536 0.025974025974025976
0 0.6748688987494957 0.4688029361942405 0.029043969342476807 0.014398644833427442
0 0.7097620008067769 0.46922642574816487 0.01734570391286809 0.01637492941840768
0 0.745865268253328 0.47007340485601357 0.02501008471157725 0.01637492941840768
0 0.7644211375554659 0.468944099378882 0.015328761597418314 0.014680971202710334
0 0.7799515933844292 0.4683794466403162 0.021379588543767647 0.015810276679841896
0 0.7773295683743445 0.46414455110107283 0.0016135538523598225 0.002258610954263128
0 0.781565147236789 0.45849802371541504 0.0012101653892698668 0.002258610954263128
0 0.7958854376764825 0.46287408243929984 0.01371520774505849 0.01948051948051948
0 0.15207745058491326 0.5138339920948617 0.02743041549011698 0.0220214568040655
0 0.18212989108511496 0.5170807453416149 0.02702702702702703 0.014398644833427442
0 0.20956030657523195 0.5138339920948617 0.022993142396127472 0.019762845849802372
0 0.2591770875352965 0.5220214568040655 0.03509479628882614 0.037267080745341616
0 0.2626058894715611 0.5316205533596838 0.0016135538523598225 0.0016939582156973462
0 0.28479225494150867 0.5180688876341051 0.014521984671238403 0.015810276679841896
0 0.2932634126663977 0.5062111801242236 0.0024203307785397336 0.0016939582156973462
0 0.3027430415490117 0.519339356295878 0.013311819281968536 0.014963297571993224
0 0.3162565550625252 0.5191981931112366 0.014521984671238403 0.014116318464144552
0 0.33198870512303347 0.5247035573122529 0.0016135538523598225 0.001411631846414455
0 0.363654699475595 0.5173630717108978 0.03509479628882614 0.021174477696216828
0 0.3926986688180718 0.5186335403726708 0.01734570391286809 0.015810276679841896
0 0.40197660346914077 0.5101637492941841 0.0012101653892698668 0.001129305477131564
0 0.44332392093586126 0.5197628458498024 0.035498184751916094 0.021456804065499716
0 0.4647035094796289 0.5214568040654998 0.011294876966518758 0.014680971202710334
0 0.463695038321904 0.5069169960474308 0.002016942315449778 0.001976284584980237
0 0.5028237192416297 0.519621682665161 0.01734570391286809 0.012140033879164314
0 0.5032271077047197 0.5056465273856579 0.004437273093989512 0.0016939582156973462
0 0.536708350141186 0.5190570299265952 0.01653892698668818 0.016092603049124788
0 0.5774505849132715 0.5165160926030491 0.022993142396127472 0.0251270468661773
0 0.6046793061718435 0.5159514398644833 0.04195240016135539 0.022303783173348392
0 0.6317063331988705 0.5201863354037267 0.02501008471157725 0.013269339356295878
0 0.6520774505849133 0.5184923771880293 0.018152480839048003 0.014398644833427442
0 0.6659943525615167 0.519339356295878 0.01855586930213796 0.013269339356295878
0 0.6702299314239613 0.5208921513269339 0.00927793465106898 0.010163749294184076
0 0.6928196853569988 0.5190570299265952 0.035901573215006054 0.015527950310559006
0 0.7230738200887454 0.5162337662337663 0.03670835014118596 0.018351214003387916
0 0.7517144009681324 0.5152456239412762 0.0318676885841065 0.018633540372670808
0 0.7940701895925777 0.5182100508187465 0.019766034691407825 0.013269339356295878
0 0.7989108511496571 0.5046583850931677 0.0028237192416296895 0.001411631846414455
0 0.8073820088745461 0.5189158667419537 0.006857603872529245 0.010728402032749858
0 0.1472367890278338 0.5669113495200452 0.014521984671238403 0.017504234895539244
0 0.18051633723275515 0.5645115753811406 0.04800322710770472 0.022868435911914172
0 0.1791044776119403 0.5537831733483908 0.0016135538523598225 0.001411631846414455
0 0.24747882210568778 0.5717108977978543 0.031060911657926585 0.031055900621118012
0 0.2648245260185559 0.5597120271033315 0.002016942315449778 0.001976284584980237
0 0.2789431222267043 0.5717108977978543 0.020572811617587738 0.015245623941276116
0 0.32432432432432434 0.5700169395821569 0.022589753933037516 0.015810276679841896
0 0.3370310609116579 0.5588650479954828 0.002016942315449778 0.001411631846414455
0 0.3469140782573618 0.5670525127046866 0.016135538523598225 0.020609824957651044
0 0.3580072609923356 0.5578769057029926 0.003630496167809601 0.001129305477131564
0 0.36809197256958454 0.571005081874647 0.018152480839048003 0.014963297571993224
0 0.39874949576442115 0.5698757763975155 0.043969342476805166 0.014398644833427442
0 0.4647035094796289 0.5693111236589498 0.04517950786607503 0.016657255787690572
0 0.5359015732150061 0.5659232072275551 0.045582896329164985 0.021739130434782608
0 0.5869302137958854 0.5683229813664596 0.07260992335619201 0.018068887634105024
0 0.6496571198063735 0.5695934500282326 0.019766034691407825 0.010446075663466968
0 0.6605486083098023 0.5700169395821569 0.01734570391286809 0.02766798418972332
0 0.6750705929810408 0.5693111236589498 0.02702702702702703 0.013269339356295878
0 0.6682129891085115 0.5590062111801242 0.0012101653892698668 0.001129305477131564
0 0.7353771682129892 0.5822981366459627 0.07180314643001211 0.04206662902315076
0 0.7168212989108511 0.5656408808582721 0.0016135538523598225 0.001411631846414455
0 0.8075837031060912 0.5691699604743083 0.04679306171843485 0.01355166572557877
0 0.14663170633319886 0.6199887069452287 0.01734570391286809 0.017504234895539244
0 0.1617587736990722 0.6167419536984754 0.012101653892698669 0.022868435911914172
0 0.1744655102864058 0.6201298701298701 0.01008471157724889 0.014963297571993224
0 0.21117386042759176 0.6211180124223602 0.013311819281968536 0.015810276679841896
0 0.20814844695441712 0.6084133258046301 0.003227107704719645 0.0016939582156973462
0 0.25413473174667206 0.6218238283455675 0.01936264622831787 0.017221908526256352
0 0.28620411456232353 0.6161773009599096 0.040742234772085516 0.021739130434782608
0 0.28701089148850345 0.6067193675889329 0.0028237192416296895 0.001129305477131564
0 0.3120209762000807 0.6249294184076792 0.002016942315449778 0.001411631846414455
