0 0.145623235175474 0.21329757199322416 0.003227107704719645 0.009316770186335404
0 0.1500605082694635 0.20242800677583286 0.008874546187979023 0.009034443817052512
0 0.14683340056474384 0.2080745341614907 0.0016135538523598225 0.001129305477131564
0 0.15570794675272287 0.21682665160926032 0.0016135538523598225 0.0016939582156973462
0 0.1609519967728923 0.217673630717109 0.011294876966518758 0.006775832862789385
0 0.23315853166599435 0.22332015810276679 0.07260992335619201 0.025409373235460192
0 0.32432432432432434 0.21781479390175043 0.07341670028237192 0.009881422924901186
0 0.37575635336829366 0.22586109542631283 0.004437273093989512 0.009034443817052512
0 0.49959661153691004 0.21414455110107283 0.18031464300121017 0.03303218520609825
0 0.5669624848729327 0.20143986448334275 0.0028237192416296895 0.0036702428006775835
0 0.6381605486083098 0.21668548842461885 0.06212182331585317 0.016092603049124788
0 0.7214602662363856 0.21301524562394128 0.0536506655909641 0.0189158667419537
0 0.7880193626462283 0.2134387351778656 0.06333198870512304 0.019198193111236588
0 0.8838241226300928 0.21089779785431959 0.08632513110125051 0.023715415019762844
0 0.9308188785800726 0.22317899491812535 0.0028237192416296895 0.001976284584980237
0 0.13150463896732553 0.2543760587238848 0.021782977006857603 0.02710333145115754
0 0.1417910447761194 0.26044607566346695 0.0012101653892698668 0.001411631846414455
0 0.16700282371924163 0.262987012987013 0.048406615570794675 0.00818746470920384
0 0.2628075837031061 0.2605872388481084 0.11012505042355789 0.039525691699604744
0 0.32755143202904397 0.277244494635799 0.004033884630899556 0.010728402032749858
0 0.37394110528438884 0.26679841897233203 0.0653489310205728 0.018633540372670808
0 0.4755949979830577 0.26468097120271034 0.0790641387656313 0.023433088650479956
0 0.5609116579265833 0.2641163184641446 0.05445744251714401 0.021174477696216828
0 0.6248487293263413 0.2694805194805195 0.041145623235175476 0.00818746470920384
0 0.7148043565954014 0.2789384528514963 0.08955223880597014 0.04799548277809147
0 0.8210972166196047 0.2789384528514963 0.06494554255748286 0.029361942405420668
0 0.8664784187172246 0.2776679841897233 0.004840661557079467 0.009316770186335404
0 0.918515530455829 0.26171654432524 0.04679306171843485 0.028797289666854884
0 0.2254941508672852 0.30999435347261434 0.2146026623638564 0.02766798418972332
0 0.3075837031060912 0.30660643704121965 0.003630496167809601 0.002258610954263128
0 0.4112545381202098 0.32382834556747603 0.1189995966115369 0.033314511575381144
0 0.5193626462283178 0.322557876905703 0.0463896732553449 0.0189158667419537
0 0.50040338846309 0.31281761716544326 0.002016942315449778 0.001129305477131564
0 0.5758370310609117 0.31437041219649914 0.024606696248487294 0.021739130434782608
0 0.6353368293666801 0.3116883116883117 0.07987091569181122 0.02258610954263128
0 0.7250907624041952 0.3136645962732919 0.04800322710770472 0.02258610954263128
0 0.8386446147640177 0.31098249576510445 0.12505042355788623 0.025691699604743084
0 0.8711173860427591 0.3050536420101638 0.0060508269463493344 0.0036702428006775835
0 0.891690197660347 0.3219932241671372 0.0028237192416296895 0.001411631846414455
0 0.14199273900766438 0.36589497459062675 0.033884630899556276 0.03387916431394692
0 0.2656313029447358 0.36674195369847545 0.1262605889471561 0.03557312252964427
0 0.33864461476401775 0.3728119706380576 0.003630496167809601 0.001976284584980237
0 0.4199273900766438 0.3599661208356861 0.09600645421540945 0.028797289666854884
0 0.39027833803953205 0.36490683229813664 0.01008471157724889 0.027950310559006212
0 0.5235982250907624 0.3650479954827781 0.09762000806776926 0.0378317334839074
0 0.6183945139169019 0.36829474872953133 0.07099636950383219 0.008752117447769622
0 0.6853569987898346 0.3609542631281762 0.02501008471157725 0.025691699604743084
0 0.7853973376361436 0.3697063805759458 0.1508672851956434 0.03867871259175607
0 0.1417910447761194 0.40993788819875776 0.0463896732553449 0.032185206098249576
0 0.22388059701492538 0.4140316205533597 0.07260992335619201 0.02456239412761152
0 0.3291649858814038 0.4140316205533597 0.1371520774505849 0.035290796160361376
0 0.354780153287616 0.40245623941276115 0.0052440500201694235 0.0036702428006775835
0 0.4594594594594595 0.41445511010728403 0.04033884630899556 0.03387916431394692
0 0.5445744251714401 0.4095143986448334 0.048406615570794675 0.0251270468661773
0 0.6649858814037919 0.4189723320158103 0.12303348124243646 0.040654997176736304
0 0.6123436869705526 0.3986448334274421 0.0024203307785397336 0.0016939582156973462
0 0.7089552238805971 0.4357707509881423 0.0012101653892698668 0.001411631846414455
0 0.7460669624848729 0.41826651609260307 0.0052440500201694235 0.001976284584980237
0 0.7956837434449375 0.4201016374929418 0.07139975796692215 0.04009034443817053
0 0.8870512303348125 0.4103613777526821 0.07583703106091166 0.0251270468661773
0 0.14300121016538928 0.4577922077922078 0.04154901169826543 0.032467532467532464
0 0.1865671641791045 0.4580745341614907 0.0463896732553449 0.03190287972896669
0 0.2281161758773699 0.47459062676453984 0.0052440500201694235 0.00282326369282891
0 0.31242436466317064 0.45976849237718803 0.09640984267849939 0.03077357425183512
0 0.2769261799112545 0.4640033879164314 0.00927793465106898 0.026256352343308864
0 0.28297700685760385 0.4507340485601355 0.0028237192416296895 0.004234895539243365
0 0.37232755143202906 0.4762845849802372 0.0024203307785397336 0.009599096555618294
0 0.4308188785800726 0.4652738565782044 0.07260992335619201 0.019198193111236588
0 0.4080274304154901 0.46710897797854317 0.0012101653892698668 0.001411631846414455
0 0.4352561516740621 0.45539243365330323 0.005647438483259379 0.0033879164313946925
0 0.4759983864461476 0.4776962168266516 0.003227107704719645 0.007340485601355167
0 0.5306575231948366 0.4593450028232637 0.05445744251714401 0.020327498588368152
0 0.5310609116579266 0.4469226425748165 0.003630496167809601 0.001129305477131564
0 0.5350947962888262 0.44762845849802374 0.0012101653892698668 0.002540937323546019
0 0.6200080677692618 0.46047430830039526 0.01936264622831787 0.02710333145115754
0 0.6167809600645422 0.4459345002823264 0.0016135538523598225 0.0008469791078486731
0 0.6403791851553046 0.4709203839638622 0.0052440500201694235 0.00282326369282891
0 0.6700282371924163 0.4623094297007341 0.02016942315449778 0.022303783173348392
0 0.6647841871722469 0.45016939582156973 0.0024203307785397336 0.001976284584980237
0 0.6899959661153691 0.47247317899491814 0.0052440500201694235 0.002540937323546019
0 0.718233158531666 0.4623094297007341 0.026220250100847116 0.025691699604743084
0 0.7426381605486083 0.4733201581027668 0.003227107704719645 0.001411631846414455
0 0.7862041145623235 0.4686617730095991 0.08148446954417103 0.012422360248447204
0 0.1853569987898346 0.5214568040654998 0.11657926583299717 0.033314511575381144
0 0.30354981847519164 0.5207509881422925 0.04719645018152481 0.01101072840203275
0 0.2825736183945139 0.5148221343873518 0.0028237192416296895 0.001411631846414455
0 0.28620411456232353 0.5023997741389046 0.004437273093989512 0.003105590062111801
0 0.3600242033077854 0.5244212309429701 0.0052440500201694235 0.0036702428006775835
0 0.4310205728116176 0.5098814229249012 0.06736587333602259 0.029361942405420668
0 0.4126663977410246 0.5134105025409373 0.008067769261799113 0.028514963297571992
0 0.5340863251311012 0.519621682665161 0.10326744655102864 0.037549407114624504
0 0.6851553045582897 0.5111518915866742 0.12787414279951592 0.026256352343308864
0 0.7212585720048407 0.5018351214003388 0.004840661557079467 0.003105590062111801
0 0.7258975393303752 0.5022586109542632 0.002016942315449778 0.0033879164313946925
0 0.7898346107301332 0.5177865612648221 0.029850746268656716 0.009034443817052512
0 0.8247277127874143 0.5184923771880293 0.03993545784590561 0.009881422924901186
0 0.1609519967728923 0.5609824957651045 0.06938281565147236 0.032185206098249576
0 0.24747882210568778 0.5578769057029926 0.04719645018152481 0.03162055335968379
0 0.35599031867688585 0.5609824957651045 0.10528438886647842 0.025974025974025976
0 0.42940701895925776 0.5654997176736307 0.012505042355788625 0.0016939582156973462
0 0.5225897539330375 0.5787690570299266 0.145623235175474 0.034443817052512704
0 0.5506252521177895 0.5598531902879729 0.004033884630899556 0.00282326369282891
0 0.7442517144009682 0.5719932241671372 0.23719241629689392 0.03670242800677583
0 0.8336022589753933 0.5542066629023151 0.0052440500201694235 0.003952569169960474
0 0.20471964501815249 0.6095426312817617 0.18757563533682936 0.032185206098249576
0 0.39229528035498185 0.626764539808018 0.09398951189995966 0.0378317334839074
0 0.6383622428398548 0.6269057029926595 0.2682533279548205 0.04827780914737437
0 0.7944735780556677 0.6298701298701299 0.0060508269463493344 0.003952569169960474
