0 0.16982654296087132 0.2171089779785432 0.04195240016135539 0.023715415019762844
0 0.21863654699475596 0.21470920383963862 0.01855586930213796 0.027385657820440428
0 0.2668414683340056 0.217673630717109 0.027833803953206938 0.025974025974025976
0 0.33945139169019767 0.21682665160926032 0.08188785800726099 0.028232636928289104
0 0.436668011294877 0.21597967250141162 0.057684550221863654 0.029926595143986448
0 0.508471157724889 0.21597967250141162 0.03751512706736587 0.02766798418972332
0 0.5766438079870916 0.21964991530208922 0.03993545784590561 0.021456804065499716
0 0.6436062928600242 0.21908526256352343 0.0681726502622025 0.025409373235460192
0 0.7071399757966922 0.21640316205533597 0.021782977006857603 0.03020892151326934
0 0.7860024203307785 0.21979107848673066 0.09156918112141993 0.023433088650479956
0 0.18152480839048002 0.27780914737436474 0.08551835417507059 0.044042913608131
0 0.2767244856797096 0.2761151891586674 0.06212182331585317 0.048560135516657256
0 0.3535699878983461 0.2652456239412761 0.050423557886244454 0.029079616036137776
0 0.41508672851956435 0.26665725578769056 0.03630496167809601 0.028514963297571992
0 0.47761194029850745 0.2660926030491248 0.05486083098023396 0.031338226990400904
0 0.5322710770471965 0.2696216826651609 0.012505042355788625 0.023150762281197064
0 0.5812827753126261 0.2673630717108978 0.035498184751916094 0.025974025974025976
0 0.6873739411052844 0.27710333145115756 0.14844695441710368 0.04432523997741389
0 0.8045582896329165 0.28176171654432525 0.056070996369503835 0.037267080745341616
0 0.1446147640177491 0.3186053077357425 0.026220250100847116 0.026256352343308864
0 0.1891891891891892 0.31620553359683795 0.02581686163775716 0.028232636928289104
0 0.2488906817265026 0.32284020327498586 0.03630496167809601 0.04488989271597967
0 0.29931423961274706 0.31959345002823264 0.01371520774505849 0.020327498588368152
0 0.36244453408632515 0.32185206098249575 0.06494554255748286 0.04291360813099943
0 0.4421137555465914 0.3274985883681536 0.06292860024203308 0.050818746470920384
0 0.5242033077853974 0.3176171654432524 0.05203711173860428 0.026538678712591756
0 0.5891488503428802 0.3286278938452851 0.043162565550625254 0.05138339920948617
0 0.662767244856797 0.3177583286278938 0.0653489310205728 0.028514963297571992
0 0.7039128680919726 0.3307453416149068 0.0024203307785397336 0.001976284584980237
0 0.745865268253328 0.3290513833992095 0.04437273093989512 0.051665725578769056
0 0.808995562726906 0.33483907396950874 0.04881000403388463 0.04686617730095991
0 0.15127067365873337 0.37111801242236025 0.055667607906413875 0.032467532467532464
0 0.21702299314239612 0.36702428006775834 0.028237192416296894 0.028232636928289104
0 0.26744655102864057 0.36674195369847545 0.041145623235175476 0.02766798418972332
0 0.3110125050423558 0.38198757763975155 0.03227107704719645 0.04630152456239413
0 0.36385639370713996 0.36688311688311687 0.03469140782573618 0.029644268774703556
0 0.47962888261395725 0.3753529079616036 0.15490116982654295 0.04827780914737437
0 0.5877369907220653 0.37323546019198195 0.02501008471157725 0.04009034443817053
0 0.6296893908834207 0.3673066064370412 0.03065752319483663 0.029361942405420668
0 0.7150060508269463 0.36773009599096557 0.09560306575231949 0.027950310559006212
0 0.8192819685356999 0.3651891586674195 0.07583703106091166 0.032467532467532464
0 0.8606292860024203 0.3804347826086957 0.002016942315449778 0.001976284584980237
0 0.1563130294473578 0.4171372106154715 0.04881000403388463 0.0251270468661773
0 0.22186365469947558 0.4158667419536985 0.04679306171843485 0.030491247882552232
0 0.2753126260588947 0.4171372106154715 0.018959257765227916 0.03020892151326934
0 0.3334005647438483 0.4295595708639187 0.06655909640984267 0.051665725578769056
0 0.40298507462686567 0.42066629023150764 0.028237192416296894 0.029361942405420668
0 0.47135941912061313 0.4227837380011293 0.07139975796692215 0.0251270468661773
0 0.5413473174667205 0.4178430265386787 0.024203307785397338 0.029926595143986448
0 0.6258572004840661 0.4339356295878035 0.11738604275917709 0.04799548277809147
0 0.7210568777732956 0.4168548842461886 0.0318676885841065 0.028514963297571992
0 0.7958854376764825 0.41727837380011296 0.08390480032271078 0.032185206098249576
0 0.16881807180314642 0.4784020327498588 0.07704719645018153 0.04376058723884811
0 0.24969745865268253 0.46936758893280633 0.024203307785397338 0.028514963297571992
0 0.2918515530455829 0.4837662337662338 0.0391286809197257 0.04488989271597967
0 0.3489310205728116 0.47219085262563526 0.04759983864461476 0.021739130434782608
0 0.40943929003630497 0.46809712027103334 0.02743041549011698 0.029926595143986448
0 0.4848729326341267 0.4696499153020892 0.08713190802743041 0.028514963297571992
0 0.5879386849536103 0.4795313382269904 0.08672851956434045 0.052795031055900624
0 0.6486486486486487 0.46852060982495763 0.008067769261799113 0.001411631846414455
0 0.6708350141185963 0.4697910784867307 0.021782977006857603 0.02710333145115754
0 0.7420330778539733 0.46823828345567475 0.0826946349334409 0.03020892151326934
0 0.22932634126663978 0.5197628458498024 0.1827349737797499 0.029361942405420668
0 0.35498184751916095 0.5179277244494636 0.03711173860427592 0.027950310559006212
0 0.41085114965711983 0.516798418972332 0.04800322710770472 0.03190287972896669
0 0.5018152480839048 0.5210333145115754 0.08229124647035095 0.029644268774703556
0 0.5895522388059702 0.5231507622811971 0.05445744251714401 0.021456804065499716
0 0.6655909640984268 0.5190570299265952 0.05889471561113352 0.029079616036137776
0 0.7365873336022589 0.5179277244494636 0.04759983864461476 0.036420101637492944
0 0.8132311415893505 0.5194805194805194 0.07422347720855184 0.03162055335968379
0 0.16034691407825735 0.5690287972896668 0.050423557886244454 0.029079616036137776
0 0.23578055667607906 0.567193675889328 0.051230334812424366 0.033314511575381144
0 0.3553852359822509 0.5704404291360813 0.14199273900766438 0.025691699604743084
0 0.4376764824526019 0.567193675889328 0.00645421540943929 0.001129305477131564
0 0.4872932634126664 0.568746470920384 0.07018959257765228 0.03020892151326934
0 0.5705929810407422 0.5701581027667985 0.0609116579265833 0.029079616036137776
0 0.636345300524405 0.5688876341050254 0.027833803953206938 0.028797289666854884
0 0.7083501411859621 0.5813099943534726 0.08067769261799113 0.04743083003952569
0 0.790641387656313 0.5693111236589498 0.04921339249697459 0.03190287972896669
0 0.1843485276321097 0.6332580463015246 0.09923356192012908 0.05307735742518351
0 0.27228721258572003 0.6278938452851497 0.024203307785397338 0.04799548277809147
0 0.36244453408632515 0.6307171089779785 0.1189995966115369 0.053642010163749296
0 0.5221863654699476 0.6311405985319029 0.1609519967728923 0.052795031055900624
0 0.609318273497378 0.63085827216262 0.0028237192416296895 0.002540937323546019
