0 0.1389673255344897 0.20948616600790515 0.01734570391286809 0.00282326369282891
0 0.1399757966922146 0.2186617730095991 0.005647438483259379 0.014398644833427442
0 0.14945542557482855 0.21626199887069453 0.008471157724889069 0.019198193111236588
0 0.1661960467930617 0.22586109542631283 0.021782977006857603 0.019198193111236588
0 0.19342476805163372 0.22346132128740825 0.004437273093989512 0.00818746470920384
0 0.20209762000806777 0.22374364765669114 0.008874546187979023 0.008752117447769622
0 0.21319080274304156 0.21583850931677018 0.007664380798709157 0.022868435911914172
0 0.22186365469947558 0.2224731789949181 0.008874546187979023 0.009034443817052512
0 0.23295683743444937 0.22219085262563523 0.010891488503428802 0.006775832862789385
0 0.245461879790238 0.21541501976284586 0.010891488503428802 0.021456804065499716
0 0.28075837031060913 0.21640316205533597 0.014521984671238403 0.021739130434782608
0 0.3108108108108108 0.22162619988706944 0.011698265429608713 0.009034443817052512
0 0.3219039935457846 0.221485036702428 0.003227107704719645 0.006493506493506494
0 0.3229124647035095 0.21485036702428006 0.003630496167809601 0.0016939582156973462
0 0.33501411859620817 0.2149915302089215 0.010891488503428802 0.01948051948051948
0 0.35760387252924564 0.22162619988706944 0.01008471157724889 0.009599096555618294
0 0.3699072206534893 0.22190852625635235 0.008067769261799113 0.007340485601355167
0 0.3830173457039129 0.21513269339356295 0.008471157724889069 0.021456804065499716
0 0.3926986688180718 0.22219085262563523 0.010891488503428802 0.007905138339920948
0 0.40197660346914077 0.22233201581027667 0.002016942315449778 0.007058159232072276
0 0.40318676885841065 0.2149915302089215 0.0028237192416296895 0.003105590062111801
0 0.4116579265832997 0.21541501976284586 0.011698265429608713 0.019762845849802372
0 0.4255748285599032 0.22120271033314512 0.012101653892698669 0.007622811970638058
0 0.4562323517547398 0.2183794466403162 0.005647438483259379 0.016657255787690572
0 0.46752722872125857 0.21668548842461885 0.010488100040338847 0.0189158667419537
0 0.4824526018555869 0.2217673630717109 0.011294876966518758 0.007058159232072276
0 0.5135135135135135 0.21725014116318464 0.01855586930213796 0.01948051948051948
0 0.527228721258572 0.2236024844720497 0.0024203307785397336 0.005081874647092038
0 0.527228721258572 0.21781479390175043 0.0016135538523598225 0.001976284584980237
0 0.536506655909641 0.2230378317334839 0.008874546187979023 0.006775832862789385
0 0.54497781363453 0.22346132128740825 0.0024203307785397336 0.004234895539243365
0 0.5469947559499798 0.21682665160926032 0.003227107704719645 0.0016939582156973462
0 0.5566760790641387 0.2220496894409938 0.009681323114158934 0.00818746470920384
0 0.5592981040742234 0.21950875211744778 0.002016942315449778 0.001976284584980237
0 0.5794675272287213 0.22063805759457933 0.03428801936264623 0.026821005081874648
0 0.618192819685357 0.22317899491812535 0.00927793465106898 0.008752117447769622
0 0.6333198870512303 0.21852060982495766 0.009681323114158934 0.018633540372670808
0 0.6670028237192416 0.21823828345567475 0.027833803953206938 0.018633540372670808
0 0.6956434045986285 0.21922642574816487 0.02944735780556676 0.021174477696216828
0 0.7192416296893909 0.2248729531338227 0.009681323114158934 0.006493506493506494
0 0.7307382008874547 0.22388481084133258 0.012505042355788625 0.006775832862789385
0 0.7535296490520371 0.2279785431959345 0.004033884630899556 0.003105590062111801
0 0.7763210972166196 0.22162619988706944 0.0028237192416296895 0.01693958215697346
0 0.7761194029850746 0.21202710333145117 0.0016135538523598225 0.0016939582156973462
0 0.7864058087938685 0.21950875211744778 0.007664380798709157 0.017221908526256352
0 0.8039532069382815 0.22444946357989837 0.0024203307785397336 0.007340485601355167
0 0.8053650665590965 0.21908526256352343 0.004437273093989512 0.0033879164313946925
0 0.8126260588947156 0.22501411631846416 0.01008471157724889 0.007905138339920948
0 0.14239612747075434 0.26143421795595706 0.007260992335619202 0.019762845849802372
0 0.15288422751109318 0.2621400338791643 0.008874546187979023 0.021174477696216828
0 0.16680112948769665 0.268068887634105 0.014118596208148447 0.009316770186335404
0 0.17386042759177087 0.2628458498023715 0.0016135538523598225 0.0016939582156973462
0 0.18192819685356998 0.2689158667419537 0.008874546187979023 0.00818746470920384
0 0.2154094392900363 0.2732919254658385 0.008067769261799113 0.020892151326933936
0 0.22872125857200484 0.27004517221908525 0.01371520774505849 0.00818746470920384
0 0.24768051633723276 0.262987012987013 0.016135538523598225 0.021739130434782608
0 0.2624041952400161 0.2701863354037267 0.00927793465106898 0.006775832862789385
0 0.2698668818071803 0.2542348955392434 0.0024203307785397336 0.002540937323546019
0 0.27329568374344493 0.26439864483342745 0.00927793465106898 0.017221908526256352
0 0.3019362646228318 0.2694805194805195 0.011698265429608713 0.007058159232072276
0 0.3150463896732553 0.27526821005081875 0.010488100040338847 0.01693958215697346
0 0.3301734570391287 0.2707509881422925 0.018959257765227916 0.007340485601355167
0 0.3380395320693828 0.26468097120271034 0.003227107704719645 0.003105590062111801
0 0.3481242436466317 0.27089215132693395 0.010488100040338847 0.005364201016374929
0 0.3608309802339653 0.2714568040654997 0.010891488503428802 0.009316770186335404
0 0.3652682533279548 0.25367024280067757 0.0012101653892698668 0.0008469791078486731
0 0.37051230334812424 0.26439864483342745 0.011698265429608713 0.020045172219085264
0 0.4056070996369504 0.26341050254093734 0.0060508269463493344 0.018068887634105024
0 0.4156918112141993 0.26341050254093734 0.00927793465106898 0.02258610954263128
0 0.4288019362646228 0.2701863354037267 0.012101653892698669 0.007905138339920948
0 0.46954417103670837 0.26538678712591757 0.010488100040338847 0.01693958215697346
0 0.4870915691811214 0.2691981931112366 0.00927793465106898 0.001976284584980237
0 0.509277934651069 0.2648221343873518 0.02379991932230738 0.020327498588368152
0 0.5298507462686567 0.2720214568040655 0.01573215006050827 0.006493506493506494
0 0.5463896732553449 0.2662337662337662 0.014118596208148447 0.019198193111236588
0 0.5681726502622025 0.2748447204968944 0.002016942315449778 0.001411631846414455
0 0.5683743444937475 0.2761151891586674 0.0024203307785397336 0.001129305477131564
0 0.5933844292053247 0.26030491247882553 0.01936264622831787 0.0033879164313946925
0 0.5947962888261396 0.2684923771880294 0.003630496167809601 0.009034443817052512
0 0.6070996369503833 0.2660926030491248 0.008067769261799113 0.017221908526256352
0 0.6212182331585316 0.27639751552795033 0.016942315449778138 0.019762845849802372
0 0.6470350947962888 0.27188029361942406 0.008067769261799113 0.007905138339920948
0 0.6573215006050827 0.2715979672501412 0.006857603872529245 0.007340485601355167
0 0.6680112948769665 0.27639751552795033 0.008067769261799113 0.01637492941840768
0 0.6791044776119403 0.2696216826651609 0.00927793465106898 0.015245623941276116
0 0.6918112141992739 0.2670807453416149 0.008067769261799113 0.015245623941276116
0 0.7202501008471158 0.2689158667419537 0.01573215006050827 0.016092603049124788
0 0.7436466317063332 0.2683512140033879 0.008471157724889069 0.018351214003387916
0 0.7539330375151271 0.27413890457368717 0.009681323114158934 0.006775832862789385
0 0.7656313029447358 0.2732919254658385 0.010488100040338847 0.00846979107848673
0 0.7769261799112546 0.27300959909655564 0.010488100040338847 0.007340485601355167
0 0.8033481242436467 0.2728684359119142 0.014118596208148447 0.006493506493506494
0 0.13674868898749495 0.32806324110671936 0.007260992335619202 0.018068887634105024
0 0.14400968132311415 0.31634669678147936 0.004033884630899556 0.018351214003387916
0 0.15248083904800322 0.3219932241671372 0.008067769261799113 0.009316770186335404
0 0.16377571601452198 0.32284020327498586 0.010488100040338847 0.006493506493506494
0 0.17668414683340056 0.32269904009034445 0.009681323114158934 0.00846979107848673
0 0.1871722468737394 0.3234048560135517 0.011294876966518758 0.005928853754940711
0 0.20149253731343283 0.3242518351214003 0.010891488503428802 0.005928853754940711
0 0.21258572004840662 0.3186053077357425 0.008874546187979023 0.016657255787690572
0 0.2390076643807987 0.3188876341050254 0.00927793465106898 0.014963297571993224
0 0.24687373941105284 0.31874647092038394 0.0024203307785397336 0.002258610954263128
0 0.24667204517950786 0.3246753246753247 0.002016942315449778 0.005081874647092038
0 0.25958047599838646 0.3242518351214003 0.01653892698668818 0.006493506493506494
0 0.2753126260588947 0.3235460191981931 0.01008471157724889 0.007340485601355167
0 0.2972972972972973 0.3265104460756635 0.004033884630899556 0.003105590062111801
0 0.32573618394513915 0.32029926595143987 0.026220250100847116 0.014963297571993224
0 0.3227107704719645 0.32241671372106157 0.0024203307785397336 0.009599096555618294
0 0.345703912868092 0.3243929983060418 0.009681323114158934 0.007905138339920948
0 0.3753529649052037 0.3235460191981931 0.01573215006050827 0.00846979107848673
0 0.38866478418717226 0.32382834556747603 0.00927793465106898 0.009599096555618294
0 0.3991528842275111 0.3242518351214003 0.012505042355788625 0.006493506493506494
0 0.4102460669624849 0.3186053077357425 0.008067769261799113 0.017221908526256352
0 0.4201290843081888 0.3186053077357425 0.010891488503428802 0.017221908526256352
0 0.4336425978217023 0.32368718238283456 0.008874546187979023 0.007622811970638058
0 0.44594594594594594 0.3232636928289102 0.007664380798709157 0.007340485601355167
0 0.47539330375151273 0.3190287972896669 0.01653892698668818 0.018633540372670808
0 0.4955627269060105 0.3235460191981931 0.018152480839048003 0.007905138339920948
0 0.5118999596611536 0.3241106719367589 0.008874546187979023 0.006211180124223602
0 0.5227914481645825 0.3235460191981931 0.01290843081887858 0.00564652738565782
0 0.537111738604276 0.3234048560135517 0.008471157724889069 0.00818746470920384
0 0.5500201694231545 0.3166290231507623 0.01008471157724889 0.0189158667419537
0 0.5685760387252925 0.32298136645962733 0.0028237192416296895 0.007905138339920948
0 0.5707946752722872 0.3166290231507623 0.004840661557079467 0.001976284584980237
0 0.5790641387656313 0.3222755505364201 0.007664380798709157 0.00818746470920384
0 0.6020572811617588 0.327639751552795 0.010891488503428802 0.016092603049124788
0 0.6240419524001614 0.3198757763975155 0.03227107704719645 0.015245623941276116
0 0.6510689794271883 0.3296160361377753 0.00645421540943929 0.005364201016374929
0 0.6514723678902783 0.32185206098249575 0.0024203307785397336 0.0016939582156973462
0 0.68152480839048 0.32284020327498586 0.022993142396127472 0.009881422924901186
0 0.7012908430818878 0.32382834556747603 0.020572811617587738 0.007340485601355167
0 0.7198467123840259 0.32806324110671936 0.007664380798709157 0.010728402032749858
0 0.7315449778136345 0.31959345002823264 0.01008471157724889 0.018068887634105024
0 0.7624041952400161 0.3197346132128741 0.014521984671238403 0.018351214003387916
0 0.7753126260588947 0.3234048560135517 0.008067769261799113 0.005928853754940711
0 0.800726099233562 0.3178994918125353 0.009681323114158934 0.015245623941276116
0 0.8158531665994353 0.31733483907396953 0.020572811617587738 0.018068887634105024
0 0.8350141185962081 0.32241671372106157 0.01371520774505849 0.005081874647092038
0 0.8515530455828964 0.32679277244494637 0.004033884630899556 0.0036702428006775835
0 0.1335215812827753 0.3708356860530774 0.016942315449778138 0.014963297571993224
0 0.1518757563533683 0.3706945228684359 0.018959257765227916 0.01355166572557877
0 0.15893505445744252 0.36702428006775834 0.003227107704719645 0.0016939582156973462
0 0.17224687373941105 0.3674477696216827 0.017749092375958047 0.018351214003387916
0 0.19423154497781364 0.3718238283455675 0.02218636546994756 0.018068887634105024
0 0.20855183541750705 0.37027103331451156 0.003227107704719645 0.015527950310559006
0 0.21581282775312627 0.3699887069452287 0.003227107704719645 0.015527950310559006
0 0.24263816054860832 0.37210615471485037 0.011698265429608713 0.00846979107848673
0 0.25413473174667206 0.3681535855448899 0.010488100040338847 0.019198193111236588
0 0.2648245260185559 0.3738001129305477 0.008471157724889069 0.007905138339920948
0 0.2747075433642598 0.3743647656691135 0.008874546187979023 0.007340485601355167
0 0.2880193626462283 0.3675889328063241 0.008067769261799113 0.018633540372670808
0 0.2936668011294877 0.37351778656126483 0.008874546187979023 0.006775832862789385
0 0.300121016538927 0.36575381140598534 0.003227107704719645 0.01948051948051948
0 0.3235175473981444 0.36900056465273856 0.012101653892698669 0.015810276679841896
0 0.3354175070592981 0.37422360248447206 0.00927793465106898 0.007622811970638058
0 0.37232755143202906 0.367871259175607 0.010488100040338847 0.018633540372670808
0 0.38321903993545786 0.3730942970073405 0.008874546187979023 0.00818746470920384
0 0.3945139169019766 0.37323546019198195 0.008874546187979023 0.007905138339920948
0 0.40439693424768053 0.37267080745341613 0.00927793465106898 0.007905138339920948
0 0.41508672851956435 0.3738001129305477 0.008067769261799113 0.006211180124223602
0 0.4298104074223477 0.3674477696216827 0.01734570391286809 0.020609824957651044
0 0.44574425171440096 0.36829474872953133 0.010488100040338847 0.017786561264822136
0 0.46651875756353367 0.3761998870694523 0.004437273093989512 0.002540937323546019
0 0.4923356192012908 0.3780350084697911 0.0028237192416296895 0.0016939582156973462
0 0.50040338846309 0.36773009599096557 0.014925373134328358 0.0189158667419537
0 0.5131101250504235 0.3739412761151892 0.008874546187979023 0.006493506493506494
0 0.5235982250907624 0.3699887069452287 0.011294876966518758 0.01383399209486166
0 0.5262202501008472 0.3622247317899492 0.0012101653892698668 0.001129305477131564
0 0.5603065752319484 0.3709768492377188 0.007260992335619202 0.015245623941276116
0 0.5709963695038321 0.3685770750988142 0.012505042355788625 0.017786561264822136
0 0.590560709963695 0.3771880293619424 0.023396530859217425 0.01637492941840768
0 0.6331181928196854 0.37267080745341613 0.018152480839048003 0.00846979107848673
0 0.6466317063331989 0.37295313382269907 0.0024203307785397336 0.005081874647092038
0 0.6472367890278338 0.3650479954827781 0.002016942315449778 0.002258610954263128
0 0.6492537313432836 0.36575381140598534 0.0012101653892698668 0.0008469791078486731
0 0.654497781363453 0.3673066064370412 0.003630496167809601 0.018633540372670808
0 0.6621621621621622 0.36716544325239975 0.004437273093989512 0.016657255787690572
0 0.6839451391690198 0.3674477696216827 0.006857603872529245 0.016092603049124788
0 0.6946349334409035 0.3715415019762846 0.009681323114158934 0.00846979107848673
0 0.7079467527228721 0.37267080745341613 0.010488100040338847 0.009034443817052512
0 0.7198467123840259 0.37238848108413325 0.010891488503428802 0.00846979107848673
0 0.7496974586526826 0.37267080745341613 0.010891488503428802 0.007340485601355167
0 0.7805566760790641 0.3685770750988142 0.016135538523598225 0.016657255787690572
0 0.7878176684146834 0.36900056465273856 0.0016135538523598225 0.0016939582156973462
0 0.7966922146026624 0.3740824392998306 0.008067769261799113 0.006775832862789385
0 0.8077853973376361 0.37337662337662336 0.008471157724889069 0.007058159232072276
0 0.8267446551028641 0.3728119706380576 0.007664380798709157 0.00818746470920384
0 0.835820895522388 0.37337662337662336 0.0024203307785397336 0.007058159232072276
0 0.8370310609116579 0.36674195369847545 0.003227107704719645 0.0033879164313946925
0 0.8539733763614361 0.37224731789949184 0.024203307785397338 0.009316770186335404
0 0.1262605889471561 0.424901185770751 0.010488100040338847 0.009599096555618294
0 0.13977410246066962 0.42193675889328064 0.008471157724889069 0.017221908526256352
0 0.1789027833803953 0.42066629023150764 0.014118596208148447 0.012422360248447204
0 0.19221460266236384 0.41967814793901753 0.01008471157724889 0.016657255787690572
0 0.2045179507866075 0.42617165443252397 0.0024203307785397336 0.001976284584980237
0 0.23053650665590963 0.4201016374929418 0.014925373134328358 0.01637492941840768
0 0.23416700282371924 0.4109260304912479 0.0012101653892698668 0.0008469791078486731
0 0.2444534086325131 0.42377188029361945 0.010488100040338847 0.007905138339920948
0 0.25958047599838646 0.42419536984754375 0.014925373134328358 0.007058159232072276
0 0.27511093182734975 0.42405420666290233 0.009681323114158934 0.007905138339920948
0 0.2845905607099637 0.42391304347826086 0.010891488503428802 0.007622811970638058
0 0.2833803953206938 0.4140316205533597 0.0028237192416296895 0.00818746470920384
0 0.30153287615974184 0.42377188029361945 0.011698265429608713 0.009034443817052512
0 0.33763614360629285 0.4213721061547149 0.010488100040338847 0.016092603049124788
0 0.34610730133118195 0.4253246753246753 0.012101653892698669 0.007058159232072276
0 0.3608309802339653 0.4253246753246753 0.01008471157724889 0.006493506493506494
0 0.3721258572004841 0.4203839638622247 0.01573215006050827 0.018633540372670808
0 0.39310205728116177 0.4301242236024845 0.0052440500201694235 0.003105590062111801
0 0.4257765227914482 0.4233483907396951 0.01653892698668818 0.00818746470920384
0 0.4400968132311416 0.4162902315076228 0.003227107704719645 0.001411631846414455
0 0.4407018959257765 0.4243365330321852 0.002016942315449778 0.00564652738565782
0 0.44876966518757566 0.4184076792772445 0.006857603872529245 0.01693958215697346
0 0.4473578055667608 0.40894974590626765 0.0016135538523598225 0.0008469791078486731
0 0.46006454215409437 0.41798418972332013 0.010891488503428802 0.0189158667419537
0 0.48769665187575634 0.42405420666290233 0.0024203307785397336 0.00564652738565782
0 0.4883017345703913 0.41544325239977414 0.0028237192416296895 0.001411631846414455
0 0.4977813634530052 0.41798418972332013 0.008067769261799113 0.0189158667419537
0 0.5078660750302542 0.42391304347826086 0.008874546187979023 0.00818746470920384
0 0.54538120209762 0.4278656126482213 0.009681323114158934 0.016092603049124788
0 0.5532472771278741 0.4201016374929418 0.003630496167809601 0.018068887634105024
0 0.5625252117789431 0.42518351214003386 0.011698265429608713 0.007340485601355167
0 0.5786607503025414 0.4243365330321852 0.014925373134328358 0.009034443817052512
0 0.5879386849536103 0.41967814793901753 0.003630496167809601 0.003105590062111801
0 0.5937878176684147 0.42080745341614906 0.009681323114158934 0.016092603049124788
0 0.5964098426784994 0.4117730095990966 0.0012101653892698668 0.001976284584980237
0 0.6329164985881404 0.4203839638622247 0.008067769261799113 0.018633540372670808
0 0.6411859620814845 0.42377188029361945 0.008471157724889069 0.009599096555618294
0 0.6571198063735377 0.41798418972332013 0.01936264622831787 0.0189158667419537
0 0.6742638160548609 0.4227837380011293 0.012505042355788625 0.008752117447769622
0 0.6918112141992739 0.42941840767927725 0.00645421540943929 0.006775832862789385
0 0.7222670431625655 0.4278656126482213 0.006857603872529245 0.017221908526256352
0 0.7333602258975394 0.4234895539243365 0.008874546187979023 0.007905138339920948
0 0.7430415490116983 0.41826651609260307 0.011294876966518758 0.01948051948051948
0 0.7490923759580476 0.4161490683229814 0.0024203307785397336 0.0016939582156973462
0 0.7648245260185559 0.42377188029361945 0.020976200080677694 0.007905138339920948
0 0.7559499798305769 0.4114906832298137 0.0024203307785397336 0.0036702428006775835
0 0.7609923356192013 0.4215132693393563 0.0028237192416296895 0.002258610954263128
0 0.7847922549415087 0.4246188594014681 0.011698265429608713 0.007340485601355167
0 0.800121016538927 0.4233483907396951 0.00927793465106898 0.007622811970638058
0 0.8158531665994353 0.429983060417843 0.006857603872529245 0.00564652738565782
0 0.13110125050423557 0.47374364765669114 0.017749092375958047 0.010163749294184076
0 0.14683340056474384 0.47586109542631283 0.007260992335619202 0.007622811970638058
0 0.1563130294473578 0.4754376058723885 0.01008471157724889 0.009034443817052512
0 0.20855183541750705 0.4704968944099379 0.03065752319483663 0.01948051948051948
0 0.22972972972972974 0.4764257481648786 0.008471157724889069 0.00818746470920384
0 0.24021782977006859 0.4696499153020892 0.014925373134328358 0.021739130434782608
0 0.25776522791448164 0.4751552795031056 0.008874546187979023 0.007905138339920948
0 0.2809600645421541 0.47995482778091475 0.007664380798709157 0.005081874647092038
0 0.3116175877369907 0.4733201581027668 0.012505042355788625 0.00818746470920384
0 0.32553448971359417 0.4743083003952569 0.011294876966518758 0.006775832862789385
0 0.3382412263009278 0.46936758893280633 0.010891488503428802 0.016657255787690572
0 0.3781766841468334 0.4754376058723885 0.01008471157724889 0.006775832862789385
0 0.39128680919725695 0.46852060982495763 0.008067769261799113 0.016657255787690572
0 0.40500201694231547 0.46922642574816487 0.01855586930213796 0.018633540372670808
0 0.42174263816054863 0.4748729531338227 0.008471157724889069 0.006211180124223602
0 0.463493344090359 0.4738848108413326 0.016942315449778138 0.009881422924901186
0 0.47660346914078255 0.47571993224167136 0.0028237192416296895 0.00564652738565782
0 0.47781363453005243 0.4678147939017504 0.0012101653892698668 0.001129305477131564
0 0.48951189995966116 0.4688029361942405 0.010891488503428802 0.020045172219085264
0 0.4947559499798306 0.47501411631846413 0.00927793465106898 0.005928853754940711
0 0.5010084711577248 0.467673630717109 0.003227107704719645 0.017786561264822136
0 0.5304558289632917 0.46852060982495763 0.01290843081887858 0.01948051948051948
0 0.5377168212989109 0.4655561829474873 0.0024203307785397336 0.0016939582156973462
0 0.5465913674868899 0.4686617730095991 0.011294876966518758 0.018633540372670808
0 0.5500201694231545 0.45976849237718803 0.006857603872529245 0.001976284584980237
0 0.554860830980234 0.47219085262563526 0.010891488503428802 0.009881422924901186
0 0.5794675272287213 0.4784020327498588 0.0052440500201694235 0.003105590062111801
