0 0.14663170633319886 0.19240542066629024 0.019766034691407825 0.015527950310559006
0 0.18475191609519967 0.19381705251270467 0.01936264622831787 0.012140033879164314
0 0.20471964501815249 0.19395821569734614 0.012505042355788625 0.009034443817052512
0 0.21803146430012102 0.19028797289666854 0.013311819281968536 0.0033879164313946925
0 0.21601452198467125 0.19522868435911914 0.00927793465106898 0.006493506493506494
0 0.2325534489713594 0.19367588932806323 0.011698265429608713 0.010163749294184076
0 0.24848729326341268 0.19466403162055335 0.012101653892698669 0.008752117447769622
0 0.26663977410246065 0.19395821569734614 0.020976200080677694 0.010163749294184076
0 0.2853973376361436 0.19438170525127046 0.018959257765227916 0.012140033879164314
0 0.3235175473981444 0.1976284584980237 0.020976200080677694 0.005081874647092038
0 0.3582089552238806 0.192970073404856 0.04033884630899556 0.014398644833427442
0 0.4116579265832997 0.19311123658949747 0.019766034691407825 0.014116318464144552
0 0.4489713594191206 0.19748729531338227 0.055667607906413875 0.006493506493506494
0 0.4893102057281162 0.1979107848673066 0.0024203307785397336 0.00282326369282891
0 0.4903186768858411 0.19000564652738566 0.0028237192416296895 0.002258610954263128
0 0.5028237192416297 0.19621682665160925 0.004437273093989512 0.00564652738565782
0 0.5417507059298104 0.1932523997741389 0.06131504638967326 0.016657255787690572
0 0.591367486889875 0.19282891022021456 0.005647438483259379 0.012987012987012988
0 0.6020572811617588 0.1922642574816488 0.004437273093989512 0.004517221908526256
0 0.6018555869302138 0.1979107848673066 0.003227107704719645 0.005081874647092038
0 0.6208148446954417 0.19593450028232637 0.02501008471157725 0.012987012987012988
0 0.645219846712384 0.19889892715979673 0.01653892698668818 0.007622811970638058
0 0.6805163372327552 0.19918125352907962 0.029850746268656716 0.006493506493506494
0 0.6746672045179508 0.19706380575945792 0.004437273093989512 0.002258610954263128
0 0.700282371924163 0.1981931112365895 0.0016135538523598225 0.001129305477131564
0 0.7063331988705123 0.19960474308300397 0.01290843081887858 0.005081874647092038
0 0.7287212585720049 0.1997459062676454 0.026220250100847116 0.004799548277809147
0 0.7626058894715612 0.2015810276679842 0.03993545784590561 0.0220214568040655
0 0.14501815248083905 0.24520045172219085 0.018152480839048003 0.007622811970638058
0 0.19887051230334812 0.24308300395256918 0.08390480032271078 0.014116318464144552
0 0.2769261799112545 0.2468944099378882 0.02218636546994756 0.005928853754940711
0 0.2942718838241226 0.2440711462450593 0.012505042355788625 0.01101072840203275
0 0.3160548608309802 0.24280067758328627 0.003630496167809601 0.0016939582156973462
0 0.34207341670028235 0.24237718802936195 0.048406615570794675 0.016657255787690572
0 0.4189189189189189 0.24830604178430266 0.0609116579265833 0.00818746470920384
0 0.47761194029850745 0.2450592885375494 0.04033884630899556 0.01355166572557877
0 0.5219846712384025 0.24957651044607565 0.023396530859217425 0.018068887634105024
0 0.5566760790641387 0.2484472049689441 0.017749092375958047 0.006211180124223602
0 0.5788624445340863 0.2490118577075099 0.01936264622831787 0.00564652738565782
0 0.6123436869705526 0.24872953133822698 0.004840661557079467 0.005081874647092038
0 0.6252521177894312 0.24872953133822698 0.014521984671238403 0.003952569169960474
0 0.6268656716417911 0.23898927159796726 0.0024203307785397336 0.001411631846414455
0 0.6282775312626059 0.24110671936758893 0.0028237192416296895 0.002258610954263128
0 0.6526825332795482 0.24647092038396387 0.03469140782573618 0.010728402032749858
0 0.682533279548205 0.24774138904573687 0.023396530859217425 0.005364201016374929
0 0.7047196450181524 0.2484472049689441 0.016135538523598225 0.00564652738565782
0 0.7198467123840259 0.2450592885375494 0.018959257765227916 0.012987012987012988
0 0.7317466720451795 0.2440711462450593 0.003227107704719645 0.004234895539243365
0 0.7682533279548205 0.24647092038396387 0.058491327148043566 0.011857707509881422
0 0.14078257361839452 0.29573687182382835 0.015328761597418314 0.009881422924901186
0 0.16377571601452198 0.2937605872388481 0.02501008471157725 0.012704686617730096
0 0.1843485276321097 0.2972896668548842 0.011294876966518758 0.00564652738565782
0 0.208955223880597 0.29672501411631846 0.03065752319483663 0.006775832862789385
0 0.2382008874546188 0.2977131564088086 0.003630496167809601 0.001976284584980237
0 0.2898346107301331 0.2937605872388481 0.030254134731746672 0.01383399209486166
0 0.3219039935457846 0.29799548277809146 0.01855586930213796 0.005928853754940711
0 0.33783783783783783 0.29545454545454547 0.0060508269463493344 0.011575381140598532
0 0.354780153287616 0.30124223602484473 0.012505042355788625 0.015245623941276116
0 0.3664784187172247 0.29884246188594016 0.006857603872529245 0.004234895539243365
0 0.372730939895119 0.29023150762281197 0.003227107704719645 0.006211180124223602
0 0.3850342880193626 0.2981366459627329 0.014118596208148447 0.006211180124223602
0 0.41064945542557485 0.2981366459627329 0.02743041549011698 0.007340485601355167
0 0.44493747478822104 0.2994071146245059 0.003227107704719645 0.005364201016374929
0 0.4463493344090359 0.2909373235460192 0.0052440500201694235 0.003105590062111801
0 0.45663574021782977 0.29884246188594016 0.01371520774505849 0.007622811970638058
0 0.49415086728519564 0.29799548277809146 0.020976200080677694 0.006493506493506494
0 0.5135135135135135 0.2984189723320158 0.01290843081887858 0.00564652738565782
0 0.5383219039935457 0.2984189723320158 0.0326744655102864 0.006211180124223602
0 0.5772488906817265 0.29587803500846976 0.04679306171843485 0.014116318464144552
0 0.6167809600645422 0.29983060417843027 0.011294876966518758 0.0016939582156973462
0 0.6581282775312626 0.2984189723320158 0.0318676885841065 0.006775832862789385
0 0.6847519160951997 0.29263128176171654 0.004437273093989512 0.004234895539243365
0 0.6851553045582897 0.29912478825522304 0.004437273093989512 0.005364201016374929
0 0.7045179507866075 0.295313382269904 0.02379991932230738 0.01693958215697346
0 0.72650262202501 0.29912478825522304 0.010488100040338847 0.007058159232072276
0 0.7428398547801532 0.29898362507058157 0.01008471157724889 0.006775832862789385
0 0.7581686163775716 0.2971485036702428 0.013311819281968536 0.012704686617730096
0 0.790439693424768 0.2999717673630717 0.01734570391286809 0.006493506493506494
0 0.14259782170229932 0.3455674760022586 0.01653892698668818 0.007905138339920948
0 0.18737394110528438 0.3502258610954263 0.06171843485276321 0.01383399209486166
0 0.25574828559903184 0.3479672501411632 0.02581686163775716 0.017786561264822136
0 0.30354981847519164 0.3476849237718803 0.035901573215006054 0.006493506493506494
0 0.32876159741831384 0.3489553924336533 0.007260992335619202 0.005081874647092038
0 0.3805970149253731 0.34542631281761715 0.09721661960467931 0.015527950310559006
0 0.4475594997983058 0.3492377188029362 0.007664380798709157 0.0016939582156973462
0 0.47519160951996775 0.3482495765104461 0.01855586930213796 0.018351214003387916
0 0.47236789027833803 0.34782608695652173 0.004033884630899556 0.002258610954263128
0 0.48628479225494153 0.3482495765104461 0.008471157724889069 0.002540937323546019
0 0.5108914885034288 0.3455674760022586 0.012505042355788625 0.015245623941276116
0 0.5510286405808794 0.3541784302653868 0.05889471561113352 0.017221908526256352
0 0.5566760790641387 0.3394974590626765 0.004840661557079467 0.004234895539243365
0 0.5974183138362242 0.33977978543195936 0.003227107704719645 0.001976284584980237
0 0.6020572811617588 0.3502258610954263 0.00927793465106898 0.006493506493506494
0 0.6250504235578862 0.3500846979107849 0.0391286809197257 0.00846979107848673
0 0.6536910044372731 0.3543195934500282 0.01573215006050827 0.01637492941840768
0 0.6645824929407019 0.3479672501411632 0.007664380798709157 0.01101072840203275
0 0.6764824526018556 0.34966120835686054 0.004033884630899556 0.004799548277809147
0 0.6797095603065753 0.34542631281761715 0.004033884630899556 0.004234895539243365
0 0.7210568777732956 0.3476849237718803 0.06736587333602259 0.014963297571993224
0 0.6950383219039935 0.34839073969508755 0.0016135538523598225 0.001129305477131564
0 0.7743041549011698 0.35093167701863354 0.004437273093989512 0.00564652738565782
0 0.7874142799515934 0.35064935064935066 0.01290843081887858 0.006211180124223602
0 0.7888261395724082 0.3402032749858837 0.004437273093989512 0.00282326369282891
0 0.15772488906817264 0.39172783738001127 0.048406615570794675 0.017786561264822136
0 0.2236789027833804 0.39723320158102765 0.052843888664784185 0.007340485601355167
0 0.2753126260588947 0.39398644833427443 0.04800322710770472 0.014398644833427442
0 0.3170633319887051 0.39808018068887635 0.02016942315449778 0.018068887634105024
0 0.33057684550221866 0.396386222473179 0.00927793465106898 0.00282326369282891
0 0.36042759177087536 0.3920101637492942 0.018959257765227916 0.020609824957651044
0 0.3807987091569181 0.3986448334274421 0.021782977006857603 0.00846979107848673
0 0.40338846308995563 0.3966685488424619 0.021782977006857603 0.014116318464144552
0 0.4253731343283582 0.3997741389045737 0.006857603872529245 0.006775832862789385
0 0.4281968535699879 0.3945511010728402 0.004437273093989512 0.004799548277809147
0 0.45219846712384026 0.3987859966120836 0.033884630899556276 0.007058159232072276
0 0.5026220250100847 0.3965273856578204 0.045986284792254944 0.016657255787690572
0 0.5510286405808794 0.4009034443817053 0.03872529245663574 0.007340485601355167
0 0.5891488503428802 0.3996329757199322 0.02944735780556676 0.005928853754940711
0 0.6167809600645422 0.3955392433653303 0.014521984671238403 0.01129305477131564
0 0.6323114158935055 0.3994918125352908 0.011698265429608713 0.00564652738565782
0 0.6502622025010085 0.40146809712027104 0.003227107704719645 0.002258610954263128
0 0.6899959661153691 0.39695087521174477 0.01734570391286809 0.014116318464144552
0 0.7018959257765228 0.3961038961038961 0.005647438483259379 0.01355166572557877
0 0.727914481645825 0.40019762845849804 0.03509479628882614 0.009316770186335404
0 0.14239612747075434 0.4428289102202146 0.004033884630899556 0.014963297571993224
0 0.2018959257765228 0.4450875211744777 0.10044372730939895 0.016092603049124788
0 0.3019362646228318 0.4503105590062112 0.050423557886244454 0.007905138339920948
0 0.3598225090762404 0.4507340485601355 0.029043969342476807 0.007622811970638058
0 0.3646631706333199 0.4432523997741389 0.012101653892698669 0.005081874647092038
0 0.3852359822509076 0.4500282326369283 0.01290843081887858 0.007340485601355167
0 0.38483259378781765 0.44861660079051385 0.0016135538523598225 0.001129305477131564
0 0.4017749092375958 0.44988706945228685 0.012101653892698669 0.005928853754940711
0 0.41770875352964904 0.44551101072840205 0.0060508269463493344 0.010728402032749858
0 0.44796288826139574 0.44565217391304346 0.04154901169826543 0.014398644833427442
0 0.48063735377168215 0.45426312817617165 0.004437273093989512 0.004517221908526256
0 0.518757563533683 0.4463579898362507 0.020976200080677694 0.015245623941276116
0 0.5482049213392497 0.44960474308300397 0.033884630899556276 0.00818746470920384
0 0.6107301331181928 0.4505928853754941 0.05808793868495361 0.007340485601355167
0 0.6518757563533683 0.4493224167137211 0.02016942315449778 0.01101072840203275
0 0.6744655102864058 0.4505928853754941 0.015328761597418314 0.006775832862789385
0 0.690399354578459 0.45087521174477696 0.014925373134328358 0.006775832862789385
0 0.6901976603469141 0.44776962168266515 0.004840661557079467 0.0016939582156973462
0 0.7069382815651473 0.4512987012987013 0.014118596208148447 0.007622811970638058
0 0.7073416700282372 0.4483342744212309 0.003630496167809601 0.00282326369282891
0 0.7238805970149254 0.4463579898362507 0.0060508269463493344 0.004517221908526256
0 0.7248890681726503 0.4527103331451158 0.004033884630899556 0.0036702428006775835
0 0.7242839854780153 0.4497459062676454 0.002016942315449778 0.001129305477131564
0 0.7416296893908835 0.4518633540372671 0.021379588543767647 0.007058159232072276
0 0.7575635336829367 0.45172219085262566 0.010488100040338847 0.007340485601355167
0 0.7942718838241226 0.45200451722190854 0.01936264622831787 0.009034443817052512
0 0.8212989108511497 0.4528514963297572 0.03146430012101654 0.010728402032749858
0 0.15792658329971762 0.4981648785996612 0.022993142396127472 0.007058159232072276
0 0.20068576038725291 0.4967532467532468 0.06897942718838242 0.014963297571993224
0 0.25756353368293666 0.49421230942970074 0.051230334812424366 0.017221908526256352
0 0.3098023396530859 0.5009881422924901 0.00645421540943929 0.004799548277809147
0 0.3235175473981444 0.5008469791078487 0.01936264622831787 0.004517221908526256
0 0.3219039935457846 0.4922360248447205 0.00645421540943929 0.0036702428006775835
0 0.36062928600242034 0.5009881422924901 0.02016942315449778 0.005928853754940711
0 0.39693424768051633 0.49985883681535853 0.015328761597418314 0.005928853754940711
0 0.4243646631706333 0.5005646527385658 0.03711173860427592 0.007905138339920948
0 0.4606696248487293 0.5004234895539243 0.03630496167809601 0.007622811970638058
0 0.509076240419524 0.5007058159232072 0.026623638563937072 0.01948051948051948
0 0.5540540540540541 0.5011293054771315 0.0318676885841065 0.007340485601355167
0 0.5837031060911658 0.5029644268774703 0.015328761597418314 0.007622811970638058
0 0.6062928600242034 0.5019762845849802 0.01855586930213796 0.00564652738565782
0 0.6313029447357805 0.49745906267645396 0.021782977006857603 0.012422360248447204
0 0.6468334005647438 0.502540937323546 0.006857603872529245 0.005081874647092038
0 0.6619604679306171 0.5004234895539243 0.028237192416296894 0.009881422924901186
0 0.6843485276321097 0.5018351214003388 0.013311819281968536 0.007622811970638058
0 0.7014925373134329 0.5056465273856579 0.005647438483259379 0.00282326369282891
