0 0.15611133521581283 0.21315640880858272 0.02501008471157725 0.030491247882552232
0 0.18576038725292457 0.2137210615471485 0.019766034691407825 0.02710333145115754
0 0.20532472771278742 0.21386222473178995 0.024203307785397338 0.027385657820440428
0 0.22932634126663978 0.21442687747035574 0.021379588543767647 0.023997741389045736
0 0.2505042355788624 0.21357989836250707 0.01855586930213796 0.028514963297571992
0 0.2698668818071803 0.2121682665160926 0.01936264622831787 0.026821005081874648
0 0.3356192012908431 0.21541501976284586 0.041145623235175476 0.024844720496894408
0 0.40217829770068575 0.22289666854884246 0.045986284792254944 0.01383399209486166
0 0.46853569987898347 0.217673630717109 0.025413473174667203 0.03162055335968379
0 0.5195643404598629 0.22402597402597402 0.03791851553045583 0.009881422924901186
0 0.564340459862848 0.2264257481648786 0.04356595401371521 0.03896103896103896
0 0.627672448567971 0.21386222473178995 0.03630496167809601 0.02456239412761152
0 0.6984671238402582 0.21188594014680973 0.03751512706736587 0.027950310559006212
0 0.7242839854780153 0.22430830039525693 0.004437273093989512 0.005928853754940711
0 0.7267043162565551 0.2077922077922078 0.004437273093989512 0.006211180124223602
0 0.745461879790238 0.2165443252399774 0.017749092375958047 0.030491247882552232
0 0.7553448971359419 0.21527385657820441 0.0028237192416296895 0.0036702428006775835
0 0.7557482855990318 0.2199322416713721 0.0012101653892698668 0.002258610954263128
0 0.7646228317870108 0.22388481084133258 0.01008471157724889 0.012422360248447204
0 0.781363453005244 0.21527385657820441 0.015328761597418314 0.026256352343308864
0 0.8354175070592981 0.2295313382269904 0.041145623235175476 0.019762845849802372
0 0.8612343686970553 0.22981366459627328 0.008874546187979023 0.019198193111236588
0 0.8779749899152884 0.21753246753246752 0.01734570391286809 0.021174477696216828
0 0.15066559096409843 0.26566911349520045 0.02379991932230738 0.021456804065499716
0 0.24868898749495763 0.2676453980801807 0.118192819685357 0.024280067758328628
0 0.38886647841871724 0.2676453980801807 0.08390480032271078 0.025974025974025976
0 0.43505445744251714 0.26157538114059853 0.004437273093989512 0.00818746470920384
0 0.45461879790237997 0.2725861095426313 0.008874546187979023 0.010446075663466968
0 0.5151270673658733 0.2701863354037267 0.055667607906413875 0.021456804065499716
0 0.5588947156111336 0.2802089215132693 0.027833803953206938 0.022868435911914172
0 0.6159741831383623 0.27399774138904576 0.029850746268656716 0.011575381140598532
0 0.7043162565550625 0.26693958215697344 0.06696248487293263 0.023997741389045736
0 0.7361839451391691 0.2662337662337662 0.004840661557079467 0.010728402032749858
0 0.7583703106091165 0.2673630717108978 0.028237192416296894 0.023150762281197064
0 0.7835820895522388 0.2790796160361378 0.003630496167809601 0.002540937323546019
0 0.14239612747075434 0.3138057594579334 0.02016942315449778 0.03303218520609825
0 0.16982654296087132 0.3286278938452851 0.03953206938281565 0.05928853754940711
0 0.23880597014925373 0.320016939582157 0.03469140782573618 0.02456239412761152
0 0.30395320693828154 0.3265104460756635 0.04719645018152481 0.016657255787690572
0 0.36405808793868494 0.32298136645962733 0.021379588543767647 0.02258610954263128
0 0.46430012101653895 0.3297571993224167 0.11859620814844696 0.06324110671936758
0 0.554860830980234 0.32622811970638055 0.018959257765227916 0.007622811970638058
0 0.6413876563130294 0.3256634669678148 0.11294876966518758 0.03303218520609825
0 0.7109721661960468 0.3255223037831734 0.026220250100847116 0.012987012987012988
0 0.7628075837031061 0.325098814229249 0.04517950786607503 0.01383399209486166
0 0.8319887051230335 0.33229813664596275 0.05687777329568374 0.025409373235460192
0 0.8614360629286002 0.3201581027667984 0.0028237192416296895 0.007340485601355167
0 0.8799919322307382 0.327639751552795 0.027833803953206938 0.01101072840203275
0 0.9015732150060508 0.32029926595143987 0.009681323114158934 0.03077357425183512
0 0.163574021782977 0.36335403726708076 0.08108108108108109 0.03162055335968379
0 0.21036708350141187 0.37210615471485037 0.02702702702702703 0.015810276679841896
0 0.2379991932230738 0.3815640880858272 0.004033884630899556 0.002540937323546019
0 0.28176684146833403 0.3642010163749294 0.02864058087938685 0.03387916431394692
0 0.32876159741831384 0.3746470920383964 0.055667607906413875 0.015810276679841896
0 0.3914885034288019 0.36645962732919257 0.030254134731746672 0.020892151326933936
0 0.47398144413069787 0.3687182382834557 0.09681323114158935 0.02258610954263128
0 0.5772488906817265 0.3642010163749294 0.042759177087535294 0.029926595143986448
0 0.5949979830576846 0.36151891586674195 0.004033884630899556 0.006493506493506494
0 0.6238402581686163 0.36801242236024845 0.038321903993545785 0.017221908526256352
0 0.6522791448164582 0.37111801242236025 0.02581686163775716 0.012704686617730096
0 0.7031060911657927 0.364059853190288 0.03469140782573618 0.021739130434782608
0 0.7712787414279951 0.37012987012987014 0.05808793868495361 0.015810276679841896
0 0.818273497377975 0.3687182382834557 0.03670835014118596 0.023715415019762844
0 0.8467123840258168 0.3749294184076793 0.017749092375958047 0.015245623941276116
0 0.8656716417910447 0.3694240542066629 0.01290843081887858 0.023433088650479956
0 0.9096409842678499 0.37125917560700167 0.03791851553045583 0.0220214568040655
0 0.1845502218636547 0.42518351214003386 0.11335215812827754 0.040654997176736304
0 0.2527228721258572 0.4288537549407115 0.004437273093989512 0.0016939582156973462
0 0.2932634126663977 0.4116318464144551 0.03307785397337636 0.01129305477131564
0 0.29608713190802743 0.42476002258610956 0.004840661557079467 0.020045172219085264
0 0.3949173053650666 0.4298418972332016 0.16296893908834206 0.04206662902315076
0 0.5219846712384025 0.423630717108978 0.03791851553045583 0.0251270468661773
0 0.6056877773295684 0.4383116883116883 0.07704719645018153 0.03585544889892716
0 0.7016942315449778 0.42108977978543194 0.07139975796692215 0.027950310559006212
0 0.8035498184751916 0.4192546583850932 0.09519967728922953 0.028797289666854884
0 0.8606292860024203 0.4189723320158103 0.014118596208148447 0.025974025974025976
0 0.1518757563533683 0.47134387351778656 0.05203711173860428 0.0189158667419537
0 0.21258572004840662 0.4699322416713721 0.02501008471157725 0.022303783173348392
0 0.22831787010891488 0.4748729531338227 0.016942315449778138 0.018633540372670808
0 0.30697862041145624 0.4823546019198193 0.08148446954417103 0.031338226990400904
0 0.3590157321500605 0.46809712027103334 0.016942315449778138 0.0220214568040655
0 0.37938684953610324 0.47571993224167136 0.022993142396127472 0.009599096555618294
0 0.43807987091569184 0.46597967250141165 0.05405405405405406 0.01948051948051948
0 0.527228721258572 0.46513269339356295 0.07018959257765228 0.023997741389045736
0 0.5931827349737797 0.47134387351778656 0.018152480839048003 0.00818746470920384
0 0.6238402581686163 0.46513269339356295 0.040742234772085516 0.025691699604743084
0 0.6801129487696652 0.46414455110107283 0.028237192416296894 0.023715415019762844
0 0.736789027833804 0.4786843591191417 0.06171843485276321 0.03077357425183512
0 0.7974989915288423 0.47557876905702995 0.04759983864461476 0.013269339356295878
0 0.8691004437273094 0.468944099378882 0.052843888664784185 0.024844720496894408
0 0.9015732150060508 0.47162619988706944 0.017749092375958047 0.014963297571993224
0 0.17668414683340056 0.5214568040654998 0.11536910044372731 0.023150762281197064
0 0.22710770471964503 0.5197628458498024 0.00645421540943929 0.007905138339920948
0 0.24263816054860832 0.5254093732354602 0.012505042355788625 0.011857707509881422
0 0.34187172246873737 0.5337380011293055 0.13029447357805568 0.03077357425183512
0 0.40520371117386045 0.521880293619424 0.006857603872529245 0.003105590062111801
0 0.44029850746268656 0.5320440429136082 0.051230334812424366 0.021739130434782608
0 0.5 0.5289384528514963 0.0060508269463493344 0.005928853754940711
0 0.5110931827349737 0.5245623941276115 0.026623638563937072 0.014680971202710334
0 0.6242436466317063 0.5268210050818747 0.13674868898749495 0.04912478825522304
0 0.7123840258168617 0.5355731225296443 0.003227107704719645 0.002258610954263128
0 0.7513110125050424 0.5211744776962168 0.025413473174667203 0.020892151326933936
0 0.7880193626462283 0.5268210050818747 0.0463896732553449 0.039525691699604744
0 0.871924162968939 0.5203274985883681 0.09560306575231949 0.025409373235460192
0 0.14965711980637353 0.5698757763975155 0.05970149253731343 0.021174477696216828
0 0.27934651068979427 0.568746470920384 0.17063331988705124 0.025691699604743084
0 0.4164985881403792 0.5695934500282326 0.040742234772085516 0.018351214003387916
0 0.4421137555465914 0.5755223037831734 0.012101653892698669 0.008752117447769622
0 0.5199677289229528 0.5760869565217391 0.0935861234368697 0.04319593450028233
0 0.5667607906413876 0.5673348390739695 0.0024203307785397336 0.003105590062111801
0 0.5887454618797903 0.5762281197063805 0.02944735780556676 0.007905138339920948
0 0.6220250100847116 0.5766516092603049 0.003227107704719645 0.003105590062111801
0 0.6222267043162566 0.5719932241671372 0.002016942315449778 0.003952569169960474
0 0.6712384025816862 0.5724167137210615 0.01855586930213796 0.021739130434782608
0 0.7125857200484066 0.571005081874647 0.0609116579265833 0.0251270468661773
0 0.7498991528842275 0.5742518351214003 0.01371520774505849 0.003952569169960474
0 0.8037515127067366 0.5807453416149069 0.05203711173860428 0.03896103896103896
0 0.8680919725695845 0.5718520609824957 0.05244050020169423 0.023433088650479956
0 0.908632513110125 0.5728402032749859 0.014118596208148447 0.020892151326933936
0 0.16054860830980233 0.6195652173913043 0.063735377168213 0.0251270468661773
0 0.281968535699879 0.6300112930547713 0.12101653892698669 0.046583850931677016
0 0.3961274707543364 0.6223884810841332 0.06857603872529246 0.023433088650479956
0 0.44695441710367084 0.6326933935629587 0.003227107704719645 0.006775832862789385
0 0.4592577652279145 0.616600790513834 0.004437273093989512 0.003952569169960474
0 0.4663170633319887 0.6318464144551101 0.01855586930213796 0.03896103896103896
0 0.5447761194029851 0.6230942970073405 0.058491327148043566 0.023150762281197064
0 0.5716014521984671 0.6264822134387352 0.007260992335619202 0.004517221908526256
0 0.5828963291649859 0.632128740824393 0.008067769261799113 0.010728402032749858
0 0.63695038321904 0.6283173348390739 0.0500201694231545 0.03359683794466403
0 0.6639774102460669 0.6235177865612648 0.014521984671238403 0.006493506493506494
0 0.6780960064542154 0.6288819875776398 0.017749092375958047 0.009881422924901186
0 0.6982654296087132 0.6274703557312253 0.029850746268656716 0.01383399209486166
0 0.7803549818475192 0.6283173348390739 0.056070996369503835 0.011575381140598532
0 0.8602258975393303 0.629305477131564 0.06171843485276321 0.030491247882552232
0 0.8929003630496167 0.6177300959909655 0.0012101653892698668 0.0016939582156973462
0 0.9132714804356595 0.6219649915302089 0.03953206938281565 0.02258610954263128
0 0.9519967728922952 0.6153303218520609 0.02016942315449778 0.017221908526256352
0 0.9542154094392901 0.6324110671936759 0.0028237192416296895 0.003952569169960474
