0 0.14663170633319886 0.21739130434782608 0.04154901169826543 0.01637492941840768
0 0.17224687373941105 0.22332015810276679 0.008067769261799113 0.00564652738565782
0 0.19140782573618395 0.2305194805194805 0.027833803953206938 0.027385657820440428
0 0.23598225090762404 0.21696781479390176 0.02743041549011698 0.01948051948051948
0 0.25554659136748686 0.2230378317334839 0.00927793465106898 0.006775832862789385
0 0.2626058894715611 0.2199322416713721 0.0024203307785397336 0.0033879164313946925
0 0.27148043565954016 0.22134387351778656 0.008067769261799113 0.007340485601355167
0 0.3051633723275514 0.2224731789949181 0.011698265429608713 0.009599096555618294
0 0.33198870512303347 0.22289666854884246 0.041145623235175476 0.007622811970638058
0 0.3620411456232352 0.2220496894409938 0.008471157724889069 0.007058159232072276
0 0.3765631302944736 0.21823828345567475 0.013311819281968536 0.019762845849802372
0 0.4213392496974587 0.2183794466403162 0.033481242436466316 0.020609824957651044
0 0.4354578459056071 0.21541501976284586 0.008471157724889069 0.005081874647092038
0 0.44150867285195644 0.2236024844720497 0.008471157724889069 0.007905138339920948
0 0.4473578055667608 0.22106154714850368 0.0024203307785397336 0.0016939582156973462
0 0.47680516337232753 0.22430830039525693 0.009681323114158934 0.009881422924901186
0 0.4792254941508673 0.220214568040655 0.004840661557079467 0.00282326369282891
0 0.49939491730536506 0.2186617730095991 0.024203307785397338 0.01948051948051948
0 0.5131101250504235 0.21569734613212874 0.003227107704719645 0.0016939582156973462
0 0.5193626462283178 0.2251552795031056 0.012505042355788625 0.007622811970638058
0 0.5465913674868899 0.22092038396386224 0.02743041549011698 0.016657255787690572
0 0.536708350141186 0.21174477696216826 0.002016942315449778 0.001129305477131564
0 0.5744251714400969 0.22388481084133258 0.022589753933037516 0.007905138339920948
0 0.6427995159338443 0.220214568040655 0.03509479628882614 0.020327498588368152
0 0.6702299314239613 0.21922642574816487 0.01653892698668818 0.017786561264822136
0 0.7166196046793062 0.21795595708639187 0.027833803953206938 0.01693958215697346
0 0.7305365066559096 0.2140033879164314 0.004840661557079467 0.003952569169960474
0 0.7396127470754337 0.22289666854884246 0.010891488503428802 0.009316770186335404
0 0.1399757966922146 0.27089215132693395 0.012101653892698669 0.012140033879164314
0 0.1672045179507866 0.2735742518351214 0.04154901169826543 0.006775832862789385
0 0.19665187575635337 0.27738565782044045 0.012505042355788625 0.017786561264822136
0 0.21742638160548608 0.27399774138904576 0.01855586930213796 0.004234895539243365
0 0.24485679709560307 0.2682100508187465 0.024203307785397338 0.018068887634105024
0 0.26522791448164584 0.27428006775832864 0.002016942315449778 0.001976284584980237
0 0.2972972972972973 0.269339356295878 0.016135538523598225 0.01637492941840768
0 0.3152480839048003 0.2701863354037267 0.010891488503428802 0.012422360248447204
0 0.33420734167002825 0.27103331451157536 0.01653892698668818 0.01129305477131564
0 0.35296490520371115 0.27060982495765107 0.011294876966518758 0.008752117447769622
0 0.35720048406615573 0.2628458498023715 0.01653892698668818 0.0016939582156973462
0 0.3588140379185155 0.26976284584980237 0.012505042355788625 0.002540937323546019
0 0.40399354578459057 0.2803500846979108 0.024606696248487294 0.0220214568040655
0 0.42174263816054863 0.2758328627893845 0.01008471157724889 0.006775832862789385
0 0.44776119402985076 0.27625635234330886 0.03469140782573618 0.025691699604743084
0 0.5032271077047197 0.2751270468661773 0.01573215006050827 0.010446075663466968
0 0.5221863654699476 0.27442123094297005 0.020572811617587738 0.009599096555618294
0 0.5667607906413876 0.2795031055900621 0.009681323114158934 0.03387916431394692
0 0.5839048003227107 0.274703557312253 0.020572811617587738 0.009599096555618294
0 0.6244453408632513 0.27526821005081875 0.012101653892698669 0.010163749294184076
0 0.63695038321904 0.2761151891586674 0.007260992335619202 0.007340485601355167
0 0.6444130697862042 0.2745623941276115 0.002016942315449778 0.0036702428006775835
0 0.6567164179104478 0.2751270468661773 0.020976200080677694 0.009881422924901186
0 0.6938281565147236 0.27413890457368717 0.009681323114158934 0.010163749294184076
0 0.6982654296087132 0.269339356295878 0.004033884630899556 0.0016939582156973462
0 0.7063331988705123 0.2751270468661773 0.011294876966518758 0.006493506493506494
0 0.72650262202501 0.2751270468661773 0.026623638563937072 0.005928853754940711
0 0.7523194836627672 0.2811970638057595 0.01371520774505849 0.020892151326933936
0 0.7472771278741428 0.2725861095426313 0.002016942315449778 0.001411631846414455
0 0.7694634933440904 0.26792772444946356 0.014118596208148447 0.02258610954263128
0 0.7853973376361436 0.274703557312253 0.026623638563937072 0.009599096555618294
0 0.7928600242033078 0.26538678712591757 0.0052440500201694235 0.0033879164313946925
0 0.8057684550221864 0.2758328627893845 0.00927793465106898 0.00564652738565782
0 0.8027430415490117 0.2720214568040655 0.0016135538523598225 0.001411631846414455
0 0.8150463896732554 0.275974025974026 0.006857603872529245 0.006493506493506494
0 0.8235175473981444 0.2761151891586674 0.003630496167809601 0.006775832862789385
0 0.8245260185558693 0.2673630717108978 0.004840661557079467 0.003952569169960474
0 0.8342073416700282 0.27653867871259175 0.00645421540943929 0.002540937323546019
0 0.8471157724889068 0.2768210050818746 0.012101653892698669 0.003105590062111801
0 0.8567970956030657 0.28839638622247316 0.020976200080677694 0.026821005081874648
0 0.15429608713190804 0.3142292490118577 0.033481242436466316 0.02258610954263128
0 0.17769261799112546 0.32142857142857145 0.0060508269463493344 0.007058159232072276
0 0.18475191609519967 0.32156973461321287 0.008067769261799113 0.00564652738565782
0 0.19604679306171843 0.3156408808582722 0.012101653892698669 0.018068887634105024
0 0.25312626058894716 0.3181818181818182 0.014925373134328358 0.023715415019762844
0 0.26663977410246065 0.3232636928289102 0.008067769261799113 0.00846979107848673
0 0.2825736183945139 0.3241106719367589 0.01653892698668818 0.0033879164313946925
0 0.3031464300121017 0.3246753246753247 0.020572811617587738 0.006211180124223602
0 0.3303751512706737 0.3351214003387916 0.029850746268656716 0.02710333145115754
0 0.35316659943525613 0.3266516092603049 0.00927793465106898 0.009599096555618294
0 0.39572408229124645 0.3246753246753247 0.01290843081887858 0.010163749294184076
0 0.42174263816054863 0.3265104460756635 0.038321903993545785 0.007622811970638058
0 0.48124243646631704 0.31931112365894976 0.03227107704719645 0.021456804065499716
0 0.4836627672448568 0.322557876905703 0.004033884630899556 0.002540937323546019
0 0.5298507462686567 0.32622811970638055 0.025413473174667203 0.007622811970638058
0 0.5528438886647842 0.3266516092603049 0.014925373134328358 0.004517221908526256
0 0.5649455425574829 0.3277809147374365 0.007664380798709157 0.006211180124223602
0 0.5746268656716418 0.32185206098249575 0.011698265429608713 0.015245623941276116
0 0.581686163775716 0.32608695652173914 0.0024203307785397336 0.0016939582156973462
0 0.5857200484066156 0.3286278938452851 0.007260992335619202 0.0033879164313946925
0 0.6407825736183945 0.31959345002823264 0.05526421944332392 0.024280067758328628
0 0.7004840661557079 0.32495765104460755 0.00927793465106898 0.010728402032749858
0 0.7067365873336022 0.3222755505364201 0.0016135538523598225 0.001976284584980237
0 0.7172246873739411 0.33018068887634106 0.01371520774505849 0.015527950310559006
0 0.718636546994756 0.32679277244494637 0.0012101653892698668 0.0008469791078486731
0 0.7420330778539733 0.326369282891022 0.027833803953206938 0.007340485601355167
0 0.7622025010084712 0.3274985883681536 0.008471157724889069 0.007340485601355167
0 0.7710770471964502 0.3221343873517787 0.008471157724889069 0.019198193111236588
0 0.7928600242033078 0.3274985883681536 0.003630496167809601 0.00846979107848673
0 0.7952803549818476 0.31507622811970637 0.003630496167809601 0.0033879164313946925
0 0.8043565954013715 0.3232636928289102 0.01290843081887858 0.018068887634105024
0 0.836425978217023 0.32171089779785433 0.026220250100847116 0.021174477696216828
0 0.8481242436466317 0.33018068887634106 0.002016942315449778 0.0008469791078486731
0 0.8567970956030657 0.32298136645962733 0.012101653892698669 0.01693958215697346
0 0.14925373134328357 0.3740824392998306 0.023396530859217425 0.010163749294184076
0 0.1865671641791045 0.3695652173913043 0.051230334812424366 0.018633540372670808
0 0.2654296087131908 0.3781761716544325 0.053247277127874144 0.037549407114624504
0 0.32674465510286405 0.3856578204404291 0.016942315449778138 0.023715415019762844
0 0.3416700282371924 0.37577639751552794 0.012101653892698669 0.007905138339920948
0 0.3580072609923356 0.37012987012987014 0.010891488503428802 0.018068887634105024
0 0.3826139572408229 0.3660361377752682 0.0052440500201694235 0.003105590062111801
0 0.382008874546188 0.3771880293619424 0.003227107704719645 0.006211180124223602
0 0.39592577652279143 0.37210615471485037 0.011698265429608713 0.015245623941276116
0 0.41427995159338443 0.37987012987012986 0.003227107704719645 0.002540937323546019
0 0.4489713594191206 0.37210615471485037 0.02581686163775716 0.014116318464144552
0 0.46006454215409437 0.3705533596837945 0.008471157724889069 0.008752117447769622
0 0.47115772488906815 0.3746470920383964 0.01290843081887858 0.009034443817052512
0 0.4943525615167406 0.37676453980801805 0.022993142396127472 0.005364201016374929
0 0.5018152480839048 0.3725296442687747 0.007260992335619202 0.005928853754940711
0 0.5431625655506253 0.37732919254658387 0.02218636546994756 0.00818746470920384
0 0.5921742638160549 0.3780350084697911 0.03065752319483663 0.010728402032749858
0 0.6163775716014522 0.378317334839074 0.011294876966518758 0.006211180124223602
0 0.6373537716821299 0.378317334839074 0.023396530859217425 0.007905138339920948
0 0.6591367486889875 0.38876341050254093 0.016135538523598225 0.026538678712591756
0 0.7006857603872529 0.37972896668548844 0.012101653892698669 0.00846979107848673
0 0.7172246873739411 0.3818464144551101 0.007260992335619202 0.031338226990400904
0 0.7587736990722065 0.37351778656126483 0.03227107704719645 0.017504234895539244
0 0.8100040338846309 0.3739412761151892 0.01855586930213796 0.020609824957651044
0 0.81807180314643 0.378317334839074 0.00645421540943929 0.004517221908526256
0 0.8217022993142397 0.37775268210050816 0.003227107704719645 0.003952569169960474
0 0.8313836224283986 0.3769057029926595 0.012101653892698669 0.00846979107848673
0 0.8485276321097217 0.37210615471485037 0.018959257765227916 0.018633540372670808
0 0.14703509479628882 0.41869000564652736 0.014118596208148447 0.014680971202710334
0 0.17789431222267044 0.4243365330321852 0.03065752319483663 0.03387916431394692
0 0.19402985074626866 0.41516092603049126 0.004840661557079467 0.0036702428006775835
0 0.208955223880597 0.424901185770751 0.023396530859217425 0.010163749294184076
0 0.263816054860831 0.4227837380011293 0.03146430012101654 0.018351214003387916
0 0.2918515530455829 0.4257481648785997 0.020572811617587738 0.00846979107848673
0 0.3021379588543768 0.41671372106154714 0.0016135538523598225 0.001129305477131564
0 0.3045582896329165 0.427442123094297 0.003227107704719645 0.005081874647092038
0 0.3239209358612344 0.42701863354037267 0.023396530859217425 0.005928853754940711
0 0.35417507059298103 0.4352060982495765 0.02581686163775716 0.026256352343308864
0 0.34772085518354173 0.4463579898362507 0.0016135538523598225 0.0016939582156973462
0 0.41206131504638965 0.4225014116318464 0.022993142396127472 0.018351214003387916
0 0.4388866478418717 0.4253246753246753 0.03065752319483663 0.00818746470920384
0 0.4653085921742638 0.4215132693393563 0.02218636546994756 0.01637492941840768
0 0.5038321903993546 0.4258893280632411 0.0024203307785397336 0.001976284584980237
0 0.5048406615570795 0.4227837380011293 0.002016942315449778 0.002540937323546019
0 0.5106897942718839 0.4277244494635799 0.009681323114158934 0.006211180124223602
0 0.5102864058087939 0.4212309429700734 0.00645421540943929 0.002258610954263128
0 0.5250100847115773 0.42108977978543194 0.014118596208148447 0.0189158667419537
0 0.5387252924566357 0.4277244494635799 0.008471157724889069 0.006775832862789385
0 0.5540540540540541 0.42715979672501414 0.02218636546994756 0.007905138339920948
0 0.573013311819282 0.42843026538678713 0.011698265429608713 0.005364201016374929
0 0.5734167002823719 0.423630717108978 0.008471157724889069 0.004234895539243365
0 0.6194029850746269 0.422360248447205 0.018152480839048003 0.01693958215697346
0 0.6446147640177491 0.4256070016939582 0.029850746268656716 0.008752117447769622
0 0.6960467930617185 0.4278656126482213 0.021379588543767647 0.007058159232072276
0 0.7020976200080677 0.42320722755505363 0.0028237192416296895 0.0016939582156973462
0 0.7141992739007664 0.4267363071710898 0.020572811617587738 0.007622811970638058
0 0.7293263412666398 0.42843026538678713 0.008067769261799113 0.004799548277809147
0 0.7418313836224284 0.4258893280632411 0.026623638563937072 0.007058159232072276
0 0.7581686163775716 0.44042913608131 0.014118596208148447 0.033314511575381144
0 0.7648245260185559 0.42391304347826086 0.004033884630899556 0.001411631846414455
0 0.7946752722872126 0.423630717108978 0.0016135538523598225 0.002540937323546019
0 0.8067769261799113 0.42207792207792205 0.022589753933037516 0.019762845849802372
0 0.8229124647035094 0.4280067758328628 0.005647438483259379 0.006775832862789385
0 0.8285599031867689 0.4309712027103331 0.004033884630899556 0.004234895539243365
0 0.8440903590157322 0.4203839638622247 0.018152480839048003 0.021456804065499716
0 0.1464300121016539 0.47261434217955955 0.004033884630899556 0.009034443817052512
0 0.15772488906817264 0.4709203839638622 0.01855586930213796 0.018633540372670808
0 0.15994352561516742 0.45920383963862227 0.003630496167809601 0.002540937323546019
0 0.17870108914885036 0.47360248447204967 0.02581686163775716 0.012140033879164314
0 0.21964501815248083 0.46597967250141165 0.0028237192416296895 0.001411631846414455
0 0.2208551835417507 0.475296442687747 0.003630496167809601 0.007622811970638058
0 0.2335619201290843 0.47557876905702995 0.012101653892698669 0.01101072840203275
0 0.24606696248487292 0.4784020327498588 0.003227107704719645 0.001976284584980237
0 0.28519564340459863 0.47219085262563526 0.02501008471157725 0.014398644833427442
0 0.30798709156918114 0.472755505364201 0.01653892698668818 0.013269339356295878
0 0.3245260185558693 0.47501411631846413 0.01653892698668818 0.008752117447769622
0 0.3686970552642194 0.4720496894409938 0.016942315449778138 0.014680971202710334
0 0.3807987091569181 0.4779785431959345 0.003227107704719645 0.006211180124223602
0 0.39975796692214605 0.48898927159796723 0.020976200080677694 0.03162055335968379
0 0.41750705929810406 0.4871541501976285 0.015328761597418314 0.029079616036137776
0 0.4146833400564744 0.47684923771880294 0.00645421540943929 0.006211180124223602
0 0.44392900363049614 0.47656691134952006 0.02702702702702703 0.009599096555618294
0 0.4554255748285599 0.4730378317334839 0.004840661557079467 0.002540937323546019
0 0.4653085921742638 0.47162619988706944 0.014925373134328358 0.016657255787690572
0 0.4651068979427188 0.4621682665160926 0.0016135538523598225 0.001129305477131564
0 0.517950786607503 0.4891304347826087 0.03146430012101654 0.032467532467532464
0 0.545986284792255 0.47783738001129306 0.025413473174667203 0.007058159232072276
0 0.5379185155304558 0.47571993224167136 0.003630496167809601 0.0016939582156973462
0 0.5397337636143607 0.4738848108413326 0.003227107704719645 0.001976284584980237
0 0.5681726502622025 0.48306041784302656 0.01573215006050827 0.0220214568040655
0 0.6060911657926583 0.4786843591191417 0.014118596208148447 0.008752117447769622
0 0.6198063735377168 0.4808018068887634 0.01573215006050827 0.037267080745341616
0 0.6684146833400565 0.474025974025974 0.01855586930213796 0.020327498588368152
0 0.6853569987898346 0.47882552230378317 0.009681323114158934 0.010728402032749858
0 0.7016942315449778 0.4847543760587239 0.014925373134328358 0.020327498588368152
0 0.718031464300121 0.4785431959345003 0.016135538523598225 0.009599096555618294
0 0.7347720855183542 0.4782608695652174 0.010891488503428802 0.010728402032749858
0 0.744856797095603 0.47910784867306605 0.0028237192416296895 0.005081874647092038
0 0.745865268253328 0.46823828345567475 0.0024203307785397336 0.001411631846414455
0 0.745865268253328 0.47557876905702995 0.0016135538523598225 0.001411631846414455
0 0.7767244856797095 0.474025974025974 0.04477611940298507 0.01693958215697346
0 0.8249294070189592 0.4786843591191417 0.003227107704719645 0.007058159232072276
0 0.8434852763210973 0.47882552230378317 0.02501008471157725 0.006775832862789385
0 0.15207745058491326 0.5176453980801807 0.033884630899556276 0.020045172219085264
0 0.19382815651472368 0.5225861095426313 0.01573215006050827 0.01693958215697346
0 0.1881807180314643 0.5132693393562959 0.002016942315449778 0.001129305477131564
0 0.21883824122630094 0.5262563523433089 0.025413473174667203 0.007340485601355167
0 0.2436466317063332 0.5232919254658385 0.021782977006857603 0.016657255787690572
0 0.2866075030254135 0.5186335403726708 0.002016942315449778 0.0016939582156973462
0 0.2876159741831384 0.5292207792207793 0.003227107704719645 0.005364201016374929
0 0.3009277934651069 0.5261151891586674 0.011294876966518758 0.010446075663466968
0 0.3313836224283985 0.5266798418972332 0.007664380798709157 0.005928853754940711
0 0.3479225494150867 0.5266798418972332 0.02379991932230738 0.008752117447769622
0 0.36163775716014523 0.5273856578204404 0.0060508269463493344 0.006211180124223602
0 0.3654699475594998 0.5266798418972332 0.0024203307785397336 0.003105590062111801
0 0.3711173860427592 0.5278091473743648 0.005647438483259379 0.005928853754940711
0 0.3771682129891085 0.5279503105590062 0.005647438483259379 0.005081874647092038
0 0.3807987091569181 0.5271033314511575 0.0016135538523598225 0.0016939582156973462
0 0.38866478418717226 0.5217391304347826 0.0060508269463493344 0.019198193111236588
0 0.3963291649858814 0.5263975155279503 0.01008471157724889 0.00818746470920384
0 0.4411052843888665 0.5273856578204404 0.01573215006050827 0.009599096555618294
0 0.4560306575231948 0.5289384528514963 0.010891488503428802 0.03190287972896669
0 0.4945542557482856 0.5241389045736872 0.015328761597418314 0.014398644833427442
0 0.5068576038725292 0.5289384528514963 0.006857603872529245 0.005928853754940711
0 0.5078660750302542 0.5247035573122529 0.00645421540943929 0.002540937323546019
0 0.5123033481242436 0.5287972896668549 0.0016135538523598225 0.0016939582156973462
0 0.5191609519967729 0.5271033314511575 0.004033884630899556 0.006211180124223602
0 0.5332795482049213 0.5355731225296443 0.022589753933037516 0.026538678712591756
0 0.5837031060911658 0.5268210050818747 0.033884630899556276 0.009599096555618294
0 0.6052843888664784 0.5263975155279503 0.006857603872529245 0.006493506493506494
0 0.6099233561920129 0.5254093732354602 0.0024203307785397336 0.002258610954263128
0 0.6145623235175474 0.5215979672501412 0.007664380798709157 0.017786561264822136
0 0.6593384429205325 0.5362789384528515 0.02379991932230738 0.028514963297571992
0 0.6565147236789027 0.5241389045736872 0.003630496167809601 0.004799548277809147
0 0.6680112948769665 0.5190570299265952 0.0024203307785397336 0.0036702428006775835
0 0.6875756353368294 0.5215979672501412 0.02379991932230738 0.01948051948051948
0 0.7016942315449778 0.5265386787125917 0.010891488503428802 0.009599096555618294
0 0.7065348931020573 0.5225861095426313 0.002016942315449778 0.00282326369282891
0 0.7388059701492538 0.5265386787125917 0.014118596208148447 0.007905138339920948
0 0.7529245663574021 0.5273856578204404 0.0060508269463493344 0.006211180124223602
0 0.7583703106091165 0.5375494071146245 0.01371520774505849 0.024280067758328628
0 0.7539330375151271 0.5293619424054207 0.0024203307785397336 0.001129305477131564
0 0.7591770875352964 0.5251270468661773 0.0024203307785397336 0.0016939582156973462
0 0.7773295683743445 0.5261151891586674 0.01290843081887858 0.00818746470920384
0 0.7934651068979427 0.5265386787125917 0.010488100040338847 0.007905138339920948
0 0.8027430415490117 0.5203274985883681 0.011294876966518758 0.018633540372670808
0 0.8327954820492134 0.52343308865048 0.0052440500201694235 0.01355166572557877
0 0.8402581686163776 0.5255505364201016 0.0016135538523598225 0.002540937323546019
0 0.8537716821298911 0.5239977413890458 0.026220250100847116 0.012422360248447204
0 0.15147236789027835 0.5691699604743083 0.026220250100847116 0.020327498588368152
0 0.19302137958854376 0.5698757763975155 0.003630496167809601 0.017786561264822136
0 0.20592981040742234 0.5708639186900056 0.010891488503428802 0.019762845849802372
0 0.21964501815248083 0.5796160361377752 0.003630496167809601 0.002258610954263128
