0 0.16579265832997175 0.21583850931677018 0.045986284792254944 0.023997741389045736
0 0.1972569584509883 0.2180971202710333 0.021782977006857603 0.01948051948051948
0 0.22287212585720048 0.21485036702428006 0.0318676885841065 0.024844720496894408
0 0.28136345300524407 0.22430830039525693 0.038321903993545785 0.040372670807453416
0 0.34227511093182733 0.21964991530208922 0.019766034691407825 0.0220214568040655
0 0.3446954417103671 0.22713156408808582 0.006857603872529245 0.0008469791078486731
0 0.35518354175070593 0.22473178994918125 0.0052440500201694235 0.006775832862789385
0 0.3567970956030658 0.21682665160926032 0.004437273093989512 0.003952569169960474
0 0.3688987494957644 0.22374364765669114 0.00927793465106898 0.009316770186335404
0 0.42214602662363854 0.2261434217955957 0.043969342476805166 0.03670242800677583
0 0.48124243646631704 0.2171089779785432 0.03065752319483663 0.018633540372670808
0 0.5213795885437676 0.21640316205533597 0.04800322710770472 0.020609824957651044
0 0.5588947156111336 0.22289666854884246 0.026220250100847116 0.011575381140598532
0 0.5915691811214199 0.21485036702428006 0.01573215006050827 0.023150762281197064
0 0.599435256151674 0.22261434217955958 0.020976200080677694 0.007058159232072276
0 0.6141589350544574 0.23475437605872387 0.014925373134328358 0.022868435911914172
0 0.6484469544171036 0.2075098814229249 0.0028237192416296895 0.024280067758328628
0 0.6508672851956434 0.22402597402597402 0.003630496167809601 0.0036702428006775835
0 0.6891891891891891 0.217673630717109 0.018152480839048003 0.02710333145115754
0 0.7152077450584913 0.21597967250141162 0.020976200080677694 0.02710333145115754
0 0.7910447761194029 0.22219085262563523 0.07583703106091166 0.0378317334839074
0 0.8402581686163776 0.23193111236589498 0.00645421540943929 0.007058159232072276
0 0.18898749495764422 0.27103331451157536 0.10205728116175877 0.023715415019762844
0 0.25958047599838646 0.2717391304347826 0.026220250100847116 0.03077357425183512
0 0.30496167809600644 0.2792207792207792 0.06696248487293263 0.012422360248447204
0 0.32956837434449376 0.2694805194805195 0.003227107704719645 0.002540937323546019
0 0.3481242436466317 0.2766798418972332 0.015328761597418314 0.00846979107848673
0 0.400161355385236 0.2803500846979108 0.028237192416296894 0.044042913608131
0 0.4653085921742638 0.26778656126482214 0.03751512706736587 0.022868435911914172
0 0.5207745058491328 0.26976284584980237 0.021782977006857603 0.0251270468661773
0 0.554255748285599 0.2684923771880294 0.03791851553045583 0.021456804065499716
0 0.600040338846309 0.27004517221908525 0.04961678096006454 0.018351214003387916
0 0.6234368697055265 0.26750423489553926 0.003630496167809601 0.010446075663466968
0 0.6506655909640984 0.27498588368153587 0.03953206938281565 0.007340485601355167
0 0.6958450988301734 0.2686335403726708 0.016135538523598225 0.023997741389045736
0 0.7535296490520371 0.27117447769621683 0.0935861234368697 0.0189158667419537
0 0.8031464300121016 0.26750423489553926 0.004033884630899556 0.003105590062111801
0 0.8265429608713191 0.27413890457368717 0.03227107704719645 0.006775832862789385
0 0.16115369100443727 0.3207227555053642 0.04235578862444534 0.020892151326933936
0 0.20270270270270271 0.3221343873517787 0.035901573215006054 0.021456804065499716
0 0.26865671641791045 0.31747600225861095 0.04921339249697459 0.022868435911914172
0 0.3281565147236789 0.320016939582157 0.018152480839048003 0.022303783173348392
0 0.3354175070592981 0.32058159232072275 0.004437273093989512 0.005928853754940711
0 0.3511496571198064 0.32919254658385094 0.027833803953206938 0.04178430265386787
0 0.4173053650665591 0.3232636928289102 0.043969342476805166 0.0220214568040655
0 0.47862041145623235 0.3231225296442688 0.019766034691407825 0.03585544889892716
0 0.5246066962484873 0.31648785996612083 0.021379588543767647 0.018633540372670808
0 0.5348931020572811 0.3186053077357425 0.010488100040338847 0.0036702428006775835
0 0.5441710367083501 0.3255223037831734 0.011294876966518758 0.012422360248447204
0 0.581484469544171 0.3234048560135517 0.024606696248487294 0.012140033879164314
0 0.6006454215409439 0.32580463015245625 0.00645421540943929 0.007340485601355167
0 0.6016538926986689 0.31535855448898925 0.004437273093989512 0.006775832862789385
0 0.6230334812424365 0.31959345002823264 0.01573215006050827 0.023715415019762844
0 0.6446147640177491 0.32185206098249575 0.029850746268656716 0.012987012987012988
0 0.6762807583703107 0.32735742518351213 0.003630496167809601 0.002540937323546019
0 0.7174263816054861 0.3190287972896669 0.03509479628882614 0.023150762281197064
0 0.7882210568777733 0.3190287972896669 0.06696248487293263 0.026538678712591756
0 0.8767648245260186 0.32086391869000563 0.06413876563130294 0.020045172219085264
0 0.13775716014521985 0.3601072840203275 0.0060508269463493344 0.007622811970638058
0 0.15288422751109318 0.36123658949745907 0.003227107704719645 0.0036702428006775835
0 0.16317063331988704 0.3818464144551101 0.00927793465106898 0.022303783173348392
0 0.1974586526825333 0.3760587238848108 0.058491327148043566 0.039525691699604744
0 0.236385639370714 0.3753529079616036 0.012101653892698669 0.001976284584980237
0 0.29386849536103266 0.3705533596837945 0.07946752722872126 0.020045172219085264
0 0.3471157724889068 0.36180124223602483 0.0028237192416296895 0.0036702428006775835
0 0.35417507059298103 0.3629305477131564 0.003227107704719645 0.009316770186335404
0 0.3602258975393304 0.3812817617165443 0.003227107704719645 0.001976284584980237
0 0.43949173053650664 0.3694240542066629 0.035901573215006054 0.020609824957651044
0 0.5235982250907624 0.37859966120835686 0.07745058491327148 0.019198193111236588
0 0.5564743848325938 0.3681535855448899 0.004437273093989512 0.003952569169960474
0 0.5592981040742234 0.37140033879164314 0.0012101653892698668 0.001411631846414455
0 0.5851149657119806 0.37648221343873517 0.02944735780556676 0.01101072840203275
0 0.6446147640177491 0.3685770750988142 0.03307785397337636 0.022303783173348392
0 0.7365873336022589 0.3794466403162055 0.09842678499394918 0.023150762281197064
0 0.8626462283178701 0.37859966120835686 0.10609116579265833 0.03500846979107849
0 0.9213392496974586 0.37012987012987014 0.003227107704719645 0.0033879164313946925
0 0.9338442920532473 0.3784584980237154 0.02743041549011698 0.009316770186335404
0 0.1791044776119403 0.4267363071710898 0.0653489310205728 0.029644268774703556
0 0.20028237192416296 0.41078486730660646 0.0060508269463493344 0.004517221908526256
0 0.23134328358208955 0.41981931112365894 0.026220250100847116 0.010728402032749858
0 0.25514320290439696 0.41756070016939584 0.018152480839048003 0.02258610954263128
0 0.32210568777732956 0.41544325239977414 0.022993142396127472 0.025691699604743084
0 0.3763614360629286 0.42504234895539245 0.08471157724889068 0.04488989271597967
0 0.3709156918112142 0.41318464144551104 0.0052440500201694235 0.006493506493506494
0 0.4945542557482856 0.427442123094297 0.0935861234368697 0.03557312252964427
0 0.5373134328358209 0.415725578769057 0.00645421540943929 0.0036702428006775835
0 0.5560709963695039 0.424901185770751 0.018959257765227916 0.009034443817052512
0 0.6218233158531666 0.4203839638622247 0.06010488100040339 0.019198193111236588
0 0.5982250907624042 0.4253246753246753 0.0024203307785397336 0.0008469791078486731
0 0.7285195643404598 0.4264539808018069 0.10246066962484873 0.04206662902315076
0 0.8229124647035094 0.4268774703557312 0.03711173860427592 0.01355166572557877
0 0.8392496974586526 0.41756070016939584 0.004437273093989512 0.00564652738565782
0 0.8416700282371924 0.4193958215697346 0.0012101653892698668 0.0008469791078486731
0 0.8765631302944735 0.4191134952004517 0.0645421540943929 0.01948051948051948
0 0.15167406212182333 0.4699322416713721 0.005647438483259379 0.018351214003387916
0 0.1811214199273901 0.4696499153020892 0.042759177087535294 0.017221908526256352
0 0.2099636950383219 0.4712027103331451 0.021379588543767647 0.014116318464144552
0 0.21944332392093585 0.4668266516092603 0.004033884630899556 0.005364201016374929
0 0.26744655102864057 0.47035573122529645 0.0790641387656313 0.019762845849802372
0 0.3356192012908431 0.47035573122529645 0.003227107704719645 0.01355166572557877
0 0.3519564340459863 0.4751552795031056 0.018959257765227916 0.006775832862789385
0 0.40338846308995563 0.4697910784867307 0.03630496167809601 0.021456804065499716
0 0.4572408229124647 0.4704968944099379 0.0318676885841065 0.01948051948051948
0 0.4854780153287616 0.468944099378882 0.026220250100847116 0.02258610954263128
0 0.5112948769665188 0.4786843591191417 0.0028237192416296895 0.001976284584980237
0 0.5859217426381605 0.46922642574816487 0.07462686567164178 0.0220214568040655
0 0.6859620814844696 0.4816487859966121 0.0609116579265833 0.023150762281197064
0 0.746268656716418 0.4730378317334839 0.03146430012101654 0.010446075663466968
0 0.7757160145219847 0.4678147939017504 0.015328761597418314 0.0220214568040655
0 0.8005244050020169 0.47261434217955955 0.0028237192416296895 0.0033879164313946925
0 0.8011294876966518 0.4771315640880858 0.004033884630899556 0.0016939582156973462
0 0.845300524405002 0.4668266516092603 0.026220250100847116 0.021739130434782608
0 0.8592174263816055 0.4743083003952569 0.009681323114158934 0.009599096555618294
0 0.16216216216216217 0.5210333145115754 0.026623638563937072 0.01948051948051948
0 0.2353771682129891 0.5268210050818747 0.11254538120209762 0.037267080745341616
0 0.32029043969342474 0.5320440429136082 0.010488100040338847 0.023433088650479956
0 0.32008874546187976 0.5139751552795031 0.0028237192416296895 0.0036702428006775835
0 0.3424768051633723 0.5247035573122529 0.029043969342476807 0.010446075663466968
0 0.3688987494957644 0.5200451722190853 0.02218636546994756 0.018633540372670808
0 0.3771682129891085 0.5175042348955392 0.0024203307785397336 0.002258610954263128
0 0.39774102460669625 0.5269621682665161 0.017749092375958047 0.035290796160361376
0 0.40843081887858007 0.5214568040654998 0.0060508269463493344 0.00564652738565782
0 0.42617991125453814 0.5220214568040655 0.025413473174667203 0.019198193111236588
0 0.4671238402581686 0.5262563523433089 0.0024203307785397336 0.00846979107848673
0 0.47882210568777733 0.5214568040654998 0.023396530859217425 0.015810276679841896
0 0.5350947962888262 0.5180688876341051 0.03670835014118596 0.020327498588368152
0 0.5659540137152077 0.5335968379446641 0.03872529245663574 0.0378317334839074
0 0.6139572408229125 0.5242800677583286 0.023396530859217425 0.014680971202710334
0 0.6845502218636547 0.5200451722190853 0.05647438483259379 0.02258610954263128
0 0.7285195643404598 0.5221626199887069 0.014521984671238403 0.01948051948051948
0 0.7668414683340057 0.5204686617730095 0.01855586930213796 0.017221908526256352
0 0.8229124647035094 0.5201863354037267 0.04033884630899556 0.020045172219085264
0 0.854780153287616 0.5263975155279503 0.021782977006857603 0.01383399209486166
0 0.8870512303348125 0.5287972896668549 0.011294876966518758 0.011857707509881422
0 0.9116579265832997 0.52343308865048 0.03791851553045583 0.019762845849802372
0 0.17022993142396128 0.5702992659514399 0.028237192416296894 0.025409373235460192
0 0.22408229124647036 0.5791925465838509 0.08027430415490117 0.023433088650479956
0 0.3152480839048003 0.5798983625070582 0.027833803953206938 0.00846979107848673
0 0.3289632916498588 0.5694522868435912 0.0028237192416296895 0.002258610954263128
0 0.3348124243646632 0.5615471485036703 0.0016135538523598225 0.001129305477131564
0 0.3473174667204518 0.5734048560135516 0.026623638563937072 0.023715415019762844
0 0.3991528842275111 0.5729813664596274 0.02864058087938685 0.021739130434782608
0 0.4114562323517547 0.5717108977978543 0.004840661557079467 0.007905138339920948
0 0.4334409035901573 0.5767927724449463 0.02864058087938685 0.007340485601355167
0 0.463896732553449 0.5662055335968379 0.021782977006857603 0.014963297571993224
0 0.4709560306575232 0.5821569734613213 0.003630496167809601 0.002258610954263128
0 0.5250100847115773 0.5684641445511011 0.018959257765227916 0.022868435911914172
0 0.517749092375958 0.5656408808582721 0.0012101653892698668 0.001976284584980237
0 0.5564743848325938 0.5691699604743083 0.024606696248487294 0.025409373235460192
0 0.6020572811617588 0.5765104460756635 0.02379991932230738 0.04009034443817053
0 0.6375554659136748 0.5722755505364201 0.033481242436466316 0.0220214568040655
0 0.7240822912464704 0.5780632411067194 0.10326744655102864 0.011575381140598532
0 0.836829366680113 0.572557876905703 0.06333198870512304 0.024280067758328628
0 0.8795885437676483 0.5821569734613213 0.0028237192416296895 0.005081874647092038
