0 0.15066559096409843 0.22317899491812535 0.01573215006050827 0.014398644833427442
0 0.16962484872932634 0.22275550536420102 0.024606696248487294 0.01355166572557877
0 0.19967728922952804 0.22868435911914173 0.03711173860427592 0.025409373235460192
0 0.2236789027833804 0.221485036702428 0.003630496167809601 0.005928853754940711
0 0.22710770471964503 0.2264257481648786 0.007260992335619202 0.007340485601355167
0 0.24768051633723276 0.23023715415019763 0.01290843081887858 0.016657255787690572
0 0.2617991125453812 0.2261434217955957 0.016135538523598225 0.00846979107848673
0 0.27208551835417505 0.2199322416713721 0.0028237192416296895 0.0033879164313946925
0 0.2823719241629689 0.23193111236589498 0.023396530859217425 0.018351214003387916
0 0.3085921742638161 0.22261434217955958 0.010488100040338847 0.012704686617730096
0 0.3174667204517951 0.22543760587238848 0.01290843081887858 0.009316770186335404
0 0.34489713594191207 0.22317899491812535 0.022589753933037516 0.014398644833427442
0 0.3753529649052037 0.2267080745341615 0.03751512706736587 0.009599096555618294
0 0.4169019766034691 0.22374364765669114 0.011698265429608713 0.012704686617730096
0 0.4374747882210569 0.22473178994918125 0.02702702702702703 0.014116318464144552
0 0.48225090762404194 0.22388481084133258 0.03509479628882614 0.01355166572557877
0 0.5161355385235982 0.22402597402597402 0.031060911657926585 0.014963297571993224
0 0.5720048406615571 0.22501411631846416 0.050826946349334406 0.012422360248447204
0 0.6300927793465106 0.22699040090344438 0.04033884630899556 0.010163749294184076
0 0.6789027833803953 0.22501411631846416 0.05970149253731343 0.014680971202710334
0 0.7081484469544171 0.23150762281197063 0.0028237192416296895 0.0016939582156973462
0 0.7139975796692215 0.2224731789949181 0.008874546187979023 0.009034443817052512
0 0.7258975393303752 0.22035573122529645 0.0060508269463493344 0.004799548277809147
0 0.7305365066559096 0.22063805759457933 0.004840661557079467 0.004234895539243365
0 0.7494957644211375 0.22444946357989837 0.02743041549011698 0.012422360248447204
0 0.7981040742234772 0.22374364765669114 0.05929810407422348 0.013269339356295878
0 0.15490116982654295 0.2737154150197628 0.028237192416296894 0.01383399209486166
0 0.17567567567567569 0.2732919254658385 0.012505042355788625 0.01355166572557877
0 0.21218233158531666 0.27399774138904576 0.042759177087535294 0.015527950310559006
0 0.2436466317063332 0.27625635234330886 0.01290843081887858 0.008752117447769622
0 0.26643807987091567 0.2787972896668549 0.025413473174667203 0.01383399209486166
0 0.2966922146026624 0.27653867871259175 0.03428801936264623 0.008752117447769622
0 0.28136345300524407 0.2704686617730096 0.0028237192416296895 0.002258610954263128
0 0.33884630899556273 0.277244494635799 0.028237192416296894 0.0220214568040655
0 0.381605486083098 0.279785431959345 0.06938281565147236 0.01693958215697346
0 0.41750705929810406 0.28274985883681536 0.005647438483259379 0.005928853754940711
0 0.45865268253327957 0.27498588368153587 0.055667607906413875 0.01355166572557877
0 0.5064542154094392 0.27442123094297005 0.02218636546994756 0.012987012987012988
0 0.5203711173860428 0.2728684359119142 0.004033884630899556 0.003105590062111801
0 0.5221863654699476 0.2780914737436477 0.0060508269463493344 0.007340485601355167
0 0.5411456232351755 0.27752682100508186 0.012505042355788625 0.007905138339920948
0 0.5586930213795885 0.274703557312253 0.023396530859217425 0.01355166572557877
0 0.5901573215006051 0.275974025974026 0.05647438483259379 0.012704686617730096
0 0.6401774909237595 0.27837380011293056 0.028237192416296894 0.009034443817052512
0 0.663574021782977 0.2792207792207792 0.008067769261799113 0.006775832862789385
0 0.672246873739411 0.27625635234330886 0.010891488503428802 0.012140033879164314
0 0.699878983461073 0.2782326369282891 0.03469140782573618 0.009316770186335404
0 0.7303348124243647 0.2758328627893845 0.02379991932230738 0.012987012987012988
0 0.7894312222670432 0.27625635234330886 0.08229124647035095 0.01383399209486166
0 0.8303751512706736 0.2811970638057595 0.0028237192416296895 0.002258610954263128
0 0.8325937878176685 0.2766798418972332 0.0024203307785397336 0.002258610954263128
0 0.14501815248083905 0.31931112365894976 0.006857603872529245 0.005081874647092038
0 0.1663977410246067 0.3310276679841897 0.04154901169826543 0.0251270468661773
0 0.20229931423961275 0.32495765104460755 0.022993142396127472 0.014680971202710334
0 0.22670431625655507 0.33032185206098247 0.029850746268656716 0.024844720496894408
0 0.2757160145219847 0.32806324110671936 0.04719645018152481 0.00846979107848673
0 0.3162565550625252 0.3255223037831734 0.03630496167809601 0.01355166572557877
0 0.3469140782573618 0.3307453416149068 0.028237192416296894 0.020609824957651044
0 0.38866478418717226 0.3242518351214003 0.03670835014118596 0.014963297571993224
0 0.42698668818071805 0.3308865047995483 0.02702702702702703 0.025409373235460192
0 0.4489713594191206 0.32806324110671936 0.03065752319483663 0.00846979107848673
0 0.47297297297297297 0.32594579333709767 0.013311819281968536 0.011575381140598532
0 0.4828559903186769 0.32919254658385094 0.007260992335619202 0.007340485601355167
0 0.5340863251311012 0.3255223037831734 0.07260992335619201 0.015245623941276116
0 0.5853166599435257 0.325098814229249 0.01855586930213796 0.014398644833427442
0 0.609116579265833 0.32523997741389044 0.035498184751916094 0.01355166572557877
0 0.6661960467930618 0.3256634669678148 0.06413876563130294 0.014963297571993224
0 0.7355788624445341 0.3266516092603049 0.05445744251714401 0.015245623941276116
0 0.7833803953206938 0.32891022021456806 0.028237192416296894 0.007340485601355167
0 0.8225090762404196 0.32834556747600224 0.04033884630899556 0.00846979107848673
0 0.1498588140379185 0.38015245623941274 0.033481242436466316 0.0251270468661773
0 0.15248083904800322 0.37267080745341613 0.004033884630899556 0.002258610954263128
0 0.1734570391286809 0.37648221343873517 0.01290843081887858 0.012704686617730096
0 0.18293666801129488 0.3815640880858272 0.004437273093989512 0.001976284584980237
0 0.20572811617587736 0.37577639751552794 0.016135538523598225 0.014116318464144552
0 0.23779749899152886 0.3774703557312253 0.05203711173860428 0.010728402032749858
0 0.2700685760387253 0.371682665160926 0.0052440500201694235 0.005928853754940711
0 0.2745058491327148 0.3753529079616036 0.012505042355788625 0.012704686617730096
0 0.29931423961274706 0.3761998870694523 0.02016942315449778 0.012704686617730096
0 0.3235175473981444 0.3780350084697911 0.03630496167809601 0.00846979107848673
0 0.354376764824526 0.3749294184076793 0.024606696248487294 0.014680971202710334
0 0.3836224283985478 0.3784584980237154 0.03630496167809601 0.020045172219085264
0 0.4124647035094796 0.37789384528514963 0.007664380798709157 0.007058159232072276
0 0.4213392496974587 0.3752117447769622 0.010891488503428802 0.01129305477131564
0 0.42860024203307784 0.38170525127046867 0.004437273093989512 0.002258610954263128
0 0.4441306978620411 0.37140033879164314 0.008067769261799113 0.005928853754940711
0 0.4594594594594595 0.3759175607001694 0.017749092375958047 0.012140033879164314
0 0.46954417103670837 0.37874082439299833 0.014521984671238403 0.009316770186335404
0 0.47862041145623235 0.37874082439299833 0.0060508269463493344 0.005928853754940711
0 0.4872932634126664 0.3760587238848108 0.008874546187979023 0.01129305477131564
0 0.5054457442517144 0.3784584980237154 0.014521984671238403 0.008752117447769622
0 0.5252117789431222 0.38198757763975155 0.024203307785397338 0.015245623941276116
0 0.5667607906413876 0.38071710897797856 0.05889471561113352 0.023433088650479956
0 0.6070996369503833 0.37549407114624506 0.02581686163775716 0.01355166572557877
0 0.6639774102460669 0.3761998870694523 0.07583703106091166 0.012704686617730096
0 0.7073416700282372 0.3793054771315641 0.01008471157724889 0.009316770186335404
0 0.7059298104074223 0.37111801242236025 0.003227107704719645 0.001411631846414455
0 0.7301331181928197 0.37888198757763975 0.03711173860427592 0.00846979107848673
0 0.7527228721258572 0.38354037267080743 0.0024203307785397336 0.001976284584980237
0 0.1553045582896329 0.424901185770751 0.03307785397337636 0.01637492941840768
0 0.20855183541750705 0.42504234895539245 0.05486083098023396 0.014963297571993224
0 0.24747882210568778 0.42913608130999437 0.006857603872529245 0.006775832862789385
0 0.2563533682936668 0.42913608130999437 0.01573215006050827 0.007340485601355167
0 0.2539330375151271 0.42207792207792205 0.0028237192416296895 0.00282326369282891
0 0.2743041549011698 0.42871259175607 0.01855586930213796 0.007622811970638058
0 0.31484469544171034 0.42631281761716544 0.06494554255748286 0.015245623941276116
0 0.28600242033077855 0.4213721061547149 0.0024203307785397336 0.001976284584980237
0 0.3662767244856797 0.42843026538678713 0.01371520774505849 0.009881422924901186
0 0.38241226300927794 0.42913608130999437 0.02016942315449778 0.009034443817052512
0 0.42073416700282373 0.42941840767927725 0.05244050020169423 0.009599096555618294
0 0.4574425171440097 0.4254658385093168 0.02743041549011698 0.015245623941276116
0 0.4770068576038725 0.42970073404856013 0.0060508269463493344 0.00564652738565782
0 0.4872932634126664 0.43040654997176736 0.01371520774505849 0.004799548277809147
0 0.48325937878176684 0.4227837380011293 0.0024203307785397336 0.002540937323546019
0 0.5250100847115773 0.4267363071710898 0.03993545784590561 0.01383399209486166
0 0.5687777329568374 0.4256070016939582 0.01855586930213796 0.014398644833427442
0 0.581484469544171 0.42913608130999437 0.014925373134328358 0.00846979107848673
0 0.6018555869302138 0.42758328627893843 0.028237192416296894 0.012704686617730096
0 0.6222267043162566 0.42701863354037267 0.006857603872529245 0.001976284584980237
0 0.6349334409035902 0.42758328627893843 0.01855586930213796 0.013269339356295878
0 0.6607503025413474 0.42913608130999437 0.03872529245663574 0.009034443817052512
0 0.6710367083501412 0.4234895539243365 0.002016942315449778 0.0033879164313946925
0 0.718233158531666 0.42941840767927725 0.058491327148043566 0.0220214568040655
0 0.7928600242033078 0.42715979672501414 0.06736587333602259 0.015245623941276116
0 0.8448971359419121 0.43068887634105024 0.038321903993545785 0.00818746470920384
0 0.8628479225494151 0.4352060982495765 0.017749092375958047 0.016092603049124788
0 0.1500605082694635 0.47459062676453984 0.02016942315449778 0.014680971202710334
0 0.1791044776119403 0.4741671372106155 0.017749092375958047 0.01383399209486166
0 0.1962484872932634 0.4784020327498588 0.033481242436466316 0.011575381140598532
0 0.2146026623638564 0.4699322416713721 0.003227107704719645 0.003105590062111801
0 0.21682129891085114 0.4779785431959345 0.0060508269463493344 0.00846979107848673
0 0.2281161758773699 0.4817899491812535 0.003630496167809601 0.003105590062111801
