0 0.16518757563533684 0.21414455110107283 0.02379991932230738 0.014963297571993224
0 0.20673658733360226 0.21795595708639187 0.01573215006050827 0.007340485601355167
0 0.21520774505849133 0.21132128740824394 0.002016942315449778 0.001411631846414455
0 0.2291246470350948 0.21513269339356295 0.026623638563937072 0.012422360248447204
0 0.2488906817265026 0.2245906267645398 0.02743041549011698 0.018351214003387916
0 0.31040742234772084 0.221485036702428 0.04961678096006454 0.013269339356295878
0 0.35720048406615573 0.21908526256352343 0.014925373134328358 0.010163749294184076
0 0.3580072609923356 0.21132128740824394 0.002016942315449778 0.003105590062111801
0 0.3939088342073417 0.2165443252399774 0.024606696248487294 0.014680971202710334
0 0.43828156514723676 0.21823828345567475 0.014925373134328358 0.006775832862789385
0 0.45764421137555467 0.21527385657820441 0.027833803953206938 0.012704686617730096
0 0.5044372730939896 0.2149915302089215 0.04235578862444534 0.014398644833427442
0 0.5627269060104881 0.21725014116318464 0.03065752319483663 0.023433088650479956
0 0.608713190802743 0.2155561829474873 0.05244050020169423 0.014398644833427442
0 0.6125453812020977 0.21146245059288538 0.002016942315449778 0.0016939582156973462
0 0.6472367890278338 0.21541501976284586 0.019766034691407825 0.014680971202710334
0 0.6502622025010085 0.21357989836250707 0.0024203307785397336 0.001976284584980237
0 0.6623638563937071 0.22219085262563523 0.0024203307785397336 0.0016939582156973462
0 0.6938281565147236 0.21640316205533597 0.02016942315449778 0.012704686617730096
0 0.745260185558693 0.21908526256352343 0.06010488100040339 0.019762845849802372
0 0.8035498184751916 0.21922642574816487 0.026623638563937072 0.0189158667419537
0 0.8565954013715208 0.2183794466403162 0.056070996369503835 0.018351214003387916
0 0.15510286405808793 0.2686335403726708 0.02379991932230738 0.008752117447769622
0 0.1899959661153691 0.2704686617730096 0.011294876966518758 0.006211180124223602
0 0.2254941508672852 0.2715979672501412 0.028237192416296894 0.01637492941840768
0 0.254538120209762 0.2673630717108978 0.028237192416296894 0.011857707509881422
0 0.3154497781363453 0.26693958215697344 0.04437273093989512 0.014398644833427442
0 0.3753529649052037 0.2696216826651609 0.027833803953206938 0.007340485601355167
0 0.4352561516740621 0.2683512140033879 0.05405405405405406 0.014398644833427442
0 0.4957644211375555 0.26877470355731226 0.03469140782573618 0.020327498588368152
0 0.5375151270673659 0.27103331451157536 0.011698265429608713 0.006775832862789385
0 0.5758370310609117 0.27442123094297005 0.050423557886244454 0.01693958215697346
0 0.6024606696248487 0.26792772444946356 0.014925373134328358 0.010728402032749858
0 0.6347317466720451 0.2663749294184077 0.019766034691407825 0.011575381140598532
0 0.6456232351754739 0.2689158667419537 0.014118596208148447 0.005928853754940711
0 0.6623638563937071 0.2662337662337662 0.016135538523598225 0.011857707509881422
0 0.690802743041549 0.27032749858836813 0.03751512706736587 0.007622811970638058
0 0.7468737394110528 0.2701863354037267 0.02218636546994756 0.006775832862789385
0 0.7567567567567568 0.262987012987013 0.003227107704719645 0.002540937323546019
0 0.7672448567970956 0.26750423489553926 0.021782977006857603 0.011575381140598532
0 0.7946752722872126 0.2715979672501412 0.012101653892698669 0.006211180124223602
0 0.8463089955627269 0.2683512140033879 0.05405405405405406 0.012704686617730096
0 0.8225090762404196 0.26256352343308864 0.0016135538523598225 0.001129305477131564
0 0.15248083904800322 0.31521739130434784 0.02501008471157725 0.014398644833427442
0 0.18233158531665994 0.31535855448898925 0.03469140782573618 0.014680971202710334
0 0.20492133924969747 0.3231225296442688 0.00645421540943929 0.007058159232072276
0 0.23215006050826947 0.3188876341050254 0.010891488503428802 0.006493506493506494
0 0.2716821298910851 0.31931112365894976 0.024606696248487294 0.021456804065499716
0 0.29064138765631303 0.320016939582157 0.02218636546994756 0.005928853754940711
0 0.28963291649858813 0.3116883116883117 0.004033884630899556 0.0033879164313946925
0 0.3358208955223881 0.3245341614906832 0.02864058087938685 0.014398644833427442
0 0.3533682936668011 0.3235460191981931 0.024203307785397338 0.015810276679841896
0 0.35296490520371115 0.31211180124223603 0.0024203307785397336 0.001976284584980237
0 0.39310205728116177 0.320016939582157 0.020572811617587738 0.00818746470920384
0 0.4419120613150464 0.3166290231507623 0.025413473174667203 0.014963297571993224
0 0.4901169826542961 0.32086391869000563 0.02501008471157725 0.006493506493506494
0 0.5036304961678096 0.31408808582721626 0.004437273093989512 0.002540937323546019
0 0.5215812827753126 0.31832298136645965 0.04033884630899556 0.013269339356295878
0 0.5828963291649859 0.31747600225861095 0.04517950786607503 0.011575381140598532
0 0.6242436466317063 0.32029926595143987 0.013311819281968536 0.007058159232072276
0 0.6787010891488503 0.32241671372106157 0.04719645018152481 0.025409373235460192
0 0.7269060104881 0.32142857142857145 0.01371520774505849 0.006493506493506494
0 0.7349737797498992 0.32058159232072275 0.004033884630899556 0.003105590062111801
0 0.772892295280355 0.3222755505364201 0.07745058491327148 0.01948051948051948
0 0.8376361436062929 0.32156973461321287 0.03670835014118596 0.01693958215697346
0 0.16276724485679708 0.36688311688311687 0.0391286809197257 0.013269339356295878
0 0.18414683340056473 0.3675889328063241 0.014118596208148447 0.012987012987012988
0 0.1990722065348931 0.37662337662337664 0.021379588543767647 0.018068887634105024
0 0.19039935457845905 0.37577639751552794 0.0024203307785397336 0.007340485601355167
0 0.1962484872932634 0.3643421795595709 0.002016942315449778 0.001976284584980237
0 0.28317870108914883 0.3730942970073405 0.0782573618394514 0.016092603049124788
0 0.372730939895119 0.36773009599096557 0.04437273093989512 0.012140033879164314
0 0.43263412666397744 0.3685770750988142 0.035901573215006054 0.013269339356295878
0 0.481444130697862 0.3675889328063241 0.030254134731746672 0.012987012987012988
0 0.5256151674062122 0.37111801242236025 0.012101653892698669 0.007058159232072276
0 0.5492133924969745 0.3681535855448899 0.038321903993545785 0.014680971202710334
0 0.5752319483662768 0.36914172783738003 0.021782977006857603 0.012704686617730096
0 0.5736183945139169 0.36391869000564653 0.004033884630899556 0.004517221908526256
0 0.5849132714804357 0.3697063805759458 0.008874546187979023 0.00818746470920384
0 0.6060911657926583 0.36885940146809715 0.035901573215006054 0.012704686617730096
0 0.5992335619201291 0.36151891586674195 0.003630496167809601 0.002540937323546019
0 0.672650262202501 0.3728119706380576 0.06252521177894312 0.020609824957651044
0 0.6744655102864058 0.3651891586674195 0.0024203307785397336 0.001976284584980237
0 0.7416296893908835 0.3694240542066629 0.045582896329164985 0.013269339356295878
0 0.7892295280354982 0.3739412761151892 0.024606696248487294 0.007622811970638058
0 0.81847519160952 0.3715415019762846 0.029043969342476807 0.011857707509881422
0 0.854578459056071 0.3750705815923207 0.014118596208148447 0.007058159232072276
0 0.15147236789027835 0.41756070016939584 0.02218636546994756 0.007905138339920948
0 0.17769261799112546 0.4193958215697346 0.043969342476805166 0.023997741389045736
0 0.16861637757160144 0.4085262563523433 0.0024203307785397336 0.002258610954263128
0 0.23235175473981445 0.41981931112365894 0.017749092375958047 0.007340485601355167
0 0.24324324324324326 0.41219649915302087 0.0024203307785397336 0.002258610954263128
0 0.24929407018959257 0.4199604743083004 0.011294876966518758 0.005928853754940711
0 0.3009277934651069 0.415725578769057 0.02581686163775716 0.012140033879164314
0 0.3204921339249697 0.4192546583850932 0.01734570391286809 0.006775832862789385
0 0.37031060911657926 0.4215132693393563 0.04517950786607503 0.023715415019762844
0 0.42698668818071805 0.42080745341614906 0.018152480839048003 0.006493506493506494
0 0.4764017749092376 0.422360248447205 0.03791851553045583 0.00564652738565782
0 0.5359015732150061 0.4230660643704122 0.02379991932230738 0.007058159232072276
0 0.6040742234772085 0.4234895539243365 0.08027430415490117 0.020892151326933936
0 0.6292860024203307 0.41516092603049126 0.004033884630899556 0.001976284584980237
0 0.6752722872125857 0.4233483907396951 0.01936264622831787 0.007058159232072276
0 0.6764824526018556 0.4184076792772445 0.0016135538523598225 0.002258610954263128
0 0.745865268253328 0.42377188029361945 0.0782573618394514 0.00846979107848673
