0 0.15429608713190804 0.2075098814229249 0.019766034691407825 0.019198193111236588
0 0.18334005647438484 0.2140033879164314 0.031060911657926585 0.009599096555618294
0 0.22025010084711577 0.21527385657820441 0.03469140782573618 0.009881422924901186
0 0.29144816458249295 0.2106154714850367 0.06494554255748286 0.018068887634105024
0 0.36809197256958454 0.2096273291925466 0.04961678096006454 0.021174477696216828
0 0.40520371117386045 0.21089779785431959 0.021379588543767647 0.018068887634105024
0 0.41528842275110933 0.20990965556182947 0.0028237192416296895 0.003105590062111801
0 0.4300121016538927 0.21230942970073405 0.016135538523598225 0.01637492941840768
0 0.4376764824526019 0.20863918690005648 0.003227107704719645 0.002258610954263128
0 0.46127470754336425 0.2183794466403162 0.031060911657926585 0.029079616036137776
0 0.5205728116175877 0.2124505928853755 0.03751512706736587 0.018351214003387916
0 0.627672448567971 0.21174477696216826 0.1355385235982251 0.018633540372670808
0 0.6938281565147236 0.2096273291925466 0.003227107704719645 0.002540937323546019
0 0.7113755546591367 0.21541501976284586 0.022993142396127472 0.009034443817052512
0 0.7801532876159741 0.21174477696216826 0.053247277127874144 0.01693958215697346
0 0.145623235175474 0.25790513833992096 0.02581686163775716 0.01948051948051948
0 0.17567567567567569 0.2577639751552795 0.0326744655102864 0.019198193111236588
0 0.22186365469947558 0.262987012987013 0.01290843081887858 0.010446075663466968
0 0.25010084711577246 0.26171654432524 0.04437273093989512 0.023150762281197064
0 0.28418717224687373 0.26538678712591757 0.010891488503428802 0.002258610954263128
0 0.3063735377168213 0.2636928289102202 0.026220250100847116 0.00846979107848673
0 0.34933440903590157 0.2598814229249012 0.0572811617587737 0.01948051948051948
0 0.4489713594191206 0.2639751552795031 0.10407422347720856 0.024844720496894408
0 0.5328761597418313 0.26129305477131565 0.06131504638967326 0.0189158667419537
0 0.5605082694634933 0.25691699604743085 0.004437273093989512 0.0033879164313946925
0 0.582089552238806 0.2735742518351214 0.029850746268656716 0.024844720496894408
0 0.6252521177894312 0.265527950310559 0.024203307785397338 0.008752117447769622
0 0.6748688987494957 0.2619988706945229 0.07099636950383219 0.019762845849802372
0 0.7200484066155708 0.26439864483342745 0.011294876966518758 0.010446075663466968
0 0.7769261799112546 0.2621400338791643 0.06776926179911255 0.016657255787690572
0 0.15348931020572812 0.3080180688876341 0.0463896732553449 0.023150762281197064
0 0.1891891891891892 0.31437041219649914 0.01855586930213796 0.008752117447769622
0 0.24142799515933844 0.3091473743647657 0.04881000403388463 0.021456804065499716
0 0.3021379588543768 0.3101355166572558 0.041145623235175476 0.021174477696216828
0 0.3565954013715208 0.31070016939582157 0.03065752319483663 0.01948051948051948
0 0.4070189592577652 0.3147939017504235 0.03872529245663574 0.010728402032749858
0 0.44050020169423154 0.3116883116883117 0.03469140782573618 0.018633540372670808
0 0.4564340459862848 0.30773574251835123 0.003630496167809601 0.00282326369282891
0 0.47962888261395725 0.3129587803500847 0.03065752319483663 0.016657255787690572
0 0.4933440903590157 0.3094297007340486 0.003227107704719645 0.0033879164313946925
0 0.5046389673255345 0.31535855448898925 0.011294876966518758 0.00846979107848673
0 0.5240016135538523 0.3157820440429136 0.021782977006857603 0.009881422924901186
0 0.5580879386849537 0.3219932241671372 0.014118596208148447 0.016657255787690572
0 0.5830980233965308 0.3191699604743083 0.027833803953206938 0.009881422924901186
0 0.6117386042759178 0.3166290231507623 0.026220250100847116 0.016657255787690572
0 0.6216216216216216 0.3145115753811406 0.004033884630899556 0.0033879164313946925
0 0.6462283178701089 0.31874647092038394 0.033884630899556276 0.00846979107848673
0 0.6651875756353368 0.3186053077357425 0.01371520774505849 0.011575381140598532
0 0.6746672045179508 0.3232636928289102 0.0028237192416296895 0.0033879164313946925
0 0.7033077853973376 0.31182947487295315 0.026220250100847116 0.017221908526256352
0 0.7355788624445341 0.3160643704121965 0.0391286809197257 0.009316770186335404
0 0.7761194029850746 0.3176171654432524 0.016942315449778138 0.009599096555618294
0 0.8037515127067366 0.31804065499717676 0.014925373134328358 0.00818746470920384
0 0.8325937878176685 0.31931112365894976 0.04033884630899556 0.00846979107848673
0 0.17164179104477612 0.35926030491247885 0.09156918112141993 0.023997741389045736
0 0.2525211778943122 0.36335403726708076 0.03307785397337636 0.019198193111236588
0 0.3017345703912868 0.3644833427442123 0.050826946349334406 0.017504234895539244
0 0.3410649455425575 0.3675889328063241 0.02379991932230738 0.010728402032749858
0 0.38967325534489716 0.36829474872953133 0.026623638563937072 0.011575381140598532
0 0.42759177087535294 0.365330321852061 0.03630496167809601 0.018633540372670808
0 0.481645824929407 0.36391869000564653 0.04033884630899556 0.019762845849802372
0 0.4989915288422751 0.3622247317899492 0.004033884630899556 0.0033879164313946925
0 0.5141185962081485 0.3644833427442123 0.01573215006050827 0.015810276679841896
0 0.5649455425574829 0.36278938452851495 0.04154901169826543 0.01637492941840768
0 0.609116579265833 0.36561264822134387 0.012101653892698669 0.011857707509881422
0 0.6296893908834207 0.3699887069452287 0.020976200080677694 0.011575381140598532
0 0.6375554659136748 0.36123658949745907 0.0028237192416296895 0.004234895539243365
0 0.6486486486486487 0.36885940146809715 0.011294876966518758 0.011575381140598532
0 0.6893908834207342 0.36236589497459065 0.033884630899556276 0.01948051948051948
0 0.7125857200484066 0.36688311688311687 0.00927793465106898 0.009316770186335404
0 0.7648245260185559 0.3632128740824393 0.0572811617587737 0.022868435911914172
0 0.15308592174263816 0.40782044042913607 0.043969342476805166 0.020609824957651044
0 0.20028237192416296 0.40923207227555053 0.03993545784590561 0.0189158667419537
0 0.24203307785397338 0.4148785996612084 0.04033884630899556 0.020609824957651044
0 0.3011294876966519 0.415725578769057 0.03509479628882614 0.027950310559006212
0 0.34630899556272693 0.4199604743083004 0.014925373134328358 0.010446075663466968
0 0.3874546187979024 0.4168548842461886 0.026220250100847116 0.026256352343308864
0 0.3981444130697862 0.41516092603049126 0.004033884630899556 0.0036702428006775835
0 0.418112141992739 0.41981931112365894 0.035901573215006054 0.01129305477131564
0 0.46873739411052845 0.4171372106154715 0.015328761597418314 0.011575381140598532
0 0.4848729326341267 0.4222190852625635 0.01290843081887858 0.016657255787690572
0 0.5020169423154498 0.41883116883116883 0.01734570391286809 0.00818746470920384
0 0.5211778943122227 0.4189723320158103 0.01855586930213796 0.009599096555618294
0 0.5284388866478419 0.410643704121965 0.003227107704719645 0.0036702428006775835
0 0.5506252521177895 0.4127611518915867 0.03711173860427592 0.01693958215697346
0 0.5683743444937475 0.40993788819875776 0.0024203307785397336 0.00282326369282891
0 0.5774505849132715 0.4158667419536985 0.010891488503428802 0.009034443817052512
0 0.5883420734167003 0.41120835686053075 0.004437273093989512 0.004799548277809147
0 0.5875352964905204 0.4181253529079616 0.0028237192416296895 0.007905138339920948
0 0.6077047196450182 0.42405420666290233 0.02702702702702703 0.023150762281197064
0 0.6403791851553046 0.4192546583850932 0.0052440500201694235 0.009034443817052512
0 0.6440096813231142 0.41078486730660646 0.003630496167809601 0.0033879164313946925
0 0.6551028640580879 0.41869000564652736 0.009681323114158934 0.012422360248447204
0 0.6988705123033482 0.41516092603049126 0.043969342476805166 0.0189158667419537
0 0.7355788624445341 0.41445511010728403 0.025413473174667203 0.01693958215697346
0 0.772488906817265 0.4184076792772445 0.0500201694231545 0.011857707509881422
0 0.7987091569181122 0.41332580463015245 0.003227107704719645 0.0033879164313946925
0 0.8170633319887052 0.41883116883116883 0.027833803953206938 0.01101072840203275
0 0.13372327551432028 0.4556747600225861 0.002016942315449778 0.0033879164313946925
0 0.13432835820895522 0.4666854884246189 0.003227107704719645 0.010728402032749858
0 0.14784187172246874 0.46696781479390176 0.010891488503428802 0.011857707509881422
0 0.21036708350141187 0.46259175607001696 0.04800322710770472 0.025691699604743084
0 0.2408229124647035 0.4699322416713721 0.012101653892698669 0.008752117447769622
0 0.3263412666397741 0.46414455110107283 0.11536910044372731 0.025409373235460192
0 0.390883420734167 0.4748729531338227 0.003227107704719645 0.0033879164313946925
0 0.43404598628479224 0.4621682665160926 0.04033884630899556 0.0220214568040655
0 0.4701492537313433 0.466403162055336 0.05445744251714401 0.025409373235460192
0 0.5469947559499798 0.4621682665160926 0.04517950786607503 0.023150762281197064
0 0.5804759983864461 0.47035573122529645 0.016135538523598225 0.009599096555618294
0 0.6119402985074627 0.4696499153020892 0.008874546187979023 0.005928853754940711
0 0.6304961678096006 0.4644268774703557 0.03146430012101654 0.020327498588368152
0 0.6799112545381202 0.46696781479390176 0.057684550221863654 0.019762845849802372
0 0.727107704719645 0.4662619988706945 0.02944735780556676 0.014963297571993224
0 0.7773295683743445 0.4704968944099379 0.01855586930213796 0.009881422924901186
0 0.827954820492134 0.4704968944099379 0.058491327148043566 0.011575381140598532
0 0.13251311012505043 0.5132693393562959 0.011698265429608713 0.01129305477131564
0 0.1510689794271884 0.5220214568040655 0.025413473174667203 0.020892151326933936
0 0.17386042759177087 0.5175042348955392 0.01371520774505849 0.009034443817052512
0 0.20492133924969747 0.51270468661773 0.04679306171843485 0.0220214568040655
0 0.2654296087131908 0.5172219085262564 0.02501008471157725 0.010728402032749858
0 0.32855990318676886 0.5179277244494636 0.09237595804759983 0.031338226990400904
0 0.436466317063332 0.5231507622811971 0.06938281565147236 0.01693958215697346
0 0.4737797498991529 0.52343308865048 0.002016942315449778 0.001129305477131564
0 0.50040338846309 0.5172219085262564 0.0463896732553449 0.015245623941276116
0 0.5465913674868899 0.5190570299265952 0.04517950786607503 0.022868435911914172
0 0.6393707139975797 0.5182100508187465 0.08229124647035095 0.020609824957651044
0 0.6787010891488503 0.5165160926030491 0.0028237192416296895 0.003105590062111801
0 0.7081484469544171 0.5200451722190853 0.04477611940298507 0.01693958215697346
0 0.7587736990722065 0.5207509881422925 0.023396530859217425 0.009881422924901186
0 0.7876159741831383 0.5220214568040655 0.031060911657926585 0.009034443817052512
0 0.8305768455022187 0.5238565782044043 0.05486083098023396 0.011575381140598532
0 0.1510689794271884 0.5656408808582721 0.04477611940298507 0.011575381140598532
0 0.21762807583703106 0.562111801242236 0.02864058087938685 0.020892151326933936
0 0.31020572811617586 0.5684641445511011 0.09600645421540945 0.026821005081874648
0 0.4124647035094796 0.5673348390739695 0.06010488100040339 0.018351214003387916
0 0.4417103670835014 0.5625352907961604 0.003227107704719645 0.003105590062111801
0 0.45764421137555467 0.5694522868435912 0.01573215006050827 0.009034443817052512
0 0.5246066962484873 0.5657820440429137 0.07220653489310205 0.018068887634105024
0 0.6050826946349335 0.5680406549971767 0.03469140782573618 0.028797289666854884
0 0.6885841064945543 0.5694522868435912 0.07422347720855184 0.011857707509881422
0 0.7329568374344494 0.5695934500282326 0.01290843081887858 0.012140033879164314
0 0.7876159741831383 0.5683229813664596 0.040742234772085516 0.03162055335968379
0 0.8620411456232352 0.5704404291360813 0.07503025413473174 0.023997741389045736
0 0.1718434852763211 0.6171654432523997 0.06212182331585317 0.011857707509881422
0 0.22670431625655507 0.6153303218520609 0.04517950786607503 0.01948051948051948
0 0.2444534086325131 0.6116600790513834 0.003227107704719645 0.0036702428006775835
0 0.2757160145219847 0.6245059288537549 0.0463896732553449 0.025409373235460192
0 0.3563937071399758 0.6153303218520609 0.04800322710770472 0.016657255787690572
0 0.4598628479225494 0.6156126482213439 0.07583703106091166 0.020045172219085264
0 0.5054457442517144 0.6139186900056465 0.008067769261799113 0.002540937323546019
0 0.5048406615570795 0.622953133822699 0.004437273093989512 0.007058159232072276
0 0.5211778943122227 0.6199887069452287 0.021782977006857603 0.011857707509881422
0 0.5284388866478419 0.6125070581592321 0.003227107704719645 0.002540937323546019
0 0.5508269463493344 0.6214003387916431 0.02379991932230738 0.009599096555618294
0 0.5748285599031868 0.6297289666854884 0.004033884630899556 0.002540937323546019
