0 0.16397741024606696 0.21569734613212874 0.04719645018152481 0.0220214568040655
0 0.2156111335215813 0.21908526256352343 0.02379991932230738 0.012422360248447204
0 0.2379991932230738 0.21132128740824394 0.021782977006857603 0.02456239412761152
0 0.29608713190802743 0.21132128740824394 0.11778943122226704 0.025691699604743084
0 0.38563937071399756 0.21597967250141162 0.042759177087535294 0.03500846979107849
0 0.4332392093586123 0.21301524562394128 0.03227107704719645 0.027385657820440428
0 0.44029850746268656 0.21922642574816487 0.020572811617587738 0.014398644833427442
0 0.47882210568777733 0.22346132128740825 0.05889471561113352 0.041501976284584984
0 0.5342880193626462 0.21696781479390176 0.03509479628882614 0.017221908526256352
0 0.5635336829366681 0.21470920383963862 0.03065752319483663 0.022868435911914172
0 0.6050826946349335 0.2149915302089215 0.04437273093989512 0.026821005081874648
0 0.6706333198870512 0.220214568040655 0.09237595804759983 0.01355166572557877
0 0.7460669624848729 0.21753246753246752 0.038321903993545785 0.016092603049124788
0 0.7617991125453812 0.20228684359119142 0.003630496167809601 0.0036702428006775835
0 0.7835820895522388 0.21852060982495766 0.024606696248487294 0.012987012987012988
0 0.7970956030657523 0.21781479390175043 0.02501008471157725 0.011575381140598532
0 0.1964501815248084 0.26566911349520045 0.12101653892698669 0.040654997176736304
0 0.1782977006857604 0.25395256916996045 0.003227107704719645 0.003105590062111801
0 0.2747075433642598 0.26976284584980237 0.03953206938281565 0.016092603049124788
0 0.28842275110931825 0.2494353472614342 0.004840661557079467 0.004234895539243365
0 0.32977006857603874 0.2738565782044043 0.06897942718838242 0.023715415019762844
0 0.35619201290843083 0.25042348955392435 0.003227107704719645 0.004517221908526256
0 0.3753529649052037 0.2684923771880294 0.024606696248487294 0.011857707509881422
0 0.4027833803953207 0.26778656126482214 0.0463896732553449 0.026821005081874648
0 0.39128680919725695 0.25508187464709203 0.0024203307785397336 0.005364201016374929
0 0.46228317870108915 0.2619988706945229 0.024203307785397338 0.026538678712591756
0 0.5155304558289633 0.26171654432524 0.03469140782573618 0.028797289666854884
0 0.5724082291246471 0.2672219085262564 0.050826946349334406 0.014963297571993224
0 0.645421540943929 0.2628458498023715 0.07180314643001211 0.043478260869565216
0 0.6442113755546591 0.2627046866177301 0.004840661557079467 0.003105590062111801
0 0.6744655102864058 0.2691981931112366 0.008067769261799113 0.004799548277809147
0 0.6930213795885438 0.2658102766798419 0.028237192416296894 0.012704686617730096
0 0.7299314239612748 0.268068887634105 0.0318676885841065 0.014963297571993224
0 0.7894312222670432 0.26016374929418407 0.08551835417507059 0.029644268774703556
0 0.8517547398144413 0.2628458498023715 0.0463896732553449 0.021456804065499716
0 0.8783783783783784 0.2728684359119142 0.003630496167809601 0.005364201016374929
0 0.1565147236789028 0.31747600225861095 0.03469140782573618 0.023997741389045736
0 0.18334005647438484 0.32396950875211744 0.05203711173860428 0.042631281761716544
0 0.23618394513916902 0.3176171654432524 0.022993142396127472 0.018068887634105024
0 0.24122630092779346 0.3222755505364201 0.0024203307785397336 0.001411631846414455
0 0.28297700685760385 0.31832298136645965 0.08188785800726099 0.031338226990400904
0 0.35861234368697054 0.3129587803500847 0.0500201694231545 0.028514963297571992
0 0.39572408229124645 0.3170525127046866 0.04517950786607503 0.012987012987012988
0 0.4390883420734167 0.31733483907396953 0.045582896329164985 0.015245623941276116
0 0.4237595804759984 0.2995482778091474 0.002016942315449778 0.003952569169960474
0 0.5062525211778943 0.320016939582157 0.03953206938281565 0.016092603049124788
0 0.5429608713190803 0.3136645962732919 0.03711173860427592 0.02258610954263128
0 0.5774505849132715 0.320016939582157 0.043969342476805166 0.012140033879164314
0 0.6498588140379186 0.31070016939582157 0.07987091569181122 0.028514963297571992
0 0.6883824122630092 0.32891022021456806 0.020572811617587738 0.018633540372670808
0 0.7321500605082695 0.3190287972896669 0.04195240016135539 0.014680971202710334
0 0.7662363856393707 0.3138057594579334 0.03428801936264623 0.01948051948051948
0 0.8112141992739008 0.31211180124223603 0.04759983864461476 0.021739130434782608
0 0.8428801936264623 0.31832298136645965 0.020572811617587738 0.012140033879164314
0 0.1653892698668818 0.3632128740824393 0.03953206938281565 0.026821005081874648
0 0.22488906817265025 0.3685770750988142 0.043969342476805166 0.016092603049124788
0 0.2900363049616781 0.3694240542066629 0.05970149253731343 0.04206662902315076
0 0.3446954417103671 0.36490683229813664 0.06736587333602259 0.020045172219085264
0 0.39229528035498185 0.36885940146809715 0.038321903993545785 0.011575381140598532
0 0.4745865268253328 0.3725296442687747 0.11173860427591771 0.0251270468661773
0 0.5342880193626462 0.36928289102202144 0.011698265429608713 0.007905138339920948
0 0.5835014118596208 0.36561264822134387 0.06413876563130294 0.021456804065499716
0 0.6567164179104478 0.3632128740824393 0.07341670028237192 0.022868435911914172
0 0.6976603469140783 0.36900056465273856 0.018152480839048003 0.010728402032749858
0 0.7148043565954014 0.3705533596837945 0.017749092375958047 0.008752117447769622
0 0.7777329568374345 0.3629305477131564 0.09923356192012908 0.029079616036137776
0 0.8257361839451391 0.37775268210050816 0.045986284792254944 0.028232636928289104
0 0.1734570391286809 0.4160079051383399 0.0645421540943929 0.027950310559006212
0 0.21843485276321098 0.41417278373800115 0.027833803953206938 0.029926595143986448
0 0.2109721661960468 0.4030208921513269 0.004033884630899556 0.002540937323546019
0 0.2613957240822912 0.4225014116318464 0.07664380798709157 0.015527950310559006
0 0.3628479225494151 0.4178430265386787 0.09802339653085922 0.044042913608131
0 0.44876966518757566 0.4158667419536985 0.03509479628882614 0.02258610954263128
0 0.4608713190802743 0.4205251270468662 0.018152480839048003 0.01101072840203275
0 0.48406615570794675 0.4116318464144551 0.03307785397337636 0.02710333145115754
0 0.5104881000403388 0.42320722755505363 0.002016942315449778 0.002258610954263128
0 0.5675675675675675 0.42419536984754375 0.07180314643001211 0.05110107284020327
0 0.6530859217426381 0.4150197628458498 0.063735377168213 0.0220214568040655
0 0.6746672045179508 0.41417278373800115 0.0052440500201694235 0.00282326369282891
0 0.6980637353771683 0.41883116883116883 0.027833803953206938 0.013269339356295878
0 0.6950383219039935 0.4007622811970638 0.004033884630899556 0.006493506493506494
0 0.7529245663574021 0.4095143986448334 0.040742234772085516 0.028514963297571992
0 0.7922549415086728 0.4234895539243365 0.04356595401371521 0.024280067758328628
0 0.8408632513110125 0.41727837380011296 0.06171843485276321 0.028797289666854884
0 0.1563130294473578 0.47007340485601357 0.04719645018152481 0.04630152456239413
0 0.16841468334005646 0.4503105590062112 0.0012101653892698668 0.001129305477131564
0 0.2434449374747882 0.46160361377752684 0.06897942718838242 0.028797289666854884
0 0.26321097216619604 0.4527103331451158 0.0060508269463493344 0.008752117447769622
0 0.3281565147236789 0.4618859401468097 0.06655909640984267 0.029926595143986448
0 0.3949173053650666 0.467673630717109 0.05163372327551432 0.041501976284584984
0 0.4497781363453005 0.4704968944099379 0.06292860024203308 0.03190287972896669
0 0.47761194029850745 0.47007340485601357 0.012101653892698669 0.010728402032749858
0 0.49737797498991526 0.46301524562394125 0.026623638563937072 0.026538678712591756
0 0.4919322307382009 0.45398080180688877 0.0060508269463493344 0.00282326369282891
0 0.5296490520371118 0.4655561829474873 0.05163372327551432 0.020892151326933936
0 0.5133118192819686 0.45553359683794464 0.0028237192416296895 0.006493506493506494
0 0.5964098426784994 0.46597967250141165 0.06575231948366277 0.022868435911914172
0 0.6498588140379186 0.46908526256352345 0.023396530859217425 0.01383399209486166
0 0.699878983461073 0.46386222473178995 0.08632513110125051 0.028232636928289104
0 0.754134731746672 0.4688029361942405 0.031060911657926585 0.015527950310559006
0 0.7432432432432432 0.455957086391869 0.002016942315449778 0.003952569169960474
0 0.8015328761597418 0.4668266516092603 0.020976200080677694 0.015527950310559006
0 0.8231141589350545 0.46922642574816487 0.03428801936264623 0.014116318464144552
0 0.863654699475595 0.46513269339356295 0.06696248487293263 0.026821005081874648
0 0.1653892698668818 0.5190570299265952 0.04679306171843485 0.040372670807453416
0 0.20875352964905203 0.5128458498023716 0.040742234772085516 0.029644268774703556
0 0.2400161355385236 0.5143986448334275 0.05486083098023396 0.029361942405420668
0 0.27410246066962485 0.5248447204968945 0.0052440500201694235 0.006775832862789385
0 0.32210568777732956 0.5201863354037267 0.050423557886244454 0.022868435911914172
0 0.38684953610326744 0.5160926030491247 0.04759983864461476 0.03670242800677583
0 0.4136748688987495 0.5166572557876906 0.06575231948366277 0.028232636928289104
0 0.4372730939895119 0.5232919254658385 0.022589753933037516 0.014963297571993224
0 0.46147640177490923 0.5333145115753811 0.06938281565147236 0.03387916431394692
0 0.5310609116579266 0.512987012987013 0.030254134731746672 0.028797289666854884
0 0.5522388059701493 0.5200451722190853 0.03227107704719645 0.014116318464144552
0 0.6123436869705526 0.5172219085262564 0.07583703106091166 0.024844720496894408
0 0.6869705526421944 0.515527950310559 0.060508269463493344 0.030491247882552232
0 0.6942315449778136 0.5052230378317335 0.008067769261799113 0.004234895539243365
0 0.7710770471964502 0.525974025974026 0.13513513513513514 0.05194805194805195
0 0.172851956434046 0.5673348390739695 0.07220653489310205 0.026256352343308864
0 0.2517144009681323 0.5656408808582721 0.06131504638967326 0.027385657820440428
0 0.3436869705526422 0.5676171654432524 0.08067769261799113 0.023997741389045736
0 0.3237192416296894 0.5694522868435912 0.0012101653892698668 0.001129305477131564
0 0.400161355385236 0.5681818181818182 0.04517950786607503 0.022868435911914172
0 0.4592577652279145 0.5667701863354038 0.04235578862444534 0.029079616036137776
0 0.47135941912061313 0.5695934500282326 0.0012101653892698668 0.0008469791078486731
0 0.5437676482452601 0.5645115753811406 0.07583703106091166 0.029644268774703556
0 0.6024606696248487 0.57128740824393 0.04719645018152481 0.014398644833427442
0 0.5877369907220653 0.5543478260869565 0.0016135538523598225 0.004234895539243365
0 0.6718434852763211 0.5642292490118577 0.03751512706736587 0.02456239412761152
0 0.6855586930213796 0.5686053077357425 0.019766034691407825 0.002258610954263128
0 0.7337636143606293 0.5662055335968379 0.09035901573215006 0.027950310559006212
0 0.7648245260185559 0.5859683794466403 0.02501008471157725 0.020609824957651044
0 0.8021379588543768 0.5719932241671372 0.031060911657926585 0.01693958215697346
0 0.836224283985478 0.568746470920384 0.04356595401371521 0.02456239412761152
0 0.8202904396934247 0.5756634669678148 0.004437273093989512 0.004517221908526256
0 0.14784187172246874 0.6223884810841332 0.020572811617587738 0.01948051948051948
0 0.16841468334005646 0.6154714850367025 0.045582896329164985 0.030491247882552232
0 0.17386042759177087 0.6233766233766234 0.008067769261799113 0.00846979107848673
0 0.17123840258168616 0.622953133822699 0.0012101653892698668 0.0008469791078486731
0 0.1863654699475595 0.6222473178994918 0.015328761597418314 0.01129305477131564
0 0.21782977006857604 0.6201298701298701 0.01855586930213796 0.015527950310559006
0 0.24526018555869303 0.6154714850367025 0.05970149253731343 0.026538678712591756
0 0.2392093586123437 0.6020609824957651 0.003227107704719645 0.0036702428006775835
0 0.25312626058894716 0.6092603049124788 0.002016942315449778 0.0016939582156973462
0 0.2658329971762808 0.6050254093732355 0.0016135538523598225 0.001129305477131564
0 0.28943122226704315 0.6235177865612648 0.02218636546994756 0.014398644833427442
0 0.3426784993949173 0.6181535855448899 0.09318273497377975 0.02456239412761152
0 0.3537716821298911 0.6547148503670243 0.08713190802743041 0.07396950875211744
0 0.4211375554659137 0.6353754940711462 0.05244050020169423 0.036420101637492944
0 0.45966115369100446 0.6233766233766234 0.035901573215006054 0.014680971202710334
0 0.44937474788221055 0.6094014680971203 0.0024203307785397336 0.0036702428006775835
0 0.5139169019766034 0.6139186900056465 0.035498184751916094 0.03077357425183512
0 0.5264219443323921 0.6222473178994918 0.029043969342476807 0.012987012987012988
0 0.5806776926179911 0.6199887069452287 0.058491327148043566 0.01693958215697346
0 0.5954013715207745 0.6006493506493507 0.0024203307785397336 0.005364201016374929
0 0.6776926179911255 0.6156126482213439 0.12585720048406615 0.032467532467532464
0 0.7043162565550625 0.6085544889892716 0.003227107704719645 0.004799548277809147
0 0.7716821298910851 0.612789384528515 0.03227107704719645 0.029644268774703556
0 0.8247277127874143 0.6298701298701299 0.08188785800726099 0.028232636928289104
0 0.16821298910851148 0.6671372106154715 0.03711173860427592 0.029926595143986448
0 0.25413473174667206 0.6668548842461886 0.09035901573215006 0.033314511575381144
0 0.31222267043162566 0.6894409937888198 0.0024203307785397336 0.002258610954263128
0 0.39955627269060107 0.6737718802936195 0.038321903993545785 0.016092603049124788
0 0.45461879790237997 0.6679841897233202 0.07664380798709157 0.025409373235460192
0 0.5711980637353772 0.6713721061547149 0.1218233158531666 0.038396386222473176
0 0.5681726502622025 0.6792772444946358 0.0012101653892698668 0.001129305477131564
0 0.6397741024606697 0.6775832862789385 0.003227107704719645 0.003952569169960474
