0 0.15732150060508268 0.26595143986448333 0.01936264622831787 0.025974025974025976
0 0.1791044776119403 0.269339356295878 0.01371520774505849 0.019198193111236588
0 0.20673658733360226 0.26651609260304915 0.0318676885841065 0.02710333145115754
0 0.21198063735377168 0.25508187464709203 0.0028237192416296895 0.001976284584980237
0 0.2373941105284389 0.26976284584980237 0.018152480839048003 0.0189158667419537
0 0.26966518757563535 0.26905702992659514 0.04154901169826543 0.019762845849802372
0 0.299919322307382 0.27555053642010163 0.010891488503428802 0.031055900621118012
0 0.34409035901573215 0.26905702992659514 0.024203307785397338 0.023150762281197064
0 0.36950383219039934 0.2696216826651609 0.015328761597418314 0.017504234895539244
0 0.3884630899556273 0.27032749858836813 0.014521984671238403 0.015527950310559006
0 0.417910447761194 0.26792772444946356 0.028237192416296894 0.02258610954263128
0 0.4235578862444534 0.2542348955392434 0.0024203307785397336 0.002540937323546019
0 0.44876966518757566 0.27060982495765107 0.018959257765227916 0.021739130434782608
0 0.4737797498991529 0.27639751552795033 0.018152480839048003 0.034443817052512704
0 0.5193626462283178 0.2792207792207792 0.018959257765227916 0.031055900621118012
0 0.5427591770875353 0.27216261998870694 0.021379588543767647 0.019198193111236588
0 0.5627269060104881 0.2696216826651609 0.016135538523598225 0.01693958215697346
0 0.5929810407422348 0.27865612648221344 0.020976200080677694 0.038396386222473176
0 0.6198063735377168 0.2701863354037267 0.02864058087938685 0.0220214568040655
0 0.6772892295280355 0.2714568040654997 0.022589753933037516 0.018351214003387916
0 0.6932230738200887 0.2584697910784867 0.003630496167809601 0.001976284584980237
0 0.6960467930617185 0.27032749858836813 0.004437273093989512 0.016657255787690572
0 0.7073416700282372 0.2676453980801807 0.0052440500201694235 0.023150762281197064
0 0.717628075837031 0.26538678712591757 0.007260992335619202 0.023715415019762844
0 0.7630092779346511 0.2691981931112366 0.021379588543767647 0.020045172219085264
0 0.7968939088342073 0.2717391304347826 0.035901573215006054 0.020045172219085264
0 0.8348124243646632 0.2691981931112366 0.03993545784590561 0.021739130434782608
0 0.15994352561516742 0.32171089779785433 0.0326744655102864 0.020609824957651044
0 0.18253327954820492 0.31931112365894976 0.01008471157724889 0.024280067758328628
0 0.18959257765227913 0.3186053077357425 0.007260992335619202 0.02456239412761152
0 0.20169423154497781 0.32820440429136083 0.01371520774505849 0.034161490683229816
0 0.2345703912868092 0.31747600225861095 0.013311819281968536 0.0251270468661773
0 0.2535296490520371 0.32058159232072275 0.01734570391286809 0.017786561264822136
0 0.32129891085114964 0.3210050818746471 0.08188785800726099 0.032185206098249576
0 0.37898346107301334 0.31846414455110106 0.022993142396127472 0.025974025974025976
0 0.42295280354981846 0.3222755505364201 0.020572811617587738 0.021739130434782608
0 0.46974586526825335 0.3265104460756635 0.018959257765227916 0.029079616036137776
0 0.491327148043566 0.32171089779785433 0.015328761597418314 0.01948051948051948
0 0.508874546187979 0.320016939582157 0.006857603872529245 0.023997741389045736
0 0.5145219846712384 0.3080180688876341 0.002016942315449778 0.0016939582156973462
0 0.5201694231544978 0.3219932241671372 0.003630496167809601 0.014398644833427442
0 0.54497781363453 0.33032185206098247 0.035498184751916094 0.03387916431394692
0 0.5887454618797903 0.32241671372106157 0.014118596208148447 0.03500846979107849
0 0.6024606696248487 0.32058159232072275 0.013311819281968536 0.0189158667419537
0 0.636345300524405 0.3210050818746471 0.04961678096006454 0.018633540372670808
0 0.7018959257765228 0.31804065499717676 0.07260992335619201 0.026256352343308864
0 0.7634126663977411 0.3207227555053642 0.01653892698668818 0.018633540372670808
0 0.7930617184348527 0.32128740824393 0.029043969342476807 0.019198193111236588
0 0.16115369100443727 0.378317334839074 0.03509479628882614 0.03162055335968379
0 0.18576038725292457 0.3699887069452287 0.008471157724889069 0.023433088650479956
0 0.1920129084308189 0.35629587803500845 0.004033884630899556 0.002258610954263128
0 0.19604679306171843 0.3719649915302089 0.003227107704719645 0.015527950310559006
0 0.21319080274304156 0.36900056465273856 0.018152480839048003 0.028232636928289104
0 0.2507059298104074 0.3697063805759458 0.052843888664784185 0.027950310559006212
0 0.32977006857603874 0.37323546019198195 0.022993142396127472 0.019762845849802372
0 0.3582089552238806 0.3685770750988142 0.03953206938281565 0.025691699604743084
0 0.3674868898749496 0.3595426312817617 0.003227107704719645 0.001976284584980237
0 0.4255748285599032 0.37210615471485037 0.08955223880597014 0.020892151326933936
0 0.4790237999193223 0.3781761716544325 0.014925373134328358 0.031338226990400904
0 0.5254134731746672 0.3728119706380576 0.01734570391286809 0.017221908526256352
0 0.5461879790237999 0.37111801242236025 0.016942315449778138 0.0189158667419537
0 0.6010488100040339 0.370412196499153 0.04517950786607503 0.024280067758328628
0 0.636345300524405 0.3725296442687747 0.02218636546994756 0.017786561264822136
0 0.6488503428801936 0.3697063805759458 0.014925373134328358 0.0251270468661773
0 0.6875756353368294 0.37323546019198195 0.02379991932230738 0.018068887634105024
0 0.7418313836224284 0.37012987012987014 0.04195240016135539 0.020327498588368152
0 0.77269060104881 0.3699887069452287 0.018152480839048003 0.021739130434782608
0 0.7928600242033078 0.37111801242236025 0.01573215006050827 0.016657255787690572
0 0.8257361839451391 0.37238848108413325 0.04195240016135539 0.018068887634105024
0 0.15933844292053248 0.42066629023150764 0.02581686163775716 0.024280067758328628
0 0.17648245260185558 0.42179559570863917 0.01573215006050827 0.01693958215697346
0 0.19019766034691407 0.42264257481648787 0.010891488503428802 0.017504234895539244
0 0.21480435659540137 0.42320722755505363 0.033481242436466316 0.01693958215697346
0 0.24304154901169828 0.4234895539243365 0.02218636546994756 0.019762845849802372
0 0.29588543767648245 0.42320722755505363 0.07785397337636143 0.024280067758328628
0 0.3945139169019766 0.4189723320158103 0.03469140782573618 0.023715415019762844
0 0.46853569987898347 0.4234895539243365 0.05929810407422348 0.019762845849802372
0 0.5086728519564341 0.42193675889328064 0.01855586930213796 0.017221908526256352
0 0.5244050020169423 0.42843026538678713 0.010488100040338847 0.03077357425183512
0 0.5847115772488907 0.4230660643704122 0.04235578862444534 0.025691699604743084
0 0.6173860427591771 0.4233483907396951 0.019766034691407825 0.0189158667419537
0 0.6379588543767648 0.43492377188029363 0.018152480839048003 0.04206662902315076
0 0.6692214602662364 0.4199604743083004 0.03469140782573618 0.025691699604743084
0 0.72730939895119 0.4088085827216262 0.017749092375958047 0.0033879164313946925
0 0.727107704719645 0.4191134952004517 0.003630496167809601 0.0189158667419537
0 0.7420330778539733 0.42108977978543194 0.01573215006050827 0.017221908526256352
0 0.7587736990722065 0.4199604743083004 0.016135538523598225 0.01948051948051948
0 0.7718838241226301 0.4267363071710898 0.011698265429608713 0.027950310559006212
0 0.800726099233562 0.4311123658949746 0.01936264622831787 0.03500846979107849
0 0.8190802743041549 0.4222190852625635 0.01573215006050827 0.0189158667419537
0 0.8323920935861234 0.4212309429700734 0.0052440500201694235 0.024280067758328628
0 0.837232755143203 0.41219649915302087 0.002016942315449778 0.0016939582156973462
0 0.8430818878580073 0.42603049124788256 0.003227107704719645 0.01693958215697346
0 0.8559903186768858 0.42476002258610956 0.01855586930213796 0.017221908526256352
0 0.8695038321903994 0.4322416713721062 0.01573215006050827 0.03387916431394692
0 0.8838241226300928 0.42264257481648787 0.007260992335619202 0.00282326369282891
0 0.17265026220250101 0.46852060982495763 0.05889471561113352 0.0251270468661773
0 0.19120613150463897 0.4599096555618295 0.0024203307785397336 0.0016939582156973462
0 0.21702299314239612 0.46922642574816487 0.03146430012101654 0.025974025974025976
0 0.2581686163775716 0.47063805759457933 0.041145623235175476 0.025409373235460192
0 0.28317870108914883 0.46809712027103334 0.007260992335619202 0.02258610954263128
0 0.30032271077047196 0.475296442687747 0.018959257765227916 0.018351214003387916
0 0.29386849536103266 0.4608977978543196 0.003630496167809601 0.009881422924901186
0 0.33844292053247277 0.4751552795031056 0.016135538523598225 0.018633540372670808
0 0.36607503025413474 0.47007340485601357 0.0318676885841065 0.025409373235460192
0 0.39592577652279143 0.4774138904573687 0.018959257765227916 0.025974025974025976
0 0.40540540540540543 0.46357989836250707 0.0024203307785397336 0.002258610954263128
0 0.4112545381202098 0.47374364765669114 0.003630496167809601 0.017504234895539244
0 0.43162565550625254 0.4709203839638622 0.03227107704719645 0.02258610954263128
0 0.4826542960871319 0.47134387351778656 0.020572811617587738 0.021739130434782608
0 0.5022186365469947 0.474025974025974 0.016135538523598225 0.017504234895539244
0 0.5225897539330375 0.47882552230378317 0.01734570391286809 0.028232636928289104
0 0.545179507866075 0.47289666854884244 0.024606696248487294 0.021456804065499716
0 0.5754336425978217 0.48023715415019763 0.003630496167809601 0.0016939582156973462
0 0.5954013715207745 0.4710615471485037 0.01936264622831787 0.026256352343308864
0 0.6278741427995159 0.4696499153020892 0.038321903993545785 0.023997741389045736
0 0.6986688180718031 0.4696499153020892 0.042759177087535294 0.0251270468661773
0 0.7498991528842275 0.4795313382269904 0.05405405405405406 0.041501976284584984
0 0.7878176684146834 0.47684923771880294 0.01371520774505849 0.031055900621118012
0 0.8140379185155304 0.4608977978543196 0.004033884630899556 0.001411631846414455
0 0.8192819685356999 0.47346132128740825 0.004033884630899556 0.014680971202710334
0 0.8305768455022187 0.4723320158102767 0.01371520774505849 0.018068887634105024
0 0.15954013715207746 0.5210333145115754 0.030254134731746672 0.027385657820440428
0 0.1926179911254538 0.5210333145115754 0.033481242436466316 0.023997741389045736
0 0.25534489713594194 0.5235742518351214 0.041145623235175476 0.01948051948051948
0 0.28620411456232353 0.5230095990965556 0.014925373134328358 0.015527950310559006
0 0.30254134731746674 0.5237154150197628 0.01290843081887858 0.015810276679841896
0 0.3259378781766841 0.5228684359119141 0.03065752319483663 0.018068887634105024
0 0.3523598225090762 0.5239977413890458 0.014925373134328358 0.017504234895539244
0 0.38140379185155304 0.52343308865048 0.038321903993545785 0.019198193111236588
0 0.43283582089552236 0.5143986448334275 0.003227107704719645 0.00282326369282891
0 0.436466317063332 0.5265386787125917 0.004033884630899556 0.019762845849802372
0 0.4540137152077451 0.5258328627893846 0.018152480839048003 0.017786561264822136
0 0.47680516337232753 0.5224449463579899 0.015328761597418314 0.016657255787690572
0 0.49294070189592576 0.5241389045736872 0.016135538523598225 0.017221908526256352
0 0.5149253731343284 0.5238565782044043 0.018152480839048003 0.016092603049124788
0 0.5467930617184349 0.5204686617730095 0.03670835014118596 0.023433088650479956
0 0.6054860830980234 0.52343308865048 0.01855586930213796 0.017504234895539244
0 0.6238402581686163 0.5231507622811971 0.014925373134328358 0.015810276679841896
0 0.6490520371117386 0.5206098249576511 0.03227107704719645 0.02258610954263128
0 0.681726502622025 0.5201863354037267 0.026623638563937072 0.022868435911914172
0 0.7285195643404598 0.5217391304347826 0.03469140782573618 0.024280067758328628
0 0.7650262202501008 0.5217391304347826 0.031060911657926585 0.017504234895539244
0 0.7922549415086728 0.5227272727272727 0.01855586930213796 0.017221908526256352
0 0.8118192819685357 0.5220214568040655 0.021379588543767647 0.02766798418972332
0 0.8305768455022187 0.5282326369282891 0.014521984671238403 0.028232636928289104
0 0.15711980637353773 0.5724167137210615 0.02218636546994756 0.025691699604743084
0 0.18212989108511496 0.5741106719367589 0.022993142396127472 0.017786561264822136
0 0.19766034691407824 0.5729813664596274 0.011294876966518758 0.016092603049124788
0 0.2146026623638564 0.5739695087521175 0.01936264622831787 0.018068887634105024
0 0.2599838644614764 0.5708639186900056 0.020572811617587738 0.023715415019762844
0 0.30334812424364666 0.5749576510446076 0.063735377168213 0.01948051948051948
0 0.37595804759983864 0.5734048560135516 0.03469140782573618 0.018633540372670808
0 0.40298507462686567 0.5735460191981931 0.01855586930213796 0.01948051948051948
0 0.4354578459056071 0.5728402032749859 0.05203711173860428 0.0220214568040655
0 0.47882210568777733 0.5611236589497459 0.0016135538523598225 0.001976284584980237
0 0.48527632109721663 0.5760869565217391 0.003227107704719645 0.016657255787690572
0 0.5038321903993546 0.573828345567476 0.017749092375958047 0.017221908526256352
0 0.5304558289632917 0.5708639186900056 0.033884630899556276 0.023715415019762844
0 0.5828963291649859 0.5729813664596274 0.026623638563937072 0.021739130434782608
0 0.6020572811617588 0.5743929983060417 0.01734570391286809 0.015527950310559006
0 0.6214199273900767 0.5742518351214003 0.01734570391286809 0.015810276679841896
0 0.6381605486083098 0.5798983625070582 0.01290843081887858 0.029361942405420668
0 0.6793061718434853 0.5735460191981931 0.023396530859217425 0.018351214003387916
0 0.7069382815651473 0.5698757763975155 0.024606696248487294 0.022303783173348392
0 0.7388059701492538 0.5741106719367589 0.04235578862444534 0.020045172219085264
0 0.7736990722065349 0.5831451157538114 0.01936264622831787 0.03811405985319029
0 0.7946752722872126 0.5694522868435912 0.014521984671238403 0.020327498588368152
0 0.8164582492940702 0.5700169395821569 0.029043969342476807 0.020892151326933936
0 0.8561920129084308 0.5715697346132129 0.018959257765227916 0.023997741389045736
0 0.8749495764421138 0.5791925465838509 0.012101653892698669 0.029644268774703556
0 0.15147236789027835 0.6247882552230378 0.026220250100847116 0.018068887634105024
0 0.19382815651472368 0.6274703557312253 0.020572811617587738 0.03190287972896669
0 0.1962484872932634 0.6108130999435347 0.003630496167809601 0.001411631846414455
0 0.2172246873739411 0.6328345567476003 0.01653892698668818 0.036420101637492944
0 0.2446551028640581 0.623235460191982 0.031060911657926585 0.0251270468661773
0 0.26603469140782576 0.6130717108977979 0.0028237192416296895 0.001976284584980237
0 0.2700685760387253 0.6263410502540937 0.004437273093989512 0.016657255787690572
0 0.28862444534086323 0.6269057029926595 0.019766034691407825 0.018351214003387916
0 0.30939895118999594 0.6307171089779785 0.02016942315449778 0.030491247882552232
0 0.36607503025413474 0.6287408243929983 0.019766034691407825 0.02710333145115754
0 0.38584106494554254 0.6243647656691135 0.01573215006050827 0.0189158667419537
0 0.3989511899959661 0.622953133822699 0.005647438483259379 0.022868435911914172
0 0.4048003227107705 0.6134952004517222 0.0028237192416296895 0.002258610954263128
0 0.409035901573215 0.6269057029926595 0.003227107704719645 0.015527950310559006
0 0.42396127470754336 0.6243647656691135 0.020976200080677694 0.015527950310559006
0 0.4411052843888665 0.6318464144551101 0.013311819281968536 0.032185206098249576
0 0.46147640177490923 0.6352343308865048 0.004840661557079467 0.014116318464144552
0 0.490923759580476 0.6230942970073405 0.01855586930213796 0.023715415019762844
0 0.5195643404598629 0.6253529079616036 0.03469140782573618 0.017504234895539244
0 0.5494150867285196 0.6245059288537549 0.01855586930213796 0.017504234895539244
0 0.5796692214602662 0.6218238283455675 0.03630496167809601 0.022868435911914172
0 0.6244453408632513 0.627046866177301 0.017749092375958047 0.017504234895539244
0 0.6504638967325534 0.6249294184076792 0.02864058087938685 0.0189158667419537
0 0.6871722468737395 0.6236589497459063 0.02379991932230738 0.024280067758328628
0 0.7269060104881 0.6253529079616036 0.05647438483259379 0.019762845849802372
0 0.7771278741427995 0.6223884810841332 0.0318676885841065 0.022303783173348392
0 0.8102057281161759 0.6235177865612648 0.02944735780556676 0.018351214003387916
0 0.8378378378378378 0.622953133822699 0.020976200080677694 0.018351214003387916
0 0.8580072609923356 0.6360813099943535 0.017749092375958047 0.043478260869565216
0 0.8757563533682937 0.6228119706380576 0.021782977006857603 0.0220214568040655
0 0.8922952803549818 0.6338226990400904 0.0024203307785397336 0.0016939582156973462
0 0.14663170633319886 0.6747600225861096 0.01573215006050827 0.020892151326933936
0 0.1653892698668818 0.6730660643704122 0.01371520774505849 0.02258610954263128
0 0.1845502218636547 0.6739130434782609 0.022993142396127472 0.023715415019762844
0 0.18334005647438484 0.6734895539243365 0.012505042355788625 0.001976284584980237
0 0.245461879790238 0.674901185770751 0.052843888664784185 0.025691699604743084
0 0.2745058491327148 0.6640316205533597 0.0028237192416296895 0.002258610954263128
0 0.28035498184751917 0.6775832862789385 0.003227107704719645 0.018068887634105024
0 0.3071803146430012 0.6760304912478825 0.038321903993545785 0.020045172219085264
0 0.35841064945542556 0.6770186335403726 0.024606696248487294 0.032185206098249576
0 0.3807987091569181 0.6753246753246753 0.02016942315449778 0.017504234895539244
0 0.4409035901573215 0.6763128176171654 0.060508269463493344 0.018351214003387916
0 0.46228317870108915 0.6602202145680407 0.003227107704719645 0.001976284584980237
0 0.4800322710770472 0.6727837380011293 0.017749092375958047 0.023150762281197064
0 0.4963695038321904 0.682806324110672 0.011698265429608713 0.03020892151326934
0 0.5235982250907624 0.6651609260304913 0.003227107704719645 0.003952569169960474
0 0.5300524405002017 0.677442123094297 0.004033884630899556 0.014963297571993224
0 0.5490116982654296 0.6751835121400339 0.023396530859217425 0.018351214003387916
0 0.6131504638967326 0.6733483907396951 0.05970149253731343 0.028232636928289104
0 0.682533279548205 0.6746188594014682 0.042759177087535294 0.022868435911914172
0 0.7174263816054861 0.6725014116318464 0.018959257765227916 0.023150762281197064
0 0.7365873336022589 0.6751835121400339 0.016135538523598225 0.016657255787690572
0 0.7662363856393707 0.6743365330321852 0.040742234772085516 0.018351214003387916
0 0.8229124647035094 0.6757481648785997 0.04195240016135539 0.020609824957651044
0 0.8624445340863252 0.6746188594014682 0.028237192416296894 0.022303783173348392
0 0.16942315449778136 0.7245906267645398 0.045986284792254944 0.0251270468661773
0 0.2144009681323114 0.7226143421795596 0.04235578862444534 0.023433088650479956
0 0.28943122226704315 0.728119706380576 0.05929810407422348 0.019762845849802372
0 0.31020572811617586 0.7123094297007341 0.003227107704719645 0.0016939582156973462
0 0.3303751512706737 0.7268492377188029 0.016942315449778138 0.016657255787690572
0 0.3563937071399758 0.7274138904573687 0.02864058087938685 0.014963297571993224
0 0.409035901573215 0.7255787690570299 0.029043969342476807 0.017504234895539244
0 0.43263412666397744 0.7234613212874083 0.014118596208148447 0.017786561264822136
0 0.45764421137555467 0.7231789949181253 0.031060911657926585 0.01948051948051948
0 0.5161355385235982 0.722755505364201 0.08511496571198064 0.023715415019762844
0 0.5841064945542558 0.7268492377188029 0.015328761597418314 0.03190287972896669
0 0.6024606696248487 0.7268492377188029 0.01734570391286809 0.018351214003387916
0 0.6167809600645422 0.724308300395257 0.008067769261799113 0.025691699604743084
0 0.6230334812424365 0.7231789949181253 0.0052440500201694235 0.020609824957651044
0 0.636345300524405 0.7250141163184641 0.014118596208148447 0.018633540372670808
0 0.6579265832997176 0.7264257481648786 0.02501008471157725 0.018633540372670808
0 0.6716417910447762 0.7118859401468097 0.003227107704719645 0.001976284584980237
0 0.6791044776119403 0.7274138904573687 0.0060508269463493344 0.016657255787690572
0 0.6946349334409035 0.7269904009034444 0.01936264622831787 0.018068887634105024
0 0.7144009681323115 0.7341897233201581 0.01855586930213796 0.03698475437605872
0 0.7767244856797095 0.7237436476566911 0.06252521177894312 0.022868435911914172
