0 0.17123840258168616 0.20934500282326368 0.050423557886244454 0.027385657820440428
0 0.19826542960871318 0.21739130434782608 0.003630496167809601 0.01129305477131564
0 0.20209762000806777 0.20172219085262563 0.004840661557079467 0.001976284584980237
0 0.21077047196450183 0.2155561829474873 0.00927793465106898 0.017786561264822136
0 0.2509076240419524 0.21626199887069453 0.011294876966518758 0.01637492941840768
0 0.2617991125453812 0.2096273291925466 0.007260992335619202 0.026821005081874648
0 0.3037515127067366 0.21230942970073405 0.07341670028237192 0.025974025974025976
0 0.4007664380798709 0.21597967250141162 0.01653892698668818 0.015810276679841896
0 0.44473578055667606 0.2100508187464709 0.06736587333602259 0.026538678712591756
0 0.4881000403388463 0.22557876905702992 0.011294876966518758 0.03162055335968379
0 0.5286405808793868 0.2077922077922078 0.06978620411456232 0.030491247882552232
0 0.609318273497378 0.2090626764539808 0.04961678096006454 0.027385657820440428
0 0.6565147236789027 0.21668548842461885 0.01653892698668818 0.014398644833427442
0 0.7301331181928197 0.22162619988706944 0.12989108511496572 0.03557312252964427
0 0.8245260185558693 0.21174477696216826 0.023396530859217425 0.024844720496894408
0 0.17063331988705124 0.26538678712591757 0.05647438483259379 0.02766798418972332
0 0.25413473174667206 0.26016374929418407 0.04759983864461476 0.023997741389045736
0 0.36345300524405 0.2682100508187465 0.11375554659136748 0.04121964991530209
0 0.46974586526825335 0.262987012987013 0.11496571198063735 0.029079616036137776
0 0.600847115772489 0.2627046866177301 0.06978620411456232 0.022868435911914172
0 0.6873739411052844 0.26792772444946356 0.04437273093989512 0.01637492941840768
0 0.7519160951996773 0.264257481648786 0.03227107704719645 0.048560135516657256
0 0.20250100847115773 0.31197063805759456 0.11375554659136748 0.029361942405420668
0 0.30153287615974184 0.31874647092038394 0.00927793465106898 0.01637492941840768
0 0.3662767244856797 0.32382834556747603 0.1218233158531666 0.03387916431394692
0 0.47135941912061313 0.31846414455110106 0.03509479628882614 0.015810276679841896
0 0.46672045179507865 0.30095990965556185 0.005647438483259379 0.00282326369282891
0 0.5308592174263816 0.31211180124223603 0.02016942315449778 0.029079616036137776
0 0.5552642194433239 0.3157820440429136 0.019766034691407825 0.009881422924901186
0 0.5929810407422348 0.3101355166572558 0.04759983864461476 0.03020892151326934
0 0.628075837031061 0.3116883116883117 0.020976200080677694 0.0220214568040655
0 0.6504638967325534 0.32382834556747603 0.0052440500201694235 0.0016939582156973462
0 0.6883824122630092 0.3138057594579334 0.018152480839048003 0.029079616036137776
0 0.7115772488906817 0.31804065499717676 0.020976200080677694 0.012140033879164314
0 0.7444534086325131 0.3114059853190288 0.043969342476805166 0.02766798418972332
0 0.7672448567970956 0.29898362507058157 0.004033884630899556 0.00282326369282891
0 0.7791448164582493 0.31437041219649914 0.01653892698668818 0.012140033879164314
0 0.8392496974586526 0.3125352907961604 0.057684550221863654 0.029361942405420668
0 0.18495361032674465 0.3599661208356861 0.0891488503428802 0.029926595143986448
0 0.2654296087131908 0.3738001129305477 0.014521984671238403 0.025409373235460192
0 0.29931423961274706 0.3687182382834557 0.045986284792254944 0.04291360813099943
0 0.37676482452601856 0.36575381140598534 0.017749092375958047 0.014963297571993224
0 0.4802339653085922 0.3747882552230378 0.13513513513513514 0.05448898927159797
0 0.5056474384832593 0.35191981931112365 0.0028237192416296895 0.002540937323546019
0 0.6038725292456636 0.3620835686053077 0.06615570794675273 0.023997741389045736
0 0.6625655506252521 0.36702428006775834 0.0052440500201694235 0.009034443817052512
0 0.6954417103670835 0.3619424054206663 0.055667607906413875 0.025974025974025976
0 0.7777329568374345 0.36885940146809715 0.10972166196046793 0.03585544889892716
0 0.845502218636547 0.36038961038961037 0.01290843081887858 0.029079616036137776
0 0.16922146026623638 0.4116318464144551 0.056070996369503835 0.03162055335968379
0 0.23477208551835418 0.41770186335403725 0.03872529245663574 0.04376058723884811
0 0.2983057684550222 0.4184076792772445 0.04477611940298507 0.018633540372670808
0 0.36143606292860025 0.4193958215697346 0.004840661557079467 0.016092603049124788
0 0.37918515530455826 0.41671372106154714 0.02501008471157725 0.018633540372670808
0 0.3924969745865268 0.4140316205533597 0.0024203307785397336 0.002540937323546019
0 0.44332392093586126 0.41445511010728403 0.100040338846309 0.024844720496894408
0 0.49314239612747074 0.40767927724449465 0.0028237192416296895 0.00282326369282891
0 0.5324727712787414 0.4126199887069452 0.07099636950383219 0.0251270468661773
0 0.6121419927390077 0.43040654997176736 0.0326744655102864 0.040372670807453416
0 0.6127470754336426 0.44113495200451724 0.007260992335619202 0.013269339356295878
0 0.6526825332795482 0.4181253529079616 0.03953206938281565 0.014116318464144552
0 0.7079467527228721 0.41854884246188595 0.06938281565147236 0.016092603049124788
0 0.7428398547801532 0.4155844155844156 0.0012101653892698668 0.001129305477131564
0 0.7488906817265026 0.41106719367588934 0.010891488503428802 0.02766798418972332
0 0.7862041145623235 0.4129023150762281 0.01855586930213796 0.026821005081874648
0 0.8412666397741024 0.41304347826086957 0.05203711173860428 0.029926595143986448
0 0.15772488906817264 0.4642857142857143 0.03872529245663574 0.027385657820440428
0 0.29043969342476805 0.4624505928853755 0.12101653892698669 0.029926595143986448
0 0.3844292053247277 0.4666854884246189 0.01290843081887858 0.017504234895539244
0 0.4146833400564744 0.46301524562394125 0.04195240016135539 0.030491247882552232
0 0.46006454215409437 0.4707792207792208 0.05203711173860428 0.04827780914737437
0 0.54538120209762 0.46569734613212876 0.06212182331585317 0.022303783173348392
0 0.6321097216619604 0.46795595708639187 0.0653489310205728 0.018351214003387916
0 0.6766841468334006 0.4771315640880858 0.01734570391286809 0.02766798418972332
0 0.7109721661960468 0.46823828345567475 0.04235578862444534 0.013269339356295878
0 0.7664380798709157 0.46950875211744775 0.01371520774505849 0.01129305477131564
0 0.7763210972166196 0.4717673630717109 0.01008471157724889 0.04630152456239413
0 0.8334005647438483 0.4699322416713721 0.053247277127874144 0.014963297571993224
0 0.8701089148850343 0.4709203839638622 0.02016942315449778 0.01637492941840768
0 0.16438079870915692 0.514257481648786 0.04800322710770472 0.0251270468661773
0 0.21238402581686164 0.5135516657255788 0.04477611940298507 0.026538678712591756
0 0.2573618394513917 0.5163749294184077 0.03953206938281565 0.028232636928289104
0 0.27490923759580477 0.5079051383399209 0.004437273093989512 0.002258610954263128
0 0.29689390883420735 0.5186335403726708 0.033884630899556276 0.012987012987012988
0 0.32432432432432434 0.5271033314511575 0.004033884630899556 0.012987012987012988
0 0.37797498991528844 0.514257481648786 0.06292860024203308 0.02456239412761152
0 0.45340863251311014 0.5232919254658385 0.041145623235175476 0.04319593450028233
0 0.5298507462686567 0.5119988706945229 0.040742234772085516 0.028514963297571992
0 0.6137555465913674 0.5138339920948617 0.040742234772085516 0.032185206098249576
0 0.6415893505445744 0.5203274985883681 0.004437273093989512 0.014116318464144552
0 0.6520774505849133 0.5163749294184077 0.014118596208148447 0.0220214568040655
0 0.7004840661557079 0.5215979672501412 0.0318676885841065 0.047713156408808584
0 0.7702702702702703 0.5162337662337663 0.057684550221863654 0.031338226990400904
0 0.17123840258168616 0.5736871823828346 0.05687777329568374 0.026538678712591756
0 0.21903993545784592 0.5693111236589498 0.029850746268656716 0.016092603049124788
0 0.2936668011294877 0.5654997176736307 0.06615570794675273 0.02766798418972332
0 0.38140379185155304 0.5767927724449463 0.043162565550625254 0.024844720496894408
0 0.44493747478822104 0.5782044042913608 0.07987091569181122 0.030491247882552232
0 0.5064542154094392 0.5718520609824957 0.003630496167809601 0.004234895539243365
0 0.545179507866075 0.5640880858272163 0.026220250100847116 0.02766798418972332
0 0.5835014118596208 0.5657820440429137 0.04881000403388463 0.029926595143986448
0 0.627470754336426 0.5630999435347261 0.027833803953206938 0.023433088650479956
0 0.6789027833803953 0.5698757763975155 0.01855586930213796 0.015527950310559006
0 0.6934247680516338 0.5652173913043478 0.007260992335619202 0.024280067758328628
0 0.7020976200080677 0.5677583286278939 0.0060508269463493344 0.02766798418972332
0 0.753731343283582 0.5654997176736307 0.043162565550625254 0.029926595143986448
0 0.14259782170229932 0.6151891586674195 0.01734570391286809 0.029926595143986448
0 0.1619604679306172 0.6208356860530774 0.018959257765227916 0.015810276679841896
0 0.17930617184348527 0.6132128740824393 0.007664380798709157 0.02710333145115754
0 0.18838241226300928 0.6133540372670807 0.007260992335619202 0.025691699604743084
0 0.20794675272287214 0.6287408243929983 0.01573215006050827 0.030491247882552232
0 0.24788221056877774 0.6136363636363636 0.045582896329164985 0.029644268774703556
0 0.34751916095199675 0.6132128740824393 0.09721661960467931 0.029361942405420668
0 0.5465913674868899 0.6142010163749294 0.22509076240419523 0.027950310559006212
0 0.6752722872125857 0.6142010163749294 0.029850746268656716 0.02456239412761152
0 0.7307382008874547 0.6038961038961039 0.024606696248487294 0.00846979107848673
0 0.7313432835820896 0.6192828910220215 0.004840661557079467 0.022303783173348392
0 0.7611940298507462 0.6216826651609261 0.045986284792254944 0.018068887634105024
0 0.7876159741831383 0.6132128740824393 0.0012101653892698668 0.001129305477131564
0 0.8243243243243243 0.6319875776397516 0.07059298104074223 0.046583850931677016
0 0.8265429608713191 0.6030491247882552 0.0024203307785397336 0.00282326369282891
0 0.14481645824929407 0.6645962732919255 0.022589753933037516 0.025409373235460192
0 0.1555062525211779 0.6771597967250141 0.0012101653892698668 0.0008469791078486731
0 0.15590964098426785 0.6757481648785997 0.0012101653892698668 0.001411631846414455
0 0.18576038725292457 0.6651609260304913 0.0609116579265833 0.029361942405420668
0 0.26744655102864057 0.6699604743083004 0.029043969342476807 0.020327498588368152
0 0.28499394917305365 0.6726425748164878 0.0060508269463493344 0.009881422924901186
0 0.31464300121016536 0.6640316205533597 0.03872529245663574 0.028797289666854884
0 0.3336022589753933 0.6602202145680407 0.003227107704719645 0.0036702428006775835
0 0.3602258975393304 0.668266516092603 0.03630496167809601 0.024280067758328628
0 0.3838241226300928 0.6725014116318464 0.012505042355788625 0.01637492941840768
0 0.4237595804759984 0.6566911349520045 0.0060508269463493344 0.0033879164313946925
0 0.4233561920129084 0.6699604743083004 0.004437273093989512 0.014680971202710334
0 0.4344493747478822 0.6641727837380011 0.010488100040338847 0.021174477696216828
0 0.463493344090359 0.6699604743083004 0.004033884630899556 0.01355166572557877
0 0.47236789027833803 0.6651609260304913 0.017749092375958047 0.019762845849802372
0 0.5375151270673659 0.6651609260304913 0.04800322710770472 0.025974025974025976
0 0.5673658733360226 0.6715132693393563 0.010891488503428802 0.01101072840203275
0 0.5835014118596208 0.6633258046301524 0.01573215006050827 0.027385657820440428
0 0.6171843485276322 0.6740542066629023 0.04679306171843485 0.053924336533032184
0 0.6480435659540137 0.6637492941840768 0.008471157724889069 0.026538678712591756
0 0.6962484872932634 0.6702428006775832 0.04033884630899556 0.01355166572557877
0 0.718233158531666 0.6750423489553924 0.0012101653892698668 0.0016939582156973462
0 0.7474788221056877 0.6641727837380011 0.05647438483259379 0.026256352343308864
0 0.8402581686163776 0.6719367588932806 0.08148446954417103 0.015245623941276116
0 0.16559096409842677 0.71386222473179 0.07301331181928197 0.03472614342179559
0 0.25131101250504234 0.7180971202710333 0.01936264622831787 0.016657255787690572
0 0.36829366680112946 0.724025974025974 0.14118596208148446 0.052795031055900624
0 0.4715611133521581 0.7228966685488425 0.03469140782573618 0.05731225296442688
0 0.5401371520774506 0.7216261998870694 0.0645421540943929 0.015810276679841896
0 0.6407825736183945 0.7296725014116319 0.06655909640984267 0.035290796160361376
0 0.6339249697458653 0.721485036702428 0.0012101653892698668 0.001411631846414455
0 0.6367486889874949 0.7179559570863918 0.0012101653892698668 0.001129305477131564
0 0.7037111738604276 0.721485036702428 0.05526421944332392 0.014398644833427442
0 0.7410246066962485 0.715132693393563 0.01855586930213796 0.03162055335968379
0 0.7498991528842275 0.7065217391304348 0.005647438483259379 0.0036702428006775835
0 0.7940701895925777 0.7140033879164314 0.07866075030254134 0.026538678712591756
0 0.8533682936668011 0.7255787690570299 0.045582896329164985 0.03613777526821005
