0 0.16014521984671237 0.21386222473178995 0.01936264622831787 0.002540937323546019
0 0.16034691407825735 0.221485036702428 0.003630496167809601 0.012704686617730096
0 0.18939088342073418 0.22162619988706944 0.045582896329164985 0.017504234895539244
0 0.1734570391286809 0.21202710333145117 0.0016135538523598225 0.001129305477131564
0 0.25010084711577246 0.22557876905702992 0.004033884630899556 0.007340485601355167
0 0.2519160951996773 0.21795595708639187 0.003630496167809601 0.0016939582156973462
0 0.2583703106091166 0.22529644268774704 0.00927793465106898 0.00846979107848673
0 0.29951593384429204 0.2251552795031056 0.022993142396127472 0.009881422924901186
0 0.3190802743041549 0.22219085262563523 0.015328761597418314 0.018068887634105024
0 0.33219039935457845 0.2326369282891022 0.01734570391286809 0.014680971202710334
0 0.39330375151270675 0.2251552795031056 0.02581686163775716 0.012140033879164314
0 0.4134731746672045 0.22529644268774704 0.008067769261799113 0.007905138339920948
0 0.4530052440500202 0.22529644268774704 0.022589753933037516 0.009599096555618294
0 0.46994755949979833 0.22473178994918125 0.009681323114158934 0.007905138339920948
0 0.48043565954013717 0.23376623376623376 0.021782977006857603 0.0220214568040655
0 0.527228721258572 0.21908526256352343 0.009681323114158934 0.01693958215697346
0 0.5373134328358209 0.2236024844720497 0.00645421540943929 0.007340485601355167
0 0.5794675272287213 0.22134387351778656 0.02379991932230738 0.01637492941840768
0 0.600040338846309 0.22543760587238848 0.007664380798709157 0.007622811970638058
0 0.6103267446551028 0.22473178994918125 0.008067769261799113 0.007905138339920948
0 0.627269060104881 0.22092038396386224 0.017749092375958047 0.016092603049124788
0 0.6381605486083098 0.2245906267645398 0.007260992335619202 0.006493506493506494
0 0.6506655909640984 0.2289666854884246 0.026623638563937072 0.01637492941840768
0 0.7101653892698668 0.22289666854884246 0.02864058087938685 0.008752117447769622
0 0.7299314239612748 0.22430830039525693 0.004437273093989512 0.006493506493506494
0 0.7388059701492538 0.22106154714850368 0.01008471157724889 0.014116318464144552
0 0.7523194836627672 0.23080180688876342 0.020976200080677694 0.014398644833427442
0 0.8069786204114562 0.22402597402597402 0.02944735780556676 0.009881422924901186
0 0.8327954820492134 0.22162619988706944 0.021379588543767647 0.014680971202710334
0 0.1663977410246067 0.27413890457368717 0.012505042355788625 0.007905138339920948
0 0.1801129487696652 0.27103331451157536 0.010891488503428802 0.015810276679841896
0 0.2299314239612747 0.27060982495765107 0.009681323114158934 0.0189158667419537
0 0.22831787010891488 0.2720214568040655 0.004840661557079467 0.003105590062111801
0 0.24384832593787817 0.27315076228119706 0.021379588543767647 0.013269339356295878
0 0.24243646631706334 0.26538678712591757 0.0024203307785397336 0.00282326369282891
0 0.30153287615974184 0.27413890457368717 0.01734570391286809 0.010163749294184076
0 0.3172650262202501 0.2745623941276115 0.013311819281968536 0.007622811970638058
0 0.33945139169019767 0.27540937323546016 0.02864058087938685 0.007622811970638058
0 0.40782573618394513 0.2704686617730096 0.015328761597418314 0.0220214568040655
0 0.41528842275110933 0.2761151891586674 0.004437273093989512 0.007340485601355167
0 0.4227511093182735 0.2676453980801807 0.0016135538523598225 0.0016939582156973462
0 0.43929003630496166 0.27653867871259175 0.033884630899556276 0.007622811970638058
0 0.5195643404598629 0.2717391304347826 0.026623638563937072 0.018351214003387916
0 0.5153287615974184 0.2758328627893845 0.0028237192416296895 0.0016939582156973462
0 0.5417507059298104 0.27837380011293056 0.023396530859217425 0.03613777526821005
0 0.5601048810004033 0.2761151891586674 0.018959257765227916 0.007340485601355167
0 0.5843081887858007 0.2723037831733484 0.021379588543767647 0.015527950310559006
0 0.6432029043969343 0.2723037831733484 0.026220250100847116 0.015527950310559006
0 0.6585316659943525 0.2766798418972332 0.0028237192416296895 0.004517221908526256
0 0.6657926583299718 0.2676453980801807 0.002016942315449778 0.0016939582156973462
0 0.6732553448971359 0.2723037831733484 0.008874546187979023 0.014963297571993224
0 0.6865671641791045 0.2735742518351214 0.010488100040338847 0.006775832862789385
0 0.6968535699878984 0.274703557312253 0.004437273093989512 0.005081874647092038
0 0.7067365873336022 0.274703557312253 0.012101653892698669 0.006775832862789385
0 0.7033077853973376 0.2676453980801807 0.0028237192416296895 0.0016939582156973462
0 0.7232755143202905 0.277244494635799 0.003227107704719645 0.0016939582156973462
0 0.7747075433642597 0.26355166572557875 0.031060911657926585 0.015527950310559006
0 0.7634126663977411 0.2745623941276115 0.0012101653892698668 0.001411631846414455
0 0.7676482452601856 0.2720214568040655 0.008067769261799113 0.01383399209486166
0 0.7841871722468737 0.2714568040654997 0.01371520774505849 0.014963297571993224
0 0.7962888261395724 0.275974025974026 0.004033884630899556 0.004799548277809147
0 0.8019362646228317 0.2684923771880294 0.00645421540943929 0.003952569169960474
0 0.8045582896329165 0.275974025974026 0.007664380798709157 0.006493506493506494
0 0.16317063331988704 0.326369282891022 0.01734570391286809 0.010163749294184076
0 0.17950786607503025 0.3266516092603049 0.010488100040338847 0.007340485601355167
0 0.19281968535699878 0.32679277244494637 0.009681323114158934 0.00818746470920384
0 0.2373941105284389 0.32523997741389044 0.010891488503428802 0.010728402032749858
0 0.2446551028640581 0.3204404291360813 0.003630496167809601 0.0016939582156973462
0 0.25433642597821704 0.32156973461321287 0.01573215006050827 0.01693958215697346
0 0.27067365873336025 0.3269339356295878 0.008067769261799113 0.006775832862789385
0 0.28701089148850345 0.326369282891022 0.018152480839048003 0.009034443817052512
0 0.3043565954013715 0.3253811405985319 0.013311819281968536 0.007058159232072276
0 0.3590157321500605 0.32707509881422925 0.012101653892698669 0.009316770186335404
0 0.37394110528438884 0.3231225296442688 0.012101653892698669 0.015527950310559006
0 0.41589350544574427 0.32171089779785433 0.011294876966518758 0.0189158667419537
0 0.4308188785800726 0.32269904009034445 0.024203307785397338 0.018068887634105024
0 0.49697458652682536 0.3204404291360813 0.029850746268656716 0.01693958215697346
0 0.5203711173860428 0.32580463015245625 0.008067769261799113 0.006775832862789385
0 0.5379185155304558 0.32156973461321287 0.013311819281968536 0.01693958215697346
0 0.5471964501815249 0.32156973461321287 0.011698265429608713 0.017504234895539244
0 0.553852359822509 0.32622811970638055 0.004840661557079467 0.007058159232072276
0 0.5623235175473982 0.31832298136645965 0.0024203307785397336 0.001976284584980237
0 0.5695845098830173 0.32523997741389044 0.011294876966518758 0.007905138339920948
0 0.581887858007261 0.3207227555053642 0.011698265429608713 0.014116318464144552
0 0.654296087131908 0.3201581027667984 0.03065752319483663 0.020892151326933936
0 0.6621621621621622 0.325098814229249 0.019766034691407825 0.009316770186335404
0 0.6758773699072207 0.32495765104460755 0.007664380798709157 0.00564652738565782
0 0.6940298507462687 0.32058159232072275 0.02379991932230738 0.014398644833427442
0 0.7119806373537717 0.3245341614906832 0.01371520774505849 0.007058159232072276
0 0.7589753933037515 0.3221343873517787 0.030254134731746672 0.01693958215697346
0 0.7827753126260589 0.327639751552795 0.020572811617587738 0.007058159232072276
0 0.7985074626865671 0.32185206098249575 0.002016942315449778 0.0016939582156973462
0 0.8041549011698266 0.3269339356295878 0.008471157724889069 0.006775832862789385
0 0.8164582492940702 0.326369282891022 0.016942315449778138 0.006775832862789385
0 0.17587736990722067 0.3719649915302089 0.03146430012101654 0.0189158667419537
0 0.19927390076643808 0.37732919254658387 0.014521984671238403 0.00818746470920384
0 0.22509076240419523 0.38354037267080743 0.03469140782573618 0.022303783173348392
0 0.2509076240419524 0.3760587238848108 0.011294876966518758 0.007340485601355167
0 0.2601855586930214 0.3752117447769622 0.008067769261799113 0.007340485601355167
0 0.2801532876159742 0.38099943534726144 0.0028237192416296895 0.004799548277809147
0 0.33985478015328763 0.3771880293619424 0.02379991932230738 0.00846979107848673
0 0.3701089148850343 0.38311688311688313 0.0391286809197257 0.01693958215697346
0 0.4017749092375958 0.3771880293619424 0.01290843081887858 0.009034443817052512
0 0.42073416700282373 0.37761151891586675 0.01855586930213796 0.006493506493506494
0 0.44130697862041146 0.3739412761151892 0.010488100040338847 0.012140033879164314
0 0.4471561113352158 0.37704686617730093 0.004437273093989512 0.005928853754940711
0 0.463896732553449 0.3771880293619424 0.012101653892698669 0.005081874647092038
0 0.47337636143606293 0.38424618859401466 0.01008471157724889 0.01637492941840768
0 0.5359015732150061 0.3738001129305477 0.01573215006050827 0.018633540372670808
0 0.5556676079064139 0.3747882552230378 0.030254134731746672 0.014963297571993224
0 0.5709963695038321 0.3791643139469226 0.002016942315449778 0.001129305477131564
0 0.6062928600242034 0.37111801242236025 0.03953206938281565 0.01383399209486166
0 0.6676079064138766 0.3774703557312253 0.02501008471157725 0.009599096555618294
0 0.6861637757160145 0.38382269904009036 0.014521984671238403 0.020045172219085264
0 0.7101653892698668 0.3771880293619424 0.024606696248487294 0.007340485601355167
0 0.727511093182735 0.3784584980237154 0.0052440500201694235 0.004799548277809147
0 0.7335619201290843 0.3708356860530774 0.0012101653892698668 0.003105590062111801
0 0.7412263009277935 0.37775268210050816 0.011698265429608713 0.00846979107848673
0 0.7583703106091165 0.3774703557312253 0.008874546187979023 0.007340485601355167
0 0.7761194029850746 0.37422360248447206 0.02743041549011698 0.013269339356295878
0 0.1672045179507866 0.4234895539243365 0.019766034691407825 0.018633540372670808
0 0.18152480839048002 0.42603049124788256 0.009681323114158934 0.006775832862789385
0 0.20028237192416296 0.42207792207792205 0.024606696248487294 0.017504234895539244
0 0.2662363856393707 0.4257481648785997 0.03791851553045583 0.010163749294184076
0 0.29225494150867287 0.42617165443252397 0.004437273093989512 0.007058159232072276
0 0.29790237999193225 0.41741953698475437 0.0028237192416296895 0.001976284584980237
0 0.3120209762000807 0.4265951439864483 0.027833803953206938 0.009599096555618294
0 0.3325937878176684 0.42730095990965555 0.0052440500201694235 0.006493506493506494
0 0.33864461476401775 0.4209486166007905 0.002016942315449778 0.0016939582156973462
0 0.34207341670028235 0.427442123094297 0.008067769261799113 0.006211180124223602
0 0.3567970956030658 0.4233483907396951 0.010891488503428802 0.014963297571993224
0 0.3646631706333199 0.42814793901750425 0.0016135538523598225 0.001411631846414455
0 0.3697055264219443 0.4264539808018069 0.007664380798709157 0.006493506493506494
0 0.38019362646228316 0.4323828345567476 0.0052440500201694235 0.007058159232072276
0 0.42839854780153286 0.42843026538678713 0.023396530859217425 0.01101072840203275
0 0.4473578055667608 0.423630717108978 0.01371520774505849 0.014398644833427442
0 0.4683340056474385 0.4280067758328628 0.022589753933037516 0.006211180124223602
0 0.5153287615974184 0.4254658385093168 0.01653892698668818 0.018633540372670808
0 0.5125050423557886 0.42108977978543194 0.002016942315449778 0.001411631846414455
0 0.5615167406212183 0.42292490118577075 0.02743041549011698 0.01637492941840768
0 0.5839048003227107 0.42715979672501414 0.010891488503428802 0.009034443817052512
0 0.5915691811214199 0.42843026538678713 0.003630496167809601 0.005364201016374929
0 0.599838644614764 0.41854884246188595 0.0024203307785397336 0.001411631846414455
0 0.6133521581282775 0.4244776962168266 0.025413473174667203 0.014398644833427442
0 0.6401774909237595 0.42419536984754375 0.023396530859217425 0.013269339356295878
0 0.6813231141589351 0.4203839638622247 0.01290843081887858 0.015810276679841896
0 0.6958450988301734 0.4329474872953134 0.020976200080677694 0.017786561264822136
0 0.7375958047599839 0.42758328627893843 0.020572811617587738 0.010446075663466968
0 0.7587736990722065 0.42715979672501414 0.017749092375958047 0.00846979107848673
0 0.7797498991528842 0.42730095990965555 0.016135538523598225 0.009316770186335404
0 0.7977006857603872 0.4246188594014681 0.01573215006050827 0.014116318464144552
0 0.81847519160952 0.4233483907396951 0.022589753933037516 0.016657255787690572
0 0.8338039532069382 0.42730095990965555 0.014521984671238403 0.007622811970638058
0 0.8444937474788221 0.4288537549407115 0.0052440500201694235 0.00564652738565782
0 0.8565954013715208 0.42828910220214567 0.012505042355788625 0.006211180124223602
0 0.8521581282775312 0.4230660643704122 0.002016942315449778 0.001411631846414455
0 0.8616377571601452 0.4383116883116883 0.015328761597418314 0.021739130434782608
0 0.16296893908834206 0.47699040090344436 0.022589753933037516 0.009881422924901186
0 0.1843485276321097 0.4738848108413326 0.015328761597418314 0.014398644833427442
0 0.19987898346107302 0.47600225861095424 0.01008471157724889 0.00846979107848673
0 0.2154094392900363 0.4839073969508752 0.004033884630899556 0.00564652738565782
0 0.27390076643807987 0.47162619988706944 0.011294876966518758 0.017221908526256352
0 0.2845905607099637 0.47600225861095424 0.00927793465106898 0.00846979107848673
0 0.336224283985478 0.4767080745341615 0.022993142396127472 0.007622811970638058
0 0.35518354175070593 0.4772727272727273 0.011698265429608713 0.009881422924901186
0 0.37152077450584914 0.480660643704122 0.023396530859217425 0.034161490683229816
0 0.3840258168616378 0.4776962168266516 0.023396530859217425 0.029361942405420668
0 0.3989511899959661 0.47939017504234893 0.004033884630899556 0.006775832862789385
0 0.4025816861637757 0.4709203839638622 0.0016135538523598225 0.001129305477131564
0 0.4126663977410246 0.4786843591191417 0.015328761597418314 0.008752117447769622
0 0.4312222670431626 0.4782608695652174 0.017749092375958047 0.006775832862789385
0 0.4846712384025817 0.47261434217955955 0.010891488503428802 0.019198193111236588
0 0.5006050826946349 0.47444946357989837 0.02501008471157725 0.0189158667419537
0 0.5673658733360226 0.4731789949181254 0.02379991932230738 0.01693958215697346
0 0.5826946349334409 0.47699040090344436 0.012505042355788625 0.009316770186335404
0 0.6042759177087536 0.4776962168266516 0.022589753933037516 0.009034443817052512
0 0.627672448567971 0.47501411631846413 0.01371520774505849 0.014398644833427442
0 0.6474384832593788 0.4776962168266516 0.01936264622831787 0.007340485601355167
0 0.6659943525615167 0.4776962168266516 0.008067769261799113 0.00846979107848673
0 0.682533279548205 0.47811970638057594 0.016135538523598225 0.008752117447769622
0 0.6960467930617185 0.48531902879728966 0.01653892698668818 0.020892151326933936
0 0.7121823315853166 0.47444946357989837 0.013311819281968536 0.014398644833427442
0 0.7656313029447358 0.4754376058723885 0.029850746268656716 0.01693958215697346
0 0.7884227511093183 0.47896668548842464 0.010891488503428802 0.009316770186335404
0 0.7974989915288423 0.4808018068887634 0.005647438483259379 0.00564652738565782
0 0.8077853973376361 0.47374364765669114 0.004437273093989512 0.00282326369282891
0 0.8110125050423558 0.47896668548842464 0.010891488503428802 0.007622811970638058
0 0.8221056877773296 0.4786843591191417 0.004840661557079467 0.006493506493506494
0 0.8265429608713191 0.47247317899491814 0.0016135538523598225 0.002540937323546019
0 0.8342073416700282 0.47910784867306605 0.008067769261799113 0.006211180124223602
0 0.8438886647841872 0.47882552230378317 0.01371520774505849 0.006211180124223602
0 0.8610326744655102 0.4795313382269904 0.010891488503428802 0.00818746470920384
0 0.17144009681323114 0.527244494635799 0.024203307785397338 0.009316770186335404
0 0.2345703912868092 0.5265386787125917 0.025413473174667203 0.010163749294184076
0 0.2527228721258572 0.5293619424054207 0.003630496167809601 0.004517221908526256
0 0.2583703106091166 0.5204686617730095 0.002016942315449778 0.001411631846414455
0 0.2736990722065349 0.5251270468661773 0.02702702702702703 0.017504234895539244
0 0.28156514723678905 0.5213156408808582 0.003227107704719645 0.002540937323546019
0 0.3043565954013715 0.5237154150197628 0.02944735780556676 0.01693958215697346
0 0.33763614360629285 0.5238565782044043 0.03065752319483663 0.018351214003387916
0 0.4100443727309399 0.5263975155279503 0.025413473174667203 0.016092603049124788
0 0.42496974586526826 0.5232919254658385 0.003630496167809601 0.001976284584980237
0 0.4277934651068979 0.5300677583286278 0.006857603872529245 0.00818746470920384
0 0.43243243243243246 0.525691699604743 0.0016135538523598225 0.001129305477131564
0 0.4495764421137555 0.5289384528514963 0.02379991932230738 0.00818746470920384
0 0.4757966922146027 0.5287972896668549 0.019766034691407825 0.00846979107848673
0 0.4979830576845502 0.5289384528514963 0.014118596208148447 0.010446075663466968
0 0.518354175070593 0.528514963297572 0.01936264622831787 0.007905138339920948
0 0.5415490116982654 0.5286561264822134 0.02379991932230738 0.007622811970638058
0 0.5635336829366681 0.5258328627893846 0.011294876966518758 0.012704686617730096
0 0.5746268656716418 0.5338791643139469 0.0060508269463493344 0.007340485601355167
0 0.6131504638967326 0.5273856578204404 0.03227107704719645 0.00846979107848673
0 0.6407825736183945 0.5245623941276115 0.021379588543767647 0.01355166572557877
0 0.6934247680516338 0.5227272727272727 0.020976200080677694 0.01948051948051948
0 0.7388059701492538 0.528514963297572 0.012505042355788625 0.00846979107848673
0 0.7480839048003227 0.5335968379446641 0.02379991932230738 0.014116318464144552
0 0.764017749092376 0.5338791643139469 0.029850746268656716 0.01637492941840768
0 0.7862041145623235 0.5293619424054207 0.008874546187979023 0.006211180124223602
0 0.799919322307382 0.5280914737436476 0.008874546187979023 0.007622811970638058
0 0.8126260588947156 0.5289384528514963 0.010891488503428802 0.006493506493506494
0 0.16579265832997175 0.5749576510446076 0.02016942315449778 0.021739130434782608
0 0.18051633723275515 0.5790513833992095 0.010891488503428802 0.009034443817052512
0 0.19685356998789835 0.5749576510446076 0.01371520774505849 0.017786561264822136
0 0.22287212585720048 0.5789102202145681 0.0326744655102864 0.008752117447769622
0 0.23416700282371924 0.571005081874647 0.004437273093989512 0.001976284584980237
0 0.2488906817265026 0.5780632411067194 0.01290843081887858 0.007622811970638058
0 0.30939895118999594 0.5789102202145681 0.03227107704719645 0.009316770186335404
0 0.33783783783783783 0.5739695087521175 0.022993142396127472 0.01637492941840768
0 0.4015732150060508 0.5783455674760023 0.0318676885841065 0.008752117447769622
0 0.42214602662363854 0.5784867306606437 0.004437273093989512 0.006775832862789385
0 0.43848325937878174 0.5735460191981931 0.021782977006857603 0.017786561264822136
0 0.4288019362646228 0.5701581027667985 0.0016135538523598225 0.001976284584980237
0 0.463493344090359 0.5734048560135516 0.014521984671238403 0.01693958215697346
0 0.45764421137555467 0.5676171654432524 0.002016942315449778 0.001976284584980237
0 0.47519160951996775 0.5777809147374364 0.017749092375958047 0.007622811970638058
0 0.4755949979830577 0.5745341614906833 0.003227107704719645 0.0016939582156973462
0 0.49394917305365066 0.5844155844155844 0.021379588543767647 0.015810276679841896
0 0.49072206534893104 0.5774985883681536 0.0060508269463493344 0.005364201016374929
0 0.5691811214199274 0.5736871823828346 0.03630496167809601 0.015245623941276116
0 0.5962081484469545 0.5772162619988707 0.008067769261799113 0.00818746470920384
0 0.6058894715611134 0.5770750988142292 0.011294876966518758 0.00846979107848673
0 0.6464300121016539 0.5728402032749859 0.014118596208148447 0.017504234895539244
0 0.6659943525615167 0.5773574251835122 0.014521984671238403 0.009034443817052512
0 0.6784993949173054 0.5700169395821569 0.0024203307785397336 0.0016939582156973462
0 0.68192819685357 0.5780632411067194 0.00927793465106898 0.007058159232072276
0 0.6926179911254539 0.5846979107848673 0.014521984671238403 0.019198193111236588
0 0.7293263412666398 0.5791925465838509 0.005647438483259379 0.009881422924901186
0 0.7382008874546188 0.5789102202145681 0.011294876966518758 0.006493506493506494
0 0.7351754739814441 0.5698757763975155 0.0028237192416296895 0.001976284584980237
0 0.754739814441307 0.5784867306606437 0.010488100040338847 0.009599096555618294
0 0.7646228317870108 0.5748164878599661 0.011698265429608713 0.015245623941276116
0 0.7892295280354982 0.5729813664596274 0.040742234772085516 0.017786561264822136
0 0.8233158531665994 0.5729813664596274 0.026623638563937072 0.014398644833427442
0 0.8600242033077854 0.5765104460756635 0.02501008471157725 0.009034443817052512
0 0.17325534489713595 0.6250705815923208 0.033481242436466316 0.0220214568040655
0 0.2309398951189996 0.6245059288537549 0.01653892698668818 0.020892151326933936
0 0.24526018555869303 0.6278938452851497 0.007260992335619202 0.006775832862789385
0 0.2573618394513917 0.6230942970073405 0.017749092375958047 0.018068887634105024
0 0.27208551835417505 0.6343873517786561 0.018152480839048003 0.019198193111236588
0 0.3164582492940702 0.623235460191982 0.00927793465106898 0.016092603049124788
0 0.3289632916498588 0.6288819875776398 0.01008471157724889 0.007058159232072276
0 0.35155304558289635 0.6245059288537549 0.027833803953206938 0.017504234895539244
0 0.38563937071399756 0.6348108413325805 0.007260992335619202 0.009881422924901186
0 0.4134731746672045 0.6307171089779785 0.024203307785397338 0.010728402032749858
0 0.46228317870108915 0.6278938452851497 0.02581686163775716 0.010163749294184076
0 0.4828559903186769 0.629305477131564 0.004840661557079467 0.0033879164313946925
0 0.4943525615167406 0.6343873517786561 0.014925373134328358 0.015245623941276116
0 0.5399354578459056 0.6301524562394127 0.012505042355788625 0.011857707509881422
0 0.5530455828963292 0.6260587238848109 0.009681323114158934 0.017786561264822136
0 0.5687777329568374 0.6266233766233766 0.03065752319483663 0.016092603049124788
0 0.618596208148447 0.6332580463015246 0.025413473174667203 0.01637492941840768
0 0.645018152480839 0.6271880293619424 0.023396530859217425 0.008752117447769622
0 0.6643807987091569 0.6236589497459063 0.011294876966518758 0.012987012987012988
0 0.6980637353771683 0.6285996612083569 0.01008471157724889 0.009316770186335404
0 0.7083501411859621 0.635940146809712 0.02581686163775716 0.036420101637492944
0 0.7638160548608309 0.6240824392998306 0.031060911657926585 0.015527950310559006
0 0.7797498991528842 0.6264822134387352 0.004033884630899556 0.007340485601355167
0 0.7882210568777733 0.6192828910220215 0.0016135538523598225 0.002540937323546019
0 0.7942718838241226 0.6259175607001694 0.011294876966518758 0.014116318464144552
0 0.8019362646228317 0.6281761716544325 0.009681323114158934 0.006775832862789385
0 0.8071803146430012 0.6256352343308865 0.0024203307785397336 0.0016939582156973462
0 0.8124243646631706 0.6280350084697911 0.00645421540943929 0.006493506493506494
0 0.8206938281565147 0.6300112930547713 0.008471157724889069 0.007058159232072276
0 0.818273497377975 0.6208356860530774 0.002016942315449778 0.002258610954263128
0 0.8386446147640177 0.6302936194240542 0.0024203307785397336 0.001976284584980237
