0 0.15429608713190804 0.26341050254093734 0.02944735780556676 0.023150762281197064
0 0.1980637353771682 0.265527950310559 0.05486083098023396 0.022868435911914172
0 0.2801532876159742 0.2652456239412761 0.06171843485276321 0.022303783173348392
0 0.31887858007260994 0.2689158667419537 0.01008471157724889 0.009316770186335404
0 0.34429205324727713 0.2651044607566347 0.040742234772085516 0.021456804065499716
0 0.3711173860427592 0.26905702992659514 0.008874546187979023 0.010728402032749858
0 0.41427995159338443 0.27343308865047994 0.0782573618394514 0.03359683794466403
0 0.38866478418717226 0.2636928289102202 0.003630496167809601 0.001129305477131564
0 0.49596611536910046 0.26750423489553926 0.04154901169826543 0.013269339356295878
0 0.5322710770471965 0.2684923771880294 0.02864058087938685 0.01129305477131564
0 0.5443727309398951 0.2584697910784867 0.002016942315449778 0.002540937323546019
0 0.5615167406212183 0.26877470355731226 0.02501008471157725 0.010163749294184076
0 0.5802743041549012 0.2648221343873518 0.02218636546994756 0.017504234895539244
0 0.6302944735780557 0.2696216826651609 0.04881000403388463 0.012422360248447204
0 0.663775716014522 0.2682100508187465 0.00927793465106898 0.009599096555618294
0 0.7016942315449778 0.2725861095426313 0.03993545784590561 0.023997741389045736
0 0.7238805970149254 0.26877470355731226 0.0028237192416296895 0.010163749294184076
0 0.7252924566357403 0.2571993224167137 0.0024203307785397336 0.003952569169960474
0 0.7349737797498992 0.26877470355731226 0.014521984671238403 0.009034443817052512
0 0.7505042355788625 0.2636928289102202 0.01008471157724889 0.019198193111236588
0 0.781968535699879 0.2683512140033879 0.022993142396127472 0.010446075663466968
0 0.8009277934651069 0.26750423489553926 0.011698265429608713 0.02456239412761152
0 0.8319887051230335 0.26778656126482214 0.01573215006050827 0.012704686617730096
0 0.8430818878580073 0.25818746470920384 0.0016135538523598225 0.003105590062111801
0 0.845502218636547 0.26792772444946356 0.0024203307785397336 0.010163749294184076
0 0.8572004840661557 0.2682100508187465 0.01936264622831787 0.009599096555618294
0 0.8793868495361032 0.26976284584980237 0.026623638563937072 0.011575381140598532
0 0.15792658329971762 0.3191699604743083 0.04477611940298507 0.014963297571993224
0 0.2226704316256555 0.3211462450592885 0.04517950786607503 0.012140033879164314
0 0.2507059298104074 0.3210050818746471 0.003630496167809601 0.009034443817052512
0 0.26663977410246065 0.32142857142857145 0.02016942315449778 0.010446075663466968
0 0.3053650665590964 0.3198757763975155 0.016942315449778138 0.014116318464144552
0 0.32432432432432434 0.3178994918125353 0.020976200080677694 0.009599096555618294
0 0.33985478015328763 0.31592320722755507 0.0060508269463493344 0.020327498588368152
0 0.3555869302137959 0.3197346132128741 0.018152480839048003 0.01101072840203275
0 0.3717224687373941 0.31931112365894976 0.008471157724889069 0.012422360248447204
0 0.3864461476401775 0.32086391869000563 0.023396530859217425 0.01101072840203275
0 0.4048003227107705 0.31634669678147936 0.0060508269463493344 0.018351214003387916
0 0.41206131504638965 0.31634669678147936 0.003630496167809601 0.018351214003387916
0 0.42214602662363854 0.32622811970638055 0.014118596208148447 0.022868435911914172
0 0.47216619604679305 0.3157820440429136 0.040742234772085516 0.018351214003387916
0 0.4965711980637354 0.3138057594579334 0.003227107704719645 0.020609824957651044
0 0.5022186365469947 0.31804065499717676 0.0024203307785397336 0.01101072840203275
0 0.5034288019362646 0.3060417843026539 0.0016135538523598225 0.0016939582156973462
0 0.5118999596611536 0.32622811970638055 0.017749092375958047 0.022868435911914172
0 0.5171440096813231 0.3142292490118577 0.008067769261799113 0.0016939582156973462
0 0.5334812424364663 0.3142292490118577 0.01573215006050827 0.019762845849802372
0 0.5463896732553449 0.3132411067193676 0.007664380798709157 0.020045172219085264
0 0.5695845098830173 0.3178994918125353 0.03711173860427592 0.01129305477131564
0 0.5907624041952401 0.31521739130434784 0.003630496167809601 0.016092603049124788
0 0.6042759177087536 0.3256634669678148 0.0024203307785397336 0.007058159232072276
0 0.6286809197256958 0.31733483907396953 0.025413473174667203 0.011857707509881422
0 0.6526825332795482 0.31832298136645965 0.021782977006857603 0.01101072840203275
0 0.6682129891085115 0.31733483907396953 0.003630496167809601 0.011857707509881422
0 0.6801129487696652 0.31832298136645965 0.015328761597418314 0.01101072840203275
0 0.7246873739411053 0.3178994918125353 0.03509479628882614 0.011857707509881422
0 0.7849939491730537 0.31493506493506496 0.05405405405405406 0.022868435911914172
0 0.8215006050826946 0.3166290231507623 0.022993142396127472 0.011575381140598532
0 0.8444937474788221 0.3166290231507623 0.020572811617587738 0.009881422924901186
0 0.872932634126664 0.31747600225861095 0.03953206938281565 0.012704686617730096
0 0.13473174667204518 0.36335403726708076 0.009681323114158934 0.020327498588368152
0 0.15893505445744252 0.3634952004517222 0.03227107704719645 0.022303783173348392
0 0.20431625655506253 0.3684359119141728 0.018959257765227916 0.012987012987012988
0 0.2144009681323114 0.3694240542066629 0.0028237192416296895 0.007622811970638058
0 0.22226704316256554 0.3643421795595709 0.004033884630899556 0.0189158667419537
0 0.2400161355385236 0.365330321852061 0.02743041549011698 0.020327498588368152
0 0.24788221056877774 0.36773009599096557 0.011698265429608713 0.009316770186335404
0 0.26300927793465106 0.3687182382834557 0.010488100040338847 0.010728402032749858
0 0.28580072609923357 0.3697063805759458 0.033481242436466316 0.013269339356295878
0 0.3081887858007261 0.3651891586674195 0.02743041549011698 0.021174477696216828
0 0.31968535699878986 0.3579898362507058 0.003630496167809601 0.0016939582156973462
0 0.33198870512303347 0.3706945228684359 0.012101653892698669 0.012422360248447204
0 0.3499394917305365 0.3708356860530774 0.021379588543767647 0.012140033879164314
0 0.3721258572004841 0.37125917560700167 0.019766034691407825 0.01129305477131564
0 0.41629689390883423 0.36589497459062675 0.03872529245663574 0.021456804065499716
0 0.4473578055667608 0.36702428006775834 0.022589753933037516 0.020327498588368152
0 0.508471157724889 0.3663184641445511 0.056070996369503835 0.021174477696216828
0 0.5298507462686567 0.3684359119141728 0.011698265429608713 0.009599096555618294
0 0.5461879790237999 0.37012987012987014 0.014521984671238403 0.012422360248447204
0 0.5923759580475998 0.37365894974590624 0.040742234772085516 0.023997741389045736
0 0.6187979023799919 0.36462450592885376 0.010488100040338847 0.020045172219085264
0 0.653892698668818 0.3685770750988142 0.02016942315449778 0.01101072840203275
0 0.6885841064945543 0.365330321852061 0.048406615570794675 0.017504234895539244
0 0.7226704316256555 0.36575381140598534 0.008471157724889069 0.009881422924901186
0 0.7317466720451795 0.36264822134387353 0.004840661557079467 0.0189158667419537
0 0.7418313836224284 0.3746470920383964 0.014521984671238403 0.023715415019762844
0 0.7843888664784188 0.36236589497459065 0.038321903993545785 0.020609824957651044
0 0.8188785800726099 0.3610954263128176 0.011294876966518758 0.020892151326933936
0 0.8336022589753933 0.3632128740824393 0.011698265429608713 0.020045172219085264
0 0.8509479628882614 0.36773009599096557 0.018152480839048003 0.01383399209486166
0 0.14784187172246874 0.4191134952004517 0.025413473174667203 0.016092603049124788
0 0.18898749495764422 0.41953698475437606 0.05526421944332392 0.012422360248447204
0 0.22831787010891488 0.4201016374929418 0.01936264622831787 0.012422360248447204
0 0.25675675675675674 0.4209486166007905 0.035901573215006054 0.012422360248447204
0 0.27974989915288423 0.4168548842461886 0.008471157724889069 0.0189158667419537
0 0.2934651068979427 0.4288537549407115 0.004437273093989512 0.010728402032749858
0 0.34288019362646227 0.4148785996612084 0.045986284792254944 0.020609824957651044
0 0.3709156918112142 0.409373235460192 0.002016942315449778 0.00282326369282891
0 0.37152077450584914 0.4202428006775833 0.0024203307785397336 0.01101072840203275
0 0.3916901976603469 0.41770186335403725 0.03630496167809601 0.018351214003387916
0 0.44695441710367084 0.415725578769057 0.033884630899556276 0.022303783173348392
0 0.47498991528842277 0.4168548842461886 0.018959257765227916 0.018351214003387916
0 0.5076643807987091 0.41544325239977414 0.011698265429608713 0.021739130434782608
0 0.5411456232351755 0.4158667419536985 0.04881000403388463 0.0220214568040655
0 0.5954013715207745 0.4199604743083004 0.02501008471157725 0.01383399209486166
0 0.6242436466317063 0.4150197628458498 0.03993545784590561 0.020892151326933936
0 0.6595401371520775 0.4201016374929418 0.03146430012101654 0.012987012987012988
0 0.6857603872529245 0.41967814793901753 0.017749092375958047 0.011575381140598532
0 0.7222670431625655 0.4181253529079616 0.02379991932230738 0.010728402032749858
0 0.7549415086728519 0.41869000564652736 0.012505042355788625 0.011857707509881422
0 0.7662363856393707 0.40894974590626765 0.0028237192416296895 0.001976284584980237
0 0.7678499394917305 0.4184076792772445 0.002016942315449778 0.010728402032749858
0 0.7890278338039532 0.4267363071710898 0.03630496167809601 0.02456239412761152
0 0.8122226704316257 0.41981931112365894 0.003630496167809601 0.010163749294184076
0 0.836627672448568 0.4199604743083004 0.04033884630899556 0.01101072840203275
0 0.86345300524405 0.42108977978543194 0.014925373134328358 0.011575381140598532
0 0.1438079870915692 0.46936758893280633 0.020572811617587738 0.012704686617730096
0 0.16317063331988704 0.47035573122529645 0.014925373134328358 0.01129305477131564
0 0.1789027833803953 0.46569734613212876 0.01653892698668818 0.0189158667419537
0 0.18797902379991932 0.45849802371541504 0.003227107704719645 0.002258610954263128
0 0.2029043969342477 0.4704968944099379 0.01290843081887858 0.003105590062111801
0 0.22226704316256554 0.4673913043478261 0.016942315449778138 0.020609824957651044
0 0.24223477208551836 0.468944099378882 0.021379588543767647 0.010728402032749858
0 0.25857200484066156 0.46597967250141165 0.011294876966518758 0.020609824957651044
0 0.2757160145219847 0.4710615471485037 0.021379588543767647 0.01101072840203275
0 0.29245663574021785 0.4792490118577075 0.0016135538523598225 0.004234895539243365
0 0.3170633319887051 0.46908526256352345 0.017749092375958047 0.009881422924901186
0 0.31444130697862044 0.47557876905702995 0.0012101653892698668 0.0008469791078486731
0 0.3263412666397741 0.4720496894409938 0.004033884630899556 0.010728402032749858
0 0.345703912868092 0.4688029361942405 0.03469140782573618 0.018351214003387916
0 0.34933440903590157 0.47586109542631283 0.0016135538523598225 0.0008469791078486731
0 0.36143606292860025 0.46259175607001696 0.0024203307785397336 0.001411631846414455
0 0.3797902379991932 0.47444946357989837 0.014118596208148447 0.003105590062111801
0 0.4007664380798709 0.45948616600790515 0.024606696248487294 0.002540937323546019
0 0.39592577652279143 0.46950875211744775 0.0012101653892698668 0.001129305477131564
0 0.3989511899959661 0.470214568040655 0.004033884630899556 0.0189158667419537
0 0.41851553045582895 0.4709203839638622 0.02944735780556676 0.012422360248447204
0 0.4374747882210569 0.472755505364201 0.0060508269463493344 0.010446075663466968
0 0.4536103267446551 0.48009599096555616 0.019766034691407825 0.026821005081874648
0 0.46974586526825335 0.48207227555053644 0.003630496167809601 0.009881422924901186
0 0.4965711980637354 0.472755505364201 0.020976200080677694 0.01101072840203275
0 0.5072609923356192 0.4733201581027668 0.0028237192416296895 0.009316770186335404
0 0.526825332795482 0.4683794466403162 0.033884630899556276 0.02258610954263128
0 0.5429608713190803 0.4601919819311124 0.0024203307785397336 0.0033879164313946925
0 0.5572811617587737 0.4712027103331451 0.010891488503428802 0.0016939582156973462
0 0.5758370310609117 0.46795595708639187 0.014925373134328358 0.023433088650479956
0 0.5925776522791448 0.47289666854884244 0.016942315449778138 0.01129305477131564
0 0.6165792658329972 0.4731789949181254 0.024606696248487294 0.010728402032749858
0 0.6383622428398548 0.46936758893280633 0.01734570391286809 0.01948051948051948
0 0.6710367083501412 0.46922642574816487 0.020572811617587738 0.011857707509881422
0 0.7010891488503429 0.4666854884246189 0.03630496167809601 0.019762845849802372
0 0.7438483259378782 0.47035573122529645 0.022589753933037516 0.011857707509881422
0 0.7624041952400161 0.470214568040655 0.01290843081887858 0.008752117447769622
0 0.7787414279951593 0.46612083568605306 0.01653892698668818 0.020327498588368152
0 0.7872125857200484 0.45821569734613216 0.0028237192416296895 0.0016939582156973462
0 0.799919322307382 0.47063805759457933 0.008874546187979023 0.0016939582156973462
0 0.8190802743041549 0.4652738565782044 0.019766034691407825 0.020327498588368152
0 0.8602258975393303 0.4717673630717109 0.08430818878580072 0.015245623941276116
0 0.8448971359419121 0.46852060982495763 0.010891488503428802 0.009881422924901186
0 0.9110528438886648 0.474025974025974 0.014118596208148447 0.012987012987012988
0 0.145623235175474 0.5215979672501412 0.008067769261799113 0.011575381140598532
0 0.17063331988705124 0.5215979672501412 0.041145623235175476 0.01101072840203275
0 0.21117386042759176 0.5227272727272727 0.03509479628882614 0.012140033879164314
0 0.24021782977006859 0.5227272727272727 0.018959257765227916 0.012704686617730096
0 0.263614360629286 0.5228684359119141 0.024606696248487294 0.010163749294184076
0 0.29164985881403793 0.5221626199887069 0.033884630899556276 0.009881422924901186
0 0.31484469544171034 0.5189158667419537 0.00927793465106898 0.017504234895539244
0 0.3469140782573618 0.527244494635799 0.016942315449778138 0.022303783173348392
0 0.3691004437273094 0.5223037831733484 0.024203307785397338 0.009599096555618294
0 0.38563937071399756 0.5187747035573123 0.003227107704719645 0.020609824957651044
0 0.3935054457442517 0.5124223602484472 0.002016942315449778 0.0016939582156973462
0 0.3947156111335216 0.5225861095426313 0.0028237192416296895 0.010728402032749858
0 0.40863251311012505 0.5223037831733484 0.020976200080677694 0.011857707509881422
0 0.4219443323920936 0.5224449463579899 0.011294876966518758 0.008752117447769622
0 0.4281968535699879 0.5290796160361377 0.00927793465106898 0.019762845849802372
0 0.4398951189995966 0.5273856578204404 0.0028237192416296895 0.002258610954263128
0 0.4649052037111739 0.5191981931112366 0.01008471157724889 0.02258610954263128
0 0.48507462686567165 0.5187747035573123 0.030254134731746672 0.01948051948051948
0 0.5258168616377572 0.5265386787125917 0.050423557886244454 0.020892151326933936
0 0.5758370310609117 0.521880293619424 0.010891488503428802 0.014398644833427442
0 0.5954013715207745 0.5211744776962168 0.026623638563937072 0.010728402032749858
0 0.626663977410246 0.5215979672501412 0.03670835014118596 0.012704686617730096
0 0.6734570391286809 0.5208921513269339 0.026220250100847116 0.012422360248447204
0 0.6950383219039935 0.5224449463579899 0.015328761597418314 0.013269339356295878
0 0.745865268253328 0.5227272727272727 0.053247277127874144 0.011575381140598532
0 0.7204517950786608 0.5158102766798419 0.0016135538523598225 0.001129305477131564
0 0.7962888261395724 0.5214568040654998 0.02016942315449778 0.012422360248447204
0 0.8186768858410649 0.5210333145115754 0.025413473174667203 0.01101072840203275
0 0.8469140782573619 0.5210333145115754 0.030254134731746672 0.010446075663466968
0 0.8898749495764421 0.5215979672501412 0.029043969342476807 0.012140033879164314
0 0.14905203711173862 0.5783455674760023 0.014118596208148447 0.020045172219085264
0 0.1674062121823316 0.573828345567476 0.02016942315449778 0.011575381140598532
0 0.18253327954820492 0.5743929983060417 0.004437273093989512 0.010446075663466968
0 0.19302137958854376 0.573828345567476 0.01653892698668818 0.01101072840203275
0 0.2281161758773699 0.5774985883681536 0.050423557886244454 0.01948051948051948
0 0.2613957240822912 0.5693111236589498 0.020976200080677694 0.017221908526256352
0 0.26764824526018555 0.5618294748729531 0.002016942315449778 0.00282326369282891
0 0.28176684146833403 0.5735460191981931 0.013311819281968536 0.010446075663466968
0 0.29850746268656714 0.5734048560135516 0.02016942315449778 0.01129305477131564
0 0.34509883017345705 0.571005081874647 0.03993545784590561 0.027950310559006212
0 0.40883420734167003 0.5697346132128741 0.06171843485276321 0.020327498588368152
0 0.4445340863251311 0.5748164878599661 0.004840661557079467 0.010163749294184076
0 0.4606696248487293 0.5800395256916996 0.016942315449778138 0.021739130434782608
0 0.45320693828156516 0.5770750988142292 0.0012101653892698668 0.002258610954263128
0 0.5336829366680113 0.573828345567476 0.08713190802743041 0.032467532467532464
0 0.5871319080274304 0.5797571993224168 0.02218636546994756 0.023433088650479956
0 0.6010488100040339 0.5701581027667985 0.008874546187979023 0.020609824957651044
0 0.6151674062121824 0.5714285714285714 0.01936264622831787 0.011857707509881422
0 0.6603469140782574 0.5684641445511011 0.035498184751916094 0.022868435911914172
0 0.709560306575232 0.5700169395821569 0.06212182331585317 0.02258610954263128
0 0.6946349334409035 0.5693111236589498 0.003227107704719645 0.002540937323546019
0 0.7775312626058895 0.5717108977978543 0.04477611940298507 0.011857707509881422
0 0.8469140782573619 0.5718520609824957 0.07382008874546188 0.01383399209486166
0 0.9243646631706334 0.5691699604743083 0.07220653489310205 0.019198193111236588
0 0.8920935861234369 0.560841332580463 0.002016942315449778 0.002540937323546019
0 0.14663170633319886 0.6202710333145116 0.004437273093989512 0.019198193111236588
0 0.15227914481645824 0.6246470920383964 0.004437273093989512 0.011575381140598532
0 0.15207745058491326 0.6118012422360248 0.0016135538523598225 0.002258610954263128
0 0.15873336022589754 0.6192828910220215 0.0012101653892698668 0.0008469791078486731
0 0.16579265832997175 0.6240824392998306 0.015328761597418314 0.01383399209486166
0 0.18394513916901978 0.6222473178994918 0.02016942315449778 0.009599096555618294
0 0.20149253731343283 0.6238001129305477 0.01653892698668818 0.012140033879164314
0 0.24707543364259782 0.6211180124223602 0.03670835014118596 0.02710333145115754
0 0.2956837434449375 0.6192828910220215 0.02581686163775716 0.017221908526256352
0 0.31242436466317064 0.6129305477131564 0.003630496167809601 0.002258610954263128
0 0.31323114158935056 0.6222473178994918 0.0028237192416296895 0.01129305477131564
0 0.3249294070189593 0.620694522868436 0.01573215006050827 0.029079616036137776
0 0.336224283985478 0.6208356860530774 0.01653892698668818 0.029361942405420668
0 0.3479225494150867 0.6230942970073405 0.019766034691407825 0.012422360248447204
0 0.3598225090762404 0.6226708074534162 0.004033884630899556 0.009316770186335404
0 0.37373941105284386 0.6228119706380576 0.020572811617587738 0.01129305477131564
0 0.39108511496571197 0.6250705815923208 0.014118596208148447 0.010728402032749858
0 0.40964098426784995 0.6236589497459063 0.018152480839048003 0.012422360248447204
0 0.4300121016538927 0.6239412761151891 0.02581686163775716 0.009599096555618294
0 0.47862041145623235 0.6223884810841332 0.030254134731746672 0.012704686617730096
0 0.4945542557482856 0.6118012422360248 0.0024203307785397336 0.0016939582156973462
0 0.4965711980637354 0.6223884810841332 0.003227107704719645 0.009881422924901186
0 0.5082694634933441 0.6181535855448899 0.01290843081887858 0.020045172219085264
0 0.5231948366276724 0.6182947487295314 0.016135538523598225 0.019762845849802372
0 0.5506252521177895 0.6194240542066629 0.014521984671238403 0.021456804065499716
0 0.5647438483259378 0.6187182382834556 0.01371520774505849 0.020045172219085264
0 0.5822912464703509 0.6233766233766234 0.02379991932230738 0.010728402032749858
0 0.6264622831787011 0.6081309994353472 0.02743041549011698 0.003952569169960474
0 0.6258572004840661 0.6187182382834556 0.004437273093989512 0.020609824957651044
0 0.6425978217022993 0.6212591756070017 0.026623638563937072 0.011575381140598532
0 0.6698265429608713 0.6218238283455675 0.01653892698668818 0.013269339356295878
0 0.6772892295280355 0.6092603049124788 0.0016135538523598225 0.00282326369282891
0 0.7027027027027027 0.6214003387916431 0.042759177087535294 0.014116318464144552
0 0.7281161758773699 0.6290231507622812 0.0024203307785397336 0.001129305477131564
0 0.7595804759983864 0.6167419536984754 0.020976200080677694 0.021174477696216828
0 0.7807583703106091 0.6199887069452287 0.018959257765227916 0.01355166572557877
0 0.7981040742234772 0.6222473178994918 0.014925373134328358 0.012422360248447204
0 0.8098023396530859 0.6225296442687747 0.006857603872529245 0.009599096555618294
0 0.8142396127470755 0.6284584980237155 0.00927793465106898 0.020892151326933936
0 0.8688987494957644 0.6212591756070017 0.063735377168213 0.013269339356295878
0 0.918112141992739 0.6171654432523997 0.033884630899556276 0.020327498588368152
0 0.9453408632513111 0.6208356860530774 0.01653892698668818 0.011857707509881422
0 0.1553045582896329 0.6740542066629023 0.017749092375958047 0.012140033879164314
0 0.17325534489713595 0.6744776962168266 0.014118596208148447 0.009034443817052512
0 0.19060104881000403 0.6713721061547149 0.019766034691407825 0.015810276679841896
0 0.2146026623638564 0.6740542066629023 0.02501008471157725 0.011575381140598532
0 0.2444534086325131 0.6702428006775832 0.024203307785397338 0.019762845849802372
0 0.29144816458249295 0.6750423489553924 0.06494554255748286 0.01355166572557877
0 0.32553448971359417 0.6715132693393563 0.004033884630899556 0.01948051948051948
0 0.35599031867688585 0.6686900056465274 0.014118596208148447 0.022303783173348392
0 0.3719241629689391 0.6688311688311688 0.016942315449778138 0.019762845849802372
0 0.3916901976603469 0.6716544325239977 0.02016942315449778 0.010728402032749858
0 0.409035901573215 0.6688311688311688 0.008874546187979023 0.018068887634105024
0 0.4372730939895119 0.6684076792772445 0.016135538523598225 0.022303783173348392
0 0.45240016135538524 0.6692546583850931 0.013311819281968536 0.021739130434782608
0 0.46793061718434853 0.6727837380011293 0.017749092375958047 0.012422360248447204
0 0.5070592981040742 0.6688311688311688 0.023396530859217425 0.023150762281197064
0 0.5403388463089955 0.6736307171089779 0.038321903993545785 0.012987012987012988
0 0.5707946752722872 0.6710897797854319 0.023396530859217425 0.018633540372670808
0 0.5951996772892295 0.6741953698475438 0.008471157724889069 0.0016939582156973462
0 0.6169826542960871 0.6730660643704122 0.026220250100847116 0.012422360248447204
0 0.6381605486083098 0.6740542066629023 0.014521984671238403 0.009881422924901186
0 0.6530859217426381 0.6747600225861096 0.016942315449778138 0.010163749294184076
0 0.663775716014522 0.6716544325239977 0.003630496167809601 0.01693958215697346
0 0.6784993949173054 0.6763128176171654 0.009681323114158934 0.001411631846414455
0 0.6988705123033482 0.6692546583850931 0.018152480839048003 0.023997741389045736
0 0.7194433239209359 0.6740542066629023 0.021379588543767647 0.011575381140598532
0 0.7384025816861638 0.6688311688311688 0.01573215006050827 0.0220214568040655
0 0.7609923356192013 0.672077922077922 0.025413473174667203 0.01383399209486166
0 0.8223073820088745 0.6678430265386787 0.05929810407422348 0.020609824957651044
0 0.8713190802743042 0.6781479390175043 0.03791851553045583 0.024280067758328628
0 0.8660750302541347 0.6671372106154715 0.0016135538523598225 0.0016939582156973462
0 0.9060104881000404 0.6679841897233202 0.02581686163775716 0.019198193111236588
0 0.9217426381605486 0.672077922077922 0.01371520774505849 0.014398644833427442
0 0.16115369100443727 0.7226143421795596 0.031060911657926585 0.0251270468661773
0 0.20492133924969747 0.7197910784867306 0.012101653892698669 0.021174477696216828
0 0.22609923356192013 0.7209203839638623 0.0326744655102864 0.020609824957651044
0 0.2747075433642598 0.7252964426877471 0.016942315449778138 0.011857707509881422
0 0.2918515530455829 0.7258610954263128 0.012505042355788625 0.009599096555618294
0 0.30052440500201694 0.7152738565782044 0.0016135538523598225 0.001411631846414455
0 0.30133118192819686 0.7251552795031055 0.0024203307785397336 0.009316770186335404
0 0.3235175473981444 0.7261434217955957 0.04195240016135539 0.012987012987012988
0 0.400363049616781 0.7233201581027668 0.07382008874546188 0.01355166572557877
0 0.43929003630496166 0.7220496894409938 0.004033884630899556 0.018351214003387916
0 0.4540137152077451 0.7245906267645398 0.018152480839048003 0.010446075663466968
0 0.46430012101653895 0.721485036702428 0.003227107704719645 0.016657255787690572
0 0.5060508269463493 0.7199322416713722 0.038321903993545785 0.024844720496894408
0 0.5359015732150061 0.7228966685488425 0.020572811617587738 0.01101072840203275
0 0.5566760790641387 0.7245906267645398 0.02581686163775716 0.010446075663466968
0 0.5826946349334409 0.7258610954263128 0.022993142396127472 0.010163749294184076
0 0.6040742234772085 0.7251552795031055 0.018152480839048003 0.010446075663466968
0 0.6409842678499394 0.7241671372106154 0.022589753933037516 0.011857707509881422
0 0.6609519967728923 0.7230378317334839 0.02379991932230738 0.010163749294184076
0 0.6837434449374747 0.7244494635798984 0.017749092375958047 0.012422360248447204
0 0.6938281565147236 0.7145680406549971 0.0016135538523598225 0.0016939582156973462
0 0.709156918112142 0.7250141163184641 0.03065752319483663 0.012422360248447204
0 0.7436466317063332 0.7130152456239413 0.004437273093989512 0.002540937323546019
0 0.7438483259378782 0.724025974025974 0.004033884630899556 0.01383399209486166
0 0.7579669221460267 0.7260022586109542 0.016135538523598225 0.011575381140598532
0 0.7862041145623235 0.7171089779785432 0.010488100040338847 0.020892151326933936
0 0.8011294876966518 0.7193675889328063 0.01290843081887858 0.0220214568040655
0 0.8190802743041549 0.724308300395257 0.019766034691407825 0.011575381140598532
0 0.8584106494554256 0.7237436476566911 0.022589753933037516 0.014398644833427442
0 0.8775716014521985 0.7254376058723885 0.024606696248487294 0.012140033879164314
0 0.918313836224284 0.7212027103331451 0.05445744251714401 0.020045172219085264
0 0.9554255748285599 0.7196499153020892 0.011698265429608713 0.017504234895539244
