0 0.14885034288019364 0.2230378317334839 0.012101653892698669 0.002258610954263128
0 0.1472367890278338 0.21470920383963862 0.0016135538523598225 0.0008469791078486731
0 0.1553045582896329 0.21936758893280633 0.01371520774505849 0.00846979107848673
0 0.15167406212182333 0.21089779785431959 0.0016135538523598225 0.001129305477131564
0 0.15893505445744252 0.21033314511575382 0.012101653892698669 0.0016939582156973462
0 0.1661960467930617 0.21160361377752682 0.0024203307785397336 0.001976284584980237
0 0.17406212182331585 0.2204968944099379 0.014925373134328358 0.007905138339920948
0 0.1972569584509883 0.21682665160926032 0.023396530859217425 0.01355166572557877
0 0.2392093586123437 0.21894409937888198 0.015328761597418314 0.009316770186335404
0 0.2755143202904397 0.22416713721061546 0.016942315449778138 0.019762845849802372
0 0.2898346107301331 0.21950875211744778 0.010891488503428802 0.007622811970638058
0 0.3063735377168213 0.21569734613212874 0.018959257765227916 0.014116318464144552
0 0.3192819685356999 0.21089779785431959 0.002016942315449778 0.0016939582156973462
0 0.32513110125050426 0.22007340485601354 0.011294876966518758 0.009316770186335404
0 0.336224283985478 0.22755505364201017 0.02702702702702703 0.020327498588368152
0 0.3870512303348124 0.21964991530208922 0.022993142396127472 0.010728402032749858
0 0.40863251311012505 0.21950875211744778 0.007260992335619202 0.009316770186335404
0 0.4292053247277128 0.21739130434782608 0.02581686163775716 0.01355166572557877
0 0.45139169019766034 0.21668548842461885 0.016942315449778138 0.01383399209486166
0 0.4963695038321904 0.2186617730095991 0.027833803953206938 0.00818746470920384
0 0.5151270673658733 0.22063805759457933 0.003227107704719645 0.005364201016374929
0 0.5308592174263816 0.21753246753246752 0.022589753933037516 0.015527950310559006
0 0.5964098426784994 0.21569734613212874 0.030254134731746672 0.018068887634105024
0 0.654497781363453 0.21979107848673066 0.01573215006050827 0.00818746470920384
0 0.6712384025816862 0.21626199887069453 0.011294876966518758 0.014116318464144552
0 0.6847519160951997 0.2204968944099379 0.0052440500201694235 0.00564652738565782
0 0.7014925373134329 0.21725014116318464 0.023396530859217425 0.015527950310559006
0 0.7480839048003227 0.221485036702428 0.018152480839048003 0.00818746470920384
0 0.7642194433239209 0.22190852625635235 0.006857603872529245 0.006211180124223602
0 0.7789431222267044 0.22063805759457933 0.017749092375958047 0.00818746470920384
0 0.8029447357805567 0.22106154714850368 0.018959257765227916 0.00846979107848673
0 0.8263412666397741 0.22063805759457933 0.022993142396127472 0.007058159232072276
0 0.8493344090359016 0.2183794466403162 0.014925373134328358 0.012704686617730096
0 0.16054860830980233 0.2717391304347826 0.03307785397337636 0.009316770186335404
0 0.18777732956837434 0.27117447769621683 0.01653892698668818 0.013269339356295878
0 0.23235175473981445 0.26990400903444384 0.015328761597418314 0.015810276679841896
0 0.24405002016942315 0.2732919254658385 0.010488100040338847 0.006775832862789385
0 0.26058894715611136 0.27936194240542067 0.016942315449778138 0.015527950310559006
0 0.2581686163775716 0.27428006775832864 0.005647438483259379 0.004234895539243365
0 0.3174667204517951 0.26990400903444384 0.03227107704719645 0.018068887634105024
0 0.38140379185155304 0.27032749858836813 0.014118596208148447 0.016092603049124788
0 0.3935054457442517 0.27413890457368717 0.00927793465106898 0.007340485601355167
0 0.4058087938684954 0.27442123094297005 0.009681323114158934 0.007340485601355167
0 0.4146833400564744 0.274703557312253 0.004840661557079467 0.006775832862789385
0 0.4189189189189189 0.2673630717108978 0.002016942315449778 0.0016939582156973462
0 0.4255748285599032 0.27399774138904576 0.009681323114158934 0.008752117447769622
0 0.47680516337232753 0.2768210050818746 0.026623638563937072 0.03190287972896669
0 0.4967728922952804 0.27413890457368717 0.02218636546994756 0.009599096555618294
0 0.5504235578862444 0.2696216826651609 0.01008471157724889 0.017504234895539244
0 0.5659540137152077 0.2694805194805195 0.023396530859217425 0.016092603049124788
0 0.6189995966115369 0.2701863354037267 0.02379991932230738 0.015810276679841896
0 0.6425978217022993 0.27738565782044045 0.02581686163775716 0.028514963297571992
0 0.6609519967728923 0.2745623941276115 0.008471157724889069 0.005928853754940711
0 0.6756756756756757 0.27117447769621683 0.008067769261799113 0.015527950310559006
0 0.7144009681323115 0.2761151891586674 0.03065752319483663 0.028232636928289104
0 0.7061315046389673 0.2713156408808583 0.004437273093989512 0.002258610954263128
0 0.7759177087535296 0.269339356295878 0.0326744655102864 0.01693958215697346
0 0.16700282371924163 0.3266516092603049 0.03791851553045583 0.019762845849802372
0 0.19382815651472368 0.32382834556747603 0.010891488503428802 0.010728402032749858
0 0.2156111335215813 0.32368718238283456 0.024606696248487294 0.008752117447769622
0 0.23840258168616377 0.3221343873517787 0.010488100040338847 0.012987012987012988
0 0.3043565954013715 0.3190287972896669 0.026220250100847116 0.020327498588368152
0 0.3174667204517951 0.32368718238283456 0.01936264622831787 0.00818746470920384
0 0.33783783783783783 0.32933370976849236 0.020572811617587738 0.0189158667419537
0 0.4005647438483259 0.32792207792207795 0.03227107704719645 0.036420101637492944
0 0.4169019766034691 0.32368718238283456 0.0012101653892698668 0.001411631846414455
0 0.4277934651068979 0.32594579333709767 0.012505042355788625 0.008752117447769622
0 0.4431222267043163 0.32523997741389044 0.01734570391286809 0.007905138339920948
0 0.46006454215409437 0.3246753246753247 0.013311819281968536 0.00846979107848673
0 0.48225090762404194 0.3245341614906832 0.018959257765227916 0.007622811970638058
0 0.5048406615570795 0.32495765104460755 0.021379588543767647 0.006775832862789385
0 0.5288422751109318 0.32185206098249575 0.01371520774505849 0.012987012987012988
0 0.5490116982654296 0.32891022021456806 0.004033884630899556 0.005081874647092038
0 0.5851149657119806 0.32382834556747603 0.021379588543767647 0.009034443817052512
0 0.6054860830980234 0.31846414455110106 0.01371520774505849 0.018068887634105024
0 0.617789431222267 0.3246753246753247 0.0028237192416296895 0.004517221908526256
0 0.6236385639370714 0.31846414455110106 0.0016135538523598225 0.0016939582156973462
0 0.6351351351351351 0.31931112365894976 0.024606696248487294 0.015810276679841896
0 0.6889874949576442 0.3181818181818182 0.020976200080677694 0.020327498588368152
0 0.7049213392496975 0.3235460191981931 0.007664380798709157 0.006211180124223602
0 0.7164179104477612 0.32396950875211744 0.012101653892698669 0.00818746470920384
0 0.7498991528842275 0.3181818181818182 0.012101653892698669 0.015810276679841896
0 0.7626058894715612 0.32298136645962733 0.008471157724889069 0.007340485601355167
0 0.7730939895119 0.3232636928289102 0.00927793465106898 0.007905138339920948
0 0.7849939491730537 0.3242518351214003 0.007260992335619202 0.005928853754940711
0 0.7987091569181122 0.3243929983060418 0.016135538523598225 0.006775832862789385
0 0.8142396127470755 0.32594579333709767 0.008471157724889069 0.007622811970638058
0 0.845502218636547 0.3234048560135517 0.016135538523598225 0.00818746470920384
0 0.15611133521581283 0.3747882552230378 0.01855586930213796 0.009316770186335404
0 0.1690197660346914 0.3746470920383964 0.007260992335619202 0.007905138339920948
0 0.1897942718838241 0.371682665160926 0.027833803953206938 0.016092603049124788
0 0.24263816054860832 0.37648221343873517 0.02379991932230738 0.008752117447769622
0 0.2708753529649052 0.3753529079616036 0.026220250100847116 0.00818746470920384
0 0.2918515530455829 0.3756352343308865 0.012505042355788625 0.00818746470920384
0 0.3108108108108108 0.3759175607001694 0.01653892698668818 0.007622811970638058
0 0.3527632109721662 0.3715415019762846 0.018152480839048003 0.019762845849802372
0 0.3983461073013312 0.37125917560700167 0.03751512706736587 0.018068887634105024
0 0.4735780556676079 0.3685770750988142 0.02743041549011698 0.0189158667419537
0 0.49152884227511096 0.3730942970073405 0.019766034691407825 0.007622811970638058
0 0.5074626865671642 0.365330321852061 0.0016135538523598225 0.0016939582156973462
0 0.5147236789027834 0.3695652173913043 0.01371520774505849 0.01693958215697346
0 0.5193626462283178 0.37337662337662336 0.004437273093989512 0.00818746470920384
0 0.5266236385639371 0.3675889328063241 0.003630496167809601 0.00282326369282891
0 0.5296490520371118 0.37323546019198195 0.00645421540943929 0.006775832862789385
0 0.5346914078257362 0.36984754376058726 0.002016942315449778 0.001129305477131564
0 0.5486083098023397 0.36900056465273856 0.02581686163775716 0.019762845849802372
0 0.5925776522791448 0.3794466403162055 0.022589753933037516 0.014116318464144552
0 0.609116579265833 0.3756352343308865 0.010488100040338847 0.007622811970638058
0 0.6192012908430818 0.37549407114624506 0.007260992335619202 0.006211180124223602
0 0.6288826139572409 0.3791643139469226 0.01855586930213796 0.011857707509881422
0 0.6488503428801936 0.3709768492377188 0.022993142396127472 0.015810276679841896
0 0.7057281161758774 0.37125917560700167 0.013311819281968536 0.012987012987012988
0 0.7164179104477612 0.3743647656691135 0.007260992335619202 0.00564652738565782
0 0.7285195643404598 0.371682665160926 0.012101653892698669 0.016092603049124788
0 0.736385639370714 0.3718238283455675 0.01008471157724889 0.01355166572557877
0 0.7771278741427995 0.3746470920383964 0.004437273093989512 0.007340485601355167
0 0.7858007260992336 0.37450592885375494 0.01371520774505849 0.009316770186335404
0 0.7805566760790641 0.3660361377752682 0.0016135538523598225 0.001411631846414455
0 0.15389269866881808 0.42193675889328064 0.012505042355788625 0.015527950310559006
0 0.1672045179507866 0.4253246753246753 0.0060508269463493344 0.007058159232072276
0 0.18051633723275515 0.42504234895539245 0.014925373134328358 0.007058159232072276
0 0.1964501815248084 0.42476002258610956 0.009681323114158934 0.008752117447769622
0 0.19947559499798306 0.4278656126482213 0.0012101653892698668 0.0008469791078486731
0 0.24485679709560307 0.4243365330321852 0.02743041549011698 0.00846979107848673
0 0.27208551835417505 0.42193675889328064 0.018152480839048003 0.01383399209486166
0 0.32432432432432434 0.43068887634105024 0.02501008471157725 0.03698475437605872
0 0.3465106897942719 0.42730095990965555 0.021782977006857603 0.010446075663466968
0 0.36708350141185964 0.4258893280632411 0.016942315449778138 0.009881422924901186
0 0.38967325534489716 0.43153585544889894 0.02501008471157725 0.020045172219085264
0 0.37918515530455826 0.4181253529079616 0.0024203307785397336 0.0016939582156973462
0 0.4407018959257765 0.4321005081874647 0.022993142396127472 0.016657255787690572
0 0.4584509883017346 0.42871259175607 0.006857603872529245 0.007058159232072276
0 0.46994755949979833 0.4244776962168266 0.017749092375958047 0.015527950310559006
0 0.48325937878176684 0.4289949181253529 0.004033884630899556 0.005928853754940711
0 0.48951189995966116 0.41869000564652736 0.003630496167809601 0.0016939582156973462
0 0.4953610326744655 0.4278656126482213 0.011294876966518758 0.008752117447769622
0 0.5086728519564341 0.43492377188029363 0.024203307785397338 0.014963297571993224
0 0.5072609923356192 0.42871259175607 0.00927793465106898 0.005364201016374929
0 0.5359015732150061 0.42871259175607 0.002016942315449778 0.001411631846414455
0 0.5895522388059702 0.423630717108978 0.014118596208148447 0.016657255787690572
0 0.6020572811617588 0.4225014116318464 0.00927793465106898 0.015527950310559006
0 0.6331181928196854 0.42631281761716544 0.003630496167809601 0.006775832862789385
0 0.6403791851553046 0.42617165443252397 0.008471157724889069 0.008752117447769622
0 0.6377571601452199 0.4184076792772445 0.0016135538523598225 0.0016939582156973462
0 0.6887858007260992 0.43506493506493504 0.018959257765227916 0.02710333145115754
0 0.7079467527228721 0.4265951439864483 0.015328761597418314 0.00846979107848673
0 0.7206534893102057 0.4267363071710898 0.003630496167809601 0.005364201016374929
0 0.735982250907624 0.4230660643704122 0.018959257765227916 0.013269339356295878
0 0.7301331181928197 0.4171372106154715 0.0016135538523598225 0.0008469791078486731
0 0.7767244856797095 0.4256070016939582 0.01008471157724889 0.012140033879164314
0 0.7896329164985881 0.4256070016939582 0.011698265429608713 0.008752117447769622
0 0.7964905203711173 0.4258893280632411 0.004437273093989512 0.005928853754940711
0 0.8041549011698266 0.4168548842461886 0.0012101653892698668 0.001411631846414455
0 0.8267446551028641 0.4225014116318464 0.04477611940298507 0.015527950310559006
0 0.8586123436869706 0.42264257481648787 0.012505042355788625 0.01355166572557877
0 0.1472367890278338 0.4730378317334839 0.010488100040338847 0.020609824957651044
0 0.15711980637353773 0.4719085262563523 0.014925373134328358 0.016657255787690572
0 0.17567567567567569 0.4754376058723885 0.008471157724889069 0.005081874647092038
0 0.18838241226300928 0.4723320158102767 0.009681323114158934 0.014116318464144552
0 0.24969745865268253 0.4707792207792208 0.009681323114158934 0.018351214003387916
0 0.25958047599838646 0.4712027103331451 0.01734570391286809 0.017504234895539244
0 0.2747075433642598 0.4767080745341615 0.009681323114158934 0.01101072840203275
0 0.27974989915288423 0.4803783173348391 0.0012101653892698668 0.0008469791078486731
0 0.32775312626058895 0.47600225861095424 0.02702702702702703 0.00846979107848673
0 0.3489310205728116 0.4762845849802372 0.008067769261799113 0.007340485601355167
0 0.36688180718031466 0.47557876905702995 0.01734570391286809 0.009881422924901186
0 0.3872529245663574 0.4772727272727273 0.023396530859217425 0.007058159232072276
0 0.38039532069382814 0.4730378317334839 0.0016135538523598225 0.0008469791078486731
0 0.41226300927793463 0.4762845849802372 0.023396530859217425 0.007905138339920948
0 0.43404598628479224 0.47289666854884244 0.008067769261799113 0.011857707509881422
0 0.4802339653085922 0.4761434217955957 0.018152480839048003 0.008752117447769622
0 0.49415086728519564 0.47586109542631283 0.004033884630899556 0.006493506493506494
0 0.499798305768455 0.4696499153020892 0.003227107704719645 0.001976284584980237
0 0.5145219846712384 0.47289666854884244 0.030254134731746672 0.01637492941840768
0 0.5617184348527632 0.4836250705815923 0.012505042355788625 0.0220214568040655
0 0.5752319483662768 0.4779785431959345 0.007260992335619202 0.007340485601355167
0 0.6194029850746269 0.4762845849802372 0.027833803953206938 0.010163749294184076
0 0.6740621218233158 0.4754376058723885 0.02581686163775716 0.00846979107848673
0 0.6952400161355385 0.47600225861095424 0.01008471157724889 0.00846979107848673
0 0.717628075837031 0.47501411631846413 0.023396530859217425 0.009316770186335404
0 0.7400161355385236 0.47247317899491814 0.02218636546994756 0.014398644833427442
0 0.7801532876159741 0.475296442687747 0.014521984671238403 0.007622811970638058
0 0.7934651068979427 0.4827780914737436 0.01371520774505849 0.019198193111236588
0 0.8081887858007261 0.4774138904573687 0.013311819281968536 0.007340485601355167
0 0.8188785800726099 0.47783738001129306 0.005647438483259379 0.006493506493506494
0 0.8281565147236789 0.4772727272727273 0.009681323114158934 0.005364201016374929
0 0.8257361839451391 0.470214568040655 0.0024203307785397336 0.002540937323546019
0 0.8434852763210973 0.47811970638057594 0.009681323114158934 0.007622811970638058
0 0.8572004840661557 0.47346132128740825 0.01290843081887858 0.014680971202710334
0 0.13674868898749495 0.525974025974026 0.0016135538523598225 0.001129305477131564
0 0.14058087938684954 0.5239977413890458 0.00927793465106898 0.018633540372670808
0 0.15853166599435256 0.5258328627893846 0.028237192416296894 0.017221908526256352
0 0.15207745058491326 0.5163749294184077 0.0016135538523598225 0.002258610954263128
0 0.22327551432029044 0.5220214568040655 0.019766034691407825 0.019198193111236588
0 0.23376361436062928 0.5262563523433089 0.008471157724889069 0.00846979107848673
0 0.24868898749495763 0.5231507622811971 0.014925373134328358 0.01637492941840768
0 0.2690601048810004 0.5266798418972332 0.023396530859217425 0.008752117447769622
0 0.28176684146833403 0.5238565782044043 0.0012101653892698668 0.0008469791078486731
0 0.28519564340459863 0.5273856578204404 0.003227107704719645 0.005081874647092038
0 0.291044776119403 0.5201863354037267 0.0060508269463493344 0.003105590062111801
0 0.2956837434449375 0.5252682100508187 0.009681323114158934 0.007622811970638058
0 0.3489310205728116 0.5203274985883681 0.02581686163775716 0.015810276679841896
0 0.3691004437273094 0.5244212309429701 0.010488100040338847 0.007622811970638058
0 0.3797902379991932 0.5247035573122529 0.008471157724889069 0.007058159232072276
0 0.4298104074223477 0.5252682100508187 0.031060911657926585 0.00818746470920384
0 0.45865268253327957 0.5225861095426313 0.021782977006857603 0.01355166572557877
0 0.5038321903993546 0.5317617165443252 0.028237192416296894 0.035290796160361376
0 0.5175473981444131 0.527244494635799 0.008874546187979023 0.005928853754940711
0 0.5292456635740218 0.5282326369282891 0.008067769261799113 0.007340485601355167
0 0.537111738604276 0.5295031055900621 0.003630496167809601 0.005928853754940711
0 0.5443727309398951 0.5189158667419537 0.002016942315449778 0.0016939582156973462
0 0.5530455828963292 0.5241389045736872 0.01936264622831787 0.016092603049124788
0 0.5677692617991126 0.5190570299265952 0.0028237192416296895 0.001976284584980237
0 0.573215006050827 0.52343308865048 0.010488100040338847 0.015245623941276116
0 0.5808793868495361 0.5269621682665161 0.004033884630899556 0.005928853754940711
0 0.5867285195643405 0.5214568040654998 0.004437273093989512 0.0016939582156973462
0 0.5968132311415894 0.5263975155279503 0.022993142396127472 0.00818746470920384
0 0.6357402178297701 0.5330321852060983 0.024203307785397338 0.03557312252964427
0 0.6609519967728923 0.5286561264822134 0.024606696248487294 0.01101072840203275
0 0.7206534893102057 0.5299265951439864 0.04154901169826543 0.032185206098249576
0 0.7583703106091165 0.5258328627893846 0.03146430012101654 0.007622811970638058
0 0.781766841468334 0.5275268210050819 0.014521984671238403 0.007058159232072276
0 0.8152480839048003 0.5221626199887069 0.012101653892698669 0.016092603049124788
0 0.8291649858814037 0.5261151891586674 0.011698265429608713 0.006493506493506494
0 0.8412666397741024 0.5268210050818747 0.01008471157724889 0.007905138339920948
0 0.8529649052037112 0.5265386787125917 0.01008471157724889 0.007340485601355167
0 0.8618394513916902 0.5254093732354602 0.01008471157724889 0.007340485601355167
0 0.15409439290036306 0.5765104460756635 0.029043969342476807 0.009034443817052512
0 0.181726502622025 0.5741106719367589 0.021379588543767647 0.016092603049124788
0 0.2353771682129891 0.5762281197063805 0.025413473174667203 0.009034443817052512
0 0.25312626058894716 0.5765104460756635 0.0052440500201694235 0.005081874647092038
0 0.2708753529649052 0.5717108977978543 0.025413473174667203 0.01693958215697346
0 0.26300927793465106 0.568746470920384 0.0016135538523598225 0.001411631846414455
0 0.2890278338039532 0.5676171654432524 0.002016942315449778 0.001411631846414455
0 0.30052440500201694 0.5726990400903444 0.014521984671238403 0.017786561264822136
0 0.31423961274707546 0.5766516092603049 0.01855586930213796 0.007622811970638058
0 0.3344090359015732 0.5835686053077357 0.01936264622831787 0.01693958215697346
0 0.3313836224283985 0.5769339356295878 0.008471157724889069 0.004234895539243365
0 0.39511899959661156 0.5704404291360813 0.018152480839048003 0.018351214003387916
0 0.4100443727309399 0.5752399774138904 0.010891488503428802 0.007622811970638058
0 0.4199273900766438 0.5762281197063805 0.004033884630899556 0.006775832862789385
0 0.42396127470754336 0.5673348390739695 0.0016135538523598225 0.001976284584980237
0 0.43142396127470756 0.5765104460756635 0.013311819281968536 0.007340485601355167
0 0.44352561516740624 0.5772162619988707 0.004437273093989512 0.005928853754940711
0 0.45482049213392495 0.5774985883681536 0.01008471157724889 0.00818746470920384
0 0.463493344090359 0.5858272162619989 0.014521984671238403 0.021456804065499716
