0 0.13795885437676483 0.19960474308300397 0.017749092375958047 0.0016939582156973462
0 0.13937071399757966 0.21202710333145117 0.004437273093989512 0.020892151326933936
0 0.1661960467930617 0.2127329192546584 0.035498184751916094 0.022303783173348392
0 0.21137555465913674 0.22332015810276679 0.016135538523598225 0.03274985883681536
0 0.23678902783380396 0.21470920383963862 0.03227107704719645 0.022868435911914172
0 0.2648245260185559 0.21696781479390176 0.021379588543767647 0.020609824957651044
0 0.291246470350948 0.21527385657820441 0.03307785397337636 0.0189158667419537
0 0.3162565550625252 0.21470920383963862 0.015328761597418314 0.0189158667419537
0 0.3574021782977007 0.2127329192546584 0.01936264622831787 0.026821005081874648
0 0.37797498991528844 0.21569734613212874 0.016135538523598225 0.019198193111236588
0 0.3945139169019766 0.21626199887069453 0.017749092375958047 0.020327498588368152
0 0.4374747882210569 0.21230942970073405 0.018152480839048003 0.025409373235460192
0 0.48325937878176684 0.21527385657820441 0.07099636950383219 0.020609824957651044
0 0.5516337232755143 0.21315640880858272 0.01573215006050827 0.025974025974025976
0 0.5709963695038321 0.21640316205533597 0.01653892698668818 0.021174477696216828
0 0.5885437676482452 0.2149915302089215 0.016942315449778138 0.018351214003387916
0 0.627269060104881 0.2155561829474873 0.017749092375958047 0.018351214003387916
0 0.6421944332392093 0.21230942970073405 0.007260992335619202 0.024280067758328628
0 0.654497781363453 0.21541501976284586 0.01573215006050827 0.01693958215697346
0 0.6782977006857603 0.21315640880858272 0.02864058087938685 0.019762845849802372
0 0.727914481645825 0.21682665160926032 0.026220250100847116 0.03387916431394692
0 0.7521177894312223 0.21513269339356295 0.014118596208148447 0.020892151326933936
0 0.8017345703912868 0.21386222473178995 0.04235578862444534 0.027385657820440428
0 0.8331988705123033 0.21626199887069453 0.014925373134328358 0.019762845849802372
0 0.1345300524405002 0.26383399209486164 0.01653892698668818 0.026256352343308864
0 0.15873336022589754 0.2636928289102202 0.025413473174667203 0.023715415019762844
0 0.20754336425978218 0.26595143986448333 0.07382008874546188 0.021456804065499716
0 0.2876159741831384 0.2660926030491248 0.04356595401371521 0.020045172219085264
0 0.3227107704719645 0.264257481648786 0.020976200080677694 0.021456804065499716
0 0.3644614764017749 0.2648221343873518 0.0060508269463493344 0.0220214568040655
0 0.3763614360629286 0.2663749294184077 0.02016942315449778 0.016657255787690572
0 0.3947156111335216 0.2672219085262564 0.01573215006050827 0.020609824957651044
0 0.41206131504638965 0.2627046866177301 0.01573215006050827 0.021739130434782608
0 0.4590560709963695 0.2672219085262564 0.028237192416296894 0.017786561264822136
0 0.4810407422347721 0.26679841897233203 0.014118596208148447 0.018068887634105024
0 0.5 0.26679841897233203 0.018959257765227916 0.018068887634105024
0 0.5326744655102864 0.26341050254093734 0.04154901169826543 0.025409373235460192
0 0.6028640580879386 0.2662337662337662 0.04881000403388463 0.024844720496894408
0 0.6504638967325534 0.26651609260304915 0.020572811617587738 0.018068887634105024
0 0.6676079064138766 0.26228119706380576 0.014521984671238403 0.024280067758328628
0 0.6881807180314643 0.26651609260304915 0.016942315449778138 0.020327498588368152
0 0.7144009681323115 0.265527950310559 0.03630496167809601 0.023433088650479956
0 0.7432432432432432 0.26679841897233203 0.019766034691407825 0.01693958215697346
0 0.7678499394917305 0.2628458498023715 0.03509479628882614 0.023715415019762844
0 0.13251311012505043 0.31521739130434784 0.020572811617587738 0.028514963297571992
0 0.14905203711173862 0.31832298136645965 0.012505042355788625 0.018351214003387916
0 0.1565147236789028 0.3026538678712592 0.003227107704719645 0.0016939582156973462
0 0.16417910447761194 0.3166290231507623 0.004840661557079467 0.017221908526256352
0 0.17325534489713595 0.3116883116883117 0.014925373134328358 0.0220214568040655
0 0.20471964501815249 0.31620553359683795 0.043969342476805166 0.020327498588368152
0 0.1980637353771682 0.3005364201016375 0.0024203307785397336 0.001411631846414455
0 0.2593787817668415 0.31804065499717676 0.023396530859217425 0.036420101637492944
0 0.2801532876159742 0.3156408808582722 0.014118596208148447 0.019198193111236588
0 0.34409035901573215 0.3142292490118577 0.04517950786607503 0.024844720496894408
0 0.3555869302137959 0.3020892151326934 0.002016942315449778 0.0016939582156973462
0 0.381605486083098 0.3178994918125353 0.02016942315449778 0.018633540372670808
0 0.4017749092375958 0.325098814229249 0.016135538523598225 0.035290796160361376
0 0.45240016135538524 0.31931112365894976 0.04881000403388463 0.023715415019762844
0 0.5145219846712384 0.31846414455110106 0.020572811617587738 0.019198193111236588
0 0.545986284792255 0.31507622811970637 0.03428801936264623 0.023715415019762844
0 0.572206534893102 0.3135234330886505 0.01573215006050827 0.02456239412761152
0 0.5889471561113352 0.31620553359683795 0.01855586930213796 0.017504234895539244
0 0.6216216216216216 0.3157820440429136 0.048406615570794675 0.022868435911914172
0 0.6750705929810408 0.31945228684359117 0.02218636546994756 0.03359683794466403
0 0.6968535699878984 0.3169113495200452 0.014925373134328358 0.016092603049124788
0 0.7349737797498992 0.3129587803500847 0.022589753933037516 0.0251270468661773
0 0.7603872529245663 0.3166290231507623 0.02743041549011698 0.020609824957651044
0 0.781766841468334 0.31281761716544326 0.014521984671238403 0.025974025974025976
0 0.8422751109318274 0.3154997176736307 0.07503025413473174 0.026821005081874648
0 0.9021782977006858 0.31832298136645965 0.04235578862444534 0.020609824957651044
0 0.9330375151270673 0.3243929983060418 0.01290843081887858 0.030491247882552232
0 0.9465510286405808 0.3198757763975155 0.019766034691407825 0.019198193111236588
0 0.9411052843888664 0.30787690570299264 0.0024203307785397336 0.009316770186335404
0 0.13775716014521985 0.3715415019762846 0.018152480839048003 0.02766798418972332
0 0.15248083904800322 0.36363636363636365 0.008067769261799113 0.025974025974025976
0 0.17769261799112546 0.3675889328063241 0.04477611940298507 0.019762845849802372
0 0.20774505849132716 0.36829474872953133 0.015328761597418314 0.017221908526256352
0 0.25514320290439696 0.36716544325239975 0.025413473174667203 0.029644268774703556
0 0.2779346510689794 0.36829474872953133 0.014521984671238403 0.017221908526256352
0 0.3204921339249697 0.36829474872953133 0.027833803953206938 0.0189158667419537
0 0.36042759177087536 0.3761998870694523 0.0028237192416296895 0.009881422924901186
0 0.36829366680112946 0.3760587238848108 0.003227107704719645 0.009599096555618294
0 0.4124647035094796 0.3675889328063241 0.05445744251714401 0.021456804065499716
0 0.4298104074223477 0.35079051383399207 0.0028237192416296895 0.001976284584980237
0 0.4471561113352158 0.3699887069452287 0.012505042355788625 0.03585544889892716
0 0.4536103267446551 0.36914172783738003 0.012505042355788625 0.017786561264822136
0 0.45461879790237997 0.3526256352343309 0.0024203307785397336 0.002258610954263128
0 0.4715611133521581 0.367871259175607 0.022589753933037516 0.017504234895539244
0 0.49737797498991526 0.36575381140598534 0.03227107704719645 0.027385657820440428
0 0.5407422347720855 0.36914172783738003 0.01653892698668818 0.021174477696216828
0 0.5742234772085518 0.37775268210050816 0.04800322710770472 0.03500846979107849
0 0.609721661960468 0.378317334839074 0.01734570391286809 0.03500846979107849
0 0.6244453408632513 0.36476566911349523 0.004033884630899556 0.023715415019762844
0 0.63695038321904 0.37422360248447206 0.01371520774505849 0.029079616036137776
0 0.672650262202501 0.3694240542066629 0.019766034691407825 0.020045172219085264
0 0.6962484872932634 0.3752117447769622 0.017749092375958047 0.034443817052512704
0 0.7162162162162162 0.37662337662337664 0.018959257765227916 0.03274985883681536
0 0.754134731746672 0.3697063805759458 0.052843888664784185 0.01948051948051948
0 0.8023396530859217 0.36688311688311687 0.029043969342476807 0.023433088650479956
0 0.8259378781766842 0.36928289102202144 0.01734570391286809 0.019198193111236588
0 0.8434852763210973 0.35601355166572557 0.0024203307785397336 0.00846979107848673
0 0.8517547398144413 0.3541784302653868 0.0028237192416296895 0.008752117447769622
0 0.1262605889471561 0.4020327498588368 0.0016135538523598225 0.002258610954263128
0 0.1290843081887858 0.41727837380011296 0.003227107704719645 0.018633540372670808
0 0.1482452601855587 0.41953698475437606 0.020572811617587738 0.019198193111236588
0 0.18394513916901978 0.41445511010728403 0.01936264622831787 0.025409373235460192
0 0.22146026623638565 0.41431394692264256 0.048406615570794675 0.025691699604743084
0 0.2571601452198467 0.4267363071710898 0.0028237192416296895 0.001976284584980237
0 0.2801532876159742 0.42066629023150764 0.011698265429608713 0.044607566346696784
0 0.29588543767648245 0.41516092603049126 0.01653892698668818 0.025691699604743084
0 0.3291649858814038 0.41967814793901753 0.022589753933037516 0.020609824957651044
0 0.35155304558289635 0.41953698475437606 0.020572811617587738 0.020892151326933936
0 0.3741427995159338 0.4265951439864483 0.01734570391286809 0.031055900621118012
0 0.39572408229124645 0.4256070016939582 0.016942315449778138 0.03020892151326934
0 0.4082291246470351 0.4147374364765669 0.007260992335619202 0.023150762281197064
0 0.4225494150867285 0.42631281761716544 0.013311819281968536 0.03162055335968379
0 0.4618797902379992 0.4191134952004517 0.023396530859217425 0.01948051948051948
0 0.4854780153287616 0.42970073404856013 0.01734570391286809 0.03557312252964427
0 0.5066559096409843 0.42843026538678713 0.01855586930213796 0.036420101637492944
0 0.5397337636143607 0.4189723320158103 0.04033884630899556 0.020892151326933936
0 0.5701895925776522 0.41826651609260307 0.021379588543767647 0.020045172219085264
0 0.6062928600242034 0.41643139469226426 0.04679306171843485 0.020892151326933936
0 0.6653892698668818 0.41967814793901753 0.02218636546994756 0.020045172219085264
0 0.6922146026623639 0.41699604743083 0.02743041549011698 0.025409373235460192
0 0.6994755949979831 0.4064088085827216 0.0024203307785397336 0.002540937323546019
0 0.7277127874142799 0.4184076792772445 0.03953206938281565 0.02258610954263128
0 0.7773295683743445 0.41883116883116883 0.023396530859217425 0.0189158667419537
0 0.7989108511496571 0.4199604743083004 0.01653892698668818 0.021174477696216828
0 0.8243243243243243 0.4168548842461886 0.02864058087938685 0.026256352343308864
0 0.8563937071399758 0.41699604743083 0.021782977006857603 0.02766798418972332
0 0.1329164985881404 0.4665443252399774 0.0060508269463493344 0.023433088650479956
0 0.13533682936668012 0.4566629023150762 0.0028237192416296895 0.001976284584980237
0 0.14078257361839452 0.46922642574816487 0.004840661557079467 0.017504234895539244
0 0.15611133521581283 0.47148503670242803 0.01855586930213796 0.019762845849802372
0 0.17587736990722067 0.467673630717109 0.021782977006857603 0.026256352343308864
0 0.2127874142799516 0.4662619988706945 0.014118596208148447 0.026821005081874648
0 0.2299314239612747 0.4688029361942405 0.016135538523598225 0.0189158667419537
0 0.2519160951996773 0.48334274421230944 0.019766034691407825 0.04517221908526256
0 0.26865671641791045 0.4688029361942405 0.016942315449778138 0.017221908526256352
0 0.3071803146430012 0.46597967250141165 0.058491327148043566 0.023997741389045736
0 0.39108511496571197 0.4652738565782044 0.051230334812424366 0.026538678712591756
0 0.4507866075030254 0.46725014116318464 0.01653892698668818 0.0220214568040655
0 0.47862041145623235 0.4688029361942405 0.038321903993545785 0.021739130434782608
0 0.4989915288422751 0.45115753811405984 0.0024203307785397336 0.00282326369282891
0 0.5068576038725292 0.46823828345567475 0.004437273093989512 0.017221908526256352
0 0.5195643404598629 0.4686617730095991 0.017749092375958047 0.020327498588368152
0 0.5469947559499798 0.46908526256352345 0.035498184751916094 0.020609824957651044
0 0.6010488100040339 0.4642857142857143 0.024203307785397338 0.029079616036137776
0 0.635538523598225 0.4666854884246189 0.043969342476805166 0.025974025974025976
0 0.7033077853973376 0.4675324675324675 0.0536506655909641 0.025974025974025976
0 0.7505042355788625 0.4710615471485037 0.030254134731746672 0.020045172219085264
0 0.7956837434449375 0.46908526256352345 0.058491327148043566 0.0189158667419537
0 0.13331988705123032 0.5287972896668549 0.002016942315449778 0.01129305477131564
0 0.1399757966922146 0.5273856578204404 0.003227107704719645 0.007905138339920948
0 0.15429608713190804 0.5208921513269339 0.01653892698668818 0.03387916431394692
0 0.17527228721258573 0.5215979672501412 0.019766034691407825 0.017786561264822136
0 0.19987898346107302 0.5210333145115754 0.02702702702702703 0.01948051948051948
0 0.20391286809197257 0.506634669678148 0.0028237192416296895 0.001976284584980237
0 0.22226704316256554 0.5149632975719932 0.00645421540943929 0.023715415019762844
0 0.22851956434045986 0.5070581592320723 0.003630496167809601 0.002258610954263128
0 0.23416700282371924 0.5225861095426313 0.004437273093989512 0.017504234895539244
0 0.254941508672852 0.5180688876341051 0.02016942315449778 0.024280067758328628
0 0.2845905607099637 0.5206098249576511 0.03509479628882614 0.020327498588368152
0 0.31020572811617586 0.5056465273856579 0.0024203307785397336 0.010728402032749858
0 0.3136345300524405 0.5296442687747036 0.0028237192416296895 0.002258610954263128
0 0.31867688584106496 0.5052230378317335 0.0024203307785397336 0.010446075663466968
0 0.3402581686163776 0.5143986448334275 0.01734570391286809 0.03670242800677583
0 0.3711173860427592 0.5156691134952005 0.02016942315449778 0.026256352343308864
0 0.3939088342073417 0.5248447204968945 0.012505042355788625 0.029926595143986448
0 0.4507866075030254 0.5173630717108978 0.05445744251714401 0.027385657820440428
0 0.518152480839048 0.5194805194805194 0.043969342476805166 0.020892151326933936
0 0.5534489713594192 0.5163749294184077 0.023396530859217425 0.02710333145115754
0 0.5970149253731343 0.5190570299265952 0.017749092375958047 0.018351214003387916
0 0.6163775716014522 0.5206098249576511 0.014521984671238403 0.03500846979107849
0 0.672246873739411 0.5184923771880293 0.04961678096006454 0.021739130434782608
0 0.7188382412263009 0.5276679841897233 0.015328761597418314 0.03162055335968379
0 0.7603872529245663 0.5199040090344438 0.0572811617587737 0.021739130434782608
0 0.845703912868092 0.5189158667419537 0.07866075030254134 0.02766798418972332
0 0.13795885437676483 0.5698757763975155 0.026623638563937072 0.017786561264822136
0 0.15227914481645824 0.555759457933371 0.002016942315449778 0.001976284584980237
0 0.15752319483662766 0.5691699604743083 0.004437273093989512 0.01693958215697346
0 0.1672045179507866 0.5686053077357425 0.006857603872529245 0.025974025974025976
0 0.1754739814441307 0.5663466967814794 0.004840661557079467 0.024844720496894408
0 0.20835014118596207 0.5678994918125353 0.019766034691407825 0.0251270468661773
0 0.2325534489713594 0.5707227555053642 0.02702702702702703 0.017221908526256352
0 0.2716821298910851 0.5681818181818182 0.01573215006050827 0.023433088650479956
0 0.29144816458249295 0.5680406549971767 0.018959257765227916 0.0220214568040655
0 0.3527632109721662 0.5694522868435912 0.056070996369503835 0.023150762281197064
0 0.40096813231141587 0.5718520609824957 0.03065752319483663 0.018351214003387916
0 0.44332392093586126 0.5701581027667985 0.04679306171843485 0.020045172219085264
0 0.508471157724889 0.5666290231507622 0.031060911657926585 0.026538678712591756
0 0.5139169019766034 0.5543478260869565 0.003227107704719645 0.001976284584980237
0 0.5336829366680113 0.5705815923207228 0.01371520774505849 0.018633540372670808
0 0.5437676482452601 0.5564652738565782 0.004840661557079467 0.00282326369282891
0 0.5576845502218637 0.5715697346132129 0.021379588543767647 0.021174477696216828
0 0.5720048406615571 0.5556182947487295 0.003227107704719645 0.002258610954263128
0 0.5766438079870916 0.5697346132128741 0.0060508269463493344 0.019762845849802372
0 0.5929810407422348 0.5691699604743083 0.017749092375958047 0.018633540372670808
0 0.6236385639370714 0.5695934500282326 0.03630496167809601 0.020045172219085264
0 0.6623638563937071 0.5684641445511011 0.005647438483259379 0.022303783173348392
0 0.6835417507059298 0.5714285714285714 0.019766034691407825 0.018633540372670808
0 0.7236789027833804 0.5680406549971767 0.021782977006857603 0.024280067758328628
0 0.7638160548608309 0.5677583286278939 0.052843888664784185 0.026538678712591756
0 0.13493344090359016 0.6199887069452287 0.021379588543767647 0.019762845849802372
0 0.15590964098426785 0.6198475437605873 0.01734570391286809 0.021174477696216828
0 0.1837434449374748 0.6197063805759458 0.02944735780556676 0.019762845849802372
0 0.2127874142799516 0.6261998870694523 0.019766034691407825 0.033314511575381144
0 0.2418313836224284 0.6194240542066629 0.033481242436466316 0.023715415019762844
0 0.2654296087131908 0.6201298701298701 0.01936264622831787 0.01948051948051948
0 0.291246470350948 0.6192828910220215 0.023396530859217425 0.02456239412761152
0 0.34933440903590157 0.620694522868436 0.028237192416296894 0.01948051948051948
0 0.36304961678096004 0.6086956521739131 0.004840661557079467 0.00282326369282891
0 0.3699072206534893 0.6218238283455675 0.005647438483259379 0.016092603049124788
0 0.3989511899959661 0.6198475437605873 0.041145623235175476 0.026821005081874648
0 0.45461879790237997 0.623235460191982 0.02581686163775716 0.03585544889892716
0 0.4925373134328358 0.6192828910220215 0.045986284792254944 0.022303783173348392
0 0.5572811617587737 0.617871259175607 0.03428801936264623 0.025691699604743084
0 0.5687777329568374 0.6086956521739131 0.003227107704719645 0.00282326369282891
0 0.5885437676482452 0.6219649915302089 0.01371520774505849 0.018633540372670808
0 0.5972166196046793 0.6082721626199887 0.003630496167809601 0.002540937323546019
0 0.6026623638563937 0.622953133822699 0.0024203307785397336 0.0189158667419537
0 0.6155707946752723 0.6188594014680971 0.020976200080677694 0.023715415019762844
0 0.6304961678096006 0.6216826651609261 0.004033884630899556 0.017504234895539244
0 0.6470350947962888 0.6208356860530774 0.015328761597418314 0.018633540372670808
0 0.6704316256555063 0.6212591756070017 0.02016942315449778 0.020609824957651044
0 0.6928196853569988 0.6215415019762845 0.020572811617587738 0.022868435911914172
0 0.736385639370714 0.6208356860530774 0.014118596208148447 0.018068887634105024
0 0.754336425978217 0.6221061547148503 0.016135538523598225 0.03359683794466403
0 0.1317063331988705 0.6691134952004517 0.025413473174667203 0.029361942405420668
0 0.15409439290036306 0.6710897797854319 0.015328761597418314 0.017504234895539244
0 0.16296893908834206 0.6586674195369847 0.003227107704719645 0.002258610954263128
0 0.16962484872932634 0.6712309429700734 0.0052440500201694235 0.0189158667419537
0 0.1853569987898346 0.6681253529079616 0.011698265429608713 0.023997741389045736
0 0.19221460266236384 0.656832298136646 0.003630496167809601 0.001976284584980237
0 0.20713997579669222 0.6726425748164878 0.024606696248487294 0.020045172219085264
0 0.23517547398144414 0.6675607001693958 0.02501008471157725 0.023997741389045736
0 0.28963291649858813 0.6671372106154715 0.03146430012101654 0.025409373235460192
0 0.3128277531262606 0.6703839638622248 0.01734570391286809 0.01948051948051948
0 0.3313836224283985 0.6717955957086392 0.014925373134328358 0.017221908526256352
0 0.3582089552238806 0.6754658385093167 0.03065752319483663 0.027950310559006212
0 0.3860427591770875 0.6778656126482213 0.003227107704719645 0.002258610954263128
