0 0.14320290439693426 0.21739130434782608 0.017749092375958047 0.011857707509881422
0 0.1663977410246067 0.21753246753246752 0.03428801936264623 0.014398644833427442
0 0.1708350141185962 0.2140033879164314 0.0028237192416296895 0.0016939582156973462
0 0.23578055667607906 0.21852060982495766 0.05929810407422348 0.011857707509881422
0 0.21056877773295685 0.21739130434782608 0.0016135538523598225 0.001129305477131564
0 0.29487696651875756 0.22120271033314512 0.023396530859217425 0.018351214003387916
0 0.3527632109721662 0.2204968944099379 0.04235578862444534 0.010728402032749858
0 0.3751512706736587 0.20920383963862224 0.003227107704719645 0.0033879164313946925
0 0.40197660346914077 0.2186617730095991 0.051230334812424366 0.013269339356295878
0 0.4705526421944332 0.21950875211744778 0.0463896732553449 0.012140033879164314
0 0.5006050826946349 0.2220496894409938 0.01290843081887858 0.005928853754940711
0 0.5123033481242436 0.22162619988706944 0.004840661557079467 0.006211180124223602
0 0.5161355385235982 0.21230942970073405 0.002016942315449778 0.0016939582156973462
0 0.5237999193223074 0.22190852625635235 0.01653892698668818 0.006775832862789385
0 0.5383219039935457 0.22586109542631283 0.013311819281968536 0.014116318464144552
0 0.5933844292053247 0.220214568040655 0.04921339249697459 0.01129305477131564
0 0.5990318676885841 0.21160361377752682 0.0024203307785397336 0.001976284584980237
0 0.6567164179104478 0.22007340485601354 0.04517950786607503 0.01383399209486166
0 0.7069382815651473 0.2248729531338227 0.025413473174667203 0.014963297571993224
0 0.7301331181928197 0.22106154714850368 0.023396530859217425 0.00846979107848673
0 0.7622025010084712 0.22106154714850368 0.038321903993545785 0.010163749294184076
0 0.7902379991932231 0.21950875211744778 0.011294876966518758 0.013269339356295878
0 0.15248083904800322 0.2684923771880294 0.02501008471157725 0.01129305477131564
0 0.17022993142396128 0.2696216826651609 0.01290843081887858 0.009599096555618294
0 0.18253327954820492 0.26976284584980237 0.014118596208148447 0.008752117447769622
0 0.1918112141992739 0.2683512140033879 0.011698265429608713 0.010446075663466968
0 0.1946349334409036 0.26171654432524 0.0028237192416296895 0.0016939582156973462
0 0.22690601048810005 0.2713156408808583 0.025413473174667203 0.01693958215697346
0 0.27511093182734975 0.2689158667419537 0.041145623235175476 0.014963297571993224
0 0.3239209358612344 0.2682100508187465 0.016135538523598225 0.015810276679841896
0 0.3392496974586527 0.2715979672501412 0.01290843081887858 0.00846979107848673
0 0.35316659943525613 0.2737154150197628 0.020572811617587738 0.014398644833427442
0 0.3892698668818072 0.2720214568040655 0.053247277127874144 0.016092603049124788
0 0.44493747478822104 0.2682100508187465 0.009681323114158934 0.010163749294184076
0 0.4592577652279145 0.2696216826651609 0.018152480839048003 0.01129305477131564
0 0.4755949979830577 0.2715979672501412 0.009681323114158934 0.0016939582156973462
0 0.5028237192416297 0.27442123094297005 0.021379588543767647 0.015245623941276116
0 0.5308592174263816 0.27315076228119706 0.03711173860427592 0.008752117447769622
0 0.5443727309398951 0.275974025974026 0.006857603872529245 0.002540937323546019
0 0.563937071399758 0.2727272727272727 0.009681323114158934 0.0016939582156973462
0 0.5869302137958854 0.27032749858836813 0.024203307785397338 0.013269339356295878
0 0.6040742234772085 0.27004517221908525 0.019766034691407825 0.012140033879164314
0 0.6161758773699072 0.2720214568040655 0.011698265429608713 0.00818746470920384
0 0.6518757563533683 0.27103331451157536 0.017749092375958047 0.01355166572557877
0 0.6688180718031465 0.2724449463579898 0.016942315449778138 0.009599096555618294
0 0.6982654296087132 0.27188029361942406 0.035498184751916094 0.009599096555618294
0 0.7027027027027027 0.26129305477131565 0.0024203307785397336 0.001976284584980237
0 0.7202501008471158 0.27653867871259175 0.014118596208148447 0.016092603049124788
0 0.7507059298104074 0.27188029361942406 0.01371520774505849 0.010728402032749858
0 0.7680516337232756 0.2689158667419537 0.024203307785397338 0.01383399209486166
0 0.800322710770472 0.26976284584980237 0.03469140782573618 0.012704686617730096
0 0.1500605082694635 0.32142857142857145 0.02581686163775716 0.009316770186335404
0 0.14764017749092376 0.3105590062111801 0.0024203307785397336 0.001129305477131564
0 0.19402985074626866 0.32142857142857145 0.01371520774505849 0.00818746470920384
0 0.2127874142799516 0.32241671372106157 0.021379588543767647 0.009034443817052512
0 0.20956030657523195 0.31225296442687744 0.002016942315449778 0.0016939582156973462
0 0.2755143202904397 0.31959345002823264 0.055667607906413875 0.014116318464144552
0 0.3108108108108108 0.3219932241671372 0.01008471157724889 0.008752117447769622
0 0.3590157321500605 0.32029926595143987 0.04921339249697459 0.012704686617730096
0 0.3523598225090762 0.313382269904009 0.002016942315449778 0.0016939582156973462
0 0.4290036304961678 0.3219932241671372 0.0609116579265833 0.018351214003387916
0 0.4957644211375555 0.32241671372106157 0.02743041549011698 0.009599096555618294
0 0.536304961678096 0.32523997741389044 0.052843888664784185 0.021456804065499716
0 0.5344897135941912 0.31408808582721626 0.0016135538523598225 0.001411631846414455
0 0.6042759177087536 0.32608695652173914 0.03469140782573618 0.01355166572557877
0 0.6593384429205325 0.3235460191981931 0.02944735780556676 0.009599096555618294
0 0.6555062525211779 0.3138057594579334 0.0024203307785397336 0.001411631846414455
0 0.7297297297297297 0.320016939582157 0.07180314643001211 0.01383399209486166
0 0.7297297297297297 0.3132411067193676 0.003227107704719645 0.001976284584980237
0 0.8198870512303348 0.3231225296442688 0.06171843485276321 0.020045172219085264
0 0.145623235175474 0.3728119706380576 0.03953206938281565 0.018351214003387916
0 0.1373537716821299 0.36801242236024845 0.0028237192416296895 0.002540937323546019
0 0.14239612747075434 0.36024844720496896 0.0024203307785397336 0.001129305477131564
0 0.16982654296087132 0.37267080745341613 0.010488100040338847 0.00846979107848673
0 0.18676885841064947 0.3749294184076793 0.004033884630899556 0.00282326369282891
0 0.22166196046793063 0.36928289102202144 0.014118596208148447 0.014116318464144552
0 0.23114158935054457 0.36914172783738003 0.009681323114158934 0.012140033879164314
0 0.27047196450181527 0.37224731789949184 0.03670835014118596 0.010446075663466968
0 0.3027430415490117 0.37027103331451156 0.02864058087938685 0.013269339356295878
0 0.35054457442517145 0.37238848108413325 0.02581686163775716 0.00846979107848673
0 0.38321903993545786 0.37267080745341613 0.03307785397337636 0.009034443817052512
0 0.42759177087535294 0.3699887069452287 0.023396530859217425 0.01383399209486166
0 0.4572408229124647 0.37351778656126483 0.03509479628882614 0.007905138339920948
0 0.5076643807987091 0.36984754376058726 0.013311819281968536 0.010728402032749858
0 0.5197660346914078 0.37267080745341613 0.011698265429608713 0.007905138339920948
0 0.535699878983461 0.36688311688311687 0.005647438483259379 0.005364201016374929
0 0.5605082694634933 0.37295313382269907 0.043969342476805166 0.009599096555618294
0 0.6466317063331989 0.3715415019762846 0.07987091569181122 0.012987012987012988
0 0.7117789431222267 0.37634105025409376 0.02218636546994756 0.012987012987012988
0 0.7422347720855184 0.3738001129305477 0.041145623235175476 0.009034443817052512
0 0.7821702299314239 0.37125917560700167 0.03872529245663574 0.012422360248447204
0 0.15974183138362244 0.4201016374929418 0.060508269463493344 0.01355166572557877
0 0.2156111335215813 0.4222190852625635 0.013311819281968536 0.009881422924901186
0 0.22791448164582492 0.4244776962168266 0.01855586930213796 0.013269339356295878
0 0.2505042355788624 0.4225014116318464 0.029043969342476807 0.009881422924901186
0 0.32008874546187976 0.42405420666290233 0.06494554255748286 0.021456804065499716
0 0.37898346107301334 0.41981931112365894 0.031060911657926585 0.014116318464144552
0 0.4376764824526019 0.41981931112365894 0.04759983864461476 0.014116318464144552
0 0.4673255344897136 0.42264257481648787 0.01008471157724889 0.00846979107848673
0 0.47882210568777733 0.42857142857142855 0.008874546187979023 0.009034443817052512
0 0.5219846712384025 0.422360248447205 0.02501008471157725 0.009034443817052512
0 0.554255748285599 0.422360248447205 0.03227107704719645 0.010163749294184076
0 0.5996369503832191 0.4205251270468662 0.02379991932230738 0.014398644833427442
0 0.6306978620411456 0.42264257481648787 0.03428801936264623 0.007905138339920948
0 0.6930213795885438 0.4199604743083004 0.04517950786607503 0.014398644833427442
0 0.745461879790238 0.42080745341614906 0.06131504638967326 0.015527950310559006
0 0.8037515127067366 0.4233483907396951 0.020572811617587738 0.010446075663466968
0 0.8055667607906414 0.4134669678147939 0.0024203307785397336 0.001411631846414455
0 0.826946349334409 0.42165443252399776 0.01855586930213796 0.014398644833427442
0 0.1427995159338443 0.46950875211744775 0.016942315449778138 0.014116318464144552
0 0.15853166599435256 0.47219085262563526 0.016135538523598225 0.009881422924901186
0 0.16841468334005646 0.46075663466967814 0.0028237192416296895 0.0016939582156973462
0 0.1918112141992739 0.47374364765669114 0.04881000403388463 0.0220214568040655
0 0.23013311819281967 0.4723320158102767 0.02944735780556676 0.010163749294184076
0 0.25776522791448164 0.46386222473178995 0.004033884630899556 0.004517221908526256
0 0.2656313029447358 0.4717673630717109 0.010891488503428802 0.010163749294184076
0 0.3426784993949173 0.47289666854884244 0.07704719645018153 0.01129305477131564
0 0.4070189592577652 0.47346132128740825 0.02743041549011698 0.010728402032749858
0 0.45219846712384026 0.4704968944099379 0.015328761597418314 0.015527950310559006
0 0.4800322710770472 0.47134387351778656 0.03872529245663574 0.013269339356295878
0 0.5233965308592174 0.4738848108413326 0.04881000403388463 0.009881422924901186
0 0.581887858007261 0.47247317899491814 0.02864058087938685 0.01101072840203275
0 0.6254538120209762 0.47219085262563526 0.05526421944332392 0.013269339356295878
0 0.6784993949173054 0.47473178994918125 0.012101653892698669 0.009316770186335404
0 0.7081484469544171 0.4738848108413326 0.0391286809197257 0.009316770186335404
0 0.14885034288019364 0.5210333145115754 0.026623638563937072 0.013269339356295878
0 0.16861637757160144 0.521880293619424 0.02501008471157725 0.01383399209486166
0 0.19887051230334812 0.5232919254658385 0.033884630899556276 0.009881422924901186
0 0.22186365469947558 0.5213156408808582 0.01371520774505849 0.014398644833427442
0 0.26119402985074625 0.5261151891586674 0.06252521177894312 0.013269339356295878
0 0.3108108108108108 0.5211744776962168 0.03670835014118596 0.015245623941276116
0 0.3721258572004841 0.5231507622811971 0.043162565550625254 0.019198193111236588
0 0.4267849939491731 0.5224449463579899 0.016135538523598225 0.01383399209486166
0 0.47317466720451795 0.5230095990965556 0.07987091569181122 0.014398644833427442
0 0.4540137152077451 0.512987012987013 0.0028237192416296895 0.0016939582156973462
0 0.4957644211375555 0.5151044607566346 0.0024203307785397336 0.002540937323546019
0 0.5242033077853974 0.5159514398644833 0.004437273093989512 0.006493506493506494
0 0.5292456635740218 0.5251270468661773 0.009681323114158934 0.009034443817052512
0 0.5917708753529649 0.5230095990965556 0.07583703106091166 0.013269339356295878
0 0.6506655909640984 0.5237154150197628 0.03711173860427592 0.01129305477131564
0 0.63614360629286 0.5158102766798419 0.0024203307785397336 0.002258610954263128
0 0.7206534893102057 0.521880293619424 0.06897942718838242 0.017786561264822136
0 0.736385639370714 0.5175042348955392 0.0028237192416296895 0.0016939582156973462
0 0.7739007664380799 0.525974025974026 0.027833803953206938 0.00846979107848673
0 0.7714804356595402 0.5153867871259176 0.0028237192416296895 0.001976284584980237
0 0.7948769665187576 0.5302089215132694 0.013311819281968536 0.015245623941276116
0 0.8299717628075837 0.5237154150197628 0.018959257765227916 0.01355166572557877
0 0.1718434852763211 0.5722755505364201 0.07180314643001211 0.014116318464144552
0 0.24808390480032272 0.5790513833992095 0.04033884630899556 0.017504234895539244
0 0.3051633723275514 0.5756634669678148 0.02864058087938685 0.010728402032749858
0 0.2974989915288423 0.5705815923207228 0.002016942315449778 0.001129305477131564
0 0.3400564743848326 0.5721343873517787 0.04195240016135539 0.015527950310559006
0 0.32674465510286405 0.5654997176736307 0.0024203307785397336 0.002258610954263128
0 0.40116982654296085 0.5734048560135516 0.040742234772085516 0.014680971202710334
0 0.44917305365066557 0.5759457933370977 0.011698265429608713 0.009034443817052512
0 0.48043565954013717 0.577639751552795 0.05889471561113352 0.012987012987012988
0 0.5373134328358209 0.5752399774138904 0.014521984671238403 0.009316770186335404
0 0.5560709963695039 0.577639751552795 0.022993142396127472 0.01637492941840768
0 0.5764421137555465 0.577639751552795 0.0024203307785397336 0.0016939582156973462
