0 0.1607503025413473 0.22600225861095427 0.014118596208148447 0.0189158667419537
0 0.18253327954820492 0.22628458498023715 0.030254134731746672 0.0189158667419537
0 0.23033481242436465 0.2305194805194805 0.035498184751916094 0.012704686617730096
0 0.26421944332392094 0.2261434217955957 0.03307785397337636 0.019762845849802372
0 0.263614360629286 0.2183794466403162 0.002016942315449778 0.002540937323546019
0 0.31141589350544574 0.22628458498023715 0.028237192416296894 0.0189158667419537
0 0.34066155707946755 0.22713156408808582 0.035901573215006054 0.017786561264822136
0 0.39007664380798707 0.22571993224167136 0.016942315449778138 0.017786561264822136
0 0.40318676885841065 0.23489553924336534 0.018959257765227916 0.018633540372670808
0 0.42073416700282373 0.22910784867306608 0.014521984671238403 0.010446075663466968
0 0.44574425171440096 0.2289666854884246 0.03146430012101654 0.01129305477131564
0 0.5028237192416297 0.2264257481648786 0.02702702702702703 0.017504234895539244
0 0.5324727712787414 0.22571993224167136 0.026623638563937072 0.017786561264822136
0 0.5233965308592174 0.2220496894409938 0.002016942315449778 0.001411631846414455
0 0.5877369907220653 0.22910784867306608 0.03872529245663574 0.01383399209486166
0 0.6194029850746269 0.22444946357989837 0.01573215006050827 0.018068887634105024
0 0.6278741427995159 0.22868435911914173 0.01653892698668818 0.010728402032749858
0 0.6413876563130294 0.22939017504234896 0.008874546187979023 0.008752117447769622
0 0.654296087131908 0.2289666854884246 0.017749092375958047 0.009599096555618294
0 0.6488503428801936 0.22007340485601354 0.002016942315449778 0.001976284584980237
0 0.6799112545381202 0.22882552230378317 0.038321903993545785 0.02456239412761152
0 0.7323517547398144 0.22416713721061546 0.026220250100847116 0.018633540372670808
0 0.7615974183138362 0.22826086956521738 0.03146430012101654 0.013269339356295878
0 0.7539330375151271 0.21908526256352343 0.0024203307785397336 0.001129305477131564
0 0.7898346107301332 0.2248729531338227 0.029043969342476807 0.0189158667419537
0 0.8219039935457846 0.22769621682665162 0.01573215006050827 0.009881422924901186
0 0.8380395320693829 0.22684923771880294 0.02702702702702703 0.026821005081874648
0 0.854578459056071 0.22416713721061546 0.0391286809197257 0.020327498588368152
0 0.17607906413876562 0.2776679841897233 0.06736587333602259 0.01948051948051948
0 0.18757563533682936 0.26453980801806887 0.003227107704719645 0.001129305477131564
0 0.21641791044776118 0.2886787125917561 0.01008471157724889 0.008752117447769622
0 0.26744655102864057 0.2821852060982496 0.03953206938281565 0.009881422924901186
0 0.30254134731746674 0.2787972896668549 0.029850746268656716 0.017221908526256352
0 0.33985478015328763 0.28147939017504237 0.026220250100847116 0.012422360248447204
0 0.363654699475595 0.281055900621118 0.025413473174667203 0.009881422924901186
0 0.4300121016538927 0.28049124788255225 0.06857603872529246 0.012704686617730096
0 0.49495764421137556 0.28077357425183513 0.015328761597418314 0.012704686617730096
0 0.5223880597014925 0.2769621682665161 0.03872529245663574 0.018068887634105024
0 0.5463896732553449 0.28176171654432525 0.031060911657926585 0.010728402032749858
0 0.5693828156514724 0.2803500846979108 0.01653892698668818 0.010728402032749858
0 0.5857200484066156 0.27653867871259175 0.016942315449778138 0.015527950310559006
0 0.6075030254134732 0.27540937323546016 0.03630496167809601 0.020045172219085264
0 0.6302944735780557 0.27992659514398643 0.014118596208148447 0.01101072840203275
0 0.6520774505849133 0.27639751552795033 0.031060911657926585 0.019198193111236588
0 0.6920129084308189 0.2751270468661773 0.033481242436466316 0.0189158667419537
0 0.7083501411859621 0.28500846979107847 0.01936264622831787 0.021739130434782608
0 0.7626058894715612 0.27498588368153587 0.040742234772085516 0.018633540372670808
0 0.1565147236789028 0.33229813664596275 0.02581686163775716 0.01129305477131564
0 0.17587736990722067 0.33145115753811405 0.009681323114158934 0.009599096555618294
0 0.1845502218636547 0.33243929983060416 0.022993142396127472 0.010446075663466968
0 0.1843485276321097 0.322557876905703 0.003227107704719645 0.004799548277809147
0 0.21903993545784592 0.3284867306606437 0.033884630899556276 0.018351214003387916
0 0.24384832593787817 0.33173348390739693 0.00927793465106898 0.00846979107848673
0 0.26502622025010086 0.3300395256916996 0.042759177087535294 0.024280067758328628
0 0.25231948366276724 0.32185206098249575 0.002016942315449778 0.002258610954263128
0 0.3085921742638161 0.3351214003387916 0.022589753933037516 0.018068887634105024
0 0.32855990318676886 0.3310276679841897 0.01573215006050827 0.012704686617730096
0 0.34187172246873737 0.33130999435347264 0.010891488503428802 0.008752117447769622
0 0.3580072609923356 0.334274421230943 0.026220250100847116 0.01693958215697346
0 0.37797498991528844 0.3298983625070582 0.016942315449778138 0.010446075663466968
0 0.40318676885841065 0.32806324110671936 0.0326744655102864 0.015810276679841896
0 0.43303751512706734 0.32679277244494637 0.025413473174667203 0.017786561264822136
0 0.4582492940701896 0.32806324110671936 0.02743041549011698 0.018633540372670808
0 0.49213392496974584 0.326369282891022 0.02581686163775716 0.01693958215697346
0 0.5078660750302542 0.3362507058159232 0.021782977006857603 0.019762845849802372
0 0.5467930617184349 0.3298983625070582 0.018959257765227916 0.011575381140598532
0 0.5649455425574829 0.3269339356295878 0.018152480839048003 0.01693958215697346
0 0.5780556676079064 0.3306041784302654 0.028237192416296894 0.010163749294184076
0 0.6028640580879386 0.33145115753811405 0.02702702702702703 0.01129305477131564
0 0.6254538120209762 0.3269339356295878 0.018959257765227916 0.018068887634105024
0 0.6591367486889875 0.3307453416149068 0.020976200080677694 0.012140033879164314
0 0.6740621218233158 0.33032185206098247 0.017749092375958047 0.012422360248447204
0 0.6912061315046389 0.3297571993224167 0.014925373134328358 0.01129305477131564
0 0.7071399757966922 0.3284867306606437 0.01290843081887858 0.008752117447769622
0 0.7164179104477612 0.3339920948616601 0.020976200080677694 0.019198193111236588
0 0.7557482855990318 0.3328627893845285 0.020572811617587738 0.015810276679841896
0 0.7739007664380799 0.3296160361377753 0.01573215006050827 0.010446075663466968
0 0.7916498588140379 0.3296160361377753 0.022993142396127472 0.009881422924901186
0 0.8025413473174667 0.33046301524562394 0.013311819281968536 0.010446075663466968
0 0.81807180314643 0.3296160361377753 0.016135538523598225 0.012140033879164314
0 0.837232755143203 0.3310276679841897 0.024606696248487294 0.010446075663466968
0 0.15671641791044777 0.37987012987012986 0.019766034691407825 0.012704686617730096
0 0.17789431222267044 0.37648221343873517 0.017749092375958047 0.01948051948051948
0 0.1946349334409036 0.38085827216261997 0.014925373134328358 0.01129305477131564
0 0.23618394513916902 0.37789384528514963 0.0326744655102864 0.0189158667419537
0 0.25312626058894716 0.3824110671936759 0.01573215006050827 0.009881422924901186
0 0.27490923759580477 0.37888198757763975 0.027833803953206938 0.018633540372670808
0 0.33884630899556273 0.379587803500847 0.07018959257765228 0.017786561264822136
0 0.41589350544574427 0.37789384528514963 0.03872529245663574 0.0189158667419537
0 0.4310205728116176 0.3814229249011858 0.01734570391286809 0.011857707509881422
0 0.4505849132714804 0.38170525127046867 0.02581686163775716 0.012422360248447204
0 0.49737797498991526 0.3781761716544325 0.02743041549011698 0.020045172219085264
0 0.5471964501815249 0.3771880293619424 0.03428801936264623 0.019198193111236588
0 0.564340459862848 0.38226990400903443 0.008874546187979023 0.007905138339920948
0 0.5851149657119806 0.38198757763975155 0.030254134731746672 0.009599096555618294
0 0.5754336425978217 0.3730942970073405 0.002016942315449778 0.003105590062111801
0 0.609318273497378 0.38424618859401466 0.003630496167809601 0.00282326369282891
0 0.6494554255748286 0.3747882552230378 0.02743041549011698 0.0189158667419537
0 0.7006857603872529 0.37704686617730093 0.03227107704719645 0.017786561264822136
0 0.7212585720048407 0.38015245623941274 0.01290843081887858 0.008752117447769622
0 0.7373941105284388 0.3805759457933371 0.020976200080677694 0.010728402032749858
0 0.754739814441307 0.3812817617165443 0.011294876966518758 0.009881422924901186
0 0.7684550221863655 0.38170525127046867 0.02016942315449778 0.009599096555618294
0 0.7626058894715612 0.37351778656126483 0.002016942315449778 0.00282326369282891
0 0.7831787010891489 0.3839638622247318 0.019766034691407825 0.018633540372670808
0 0.8225090762404196 0.38071710897797856 0.01855586930213796 0.012704686617730096
0 0.8384429205324728 0.3804347826086957 0.018959257765227916 0.012704686617730096
0 0.8588140379185155 0.37987012987012986 0.028237192416296894 0.012140033879164314
0 0.17305365066559097 0.42913608130999437 0.04033884630899556 0.018633540372670808
0 0.22831787010891488 0.4288537549407115 0.03065752319483663 0.019762845849802372
0 0.2482855990318677 0.4318181818181818 0.014118596208148447 0.012704686617730096
0 0.28035498184751917 0.4318181818181818 0.05163372327551432 0.01383399209486166
0 0.34852763210972165 0.4267363071710898 0.02016942315449778 0.0189158667419537
0 0.3628479225494151 0.43125352907961606 0.014925373134328358 0.011575381140598532
0 0.39229528035498185 0.43125352907961606 0.03751512706736587 0.010446075663466968
0 0.41306978620411455 0.41826651609260307 0.0024203307785397336 0.001976284584980237
0 0.43807987091569184 0.42814793901750425 0.020976200080677694 0.01948051948051948
0 0.4570391286809197 0.43252399774138905 0.024203307785397338 0.011857707509881422
0 0.4755949979830577 0.43280632411067194 0.01855586930213796 0.00846979107848673
0 0.5028237192416297 0.4332298136645963 0.04800322710770472 0.026821005081874648
0 0.5227914481645825 0.43266516092603047 0.015328761597418314 0.01101072840203275
0 0.5322710770471965 0.4385940146809712 0.024606696248487294 0.021174477696216828
0 0.5917708753529649 0.42758328627893843 0.04679306171843485 0.020609824957651044
0 0.6107301331181928 0.42970073404856013 0.01936264622831787 0.012987012987012988
0 0.6250504235578862 0.4301242236024845 0.018959257765227916 0.012704686617730096
0 0.645219846712384 0.4313946922642575 0.026220250100847116 0.01129305477131564
0 0.6940298507462687 0.4268774703557312 0.03670835014118596 0.019198193111236588
0 0.7196450181524808 0.4308300395256917 0.03469140782573618 0.011857707509881422
0 0.7739007664380799 0.42701863354037267 0.0326744655102864 0.0189158667419537
0 0.7914481645824929 0.4308300395256917 0.012101653892698669 0.009034443817052512
0 0.8059701492537313 0.4321005081874647 0.016942315449778138 0.010446075663466968
0 0.8225090762404196 0.43266516092603047 0.020976200080677694 0.01101072840203275
0 0.8360225897539331 0.4364765669113495 0.02218636546994756 0.018633540372670808
0 0.8682936668011295 0.4280067758328628 0.0463896732553449 0.019198193111236588
0 0.16317063331988704 0.48009599096555616 0.02218636546994756 0.01948051948051948
0 0.20855183541750705 0.4805194805194805 0.029850746268656716 0.018633540372670808
0 0.23295683743444937 0.48757763975155277 0.019766034691407825 0.019762845849802372
0 0.22972972972972974 0.4761434217955957 0.002016942315449778 0.002540937323546019
0 0.26764824526018555 0.47811970638057594 0.045582896329164985 0.021174477696216828
0 0.3136345300524405 0.4826369282891022 0.018152480839048003 0.011575381140598532
0 0.35034288019362647 0.48771880293619424 0.018152480839048003 0.017221908526256352
0 0.3785800726099234 0.48320158102766797 0.0326744655102864 0.012140033879164314
0 0.399959661153691 0.48334274421230944 0.018152480839048003 0.01129305477131564
0 0.4169019766034691 0.4798136645962733 0.018959257765227916 0.016657255787690572
0 0.45966115369100446 0.4785431959345003 0.03670835014118596 0.018633540372670808
0 0.49737797498991526 0.4782608695652174 0.04195240016135539 0.018633540372670808
0 0.5425574828559904 0.48348390739695085 0.016135538523598225 0.01101072840203275
0 0.5607099636950383 0.4817899491812535 0.026623638563937072 0.02456239412761152
0 0.6042759177087536 0.4774138904573687 0.03307785397337636 0.019762845849802372
0 0.627269060104881 0.48221343873517786 0.016942315449778138 0.011857707509881422
0 0.6256555062525212 0.4719085262563523 0.0024203307785397336 0.003105590062111801
0 0.6432029043969343 0.4839073969508752 0.018959257765227916 0.011857707509881422
0 0.6682129891085115 0.4823546019198193 0.02702702702702703 0.01101072840203275
0 0.6976603469140783 0.47967250141163187 0.03428801936264623 0.019198193111236588
0 0.7299314239612748 0.47882552230378317 0.027833803953206938 0.019198193111236588
0 0.7234772085518354 0.472755505364201 0.003630496167809601 0.001976284584980237
0 0.7666397741024606 0.47939017504234893 0.04477611940298507 0.02258610954263128
0 0.1617587736990722 0.5295031055900621 0.03469140782573618 0.021174477696216828
0 0.1918112141992739 0.5319028797289667 0.01734570391286809 0.018633540372670808
0 0.20048406615570794 0.5217391304347826 0.0024203307785397336 0.0016939582156973462
0 0.21036708350141187 0.5345849802371542 0.01653892698668818 0.011575381140598532
0 0.2392093586123437 0.5345849802371542 0.03227107704719645 0.012140033879164314
0 0.2626058894715611 0.5337380011293055 0.017749092375958047 0.012704686617730096
0 0.25776522791448164 0.5248447204968945 0.004033884630899556 0.002258610954263128
0 0.29306171843485274 0.5343026538678712 0.04477611940298507 0.013269339356295878
0 0.35397337636143605 0.532326369282891 0.03993545784590561 0.013269339356295878
0 0.3854376764824526 0.5306324110671937 0.02702702702702703 0.016657255787690572
0 0.4245663574021783 0.5324675324675324 0.020572811617587738 0.012422360248447204
0 0.472771278741428 0.5324675324675324 0.029850746268656716 0.01129305477131564
0 0.4967728922952804 0.5337380011293055 0.01734570391286809 0.012140033879164314
0 0.491327148043566 0.5266798418972332 0.0024203307785397336 0.003105590062111801
0 0.5104881000403388 0.5338791643139469 0.012505042355788625 0.00846979107848673
0 0.5217829770068576 0.5214568040654998 0.002016942315449778 0.002258610954263128
0 0.5423557886244453 0.5331733483907397 0.04235578862444534 0.012140033879164314
0 0.6135538523598225 0.5327498588368154 0.04356595401371521 0.026538678712591756
0 0.6605486083098023 0.5334556747600225 0.02944735780556676 0.009316770186335404
0 0.6795078660750302 0.5328910220214568 0.00927793465106898 0.006493506493506494
0 0.6879790237999194 0.5347261434217956 0.018152480839048003 0.007905138339920948
0 0.6863654699475595 0.5268210050818747 0.002016942315449778 0.002258610954263128
0 0.7202501008471158 0.5292207792207793 0.038321903993545785 0.01948051948051948
0 0.746268656716418 0.5338791643139469 0.009681323114158934 0.007340485601355167
0 0.7696651875756353 0.5319028797289667 0.0500201694231545 0.025974025974025976
0 0.7563533682936668 0.5251270468661773 0.0024203307785397336 0.002258610954263128
0 0.8116175877369908 0.5296442687747036 0.026623638563937072 0.004517221908526256
0 0.16377571601452198 0.5830039525691699 0.026623638563937072 0.010163749294184076
0 0.1843485276321097 0.5845567476002259 0.016135538523598225 0.010446075663466968
0 0.20270270270270271 0.5807453416149069 0.018959257765227916 0.019198193111236588
0 0.21903993545784592 0.5862507058159232 0.009681323114158934 0.00818746470920384
0 0.22428398547801534 0.5813099943534726 0.0024203307785397336 0.001129305477131564
0 0.23477208551835418 0.5852625635234331 0.020976200080677694 0.01129305477131564
0 0.22791448164582492 0.5759457933370977 0.0024203307785397336 0.002258610954263128
0 0.2507059298104074 0.5896386222473179 0.025413473174667203 0.021174477696216828
0 0.299919322307382 0.5879446640316206 0.022993142396127472 0.014963297571993224
0 0.3229124647035095 0.5832862789384529 0.01653892698668818 0.01129305477131564
0 0.3382412263009278 0.5851214003387917 0.014118596208148447 0.009881422924901186
0 0.3525615167406212 0.5878035008469791 0.026623638563937072 0.01637492941840768
0 0.3755546591367487 0.5832862789384529 0.017749092375958047 0.011857707509881422
0 0.3939088342073417 0.5841332580463016 0.020572811617587738 0.00846979107848673
0 0.4112545381202098 0.5832862789384529 0.014925373134328358 0.01129305477131564
0 0.4253731343283582 0.5838509316770186 0.00927793465106898 0.007905138339920948
0 0.43384429205324726 0.5756634669678148 0.002016942315449778 0.002258610954263128
0 0.4431222267043163 0.5811688311688312 0.019766034691407825 0.014963297571993224
0 0.47236789027833803 0.5841332580463016 0.035498184751916094 0.011857707509881422
0 0.46591367486889873 0.5745341614906833 0.0024203307785397336 0.0033879164313946925
0 0.5441710367083501 0.5806041784302653 0.04033884630899556 0.023433088650479956
0 0.6038725292456636 0.5786278938452851 0.04679306171843485 0.01948051948051948
0 0.6744655102864058 0.5794748729531338 0.048406615570794675 0.0189158667419537
0 0.7073416700282372 0.58399209486166 0.01573215006050827 0.010446075663466968
0 0.7018959257765228 0.5746753246753247 0.0024203307785397336 0.001976284584980237
0 0.727107704719645 0.5835686053077357 0.02379991932230738 0.010728402032749858
0 0.7549415086728519 0.5827216261998871 0.02944735780556676 0.010163749294184076
0 0.7886244453408633 0.5798983625070582 0.03307785397337636 0.018068887634105024
0 0.16680112948769665 0.6288819875776398 0.04154901169826543 0.021739130434782608
0 0.18334005647438484 0.6324110671936759 0.020572811617587738 0.012987012987012988
0 0.20229931423961275 0.6342461885940147 0.01734570391286809 0.012140033879164314
0 0.23053650665590963 0.633681535855449 0.043162565550625254 0.012704686617730096
0 0.3019362646228318 0.6349520045172219 0.04154901169826543 0.010728402032749858
0 0.33299717628075837 0.6249294184076792 0.0028237192416296895 0.003105590062111801
0 0.37696651875756354 0.6304347826086957 0.04235578862444534 0.018633540372670808
0 0.4344493747478822 0.6342461885940147 0.020976200080677694 0.013269339356295878
0 0.4519967728922953 0.633681535855449 0.019766034691407825 0.01101072840203275
0 0.46954417103670837 0.6348108413325805 0.012101653892698669 0.008752117447769622
0 0.4957644211375555 0.637210615471485 0.03307785397337636 0.03162055335968379
0 0.5689794271883825 0.6304347826086957 0.030254134731746672 0.018068887634105024
0 0.59116579265833 0.6294466403162056 0.018959257765227916 0.0189158667419537
0 0.6254538120209762 0.6281761716544325 0.038321903993545785 0.020327498588368152
0 0.6948366276724486 0.6322699040090345 0.04154901169826543 0.012140033879164314
0 0.7373941105284388 0.6287408243929983 0.03307785397337636 0.019198193111236588
0 0.7593787817668415 0.6328345567476003 0.014118596208148447 0.009316770186335404
0 0.7736990722065349 0.6393280632411067 0.026623638563937072 0.023433088650479956
0 0.8267446551028641 0.6339638622247318 0.021379588543767647 0.01101072840203275
0 0.8533682936668011 0.6297289666854884 0.027833803953206938 0.017786561264822136
0 0.8914885034288019 0.6302936194240542 0.03872529245663574 0.01948051948051948
0 0.8747478822105688 0.6266233766233766 0.0028237192416296895 0.003105590062111801
0 0.1617587736990722 0.6798418972332015 0.03307785397337636 0.019198193111236588
0 0.18697055264219442 0.6840767927724449 0.02218636546994756 0.011857707509881422
0 0.22206534893102056 0.6840767927724449 0.051230334812424366 0.012987012987012988
0 0.29265832997176283 0.6830886504799548 0.018959257765227916 0.012140033879164314
0 0.31867688584106496 0.6829474872953134 0.03469140782573618 0.011857707509881422
0 0.372730939895119 0.685064935064935 0.016942315449778138 0.012140033879164314
0 0.4292053247277128 0.6822416713721061 0.03307785397337636 0.018351214003387916
0 0.4564340459862848 0.6811123658949746 0.019766034691407825 0.0189158667419537
0 0.4507866075030254 0.677442123094297 0.0028237192416296895 0.001976284584980237
0 0.4757966922146027 0.6801242236024845 0.040742234772085516 0.020327498588368152
0 0.5463896732553449 0.6797007340485601 0.02864058087938685 0.0189158667419537
0 0.5752319483662768 0.6842179559570863 0.03227107704719645 0.01383399209486166
0 0.5972166196046793 0.6854884246188594 0.018152480839048003 0.010163749294184076
0 0.6224283985478015 0.6822416713721061 0.03227107704719645 0.01948051948051948
0 0.6706333198870512 0.6802653867871259 0.06413876563130294 0.021739130434782608
0 0.7240822912464704 0.6863354037267081 0.004840661557079467 0.00564652738565782
