0 0.14743848325937878 0.26990400903444384 0.014118596208148447 0.01637492941840768
0 0.15671641791044777 0.2738565782044043 0.013311819281968536 0.009034443817052512
0 0.1680112948769665 0.2715979672501412 0.007664380798709157 0.014116318464144552
0 0.17386042759177087 0.27060982495765107 0.007260992335619202 0.014963297571993224
0 0.20209762000806777 0.27540937323546016 0.04759983864461476 0.007622811970638058
0 0.20855183541750705 0.2636928289102202 0.0016135538523598225 0.002258610954263128
0 0.23215006050826947 0.282326369282891 0.00927793465106898 0.024844720496894408
0 0.27309398951189995 0.2717391304347826 0.020976200080677694 0.020045172219085264
0 0.300121016538927 0.2758328627893845 0.02743041549011698 0.00846979107848673
0 0.32775312626058895 0.2768210050818746 0.02864058087938685 0.009881422924901186
0 0.3773699072206535 0.27343308865047994 0.018152480839048003 0.016092603049124788
0 0.39511899959661156 0.275974025974026 0.014118596208148447 0.009316770186335404
0 0.4062121823315853 0.27653867871259175 0.008067769261799113 0.007622811970638058
0 0.41750705929810406 0.2769621682665161 0.012101653892698669 0.00846979107848673
0 0.43485276321097216 0.2735742518351214 0.016135538523598225 0.018633540372670808
0 0.4515933844292053 0.27752682100508186 0.01653892698668818 0.009599096555618294
0 0.46571198063735375 0.2738565782044043 0.00927793465106898 0.014680971202710334
0 0.4747882210568778 0.2735742518351214 0.009681323114158934 0.015245623941276116
0 0.4800322710770472 0.26651609260304915 0.0024203307785397336 0.005081874647092038
0 0.49415086728519564 0.27780914737436474 0.01290843081887858 0.012987012987012988
0 0.5439693424768052 0.27413890457368717 0.01734570391286809 0.01129305477131564
0 0.5625252117789431 0.27442123094297005 0.014925373134328358 0.009034443817052512
0 0.5631302944735781 0.2639751552795031 0.0016135538523598225 0.004517221908526256
0 0.5744251714400969 0.281055900621118 0.012101653892698669 0.020609824957651044
0 0.5871319080274304 0.2751270468661773 0.007664380798709157 0.009881422924901186
0 0.5845098830173457 0.26651609260304915 0.0016135538523598225 0.0016939582156973462
0 0.6127470754336426 0.27188029361942406 0.04437273093989512 0.019198193111236588
0 0.6734570391286809 0.27710333145115756 0.02702702702702703 0.010446075663466968
0 0.691407825736184 0.27653867871259175 0.014521984671238403 0.009316770186335404
0 0.7162162162162162 0.27343308865047994 0.03428801936264623 0.017221908526256352
0 0.7791448164582493 0.275974025974026 0.04719645018152481 0.010446075663466968
0 0.7985074626865671 0.2641163184641446 0.0060508269463493344 0.0036702428006775835
0 0.8098023396530859 0.2707509881422925 0.01008471157724889 0.01637492941840768
0 0.8235175473981444 0.2735742518351214 0.01734570391286809 0.020892151326933936
0 0.14764017749092376 0.3246753246753247 0.01371520774505849 0.009599096555618294
0 0.16256555062525213 0.3245341614906832 0.01371520774505849 0.007622811970638058
0 0.18414683340056473 0.32679277244494637 0.026220250100847116 0.00818746470920384
0 0.20411456232351755 0.326369282891022 0.008874546187979023 0.00846979107848673
0 0.20129084308188785 0.31648785996612083 0.0024203307785397336 0.00282326369282891
0 0.22388059701492538 0.3235460191981931 0.023396530859217425 0.015810276679841896
0 0.24263816054860832 0.326369282891022 0.008471157724889069 0.007905138339920948
0 0.2581686163775716 0.327639751552795 0.015328761597418314 0.007622811970638058
0 0.2712787414279952 0.32481648785996614 0.011698265429608713 0.016092603049124788
0 0.29144816458249295 0.3231225296442688 0.02864058087938685 0.018351214003387916
0 0.34187172246873737 0.3210050818746471 0.007664380798709157 0.018068887634105024
0 0.3535699878983461 0.32523997741389044 0.010891488503428802 0.009034443817052512
0 0.3499394917305365 0.3157820440429136 0.0012101653892698668 0.002540937323546019
0 0.3745461879790238 0.3234048560135517 0.033481242436466316 0.01383399209486166
0 0.4058087938684954 0.32368718238283456 0.02501008471157725 0.015527950310559006
0 0.4126663977410246 0.31648785996612083 0.0024203307785397336 0.002258610954263128
0 0.4356595401371521 0.33300395256917 0.02743041549011698 0.03303218520609825
0 0.46873739411052845 0.3337097684923772 0.005647438483259379 0.006775832862789385
0 0.4981847519160952 0.3253811405985319 0.012101653892698669 0.016092603049124788
0 0.5165389269866881 0.325098814229249 0.02379991932230738 0.016092603049124788
0 0.5631302944735781 0.325098814229249 0.007260992335619202 0.021174477696216828
0 0.5945945945945946 0.3235460191981931 0.050826946349334406 0.020327498588368152
0 0.5750302541347317 0.3181818181818182 0.002016942315449778 0.0033879164313946925
0 0.6575231948366277 0.32284020327498586 0.023396530859217425 0.016657255787690572
0 0.6736587333602259 0.3234048560135517 0.007260992335619202 0.015527950310559006
0 0.6813231141589351 0.3241106719367589 0.009681323114158934 0.014116318464144552
0 0.691407825736184 0.32792207792207795 0.014521984671238403 0.014398644833427442
0 0.7315449778136345 0.3241106719367589 0.0060508269463493344 0.01693958215697346
0 0.7490923759580476 0.32284020327498586 0.023396530859217425 0.017786561264822136
0 0.7902379991932231 0.32622811970638055 0.012101653892698669 0.010446075663466968
0 0.8013311819281969 0.32171089779785433 0.0052440500201694235 0.0189158667419537
0 0.8118192819685357 0.3265104460756635 0.010891488503428802 0.007622811970638058
0 0.8340056474384833 0.33568605307735744 0.027833803953206938 0.026538678712591756
0 0.14864864864864866 0.3756352343308865 0.01734570391286809 0.00818746470920384
0 0.1653892698668818 0.3728119706380576 0.009681323114158934 0.023997741389045736
0 0.20048406615570794 0.37662337662337664 0.016135538523598225 0.007905138339920948
0 0.2373941105284389 0.37267080745341613 0.020572811617587738 0.017504234895539244
0 0.2444534086325131 0.3660361377752682 0.0016135538523598225 0.001411631846414455
0 0.25877369907220654 0.37224731789949184 0.013311819281968536 0.017221908526256352
0 0.2827753126260589 0.3719649915302089 0.03146430012101654 0.01948051948051948
0 0.33057684550221866 0.3784584980237154 0.025413473174667203 0.007622811970638058
0 0.35699878983461075 0.3791643139469226 0.02743041549011698 0.00846979107848673
0 0.3810004033884631 0.3761998870694523 0.020572811617587738 0.013269339356295878
0 0.4318273497377975 0.379587803500847 0.021379588543767647 0.00818746470920384
0 0.4507866075030254 0.3753529079616036 0.01653892698668818 0.014963297571993224
0 0.4661153691004437 0.3781761716544325 0.012505042355788625 0.009316770186335404
0 0.5006050826946349 0.3825522303783173 0.010488100040338847 0.018068887634105024
0 0.5121016538926987 0.3781761716544325 0.006857603872529245 0.007058159232072276
0 0.5324727712787414 0.38523433088650477 0.03227107704719645 0.022868435911914172
0 0.5564743848325938 0.37676453980801805 0.014118596208148447 0.011575381140598532
0 0.5982250907624042 0.3740824392998306 0.009681323114158934 0.014680971202710334
0 0.6111335215812828 0.37450592885375494 0.01371520774505849 0.01383399209486166
0 0.627470754336426 0.3774703557312253 0.01573215006050827 0.006775832862789385
0 0.6411859620814845 0.37337662337662336 0.0060508269463493344 0.014398644833427442
0 0.6768858410649455 0.37662337662337664 0.017749092375958047 0.009034443817052512
0 0.7236789027833804 0.37775268210050816 0.015328761597418314 0.007340485601355167
0 0.7379991932230738 0.3730942970073405 0.018959257765227916 0.014963297571993224
0 0.745461879790238 0.3663184641445511 0.0024203307785397336 0.0008469791078486731
0 0.7557482855990318 0.37761151891586675 0.014118596208148447 0.013269339356295878
0 0.7771278741427995 0.37676453980801805 0.02379991932230738 0.009881422924901186
0 0.8087938684953611 0.37704686617730093 0.03711173860427592 0.009316770186335404
0 0.7940701895925777 0.38325804630152455 0.003630496167809601 0.013269339356295878
0 0.8434852763210973 0.37549407114624506 0.011294876966518758 0.0016939582156973462
0 0.14320290439693426 0.4192546583850932 0.010488100040338847 0.018068887634105024
0 0.1581282775312626 0.423630717108978 0.01855586930213796 0.007058159232072276
0 0.1744655102864058 0.4213721061547149 0.01734570391286809 0.014963297571993224
0 0.19786204114562322 0.422360248447205 0.02944735780556676 0.020892151326933936
0 0.25554659136748686 0.4257481648785997 0.026220250100847116 0.009034443817052512
0 0.26321097216619604 0.41741953698475437 0.002016942315449778 0.0008469791078486731
0 0.2767244856797096 0.4313946922642575 0.012101653892698669 0.020327498588368152
0 0.2936668011294877 0.4257481648785997 0.02016942315449778 0.018068887634105024
0 0.3110125050423558 0.4243365330321852 0.01290843081887858 0.01637492941840768
0 0.354578459056071 0.42913608130999437 0.015328761597418314 0.007905138339920948
0 0.3854376764824526 0.4257481648785997 0.04235578862444534 0.014680971202710334
0 0.41528842275110933 0.42603049124788256 0.018959257765227916 0.01693958215697346
0 0.48225090762404194 0.42941840767927725 0.045582896329164985 0.01129305477131564
0 0.5110931827349737 0.42970073404856013 0.010488100040338847 0.007905138339920948
0 0.5584913271480436 0.4264539808018069 0.027833803953206938 0.0189158667419537
0 0.5661557079467527 0.4189723320158103 0.003630496167809601 0.002258610954263128
0 0.5796692214602662 0.42913608130999437 0.014521984671238403 0.009599096555618294
0 0.6222267043162566 0.4277244494635799 0.012505042355788625 0.00846979107848673
0 0.6403791851553046 0.42476002258610956 0.01734570391286809 0.016092603049124788
0 0.6579265832997176 0.4292772444946358 0.016135538523598225 0.007622811970638058
0 0.6728519564340459 0.4292772444946358 0.008067769261799113 0.007622811970638058
0 0.6887858007260992 0.42970073404856013 0.013311819281968536 0.009034443817052512
0 0.7025010084711577 0.4257481648785997 0.01653892698668818 0.018633540372670808
0 0.7511093182734974 0.42603049124788256 0.014521984671238403 0.014116318464144552
0 0.7674465510286406 0.4280067758328628 0.01653892698668818 0.010163749294184076
0 0.8152480839048003 0.42970073404856013 0.02501008471157725 0.012422360248447204
0 0.8404598628479225 0.42758328627893843 0.010891488503428802 0.001976284584980237
0 0.1555062525211779 0.4798136645962733 0.022993142396127472 0.007622811970638058
0 0.17386042759177087 0.47995482778091475 0.01371520774505849 0.007340485601355167
0 0.19604679306171843 0.47910784867306605 0.03146430012101654 0.010728402032749858
0 0.218233158531666 0.47586109542631283 0.020976200080677694 0.016092603049124788
0 0.2428398547801533 0.4823546019198193 0.004840661557079467 0.002540937323546019
0 0.2944735780556676 0.47289666854884244 0.023396530859217425 0.01355166572557877
0 0.32432432432432434 0.4764257481648786 0.03227107704719645 0.009881422924901186
0 0.3860427591770875 0.4785431959345003 0.03146430012101654 0.009599096555618294
0 0.3721258572004841 0.4810841332580463 0.002016942315449778 0.001129305477131564
0 0.3914885034288019 0.4696499153020892 0.002016942315449778 0.001976284584980237
0 0.4056070996369504 0.4837662337662338 0.01653892698668818 0.020045172219085264
0 0.4225494150867285 0.4761434217955957 0.01734570391286809 0.016092603049124788
0 0.4376764824526019 0.47684923771880294 0.010488100040338847 0.015810276679841896
0 0.48749495764421136 0.47346132128740825 0.027833803953206938 0.015245623941276116
0 0.4977813634530052 0.4655561829474873 0.0024203307785397336 0.002258610954263128
0 0.5110931827349737 0.4754376058723885 0.014521984671238403 0.010163749294184076
0 0.5568777732956838 0.4810841332580463 0.014118596208148447 0.015245623941276116
0 0.5691811214199274 0.4784020327498588 0.004840661557079467 0.005364201016374929
0 0.600242033077854 0.48616600790513836 0.0500201694231545 0.02710333145115754
0 0.6308995562726906 0.4784020327498588 0.008067769261799113 0.00818746470920384
0 0.6623638563937071 0.4772727272727273 0.004033884630899556 0.007622811970638058
0 0.663574021782977 0.46936758893280633 0.0016135538523598225 0.001411631846414455
0 0.673053650665591 0.4762845849802372 0.013311819281968536 0.01129305477131564
0 0.7047196450181524 0.4764257481648786 0.017749092375958047 0.008752117447769622
0 0.7222670431625655 0.4772727272727273 0.012505042355788625 0.007622811970638058
0 0.7379991932230738 0.4785431959345003 0.014118596208148447 0.009599096555618294
0 0.7620008067769262 0.47811970638057594 0.033884630899556276 0.011575381140598532
0 0.7930617184348527 0.4784020327498588 0.02501008471157725 0.009881422924901186
0 0.8170633319887052 0.47444946357989837 0.02218636546994756 0.017786561264822136
0 0.15046389673255345 0.5276679841897233 0.021782977006857603 0.009034443817052512
0 0.18071803146430013 0.5249858836815359 0.03872529245663574 0.0189158667419537
0 0.2390076643807987 0.5261151891586674 0.010891488503428802 0.01383399209486166
0 0.26663977410246065 0.5245623941276115 0.04033884630899556 0.01693958215697346
0 0.32331585316659944 0.525691699604743 0.018959257765227916 0.009599096555618294
0 0.33783783783783783 0.5238565782044043 0.008471157724889069 0.021174477696216828
0 0.3537716821298911 0.5248447204968945 0.016942315449778138 0.023150762281197064
0 0.3699072206534893 0.5295031055900621 0.014521984671238403 0.008752117447769622
0 0.3949173053650666 0.5242800677583286 0.03307785397337636 0.01355166572557877
0 0.40500201694231547 0.5173630717108978 0.0016135538523598225 0.001411631846414455
0 0.42174263816054863 0.527244494635799 0.01573215006050827 0.007622811970638058
0 0.4346510689794272 0.5367024280067758 0.011698265429608713 0.024844720496894408
0 0.48951189995966116 0.5303500846979108 0.010891488503428802 0.00818746470920384
0 0.5026220250100847 0.5304912478825522 0.01290843081887858 0.00846979107848673
0 0.5135135135135135 0.5280914737436476 0.005647438483259379 0.016657255787690572
0 0.5252117789431222 0.5303500846979108 0.016942315449778138 0.009316770186335404
0 0.5389269866881807 0.5282326369282891 0.01290843081887858 0.01637492941840768
0 0.5576845502218637 0.5273856578204404 0.02379991932230738 0.014680971202710334
0 0.5623235175473982 0.5183512140033879 0.003227107704719645 0.002258610954263128
0 0.5760387252924566 0.5286561264822134 0.012101653892698669 0.009881422924901186
0 0.590560709963695 0.5252682100508187 0.017749092375958047 0.016092603049124788
0 0.6054860830980234 0.5287972896668549 0.008067769261799113 0.00564652738565782
0 0.6183945139169019 0.528514963297572 0.017749092375958047 0.009034443817052512
0 0.6379588543767648 0.5295031055900621 0.018152480839048003 0.00818746470920384
0 0.6492537313432836 0.5149632975719932 0.002016942315449778 0.001129305477131564
0 0.653892698668818 0.525691699604743 0.009681323114158934 0.019762845849802372
0 0.6871722468737395 0.5179277244494636 0.002016942315449778 0.0036702428006775835
0 0.6881807180314643 0.5283738001129306 0.003227107704719645 0.007058159232072276
0 0.6994755949979831 0.527244494635799 0.01290843081887858 0.009881422924901186
0 0.7382008874546188 0.5286561264822134 0.012101653892698669 0.009881422924901186
0 0.7523194836627672 0.5293619424054207 0.017749092375958047 0.00846979107848673
0 0.8087938684953611 0.5352907961603613 0.09439290036304962 0.03557312252964427
0 0.13856393707139975 0.5708639186900056 0.012505042355788625 0.01637492941840768
0 0.15954013715207746 0.5763692828910221 0.025413473174667203 0.00818746470920384
0 0.17870108914885036 0.577922077922078 0.015328761597418314 0.007340485601355167
0 0.1926179911254538 0.5786278938452851 0.013311819281968536 0.009881422924901186
0 0.20673658733360226 0.5820158102766798 0.010891488503428802 0.011575381140598532
0 0.236385639370714 0.5758046301524562 0.04517950786607503 0.01948051948051948
0 0.26966518757563535 0.5773574251835122 0.020572811617587738 0.01693958215697346
0 0.2900363049616781 0.5752399774138904 0.01936264622831787 0.017221908526256352
0 0.3313836224283985 0.5756634669678148 0.008471157724889069 0.017504234895539244
0 0.3434852763210972 0.5784867306606437 0.014925373134328358 0.009034443817052512
0 0.38765631302944736 0.5780632411067194 0.01855586930213796 0.007622811970638058
0 0.40439693424768053 0.5784867306606437 0.014118596208148447 0.007905138339920948
0 0.43848325937878174 0.5704404291360813 0.0024203307785397336 0.003105590062111801
0 0.44130697862041146 0.5798983625070582 0.004033884630899556 0.007905138339920948
0 0.4517950786607503 0.5780632411067194 0.01290843081887858 0.011575381140598532
0 0.4844695441710367 0.5753811405985318 0.05163372327551432 0.020327498588368152
0 0.5207745058491328 0.5766516092603049 0.02016942315449778 0.01948051948051948
0 0.5566760790641387 0.5811688311688312 0.00645421540943929 0.006493506493506494
0 0.5568777732956838 0.5736871823828346 0.0012101653892698668 0.001129305477131564
0 0.5697862041145624 0.5820158102766798 0.014118596208148447 0.008752117447769622
0 0.5984267849939492 0.5786278938452851 0.0060508269463493344 0.015527950310559006
0 0.6165792658329972 0.5783455674760023 0.030254134731746672 0.016657255787690572
0 0.682533279548205 0.5773574251835122 0.035498184751916094 0.01637492941840768
0 0.7051230334812424 0.5796160361377752 0.004840661557079467 0.009034443817052512
0 0.7141992739007664 0.5769339356295878 0.007664380798709157 0.014398644833427442
0 0.7309398951189996 0.577639751552795 0.01371520774505849 0.017504234895539244
0 0.7805566760790641 0.5758046301524562 0.017749092375958047 0.0189158667419537
0 0.799717628075837 0.5786278938452851 0.01734570391286809 0.012140033879164314
0 0.8128277531262605 0.5796160361377752 0.016135538523598225 0.009034443817052512
0 0.8293666801129488 0.5825804630152456 0.0024203307785397336 0.001976284584980237
0 0.1591367486889875 0.6256352343308865 0.05203711173860428 0.018633540372670808
0 0.18858410649455426 0.6260587238848109 0.004437273093989512 0.016092603049124788
0 0.2382008874546188 0.6276115189158668 0.030254134731746672 0.024280067758328628
0 0.2561516740621218 0.6261998870694523 0.007260992335619202 0.01693958215697346
0 0.263614360629286 0.6187182382834556 0.0012101653892698668 0.0008469791078486731
0 0.2753126260588947 0.6274703557312253 0.02379991932230738 0.016092603049124788
0 0.29951593384429204 0.6307171089779785 0.013311819281968536 0.009599096555618294
0 0.3525615167406212 0.6263410502540937 0.020976200080677694 0.017221908526256352
0 0.37373941105284386 0.6307171089779785 0.01653892698668818 0.009599096555618294
0 0.3884630899556273 0.6263410502540937 0.01371520774505849 0.016657255787690572
0 0.40298507462686567 0.629587803500847 0.01936264622831787 0.009599096555618294
0 0.4227511093182735 0.6278938452851497 0.014521984671238403 0.009599096555618294
0 0.4411052843888665 0.6246470920383964 0.01653892698668818 0.020045172219085264
0 0.4570391286809197 0.6307171089779785 0.008874546187979023 0.009599096555618294
0 0.45683743444937475 0.6190005646527386 0.002016942315449778 0.0036702428006775835
0 0.4709560306575232 0.6290231507622812 0.01653892698668818 0.010163749294184076
0 0.4844695441710367 0.616600790513834 0.0024203307785397336 0.00564652738565782
0 0.49939491730536506 0.6288819875776398 0.014521984671238403 0.012140033879164314
0 0.5500201694231545 0.6243647656691135 0.012505042355788625 0.017221908526256352
0 0.5619201290843082 0.6280350084697911 0.004840661557079467 0.007622811970638058
0 0.5748285599031868 0.6288819875776398 0.01371520774505849 0.009316770186335404
0 0.5937878176684147 0.6288819875776398 0.022589753933037516 0.008752117447769622
0 0.6135538523598225 0.626764539808018 0.016942315449778138 0.018633540372670808
0 0.6393707139975797 0.6263410502540937 0.028237192416296894 0.018351214003387916
0 0.6595401371520775 0.6317052512704686 0.014521984671238403 0.014398644833427442
0 0.6587333602258976 0.6260587238848109 0.0024203307785397336 0.003105590062111801
0 0.718031464300121 0.6260587238848109 0.035498184751916094 0.01948051948051948
0 0.7517144009681324 0.6290231507622812 0.02702702702702703 0.011857707509881422
0 0.8027430415490117 0.6324110671936759 0.03065752319483663 0.010163749294184076
0 0.8354175070592981 0.635940146809712 0.033884630899556276 0.03190287972896669
0 0.1563130294473578 0.6750423489553924 0.0318676885841065 0.017504234895539244
0 0.14764017749092376 0.6751835121400339 0.00645421540943929 0.001976284584980237
0 0.18152480839048002 0.6836533032185206 0.016135538523598225 0.016657255787690572
0 0.1809197256958451 0.6892998306041784 0.010891488503428802 0.005928853754940711
0 0.2073416700282372 0.6811123658949746 0.045986284792254944 0.009316770186335404
0 0.23517547398144414 0.6819593450028233 0.0016135538523598225 0.001976284584980237
0 0.28398547801532875 0.6756070016939583 0.003227107704719645 0.018633540372670808
0 0.2942718838241226 0.6805477131564088 0.014925373134328358 0.00818746470920384
0 0.31020572811617586 0.6802653867871259 0.012101653892698669 0.009316770186335404
0 0.3118192819685357 0.6767363071710898 0.003227107704719645 0.0016939582156973462
0 0.3317870108914885 0.6765951439864484 0.021379588543767647 0.017786561264822136
0 0.34973779749899153 0.6813946922642575 0.01855586930213796 0.00818746470920384
0 0.36587333602258976 0.6778656126482213 0.01936264622831787 0.01693958215697346
0 0.41609519967728925 0.6822416713721061 0.01573215006050827 0.009316770186335404
0 0.43041549011698266 0.681253529079616 0.010488100040338847 0.023715415019762844
0 0.47519160951996775 0.6777244494635799 0.03469140782573618 0.020609824957651044
0 0.5201694231544978 0.6908526256352343 0.05687777329568374 0.030491247882552232
0 0.5020169423154498 0.6784302653867871 0.0012101653892698668 0.001129305477131564
0 0.5143202904396934 0.6712309429700734 0.0016135538523598225 0.004799548277809147
0 0.5804759983864461 0.6782891022021457 0.009681323114158934 0.016657255787690572
0 0.6038725292456636 0.67871259175607 0.033884630899556276 0.017504234895539244
0 0.6575231948366277 0.6781479390175043 0.01855586930213796 0.01637492941840768
0 0.6716417910447762 0.6815358554488989 0.01371520774505849 0.011857707509881422
0 0.6845502218636547 0.6808300395256917 0.015328761597418314 0.013269339356295878
0 0.6920129084308189 0.6699604743083004 0.0028237192416296895 0.0033879164313946925
0 0.6970552642194433 0.6822416713721061 0.012101653892698669 0.008752117447769622
0 0.718434852763211 0.6819593450028233 0.02581686163775716 0.012140033879164314
0 0.7379991932230738 0.6780067758328628 0.01653892698668818 0.016657255787690572
0 0.781565147236789 0.6798418972332015 0.012505042355788625 0.010163749294184076
0 0.7950786607503025 0.6794184076792772 0.008067769261799113 0.021174477696216828
0 0.8055667607906414 0.6815358554488989 0.00645421540943929 0.025974025974025976
0 0.8162565550625253 0.6832298136645962 0.014118596208148447 0.01129305477131564
0 0.8344090359015732 0.6818181818181818 0.01734570391286809 0.010163749294184076
0 0.8473174667204518 0.6778656126482213 0.010891488503428802 0.019198193111236588
0 0.8559903186768858 0.6911349520045172 0.007260992335619202 0.007905138339920948
0 0.14259782170229932 0.7226143421795596 0.007664380798709157 0.016092603049124788
0 0.16417910447761194 0.7238848108413326 0.029850746268656716 0.018633540372670808
0 0.22307382008874546 0.730378317334839 0.048406615570794675 0.007905138339920948
0 0.23477208551835418 0.7212027103331451 0.003227107704719645 0.007058159232072276
0 0.25332795482049214 0.7324957651044608 0.008067769261799113 0.007622811970638058
0 0.26845502218636547 0.7316487859966121 0.018959257765227916 0.009316770186335404
0 0.28418717224687373 0.7289666854884246 0.013311819281968536 0.006211180124223602
0 0.28398547801532875 0.7340485601355167 0.011294876966518758 0.003952569169960474
0 0.3108108108108108 0.72656691134952 0.031060911657926585 0.020045172219085264
0 0.3701089148850343 0.7274138904573687 0.033481242436466316 0.017221908526256352
0 0.39431222267043164 0.730660643704122 0.011698265429608713 0.010728402032749858
0 0.40843081887858007 0.7312252964426877 0.012505042355788625 0.009034443817052512
0 0.4390883420734167 0.7327780914737436 0.04881000403388463 0.012140033879164314
0 0.5062525211778943 0.7308018068887634 0.015328761597418314 0.011575381140598532
0 0.5240016135538523 0.7308018068887634 0.014521984671238403 0.011575381140598532
0 0.5417507059298104 0.7340485601355167 0.016942315449778138 0.01637492941840768
0 0.5584913271480436 0.7271315640880859 0.011698265429608713 0.016092603049124788
0 0.5707946752722872 0.7309429700734048 0.011294876966518758 0.009034443817052512
0 0.5863251311012505 0.7329192546583851 0.014925373134328358 0.00846979107848673
0 0.5841064945542558 0.7233201581027668 0.0024203307785397336 0.001129305477131564
0 0.6060911657926583 0.7292490118577075 0.02218636546994756 0.01693958215697346
0 0.6327148043565954 0.7278373800112931 0.02379991932230738 0.019198193111236588
0 0.6922146026623639 0.7300959909655562 0.02016942315449778 0.014680971202710334
0 0.7121823315853166 0.73729531338227 0.021379588543767647 0.021174477696216828
0 0.7583703106091165 0.7312252964426877 0.016135538523598225 0.009599096555618294
0 0.7853973376361436 0.7378599661208357 0.01371520774505849 0.022303783173348392
0 0.7989108511496571 0.7320722755505364 0.0060508269463493344 0.009599096555618294
0 0.8293666801129488 0.7354601919819311 0.05244050020169423 0.017504234895539244
