0 0.15147236789027835 0.2245906267645398 0.0060508269463493344 0.01948051948051948
0 0.16276724485679708 0.23037831733483907 0.013311819281968536 0.010728402032749858
0 0.209156918112142 0.22501411631846416 0.014118596208148447 0.01355166572557877
0 0.22589753933037515 0.22473178994918125 0.011294876966518758 0.014116318464144552
0 0.24425171440096813 0.22416713721061546 0.013311819281968536 0.015245623941276116
0 0.2601855586930214 0.22402597402597402 0.016942315449778138 0.010446075663466968
0 0.3051633723275514 0.22430830039525693 0.014118596208148447 0.011575381140598532
0 0.3206938281565147 0.22600225861095427 0.014521984671238403 0.009316770186335404
0 0.3608309802339653 0.2248729531338227 0.013311819281968536 0.013269339356295878
0 0.3781766841468334 0.2245906267645398 0.014925373134328358 0.01101072840203275
0 0.3892698668818072 0.23249576510446077 0.016942315449778138 0.02456239412761152
0 0.4126663977410246 0.22910784867306608 0.03307785397337636 0.009316770186335404
0 0.46026623638563935 0.2245906267645398 0.009681323114158934 0.01948051948051948
0 0.47398144413069787 0.22939017504234896 0.012101653892698669 0.007622811970638058
0 0.5209762000806777 0.22501411631846416 0.026220250100847116 0.017504234895539244
0 0.5524405002016942 0.22628458498023715 0.03751512706736587 0.0189158667419537
0 0.6167809600645422 0.23080180688876342 0.01371520774505849 0.016092603049124788
0 0.6311012505042356 0.22543760587238848 0.014118596208148447 0.017786561264822136
0 0.6419927390076644 0.22939017504234896 0.007664380798709157 0.00818746470920384
0 0.6532876159741832 0.2236024844720497 0.007664380798709157 0.015245623941276116
0 0.662767244856797 0.22840203274985885 0.008067769261799113 0.007340485601355167
0 0.6758773699072207 0.2326369282891022 0.014118596208148447 0.01693958215697346
0 0.691004437273094 0.22755505364201017 0.008874546187979023 0.007340485601355167
0 0.7061315046389673 0.22684923771880294 0.011698265429608713 0.006493506493506494
0 0.7208551835417507 0.23094297007340486 0.008874546187979023 0.015245623941276116
0 0.7402178297700686 0.22557876905702992 0.022589753933037516 0.01693958215697346
0 0.7928600242033078 0.22882552230378317 0.020572811617587738 0.009881422924901186
0 0.8122226704316257 0.22388481084133258 0.007664380798709157 0.014116318464144552
0 0.14965711980637353 0.2780914737436477 0.01371520774505849 0.007905138339920948
0 0.1661960467930617 0.27837380011293056 0.015328761597418314 0.006775832862789385
0 0.19060104881000403 0.28486730660643705 0.02702702702702703 0.03557312252964427
0 0.23275514320290439 0.2792207792207792 0.003227107704719645 0.00846979107848673
0 0.2353771682129891 0.2694805194805195 0.002016942315449778 0.001976284584980237
0 0.24687373941105284 0.2792207792207792 0.01371520774505849 0.010728402032749858
0 0.28862444534086323 0.27555053642010163 0.021379588543767647 0.015810276679841896
0 0.3051633723275514 0.2776679841897233 0.00927793465106898 0.009316770186335404
0 0.31464300121016536 0.27837380011293056 0.00645421540943929 0.006775832862789385
0 0.35417507059298103 0.28839638622247316 0.06292860024203308 0.023433088650479956
0 0.3499394917305365 0.27837380011293056 0.008471157724889069 0.003952569169960474
0 0.43142396127470756 0.2738565782044043 0.01653892698668818 0.014116318464144552
0 0.45320693828156516 0.27752682100508186 0.019766034691407825 0.00846979107848673
0 0.46954417103670837 0.2727272727272727 0.010488100040338847 0.015810276679841896
0 0.5237999193223074 0.275974025974026 0.027833803953206938 0.016657255787690572
0 0.5457845905607099 0.27865612648221344 0.01290843081887858 0.010728402032749858
0 0.5574828559903187 0.2782326369282891 0.011294876966518758 0.009316770186335404
0 0.5897539330375151 0.2670807453416149 0.0024203307785397336 0.0033879164313946925
0 0.590560709963695 0.27865612648221344 0.003227107704719645 0.009034443817052512
0 0.6024606696248487 0.27964426877470355 0.014118596208148447 0.007622811970638058
0 0.6540943929003631 0.27653867871259175 0.031060911657926585 0.023433088650479956
0 0.6791044776119403 0.27936194240542067 0.01734570391286809 0.009316770186335404
0 0.6861637757160145 0.26990400903444384 0.0024203307785397336 0.0016939582156973462
0 0.6966518757563533 0.2789384528514963 0.011294876966518758 0.009034443817052512
0 0.709156918112142 0.2787972896668549 0.014521984671238403 0.008752117447769622
0 0.7486889874949576 0.277244494635799 0.016135538523598225 0.00846979107848673
0 0.763614360629286 0.27851496329757197 0.01371520774505849 0.008752117447769622
0 0.7797498991528842 0.2790796160361378 0.01290843081887858 0.006493506493506494
0 0.7868091972569584 0.27343308865047994 0.010891488503428802 0.015527950310559006
0 0.15590964098426785 0.325098814229249 0.019766034691407825 0.0189158667419537
0 0.18898749495764422 0.3297571993224167 0.04154901169826543 0.00846979107848673
0 0.2144009681323114 0.33130999435347264 0.00927793465106898 0.008752117447769622
0 0.2252924566357402 0.32058159232072275 0.002016942315449778 0.002540937323546019
0 0.22751109318273496 0.3300395256916996 0.003227107704719645 0.007905138339920948
0 0.2507059298104074 0.3290513833992095 0.02944735780556676 0.009881422924901186
0 0.2825736183945139 0.33300395256917 0.003630496167809601 0.002540937323546019
0 0.32513110125050426 0.325098814229249 0.02016942315449778 0.017221908526256352
0 0.34610730133118195 0.3287690570299266 0.01936264622831787 0.008752117447769622
0 0.39511899959661156 0.3296160361377753 0.014118596208148447 0.011575381140598532
0 0.4128680919725696 0.3290513833992095 0.014925373134328358 0.01101072840203275
0 0.4372730939895119 0.32707509881422925 0.03307785397337636 0.017221908526256352
0 0.4443323920935861 0.3181818181818182 0.002016942315449778 0.0033879164313946925
0 0.4626865671641791 0.3277809147374365 0.01371520774505849 0.015245623941276116
0 0.472771278741428 0.3308865047995483 0.007260992335619202 0.010163749294184076
0 0.4764017749092376 0.3198757763975155 0.003227107704719645 0.002258610954263128
0 0.4881000403388463 0.3255223037831734 0.017749092375958047 0.015245623941276116
0 0.49394917305365066 0.31648785996612083 0.002016942315449778 0.00282326369282891
0 0.5159338442920532 0.3290513833992095 0.029850746268656716 0.01101072840203275
0 0.5653489310205728 0.3277809147374365 0.012505042355788625 0.009034443817052512
0 0.5762404195240016 0.3243929983060418 0.008471157724889069 0.020892151326933936
0 0.5990318676885841 0.3269339356295878 0.008874546187979023 0.01637492941840768
0 0.6173860427591771 0.3277809147374365 0.024606696248487294 0.018633540372670808
0 0.6468334005647438 0.33018068887634106 0.0326744655102864 0.012140033879164314
0 0.7077450584913272 0.3287690570299266 0.031060911657926585 0.009881422924901186
0 0.7365873336022589 0.3253811405985319 0.022589753933037516 0.014963297571993224
0 0.7539330375151271 0.326369282891022 0.011294876966518758 0.010728402032749858
0 0.7985074626865671 0.3287690570299266 0.018959257765227916 0.008752117447769622
0 0.8188785800726099 0.3232636928289102 0.01936264622831787 0.018633540372670808
0 0.8229124647035094 0.3167701863354037 0.0024203307785397336 0.00282326369282891
0 0.8331988705123033 0.32834556747600224 0.008471157724889069 0.010728402032749858
0 0.8469140782573619 0.3265104460756635 0.018152480839048003 0.017786561264822136
0 0.1464300121016539 0.3674477696216827 0.0016135538523598225 0.001411631846414455
0 0.15570794675272287 0.37789384528514963 0.02016942315449778 0.012704686617730096
0 0.1926179911254538 0.38085827216261997 0.014118596208148447 0.00846979107848673
0 0.20572811617587736 0.3800112930547713 0.012101653892698669 0.007340485601355167
0 0.22408229124647036 0.3793054771315641 0.024606696248487294 0.007622811970638058
0 0.2658329971762808 0.3805759457933371 0.0024203307785397336 0.006775832862789385
0 0.26744655102864057 0.3699887069452287 0.0016135538523598225 0.001411631846414455
0 0.2771278741427995 0.3815640880858272 0.01290843081887858 0.009316770186335404
0 0.3152480839048003 0.3802936194240542 0.014118596208148447 0.009599096555618294
0 0.33501411859620817 0.3794466403162055 0.022993142396127472 0.010728402032749858
0 0.32755143202904397 0.37012987012987014 0.0024203307785397336 0.002258610954263128
0 0.35518354175070593 0.3802936194240542 0.02218636546994756 0.010163749294184076
0 0.3898749495764421 0.38071710897797856 0.003630496167809601 0.009316770186335404
0 0.3924969745865268 0.3719649915302089 0.0016135538523598225 0.001976284584980237
0 0.4035901573215006 0.3818464144551101 0.01573215006050827 0.007622811970638058
0 0.4509883017345704 0.3759175607001694 0.024203307785397338 0.01948051948051948
0 0.46692214602662363 0.3784584980237154 0.00927793465106898 0.009881422924901186
0 0.47519160951996775 0.37874082439299833 0.007260992335619202 0.00818746470920384
0 0.5046389673255345 0.37761151891586675 0.042759177087535294 0.0189158667419537
0 0.5014118596208148 0.3685770750988142 0.0024203307785397336 0.002540937323546019
0 0.563937071399758 0.38438735177865613 0.015328761597418314 0.020045172219085264
0 0.5778539733763615 0.37874082439299833 0.012505042355788625 0.007058159232072276
0 0.5887454618797903 0.3771880293619424 0.008471157724889069 0.014116318464144552
0 0.6010488100040339 0.37662337662337664 0.01936264622831787 0.014116318464144552
0 0.6236385639370714 0.3865047995482778 0.02581686163775716 0.023715415019762844
0 0.663574021782977 0.36773009599096557 0.0024203307785397336 0.002540937323546019
0 0.6651875756353368 0.37859966120835686 0.004033884630899556 0.007340485601355167
0 0.6776926179911255 0.37888198757763975 0.011294876966518758 0.006775832862789385
0 0.6766841468334006 0.37337662337662336 0.008471157724889069 0.0036702428006775835
0 0.7341670028237193 0.3790231507622812 0.02501008471157725 0.009316770186335404
0 0.7535296490520371 0.38015245623941274 0.010488100040338847 0.00818746470920384
0 0.7654296087131908 0.37972896668548844 0.012505042355788625 0.009599096555618294
0 0.7789431222267044 0.3761998870694523 0.005647438483259379 0.015527950310559006
0 0.8142396127470755 0.38015245623941274 0.0028237192416296895 0.007058159232072276
0 0.8283582089552238 0.3824110671936759 0.020572811617587738 0.014398644833427442
0 0.8527632109721662 0.37972896668548844 0.011294876966518758 0.002258610954263128
0 0.15127067365873337 0.4376058723884811 0.017749092375958047 0.018633540372670808
0 0.172851956434046 0.43125352907961606 0.02218636546994756 0.009881422924901186
0 0.19887051230334812 0.4301242236024845 0.028237192416296894 0.012704686617730096
0 0.21621621621621623 0.4193958215697346 0.0024203307785397336 0.007058159232072276
0 0.21964501815248083 0.4311123658949746 0.0028237192416296895 0.007340485601355167
0 0.2291246470350948 0.4301242236024845 0.012101653892698669 0.008752117447769622
0 0.24425171440096813 0.42941840767927725 0.01653892698668818 0.011857707509881422
0 0.2599838644614764 0.4342179559570864 0.002016942315449778 0.002258610954263128
0 0.3140379185155305 0.42617165443252397 0.03509479628882614 0.020609824957651044
0 0.37353771682129894 0.4189723320158103 0.021782977006857603 0.002258610954263128
0 0.37333602258975396 0.4302653867871259 0.011698265429608713 0.010728402032749858
0 0.3874546187979024 0.43040654997176736 0.01008471157724889 0.007058159232072276
0 0.40419524001613555 0.42913608130999437 0.020976200080677694 0.011857707509881422
0 0.3961274707543364 0.41826651609260307 0.0016135538523598225 0.003105590062111801
0 0.4263816054860831 0.42730095990965555 0.022589753933037516 0.016092603049124788
0 0.45018152480839047 0.4302653867871259 0.01936264622831787 0.009599096555618294
0 0.4536103267446551 0.4205251270468662 0.002016942315449778 0.001411631846414455
0 0.46974586526825335 0.4289949181253529 0.013311819281968536 0.00818746470920384
0 0.4868898749495764 0.4264539808018069 0.020976200080677694 0.017786561264822136
0 0.5568777732956838 0.4257481648785997 0.05445744251714401 0.020327498588368152
0 0.5465913674868899 0.42701863354037267 0.004033884630899556 0.012704686617730096
0 0.5756353368293666 0.41854884246188595 0.012101653892698669 0.001411631846414455
0 0.5897539330375151 0.4309712027103331 0.011294876966518758 0.007622811970638058
0 0.6018555869302138 0.43167701863354035 0.011294876966518758 0.007340485601355167
0 0.6149657119806373 0.43153585544889894 0.00927793465106898 0.00818746470920384
0 0.6296893908834207 0.4332298136645963 0.015328761597418314 0.008752117447769622
0 0.6232351754739814 0.43464144551101075 0.0016135538523598225 0.0008469791078486731
0 0.655304558289633 0.4333709768492377 0.022993142396127472 0.006775832862789385
0 0.6760790641387656 0.4308300395256917 0.015328761597418314 0.007340485601355167
0 0.690399354578459 0.42617165443252397 0.00927793465106898 0.016092603049124788
0 0.7004840661557079 0.42603049124788256 0.007664380798709157 0.015245623941276116
0 0.7115772488906817 0.4364765669113495 0.004033884630899556 0.006775832862789385
0 0.7406212182331585 0.42814793901750425 0.010488100040338847 0.015527950310559006
0 0.7569584509883017 0.42828910220214567 0.014118596208148447 0.01693958215697346
0 0.772892295280355 0.43167701863354035 0.016942315449778138 0.010728402032749858
0 0.8202904396934247 0.42405420666290233 0.031060911657926585 0.018068887634105024
0 0.8380395320693829 0.41967814793901753 0.002016942315449778 0.001976284584980237
0 0.8396530859217426 0.42941840767927725 0.003630496167809601 0.007905138339920948
0 0.8475191609519968 0.42941840767927725 0.009681323114158934 0.00846979107848673
0 0.8477208551835418 0.42377188029361945 0.006857603872529245 0.0033879164313946925
0 0.8604275917708754 0.4292772444946358 0.01290843081887858 0.012704686617730096
0 0.1508672851956434 0.4805194805194805 0.016135538523598225 0.010163749294184076
0 0.1464300121016539 0.48757763975155277 0.003227107704719645 0.010163749294184076
0 0.163574021782977 0.4782608695652174 0.008471157724889069 0.014680971202710334
0 0.1863654699475595 0.48771880293619424 0.035498184751916094 0.021739130434782608
0 0.218233158531666 0.4817899491812535 0.017749092375958047 0.006493506493506494
0 0.23376361436062928 0.4815076228119706 0.006857603872529245 0.007058159232072276
0 0.24021782977006859 0.48221343873517786 0.0028237192416296895 0.006211180124223602
0 0.24122630092779346 0.4709203839638622 0.0016135538523598225 0.001129305477131564
0 0.25131101250504234 0.47896668548842464 0.014521984671238403 0.014398644833427442
0 0.263412666397741 0.4827780914737436 0.004840661557079467 0.009034443817052512
0 0.3007260992335619 0.481931112365895 0.019766034691407825 0.007340485601355167
0 0.31787010891488504 0.4823546019198193 0.014521984671238403 0.008752117447769622
0 0.33521581282775315 0.4775550536420102 0.01936264622831787 0.017786561264822136
0 0.3892698668818072 0.48207227555053644 0.041145623235175476 0.008752117447769622
0 0.4134731746672045 0.4784020327498588 0.009681323114158934 0.01383399209486166
0 0.4322307382008875 0.4786843591191417 0.026220250100847116 0.016657255787690572
0 0.4507866075030254 0.480660643704122 0.01008471157724889 0.007058159232072276
0 0.47297297297297297 0.4878599661208357 0.003630496167809601 0.007905138339920948
0 0.5086728519564341 0.4810841332580463 0.02581686163775716 0.00846979107848673
0 0.5248083904800322 0.48094297007340486 0.003227107704719645 0.007058159232072276
0 0.5375151270673659 0.4823546019198193 0.011698265429608713 0.00818746470920384
0 0.5492133924969745 0.47939017504234893 0.00927793465106898 0.01355166572557877
0 0.5657523194836628 0.47967250141163187 0.01734570391286809 0.01129305477131564
0 0.581081081081081 0.4841897233201581 0.0028237192416296895 0.0016939582156973462
0 0.5843081887858007 0.4774138904573687 0.0028237192416296895 0.0016939582156973462
0 0.6298910851149657 0.4709203839638622 0.014118596208148447 0.005081874647092038
0 0.655304558289633 0.4771315640880858 0.02944735780556676 0.014680971202710334
0 0.6742638160548609 0.4712027103331451 0.0028237192416296895 0.0033879164313946925
0 0.6756756756756757 0.48122529644268774 0.003227107704719645 0.007058159232072276
0 0.6851553045582897 0.4803783173348391 0.012505042355788625 0.007622811970638058
0 0.7016942315449778 0.4774138904573687 0.018152480839048003 0.010728402032749858
0 0.708753529649052 0.4699322416713721 0.0016135538523598225 0.001411631846414455
0 0.7131908027430416 0.4785431959345003 0.003227107704719645 0.007340485601355167
0 0.7228721258572005 0.470214568040655 0.004033884630899556 0.0036702428006775835
0 0.7349737797498992 0.47939017504234893 0.012101653892698669 0.009599096555618294
0 0.781565147236789 0.4764257481648786 0.014118596208148447 0.012140033879164314
0 0.7924566357402179 0.4775550536420102 0.008471157724889069 0.015527950310559006
0 0.8059701492537313 0.480660643704122 0.016135538523598225 0.007622811970638058
0 0.8221056877773296 0.4798136645962733 0.01371520774505849 0.00818746470920384
0 0.836829366680113 0.4772727272727273 0.014925373134328358 0.016092603049124788
0 0.8525615167406212 0.48207227555053644 0.011698265429608713 0.01101072840203275
0 0.8491327148043566 0.48687182382834554 0.003227107704719645 0.0008469791078486731
0 0.15853166599435256 0.5327498588368154 0.04033884630899556 0.010163749294184076
0 0.18757563533682936 0.5293619424054207 0.01855586930213796 0.014680971202710334
0 0.22710770471964503 0.5382552230378317 0.015328761597418314 0.017221908526256352
0 0.24586526825332797 0.5328910220214568 0.022993142396127472 0.009881422924901186
0 0.2672448567970956 0.5398080180688877 0.01573215006050827 0.020892151326933936
0 0.282170229931424 0.5317617165443252 0.012505042355788625 0.01101072840203275
0 0.32876159741831384 0.5316205533596838 0.017749092375958047 0.007905138339920948
0 0.34933440903590157 0.5313382269904009 0.02016942315449778 0.010728402032749858
0 0.39411052843888666 0.5319028797289667 0.02581686163775716 0.00846979107848673
0 0.41206131504638965 0.5280914737436476 0.006857603872529245 0.016657255787690572
0 0.45421540943929006 0.5331733483907397 0.03065752319483663 0.010446075663466968
0 0.48527632109721663 0.5368435911914172 0.03227107704719645 0.035290796160361376
0 0.5369100443727309 0.5289384528514963 0.012101653892698669 0.014963297571993224
0 0.5532472771278741 0.5293619424054207 0.018152480839048003 0.014116318464144552
0 0.5720048406615571 0.5309147374364765 0.014521984671238403 0.010446075663466968
0 0.627470754336426 0.528514963297572 0.04235578862444534 0.017504234895539244
0 0.6696248487293264 0.5316205533596838 0.03872529245663574 0.009034443817052512
0 0.691004437273094 0.5324675324675324 0.004840661557079467 0.00846979107848673
0 0.7037111738604276 0.5309147374364765 0.014118596208148447 0.01101072840203275
0 0.7414279951593384 0.5304912478825522 0.016135538523598225 0.009034443817052512
0 0.7529245663574021 0.5255505364201016 0.01008471157724889 0.022303783173348392
0 0.7849939491730537 0.5258328627893846 0.009681323114158934 0.016657255787690572
0 0.8104074223477209 0.5266798418972332 0.04033884630899556 0.0189158667419537
0 0.14521984671238403 0.5763692828910221 0.012101653892698669 0.021739130434782608
0 0.15853166599435256 0.5811688311688312 0.015328761597418314 0.009316770186335404
0 0.17204517950786608 0.5813099943534726 0.014118596208148447 0.009034443817052512
0 0.18515530455828963 0.5773574251835122 0.008067769261799113 0.015245623941276116
0 0.23154497781363453 0.5830039525691699 0.03227107704719645 0.007905138339920948
0 0.25534489713594194 0.580180688876341 0.014521984671238403 0.011857707509881422
0 0.2747075433642598 0.577639751552795 0.008874546187979023 0.015245623941276116
0 0.2954820492133925 0.5800395256916996 0.035901573215006054 0.017221908526256352
0 0.3436869705526422 0.5804630152456239 0.01371520774505849 0.023715415019762844
0 0.35619201290843083 0.5815923207227555 0.010488100040338847 0.007340485601355167
0 0.3674868898749496 0.5820158102766798 0.00645421540943929 0.005928853754940711
0 0.38221056877773296 0.5890739695087521 0.013311819281968536 0.021174477696216828
0 0.39431222267043164 0.5827216261998871 0.014118596208148447 0.009034443817052512
0 0.4227511093182735 0.5780632411067194 0.041145623235175476 0.016657255787690572
0 0.44473578055667606 0.5926030491247882 0.007664380798709157 0.012422360248447204
0 0.4856797095603066 0.5787690570299266 0.01290843081887858 0.014680971202710334
0 0.5020169423154498 0.5832862789384529 0.019766034691407825 0.007905138339920948
0 0.5185558693021379 0.5782044042913608 0.014925373134328358 0.015245623941276116
0 0.5407422347720855 0.5798983625070582 0.007664380798709157 0.014116318464144552
0 0.5673658733360226 0.5889328063241107 0.045582896329164985 0.03670242800677583
0 0.6321097216619604 0.5818746470920384 0.016942315449778138 0.007340485601355167
0 0.6569181121419927 0.5813099943534726 0.02944735780556676 0.010163749294184076
0 0.7109721661960468 0.5822981366459627 0.02218636546994756 0.009316770186335404
0 0.72650262202501 0.577922077922078 0.011294876966518758 0.01693958215697346
0 0.7396127470754337 0.5834274421230943 0.014118596208148447 0.011575381140598532
0 0.7559499798305769 0.5825804630152456 0.015328761597418314 0.00818746470920384
0 0.8083904800322711 0.5767927724449463 0.010488100040338847 0.019198193111236588
0 0.8352158128277531 0.5762281197063805 0.03509479628882614 0.021456804065499716
0 0.15308592174263816 0.6242236024844721 0.024606696248487294 0.019762845849802372
0 0.17305365066559097 0.629587803500847 0.016135538523598225 0.009034443817052512
0 0.19140782573618395 0.6269057029926595 0.019766034691407825 0.017786561264822136
0 0.21379588543767647 0.6305759457933371 0.02501008471157725 0.00818746470920384
0 0.22408229124647036 0.6164596273291926 0.0012101653892698668 0.0008469791078486731
0 0.2392093586123437 0.6322699040090345 0.015328761597418314 0.010446075663466968
0 0.2662363856393707 0.6283173348390739 0.03953206938281565 0.01948051948051948
0 0.34388866478418717 0.633681535855449 0.04477611940298507 0.012140033879164314
0 0.37676482452601856 0.6332580463015246 0.01855586930213796 0.009034443817052512
0 0.3935054457442517 0.6342461885940147 0.01734570391286809 0.007622811970638058
0 0.40782573618394513 0.6342461885940147 0.014521984671238403 0.013269339356295878
0 0.4574425171440097 0.6314229249011858 0.016942315449778138 0.009316770186335404
0 0.4757966922146027 0.6280350084697911 0.012505042355788625 0.02456239412761152
0 0.5336829366680113 0.633681535855449 0.02016942315449778 0.009881422924901186
0 0.5526421944332393 0.6305759457933371 0.014521984671238403 0.017786561264822136
0 0.5677692617991126 0.6343873517786561 0.01573215006050827 0.010163749294184076
0 0.581887858007261 0.6309994353472614 0.008471157724889069 0.019198193111236588
0 0.5917708753529649 0.6348108413325805 0.008067769261799113 0.008752117447769622
0 0.6077047196450182 0.6356578204404292 0.018959257765227916 0.008752117447769622
0 0.6234368697055265 0.6350931677018633 0.01734570391286809 0.009881422924901186
0 0.6464300121016539 0.6318464144551101 0.026220250100847116 0.018068887634105024
0 0.6490520371117386 0.6222473178994918 0.0016135538523598225 0.0033879164313946925
0 0.6748688987494957 0.635940146809712 0.029850746268656716 0.01101072840203275
0 0.6964501815248084 0.6376341050254094 0.0052440500201694235 0.002540937323546019
