0 0.15409439290036306 0.22811970638057594 0.021782977006857603 0.0220214568040655
0 0.17406212182331585 0.23249576510446077 0.00927793465106898 0.014398644833427442
0 0.18697055264219442 0.23644833427442122 0.0028237192416296895 0.0036702428006775835
0 0.2172246873739411 0.22783738001129306 0.024606696248487294 0.020327498588368152
0 0.2444534086325131 0.2365894974590627 0.024203307785397338 0.024280067758328628
0 0.26643807987091567 0.23094297007340486 0.019766034691407825 0.015245623941276116
0 0.28600242033077855 0.2316487859966121 0.014521984671238403 0.011575381140598532
0 0.3279548204921339 0.22769621682665162 0.016135538523598225 0.0189158667419537
0 0.34933440903590157 0.2279785431959345 0.02743041549011698 0.01948051948051948
0 0.3719241629689391 0.23094297007340486 0.01371520774505849 0.012987012987012988
0 0.3850342880193626 0.23122529644268774 0.010891488503428802 0.012422360248447204
0 0.39229528035498185 0.2161208356860531 0.002016942315449778 0.0008469791078486731
0 0.4154901169826543 0.22783738001129306 0.048406615570794675 0.021456804065499716
0 0.4465510286405809 0.22981366459627328 0.008874546187979023 0.01355166572557877
0 0.45784590560709965 0.23066064370412195 0.008874546187979023 0.012422360248447204
0 0.46551028640580877 0.22134387351778656 0.0016135538523598225 0.007340485601355167
0 0.47438483259378783 0.2310841332580463 0.009681323114158934 0.013269339356295878
0 0.5118999596611536 0.2289666854884246 0.01855586930213796 0.009599096555618294
0 0.5080677692617991 0.23588368153585546 0.003630496167809601 0.016657255787690572
0 0.5284388866478419 0.2285431959345003 0.008067769261799113 0.013269339356295878
0 0.5514320290439694 0.2267080745341615 0.033884630899556276 0.019762845849802372
0 0.5772488906817265 0.22910784867306608 0.015328761597418314 0.012140033879164314
0 0.5970149253731343 0.23094297007340486 0.017749092375958047 0.014116318464144552
0 0.6123436869705526 0.22628458498023715 0.014521984671238403 0.022303783173348392
0 0.6068979427188382 0.2140033879164314 0.002016942315449778 0.001129305477131564
0 0.6163775716014522 0.21753246753246752 0.003227107704719645 0.0036702428006775835
0 0.6391690197660347 0.23178994918125354 0.031060911657926585 0.011857707509881422
0 0.6762807583703107 0.2199322416713721 0.003630496167809601 0.003952569169960474
0 0.6776926179911255 0.23150762281197063 0.003227107704719645 0.01129305477131564
0 0.6877773295683743 0.23136645962732919 0.012101653892698669 0.011575381140598532
0 0.7244856797095603 0.23616600790513834 0.017749092375958047 0.022868435911914172
0 0.745663574021783 0.23277809147374365 0.018959257765227916 0.013269339356295878
0 0.7577652279144816 0.221485036702428 0.003630496167809601 0.0036702428006775835
0 0.7597821702299314 0.2341897233201581 0.0028237192416296895 0.009881422924901186
0 0.7736990722065349 0.233201581027668 0.012101653892698669 0.01129305477131564
0 0.7890278338039532 0.22882552230378317 0.01855586930213796 0.017786561264822136
0 0.7948769665187576 0.21936758893280633 0.002016942315449778 0.001129305477131564
0 0.808592174263816 0.23870694522868435 0.014925373134328358 0.021174477696216828
0 0.14764017749092376 0.2811970638057595 0.010488100040338847 0.01355166572557877
0 0.16417910447761194 0.2768210050818746 0.01290843081887858 0.021174477696216828
0 0.18192819685356998 0.2768210050818746 0.024203307785397338 0.021739130434782608
0 0.20169423154497781 0.28176171654432525 0.01290843081887858 0.010728402032749858
0 0.20391286809197257 0.27752682100508186 0.004437273093989512 0.0033879164313946925
0 0.2198467123840258 0.27780914737436474 0.01371520774505849 0.019762845849802372
0 0.21480435659540137 0.26693958215697344 0.002016942315449778 0.0008469791078486731
0 0.2244856797095603 0.269339356295878 0.003630496167809601 0.003952569169960474
0 0.2373941105284389 0.28303218520609824 0.012505042355788625 0.01101072840203275
0 0.25312626058894716 0.2834556747600226 0.01653892698668818 0.012422360248447204
0 0.28398547801532875 0.2898080180688876 0.004840661557079467 0.011575381140598532
0 0.3096006454215409 0.2876905702992659 0.01734570391286809 0.019762845849802372
0 0.3215006050826946 0.28274985883681536 0.003227107704719645 0.01101072840203275
0 0.32311415893505446 0.2707509881422925 0.003227107704719645 0.004517221908526256
0 0.33682936668011293 0.283596837944664 0.01290843081887858 0.011575381140598532
0 0.34630899556272693 0.2707509881422925 0.0028237192416296895 0.00282326369282891
0 0.3473174667204518 0.28387916431394694 0.004840661557079467 0.01101072840203275
0 0.3580072609923356 0.28289102202145683 0.013311819281968536 0.00846979107848673
0 0.37252924566357404 0.2885375494071146 0.012505042355788625 0.018633540372670808
0 0.4247680516337233 0.2782326369282891 0.028237192416296894 0.02456239412761152
0 0.44029850746268656 0.2761151891586674 0.004437273093989512 0.020327498588368152
0 0.4461476401774909 0.2768210050818746 0.004033884630899556 0.0189158667419537
0 0.4794271883824123 0.2826086956521739 0.01653892698668818 0.015245623941276116
0 0.4981847519160952 0.28204404291360813 0.016942315449778138 0.012987012987012988
0 0.5127067365873336 0.2780914737436477 0.005647438483259379 0.018068887634105024
0 0.5314643001210165 0.2802089215132693 0.031060911657926585 0.014398644833427442
0 0.5853166599435257 0.27710333145115756 0.02581686163775716 0.020609824957651044
0 0.6302944735780557 0.2768210050818746 0.03509479628882614 0.01948051948051948
0 0.6928196853569988 0.277244494635799 0.03670835014118596 0.0220214568040655
0 0.7343686970552642 0.281055900621118 0.04154901169826543 0.013269339356295878
0 0.7597821702299314 0.2756916996047431 0.0028237192416296895 0.017221908526256352
0 0.7936668011294877 0.27936194240542067 0.011698265429608713 0.014398644833427442
0 0.8035498184751916 0.2761151891586674 0.00645421540943929 0.018068887634105024
0 0.8122226704316257 0.28147939017504237 0.00927793465106898 0.01355166572557877
0 0.8293666801129488 0.28147939017504237 0.023396530859217425 0.01355166572557877
0 0.8503428801936265 0.2821852060982496 0.009681323114158934 0.01383399209486166
0 0.863654699475595 0.2826086956521739 0.014521984671238403 0.01355166572557877
0 0.8767648245260186 0.27639751552795033 0.01008471157724889 0.020892151326933936
0 0.8888664784187172 0.28091473743647655 0.012505042355788625 0.012422360248447204
0 0.15469947559499797 0.33258046301524563 0.01573215006050827 0.01355166572557877
0 0.17123840258168616 0.3297571993224167 0.012505042355788625 0.018068887634105024
0 0.22872125857200484 0.32792207792207795 0.033884630899556276 0.020045172219085264
0 0.2539330375151271 0.3269339356295878 0.019766034691407825 0.017504234895539244
0 0.25030254134731744 0.31931112365894976 0.0012101653892698668 0.001129305477131564
0 0.26845502218636547 0.3169113495200452 0.003630496167809601 0.0036702428006775835
0 0.26966518757563535 0.3308865047995483 0.003630496167809601 0.010163749294184076
0 0.27853973376361435 0.3197346132128741 0.002016942315449778 0.008752117447769622
0 0.290843081887858 0.3294748729531338 0.011294876966518758 0.01355166572557877
0 0.3469140782573618 0.3334274421230943 0.029043969342476807 0.01355166572557877
0 0.3699072206534893 0.33229813664596275 0.010488100040338847 0.010728402032749858
0 0.3797902379991932 0.31945228684359117 0.003630496167809601 0.0036702428006775835
0 0.38140379185155304 0.33300395256917 0.0028237192416296895 0.009316770186335404
0 0.3894715611133522 0.3290513833992095 0.0012101653892698668 0.001411631846414455
0 0.39854780153287617 0.32792207792207795 0.016135538523598225 0.018351214003387916
0 0.4015732150060508 0.31959345002823264 0.0028237192416296895 0.006211180124223602
0 0.4146833400564744 0.3307453416149068 0.01371520774505849 0.009881422924901186
0 0.43061718434852764 0.33921513269339354 0.014925373134328358 0.020609824957651044
0 0.48124243646631704 0.3328627893845285 0.02743041549011698 0.012987012987012988
0 0.4979830576845502 0.32058159232072275 0.003630496167809601 0.003105590062111801
0 0.5014118596208148 0.33356860530773574 0.003227107704719645 0.010446075663466968
0 0.5211778943122227 0.32735742518351213 0.029850746268656716 0.021739130434782608
0 0.5478015328761597 0.33243929983060416 0.01371520774505849 0.012704686617730096
0 0.5647438483259378 0.33243929983060416 0.016942315449778138 0.010446075663466968
0 0.5790641387656313 0.32919254658385094 0.00927793465106898 0.018068887634105024
0 0.6260588947156112 0.33116883116883117 0.015328761597418314 0.01355166572557877
0 0.6430012101653892 0.33173348390739693 0.014521984671238403 0.010728402032749858
0 0.6583299717628076 0.3321569734613213 0.01290843081887858 0.012140033879164314
0 0.6700282371924163 0.3321569734613213 0.009681323114158934 0.01383399209486166
0 0.6865671641791045 0.3331451157538114 0.011294876966518758 0.00282326369282891
0 0.699273900766438 0.3383681535855449 0.0012101653892698668 0.0008469791078486731
0 0.7059298104074223 0.33455674760022586 0.011294876966518758 0.011857707509881422
0 0.7331585316659943 0.3370976849237719 0.03670835014118596 0.019762845849802372
0 0.7664380798709157 0.33046301524562394 0.029850746268656716 0.01948051948051948
0 0.7900363049616781 0.33300395256917 0.013311819281968536 0.012140033879164314
0 0.799919322307382 0.3328627893845285 0.003227107704719645 0.010728402032749858
0 0.800322710770472 0.3211462450592885 0.0024203307785397336 0.004234895539243365
0 0.8138362242839855 0.33300395256917 0.014118596208148447 0.012704686617730096
0 0.8247277127874143 0.3210050818746471 0.0028237192416296895 0.003952569169960474
0 0.8257361839451391 0.33328627893845286 0.004033884630899556 0.011575381140598532
0 0.8370310609116579 0.3321569734613213 0.016135538523598225 0.010446075663466968
0 0.8555869302137958 0.3385093167701863 0.015328761597418314 0.0220214568040655
0 0.1674062121823316 0.3794466403162055 0.04517950786607503 0.02258610954263128
0 0.20371117386042759 0.38311688311688313 0.024203307785397338 0.012987012987012988
0 0.22670431625655507 0.3877752682100508 0.003227107704719645 0.0036702428006775835
0 0.2613957240822912 0.3793054771315641 0.016135538523598225 0.01948051948051948
0 0.27974989915288423 0.38283455674760025 0.01734570391286809 0.014116318464144552
0 0.29709560306575233 0.3826933935629588 0.01008471157724889 0.013269339356295878
0 0.3045582896329165 0.37775268210050816 0.011294876966518758 0.020892151326933936
0 0.35941912061315046 0.38283455674760025 0.016135538523598225 0.012422360248447204
0 0.3721258572004841 0.3836815358554489 0.003630496167809601 0.01355166572557877
0 0.372932634126664 0.36928289102202144 0.0028237192416296895 0.00282326369282891
0 0.38463089955627267 0.3889045736871824 0.018152480839048003 0.020045172219085264
0 0.3993545784590561 0.37888198757763975 0.015328761597418314 0.017504234895539244
0 0.41327148043565953 0.3784584980237154 0.010891488503428802 0.020609824957651044
0 0.4247680516337233 0.37224731789949184 0.0024203307785397336 0.009316770186335404
0 0.4336425978217023 0.3818464144551101 0.01290843081887858 0.012140033879164314
0 0.4705526421944332 0.38721061547148505 0.01653892698668818 0.020045172219085264
0 0.4844695441710367 0.37972896668548844 0.004840661557079467 0.020327498588368152
0 0.49495764421137556 0.38382269904009036 0.014521984671238403 0.012704686617730096
0 0.5131101250504235 0.3910220214568041 0.01371520774505849 0.020892151326933936
0 0.5506252521177895 0.3747882552230378 0.004033884630899556 0.004799548277809147
0 0.5522388059701493 0.3855166572557877 0.003227107704719645 0.013269339356295878
0 0.563331988705123 0.3865047995482778 0.01734570391286809 0.010163749294184076
0 0.599435256151674 0.3804347826086957 0.026623638563937072 0.0189158667419537
0 0.6208148446954417 0.38438735177865613 0.011294876966518758 0.01383399209486166
0 0.6601452198467124 0.37224731789949184 0.00927793465106898 0.007058159232072276
0 0.6780960064542154 0.3802936194240542 0.023396530859217425 0.020892151326933936
0 0.6938281565147236 0.3791643139469226 0.004033884630899556 0.018068887634105024
0 0.7053247277127874 0.38283455674760025 0.01653892698668818 0.011857707509881422
0 0.7283178701089149 0.3889045736871824 0.019766034691407825 0.021174477696216828
0 0.7650262202501008 0.38085827216261997 0.01653892698668818 0.01355166572557877
0 0.781363453005244 0.3791643139469226 0.011294876966518758 0.021456804065499716
0 0.8311819281968535 0.3784584980237154 0.043162565550625254 0.021739130434782608
0 0.15772488906817264 0.4333709768492377 0.02581686163775716 0.01355166572557877
0 0.18757563533682936 0.43351214003387917 0.026623638563937072 0.01383399209486166
0 0.2099636950383219 0.43054771315640883 0.014118596208148447 0.019762845849802372
0 0.2045179507866075 0.41953698475437606 0.0024203307785397336 0.001129305477131564
0 0.2335619201290843 0.41981931112365894 0.004033884630899556 0.006211180124223602
0 0.23719241629689392 0.4199604743083004 0.0024203307785397336 0.006493506493506494
0 0.27591770875352967 0.43054771315640883 0.012101653892698669 0.011857707509881422
0 0.2898346107301331 0.4313946922642575 0.014925373134328358 0.012987012987012988
0 0.3051633723275514 0.4318181818181818 0.012505042355788625 0.01101072840203275
0 0.3073820088745462 0.4199604743083004 0.0016135538523598225 0.001976284584980237
0 0.31665994352561516 0.43365330321852064 0.008874546187979023 0.012422360248447204
0 0.3293666801129488 0.43195934500282324 0.010891488503428802 0.010728402032749858
0 0.37031060911657926 0.43351214003387917 0.01855586930213796 0.013269339356295878
0 0.38967325534489716 0.43365330321852064 0.017749092375958047 0.01129305477131564
0 0.42496974586526826 0.42080745341614906 0.003630496167809601 0.004799548277809147
0 0.42759177087535294 0.4329474872953134 0.003227107704719645 0.012704686617730096
0 0.44776119402985076 0.4313946922642575 0.03307785397337636 0.021456804065499716
0 0.4715611133521581 0.4332298136645963 0.009681323114158934 0.011575381140598532
0 0.4872932634126664 0.43901750423489555 0.014521984671238403 0.0220214568040655
0 0.5022186365469947 0.43506493506493504 0.01371520774505849 0.014680971202710334
0 0.518152480839048 0.43379446640316205 0.01734570391286809 0.012140033879164314
0 0.5379185155304558 0.4308300395256917 0.01653892698668818 0.020327498588368152
0 0.5536506655909641 0.43351214003387917 0.011698265429608713 0.012704686617730096
0 0.5798709156918113 0.42758328627893843 0.03428801936264623 0.021739130434782608
0 0.6329164985881404 0.42871259175607 0.023396530859217425 0.022868435911914172
0 0.6486486486486487 0.4265951439864483 0.003227107704719645 0.019762845849802372
0 0.6563130294473578 0.4322416713721062 0.008874546187979023 0.014116318464144552
0 0.6760790641387656 0.43365330321852064 0.017749092375958047 0.014116318464144552
0 0.6692214602662364 0.4278656126482213 0.0016135538523598225 0.0008469791078486731
0 0.6912061315046389 0.4342179559570864 0.0052440500201694235 0.01129305477131564
0 0.6926179911254539 0.4184076792772445 0.003227107704719645 0.0033879164313946925
0 0.7022993142396128 0.43379446640316205 0.011294876966518758 0.014398644833427442
0 0.7125857200484066 0.4209486166007905 0.002016942315449778 0.004517221908526256
0 0.7139975796692215 0.43365330321852064 0.004033884630899556 0.012987012987012988
0 0.7331585316659943 0.4330886504799548 0.03428801936264623 0.014116318464144552
0 0.7581686163775716 0.4440993788819876 0.006857603872529245 0.012422360248447204
0 0.7890278338039532 0.4318181818181818 0.01936264622831787 0.016092603049124788
0 0.8071803146430012 0.43068887634105024 0.014521984671238403 0.021174477696216828
0 0.8317870108914885 0.43605307735742516 0.03065752319483663 0.014398644833427442
0 0.15853166599435256 0.480660643704122 0.02743041549011698 0.020045172219085264
0 0.17749092375958048 0.4848955392433653 0.010488100040338847 0.012140033879164314
0 0.23275514320290439 0.480660643704122 0.03872529245663574 0.0189158667419537
0 0.2573618394513917 0.4785431959345003 0.003227107704719645 0.018633540372670808
0 0.26502622025010086 0.4792490118577075 0.003227107704719645 0.020045172219085264
0 0.2769261799112545 0.4947769621682665 0.0060508269463493344 0.016657255787690572
0 0.31343283582089554 0.48461321287408243 0.03307785397337636 0.032467532467532464
0 0.3765631302944736 0.48009599096555616 0.020572811617587738 0.021174477696216828
0 0.39411052843888666 0.48404856013551667 0.00645421540943929 0.014963297571993224
0 0.40661557079467525 0.4880011293054771 0.004033884630899556 0.0036702428006775835
0 0.4376764824526019 0.47571993224167136 0.02581686163775716 0.012422360248447204
0 0.4376764824526019 0.481931112365895 0.004840661557079467 0.01693958215697346
0 0.46873739411052845 0.4839073969508752 0.04195240016135539 0.01355166572557877
0 0.4943525615167406 0.47811970638057594 0.0028237192416296895 0.016092603049124788
0 0.5302541347317467 0.4810841332580463 0.020572811617587738 0.018633540372670808
0 0.5457845905607099 0.48348390739695085 0.01371520774505849 0.014398644833427442
0 0.5586930213795885 0.48433088650479955 0.008067769261799113 0.01383399209486166
0 0.5701895925776522 0.48334274421230944 0.007664380798709157 0.012987012987012988
0 0.5782573618394514 0.47360248447204967 0.0028237192416296895 0.003105590062111801
0 0.5800726099233562 0.48531902879728966 0.003227107704719645 0.010728402032749858
0 0.5939895118999596 0.48320158102766797 0.010891488503428802 0.01101072840203275
0 0.6042759177087536 0.4953416149068323 0.004033884630899556 0.009316770186335404
0 0.6056877773295684 0.48969508752117447 0.0012101653892698668 0.001411631846414455
0 0.645018152480839 0.48461321287408243 0.04759983864461476 0.013269339356295878
0 0.6776926179911255 0.48334274421230944 0.012101653892698669 0.012422360248447204
0 0.7146026623638564 0.4850367024280068 0.02218636546994756 0.012987012987012988
0 0.763614360629286 0.4848955392433653 0.02581686163775716 0.011575381140598532
0 0.7521177894312223 0.48094297007340486 0.0012101653892698668 0.001411631846414455
0 0.7860024203307785 0.4851778656126482 0.013311819281968536 0.011575381140598532
0 0.7983057684550222 0.4837662337662338 0.007260992335619202 0.012704686617730096
0 0.8128277531262605 0.4860248447204969 0.01936264622831787 0.012704686617730096
0 0.8287615974183138 0.4827780914737436 0.003630496167809601 0.018068887634105024
0 0.836224283985478 0.4872953133822699 0.0024203307785397336 0.010163749294184076
0 0.836829366680113 0.47289666854884244 0.0028237192416296895 0.003952569169960474
0 0.8576038725292456 0.487012987012987 0.02581686163775716 0.032185206098249576
0 0.15389269866881808 0.5347261434217956 0.019766034691407825 0.012422360248447204
0 0.17244856797095603 0.5352907961603613 0.01734570391286809 0.010728402032749858
0 0.2281161758773699 0.5327498588368154 0.043969342476805166 0.019198193111236588
0 0.2109721661960468 0.5244212309429701 0.0016135538523598225 0.001411631846414455
0 0.2956837434449375 0.5345849802371542 0.02016942315449778 0.01383399209486166
0 0.32008874546187976 0.5307735742518351 0.024606696248487294 0.018633540372670808
0 0.3741427995159338 0.53613777526821 0.018152480839048003 0.01129305477131564
0 0.39552238805970147 0.5344438170525128 0.01734570391286809 0.010163749294184076
0 0.42396127470754336 0.531055900621118 0.02743041549011698 0.02258610954263128
0 0.4554255748285599 0.5340203274985884 0.026623638563937072 0.01101072840203275
0 0.47216619604679305 0.521880293619424 0.003630496167809601 0.0036702428006775835
0 0.47337636143606293 0.5354319593450029 0.0028237192416296895 0.009316770186335404
0 0.48527632109721663 0.5307735742518351 0.004033884630899556 0.01637492941840768
0 0.48426784993949173 0.5210333145115754 0.0012101653892698668 0.0008469791078486731
0 0.491125453812021 0.5340203274985884 0.004437273093989512 0.01101072840203275
0 0.4919322307382009 0.5214568040654998 0.0028237192416296895 0.0033879164313946925
0 0.5040338846308996 0.5344438170525128 0.01734570391286809 0.012987012987012988
0 0.5223880597014925 0.5338791643139469 0.009681323114158934 0.012987012987012988
0 0.572609923356192 0.5319028797289667 0.043162565550625254 0.02258610954263128
0 0.6143606292860024 0.5351496329757199 0.03630496167809601 0.013269339356295878
0 0.6629689390883421 0.5367024280067758 0.01573215006050827 0.012422360248447204
0 0.6787010891488503 0.5316205533596838 0.01008471157724889 0.020892151326933936
0 0.7303348124243647 0.5327498588368154 0.03993545784590561 0.020327498588368152
0 0.7950786607503025 0.5340203274985884 0.03146430012101654 0.0189158667419537
0 0.8176684146833401 0.5376905702992659 0.010488100040338847 0.012140033879164314
0 0.8414683340056475 0.5330321852060983 0.03227107704719645 0.020892151326933936
0 0.864461476401775 0.5372670807453416 0.011294876966518758 0.01129305477131564
0 0.8688987494957644 0.5328910220214568 0.003227107704719645 0.002540937323546019
0 0.8797902379991932 0.5314793901750423 0.012101653892698669 0.021174477696216828
0 0.8854376764824526 0.5230095990965556 0.003227107704719645 0.0036702428006775835
0 0.8949173053650665 0.5369847543760587 0.010891488503428802 0.010728402032749858
0 0.9092375958047599 0.5372670807453416 0.01290843081887858 0.011857707509881422
0 0.14864864864864866 0.590626764539808 0.018152480839048003 0.0220214568040655
0 0.1663977410246067 0.5861095426312818 0.014118596208148447 0.01129305477131564
0 0.16922146026623638 0.5804630152456239 0.0012101653892698668 0.001129305477131564
0 0.1891891891891892 0.5852625635234331 0.028237192416296894 0.01355166572557877
0 0.20956030657523195 0.5861095426312818 0.011698265429608713 0.01355166572557877
0 0.22488906817265025 0.5862507058159232 0.00927793465106898 0.013269339356295878
0 0.2753126260588947 0.5851214003387917 0.01653892698668818 0.01101072840203275
0 0.2900363049616781 0.581733483907397 0.012101653892698669 0.021174477696216828
0 0.3356192012908431 0.5852625635234331 0.02016942315449778 0.01355166572557877
0 0.3555869302137959 0.5858272162619989 0.01573215006050827 0.010728402032749858
0 0.3751512706736587 0.5810276679841897 0.017749092375958047 0.018633540372670808
0 0.390883420734167 0.58399209486166 0.008874546187979023 0.010446075663466968
0 0.3993545784590561 0.5722755505364201 0.003227107704719645 0.003952569169960474
0 0.40096813231141587 0.5854037267080745 0.0024203307785397336 0.010446075663466968
0 0.41589350544574427 0.5837097684923772 0.01855586930213796 0.0189158667419537
0 0.4356595401371521 0.5828627893845285 0.015328761597418314 0.01948051948051948
0 0.4519967728922953 0.5841332580463016 0.01653892698668818 0.018633540372670808
0 0.49697458652682536 0.5863918690005646 0.01936264622831787 0.014116318464144552
0 0.5213795885437676 0.5851214003387917 0.022993142396127472 0.011575381140598532
0 0.5411456232351755 0.581733483907397 0.01653892698668818 0.0189158667419537
0 0.5536506655909641 0.5701581027667985 0.004437273093989512 0.004234895539243365
0 0.5534489713594192 0.5854037267080745 0.003227107704719645 0.012140033879164314
0 0.5675675675675675 0.580180688876341 0.016135538523598225 0.0220214568040655
0 0.5738200887454619 0.5721343873517787 0.0028237192416296895 0.002540937323546019
0 0.5861234368697055 0.5856860530773574 0.011294876966518758 0.012704686617730096
0 0.6012505042355789 0.5852625635234331 0.014925373134328358 0.01355166572557877
0 0.6192012908430818 0.5883681535855448 0.003227107704719645 0.003952569169960474
