0 0.15449778136345302 0.22684923771880294 0.023396530859217425 0.020045172219085264
0 0.22246873739411052 0.22699040090344438 0.07059298104074223 0.017504234895539244
0 0.26522791448164584 0.23955392433653303 0.008471157724889069 0.006493506493506494
0 0.35074626865671643 0.23404856013551667 0.12384025816861638 0.030491247882552232
0 0.417910447761194 0.2406832298136646 0.009681323114158934 0.007622811970638058
0 0.48204921339249696 0.22967250141163184 0.07583703106091166 0.012704686617730096
0 0.6115369100443727 0.22811970638057594 0.12585720048406615 0.018068887634105024
0 0.5851149657119806 0.220214568040655 0.0028237192416296895 0.002258610954263128
0 0.7494957644211375 0.23503670242800678 0.1073013311819282 0.026821005081874648
0 0.8077853973376361 0.22557876905702992 0.014118596208148447 0.015245623941276116
0 0.17325534489713595 0.2780914737436477 0.07866075030254134 0.020327498588368152
0 0.3110125050423558 0.2779503105590062 0.1653892698668818 0.01948051948051948
0 0.43303751512706734 0.2800677583286279 0.030254134731746672 0.023715415019762844
0 0.4864864864864865 0.2779503105590062 0.04195240016135539 0.0189158667419537
0 0.48527632109721663 0.27103331451157536 0.003227107704719645 0.002258610954263128
0 0.5939895118999596 0.28430265386787124 0.118192819685357 0.03274985883681536
0 0.6151674062121824 0.2683512140033879 0.003227107704719645 0.001976284584980237
0 0.7022993142396128 0.2837380011293055 0.04517950786607503 0.025409373235460192
0 0.22146026623638565 0.3344155844155844 0.16054860830980233 0.03472614342179559
0 0.26502622025010086 0.32185206098249575 0.003227107704719645 0.002258610954263128
0 0.3527632109721662 0.3307453416149068 0.03751512706736587 0.017221908526256352
0 0.4407018959257765 0.3361095426312818 0.11577248890681727 0.03077357425183512
0 0.535699878983461 0.3321569734613213 0.02016942315449778 0.010446075663466968
0 0.6787010891488503 0.3287690570299266 0.21419927390076643 0.016657255787690572
0 0.7686567164179104 0.32241671372106157 0.0028237192416296895 0.00282326369282891
0 0.22226704316256554 0.378317334839074 0.16942315449778136 0.0220214568040655
0 0.16135538523598225 0.3699887069452287 0.003227107704719645 0.002540937323546019
0 0.21924162968939087 0.37012987012987014 0.0028237192416296895 0.002258610954263128
0 0.27611940298507465 0.36928289102202144 0.003630496167809601 0.002258610954263128
0 0.30576845502218636 0.3685770750988142 0.003227107704719645 0.002540937323546019
0 0.31787010891488504 0.3774703557312253 0.024203307785397338 0.019198193111236588
0 0.3259378781766841 0.3901750423489554 0.02581686163775716 0.025409373235460192
0 0.41508672851956435 0.3790231507622812 0.09600645421540945 0.017786561264822136
0 0.4288019362646228 0.37337662337662336 0.003227107704719645 0.0036702428006775835
0 0.5125050423557886 0.3825522303783173 0.04961678096006454 0.02258610954263128
0 0.5679709560306575 0.38015245623941274 0.03711173860427592 0.015527950310559006
0 0.5677692617991126 0.37323546019198195 0.003630496167809601 0.002258610954263128
0 0.6645824929407019 0.38015245623941274 0.10931827349737798 0.017221908526256352
0 0.8077853973376361 0.3793054771315641 0.13432835820895522 0.01948051948051948
0 0.16922146026623638 0.4295595708639187 0.056070996369503835 0.01948051948051948
0 0.2382008874546188 0.4301242236024845 0.0463896732553449 0.018351214003387916
0 0.30254134731746674 0.43252399774138905 0.03227107704719645 0.012422360248447204
0 0.3489310205728116 0.4289949181253529 0.06292860024203308 0.018351214003387916
0 0.46107301331181927 0.42828910220214567 0.10972166196046793 0.019198193111236588
0 0.5655506252521177 0.42970073404856013 0.06776926179911255 0.01693958215697346
0 0.5716014521984671 0.42066629023150764 0.003227107704719645 0.002258610954263128
0 0.636345300524405 0.43351214003387917 0.03751512706736587 0.012704686617730096
0 0.6367486889874949 0.42405420666290233 0.0028237192416296895 0.002258610954263128
0 0.745865268253328 0.4352060982495765 0.12989108511496572 0.025691699604743084
0 0.8229124647035094 0.44212309429700736 0.009681323114158934 0.007905138339920948
0 0.2525211778943122 0.48122529644268774 0.22509076240419523 0.0189158667419537
0 0.4560306575231948 0.4813664596273292 0.1262605889471561 0.019198193111236588
0 0.5189592577652279 0.4761434217955957 0.0028237192416296895 0.002540937323546019
0 0.5274304154901169 0.48404856013551667 0.01653892698668818 0.009881422924901186
0 0.5441710367083501 0.48348390739695085 0.016942315449778138 0.010446075663466968
0 0.5619201290843082 0.487012987012987 0.0024203307785397336 0.0016939582156973462
0 0.6050826946349335 0.47896668548842464 0.03711173860427592 0.0189158667419537
0 0.6881807180314643 0.4803783173348391 0.08955223880597014 0.020045172219085264
0 0.7351754739814441 0.49209486166007904 0.008471157724889069 0.00564652738565782
0 0.8116175877369908 0.4871541501976285 0.127470754336426 0.026256352343308864
0 0.8791851553045583 0.4932241671372106 0.00927793465106898 0.009034443817052512
0 0.17386042759177087 0.5393845285149633 0.07018959257765228 0.0251270468661773
0 0.27067365873336025 0.532326369282891 0.06131504638967326 0.016092603049124788
0 0.3281565147236789 0.532326369282891 0.0536506655909641 0.016092603049124788
0 0.4017749092375958 0.5357142857142857 0.033884630899556276 0.012140033879164314
0 0.4663170633319887 0.5330321852060983 0.06131504638967326 0.01693958215697346
0 0.5395320693828156 0.532608695652174 0.045582896329164985 0.016657255787690572
0 0.6385639370713998 0.5374082439299831 0.11536910044372731 0.026256352343308864
0 0.7987091569181122 0.532608695652174 0.16377571601452198 0.016657255787690572
0 0.15227914481645824 0.5854037267080745 0.031060911657926585 0.0251270468661773
0 0.20411456232351755 0.5832862789384529 0.045986284792254944 0.012422360248447204
0 0.28943122226704315 0.5815923207227555 0.07139975796692215 0.018633540372670808
0 0.3588140379185155 0.5854037267080745 0.018959257765227916 0.010446075663466968
0 0.40661557079467525 0.5824392998306042 0.028237192416296894 0.017504234895539244
0 0.44594594594594594 0.5825804630152456 0.04961678096006454 0.0189158667419537
0 0.42839854780153286 0.5741106719367589 0.003227107704719645 0.002540937323546019
0 0.536304961678096 0.585544889892716 0.0754336425978217 0.011857707509881422
0 0.618596208148447 0.5883681535855448 0.04800322710770472 0.025409373235460192
0 0.6540943929003631 0.58399209486166 0.02702702702702703 0.016092603049124788
0 0.645824929407019 0.577922077922078 0.003227107704719645 0.002258610954263128
0 0.7123840258168617 0.586815358554489 0.035498184751916094 0.01101072840203275
0 0.7188382412263009 0.5777809147374364 0.004033884630899556 0.001976284584980237
0 0.7638160548608309 0.5844155844155844 0.02702702702702703 0.015245623941276116
0 0.7555465913674869 0.5834274421230943 0.003227107704719645 0.001976284584980237
0 0.7872125857200484 0.58399209486166 0.03509479628882614 0.016657255787690572
0 0.1845502218636547 0.6407396950875212 0.07220653489310205 0.023997741389045736
0 0.25958047599838646 0.6355166572557877 0.031060911657926585 0.01129305477131564
0 0.26321097216619604 0.627046866177301 0.004437273093989512 0.002258610954263128
0 0.3281565147236789 0.6346696781479391 0.05929810407422348 0.01637492941840768
0 0.37353771682129894 0.6341050254093732 0.03791851553045583 0.015245623941276116
0 0.35962081484469544 0.6281761716544325 0.0028237192416296895 0.00282326369282891
0 0.4390883420734167 0.6339638622247318 0.040742234772085516 0.018351214003387916
0 0.45966115369100446 0.6429983060417843 0.0028237192416296895 0.001976284584980237
0 0.49596611536910046 0.6350931677018633 0.012505042355788625 0.01383399209486166
0 0.5014118596208148 0.6259175607001694 0.022589753933037516 0.002258610954263128
0 0.5318676885841065 0.6363636363636364 0.0681726502622025 0.01129305477131564
0 0.5516337232755143 0.6266233766233766 0.0028237192416296895 0.002540937323546019
0 0.6315046389673256 0.6362224731789949 0.08027430415490117 0.012140033879164314
0 0.7297297297297297 0.6386222473178995 0.13795885437676483 0.02766798418972332
0 0.6754739814441307 0.6276115189158668 0.003630496167809601 0.00282326369282891
0 0.16841468334005646 0.6835121400338792 0.050423557886244454 0.019762845849802372
0 0.18293666801129488 0.6782891022021457 0.0028237192416296895 0.001976284584980237
0 0.27208551835417505 0.6847826086956522 0.10689794271883823 0.017221908526256352
0 0.345703912868092 0.6843591191417279 0.04437273093989512 0.01693958215697346
0 0.3701089148850343 0.6918407679277244 0.0028237192416296895 0.001976284584980237
