0 0.1389673255344897 0.2611518915866742 0.007664380798709157 0.01693958215697346
0 0.15066559096409843 0.26538678712591757 0.018959257765227916 0.009034443817052512
0 0.1899959661153691 0.2528232636928289 0.03711173860427592 0.004234895539243365
0 0.20310609116579265 0.26228119706380576 0.0326744655102864 0.015245623941276116
0 0.23860427591770875 0.26468097120271034 0.04477611940298507 0.009881422924901186
0 0.26865671641791045 0.2707509881422925 0.02016942315449778 0.019198193111236588
0 0.2662363856393707 0.26905702992659514 0.009681323114158934 0.001129305477131564
0 0.32311415893505446 0.26101072840203277 0.05405405405405406 0.017221908526256352
0 0.34590560709963697 0.2689158667419537 0.01008471157724889 0.001411631846414455
0 0.3860427591770875 0.26679841897233203 0.04033884630899556 0.018633540372670808
0 0.4298104074223477 0.26990400903444384 0.050423557886244454 0.02258610954263128
0 0.4693424768051634 0.264257481648786 0.04477611940298507 0.010163749294184076
0 0.49858814037918514 0.26439864483342745 0.02016942315449778 0.009316770186335404
0 0.5116982654296087 0.26016374929418407 0.012505042355788625 0.017786561264822136
0 0.5530455828963292 0.26905702992659514 0.02743041549011698 0.020892151326933936
0 0.5576845502218637 0.2532467532467532 0.0028237192416296895 0.00282326369282891
0 0.564340459862848 0.2639751552795031 0.007260992335619202 0.009599096555618294
0 0.573215006050827 0.2641163184641446 0.015328761597418314 0.009316770186335404
0 0.5828963291649859 0.2595990965556183 0.010488100040338847 0.017786561264822136
0 0.609116579265833 0.2542348955392434 0.004033884630899556 0.004234895539243365
0 0.6147640177490924 0.26341050254093734 0.008067769261799113 0.010163749294184076
0 0.6284792254941509 0.2628458498023715 0.021782977006857603 0.011857707509881422
0 0.6315046389673256 0.2584697910784867 0.0012101653892698668 0.0008469791078486731
0 0.6768858410649455 0.25917560700169395 0.0500201694231545 0.018633540372670808
0 0.7033077853973376 0.2608695652173913 0.018959257765227916 0.02766798418972332
0 0.7311415893505446 0.26312817617165446 0.043162565550625254 0.010728402032749858
0 0.7226704316256555 0.25296442687747034 0.0028237192416296895 0.0033879164313946925
0 0.7914481645824929 0.2593167701863354 0.08148446954417103 0.017786561264822136
0 0.15590964098426785 0.31084133258046304 0.04154901169826543 0.017504234895539244
0 0.17265026220250101 0.3197346132128741 0.021782977006857603 0.020045172219085264
0 0.20976200080677693 0.3142292490118577 0.023396530859217425 0.010728402032749858
0 0.22892295280354982 0.3145115753811406 0.022993142396127472 0.010163749294184076
0 0.2678499394917305 0.31437041219649914 0.024203307785397338 0.01101072840203275
0 0.291044776119403 0.31084133258046304 0.033481242436466316 0.017504234895539244
0 0.29790237999193225 0.3186053077357425 0.011698265429608713 0.001976284584980237
0 0.34872932634126663 0.31493506493506496 0.052843888664784185 0.009316770186335404
0 0.38241226300927794 0.31507622811970637 0.021782977006857603 0.009034443817052512
0 0.3991528842275111 0.31804065499717676 0.003630496167809601 0.001976284584980237
0 0.4300121016538927 0.3105590062111801 0.02016942315449778 0.017504234895539244
0 0.43586123436869706 0.3016657255787691 0.002016942315449778 0.001411631846414455
0 0.46571198063735375 0.31084133258046304 0.06171843485276321 0.01693958215697346
0 0.5161355385235982 0.30448898927159795 0.004437273093989512 0.004234895539243365
0 0.5197660346914078 0.3090062111801242 0.0012101653892698668 0.0008469791078486731
0 0.5338846308995563 0.3138057594579334 0.02864058087938685 0.01101072840203275
0 0.5774505849132715 0.3135234330886505 0.024606696248487294 0.01101072840203275
0 0.6393707139975797 0.31733483907396953 0.06696248487293263 0.018633540372670808
0 0.6942315449778136 0.31804065499717676 0.05244050020169423 0.021174477696216828
0 0.781363453005244 0.3094297007340486 0.09842678499394918 0.018633540372670808
0 0.8416700282371924 0.3132411067193676 0.011698265429608713 0.001976284584980237
0 0.15752319483662766 0.36335403726708076 0.043969342476805166 0.012422360248447204
0 0.20229931423961275 0.3644833427442123 0.07059298104074223 0.010728402032749858
0 0.23719241629689392 0.36490683229813664 0.007260992335619202 0.009316770186335404
0 0.24142799515933844 0.36024844720496896 0.01008471157724889 0.018633540372670808
0 0.2539330375151271 0.370412196499153 0.004437273093989512 0.006775832862789385
0 0.291246470350948 0.364059853190288 0.04356595401371521 0.01101072840203275
0 0.29850746268656714 0.36914172783738003 0.004840661557079467 0.0008469791078486731
0 0.30395320693828154 0.36914172783738003 0.003630496167809601 0.0008469791078486731
0 0.31444130697862044 0.36053077357425184 0.012505042355788625 0.018068887634105024
0 0.3666801129487697 0.3697063805759458 0.0935861234368697 0.022868435911914172
0 0.4193223073820089 0.3608130999435347 0.03751512706736587 0.017504234895539244
0 0.4945542557482856 0.3619424054206663 0.07583703106091166 0.026538678712591756
0 0.5580879386849537 0.3651891586674195 0.02218636546994756 0.00818746470920384
0 0.6137555465913674 0.3643421795595709 0.10044372730939895 0.009881422924901186
0 0.699677289229528 0.35926030491247885 0.043969342476805166 0.01948051948051948
0 0.7208551835417507 0.364059853190288 0.008067769261799113 0.009316770186335404
0 0.7250907624041952 0.3591191417278374 0.01573215006050827 0.018633540372670808
0 0.7751109318273497 0.36462450592885376 0.050423557886244454 0.03020892151326934
0 0.19584509883017345 0.41233766233766234 0.11738604275917709 0.017221908526256352
0 0.21520774505849133 0.4171372106154715 0.0028237192416296895 0.0008469791078486731
0 0.24405002016942315 0.4203839638622247 0.012101653892698669 0.001129305477131564
0 0.29487696651875756 0.41120835686053075 0.04356595401371521 0.01948051948051948
0 0.3138362242839855 0.4225014116318464 0.02016942315449778 0.022303783173348392
0 0.34530052440500203 0.41544325239977414 0.024203307785397338 0.01101072840203275
0 0.4298104074223477 0.41643139469226426 0.11335215812827754 0.03274985883681536
0 0.5473981444130698 0.41078486730660646 0.08793868495361033 0.020327498588368152
0 0.6167809600645422 0.41516092603049126 0.060508269463493344 0.01101072840203275
0 0.645018152480839 0.41120835686053075 0.01371520774505849 0.018351214003387916
0 0.6682129891085115 0.4031620553359684 0.0028237192416296895 0.005081874647092038
0 0.6762807583703107 0.4150197628458498 0.008471157724889069 0.010728402032749858
0 0.7049213392496975 0.41007905138339923 0.05687777329568374 0.021174477696216828
0 0.7236789027833804 0.40330321852060985 0.005647438483259379 0.005928853754940711
0 0.7428398547801532 0.4153020892151327 0.02218636546994756 0.010728402032749858
0 0.7668414683340057 0.41459627329192544 0.024203307785397338 0.012140033879164314
0 0.7783380395320694 0.4096555618294749 0.014925373134328358 0.020327498588368152
0 0.8229124647035094 0.41007905138339923 0.03630496167809601 0.020609824957651044
0 0.14864864864864866 0.46202710333145114 0.018152480839048003 0.018351214003387916
0 0.17406212182331585 0.4623094297007341 0.043969342476805166 0.017786561264822136
0 0.22025010084711577 0.4658385093167702 0.005647438483259379 0.010728402032749858
0 0.23497377974989916 0.4662619988706945 0.007664380798709157 0.009881422924901186
0 0.28580072609923357 0.4618859401468097 0.09963695038321904 0.019198193111236588
0 0.29144816458249295 0.4710615471485037 0.0028237192416296895 0.0008469791078486731
0 0.38241226300927794 0.46174477696216826 0.05244050020169423 0.020045172219085264
0 0.3973376361436063 0.45553359683794464 0.0024203307785397336 0.001411631846414455
0 0.4072206534893102 0.4614624505928854 0.011698265429608713 0.020045172219085264
0 0.4267849939491731 0.46301524562394125 0.02743041549011698 0.017504234895539244
0 0.4322307382008875 0.4710615471485037 0.010891488503428802 0.0008469791078486731
0 0.4826542960871319 0.4665443252399774 0.043969342476805166 0.01101072840203275
0 0.5463896732553449 0.466403162055336 0.050423557886244454 0.010728402032749858
0 0.5907624041952401 0.46287408243929984 0.045582896329164985 0.018351214003387916
0 0.5885437676482452 0.4528514963297572 0.0024203307785397336 0.001129305477131564
0 0.6524808390480032 0.466403162055336 0.043162565550625254 0.01129305477131564
0 0.6657926583299718 0.4621682665160926 0.0012101653892698668 0.0016939582156973462
0 0.7045179507866075 0.46174477696216826 0.038321903993545785 0.020609824957651044
0 0.7398144413069786 0.4621682665160926 0.01371520774505849 0.018633540372670808
0 0.7622025010084712 0.4618859401468097 0.04235578862444534 0.019762845849802372
0 0.7799515933844292 0.4710615471485037 0.013311819281968536 0.001411631846414455
0 0.16296893908834206 0.5156691134952005 0.03953206938281565 0.011575381140598532
0 0.21500605082694635 0.5186335403726708 0.06615570794675273 0.018633540372670808
0 0.25211778943122226 0.5118577075098815 0.01371520774505849 0.019762845849802372
0 0.2702702702702703 0.516798418972332 0.023396530859217425 0.009881422924901186
0 0.2956837434449375 0.5121400338791643 0.03469140782573618 0.019198193111236588
0 0.35760387252924564 0.5166572557876906 0.051230334812424366 0.010728402032749858
0 0.38866478418717226 0.5124223602484472 0.01573215006050827 0.018633540372670808
0 0.42174263816054863 0.5122811970638057 0.06575231948366277 0.01948051948051948
0 0.45865268253327957 0.5244212309429701 0.005647438483259379 0.00818746470920384
0 0.4953610326744655 0.5162337662337663 0.03307785397337636 0.011575381140598532
0 0.5286405808793868 0.5119988706945229 0.04719645018152481 0.020045172219085264
0 0.5843081887858007 0.5165160926030491 0.026220250100847116 0.01101072840203275
0 0.6075030254134732 0.5162337662337663 0.023396530859217425 0.011575381140598532
0 0.6294876966518758 0.5118577075098815 0.0391286809197257 0.020327498588368152
0 0.6107301331181928 0.5128458498023716 0.0016135538523598225 0.0008469791078486731
0 0.6849536103267446 0.5162337662337663 0.042759177087535294 0.012140033879164314
0 0.7277127874142799 0.5169395821569734 0.024203307785397338 0.010728402032749858
0 0.7666397741024606 0.519339356295878 0.03993545784590561 0.020609824957651044
0 0.8154497781363453 0.5124223602484472 0.06655909640984267 0.019762845849802372
0 0.8481242436466317 0.5029644268774703 0.0012101653892698668 0.0008469791078486731
0 0.8713190802743042 0.512987012987013 0.04517950786607503 0.018633540372670808
0 0.17103670835014118 0.5673348390739695 0.0572811617587737 0.01101072840203275
0 0.19846712384025816 0.5633822699040091 0.011294876966518758 0.017221908526256352
0 0.28499394917305365 0.5645115753811406 0.12222670431625655 0.027385657820440428
0 0.24122630092779346 0.5639469226425748 0.0016135538523598225 0.001411631846414455
0 0.36829366680112946 0.5629587803500847 0.04679306171843485 0.019198193111236588
0 0.42698668818071805 0.5638057594579333 0.035901573215006054 0.018068887634105024
0 0.47781363453005243 0.5632411067193676 0.056070996369503835 0.019198193111236588
0 0.5231948366276724 0.5563241106719368 0.003227107704719645 0.005364201016374929
0 0.5286405808793868 0.5683229813664596 0.0060508269463493344 0.009034443817052512
0 0.5389269866881807 0.567476002258611 0.02016942315449778 0.010163749294184076
0 0.5873336022589754 0.5635234330886505 0.0572811617587737 0.018633540372670808
0 0.6617587736990722 0.5629587803500847 0.0681726502622025 0.019198193111236588
0 0.699878983461073 0.567476002258611 0.01371520774505849 0.009599096555618294
0 0.7331585316659943 0.5670525127046866 0.024606696248487294 0.01101072840203275
0 0.7486889874949576 0.5630999435347261 0.01936264622831787 0.029079616036137776
0 0.8192819685356999 0.562394127611519 0.08713190802743041 0.019762845849802372
0 0.8691004437273094 0.5704404291360813 0.0028237192416296895 0.002540937323546019
0 0.16518757563533684 0.6143421795595708 0.043969342476805166 0.018068887634105024
0 0.21903993545784592 0.6170242800677583 0.024203307785397338 0.012704686617730096
0 0.24505849132714805 0.6134952004517222 0.043162565550625254 0.019762845849802372
0 0.26946349334409037 0.6187182382834556 0.012101653892698669 0.009316770186335404
0 0.29507866075030253 0.6180124223602484 0.04154901169826543 0.010728402032749858
0 0.35841064945542556 0.6147656691134952 0.05687777329568374 0.017786561264822136
0 0.41085114965711983 0.6180124223602484 0.01573215006050827 0.010728402032749858
0 0.4528035498184752 0.6181535855448899 0.07624041952400161 0.01101072840203275
0 0.4342476805163372 0.6153303218520609 0.0012101653892698668 0.0008469791078486731
0 0.5322710770471965 0.6151891586674195 0.056070996369503835 0.01693958215697346
0 0.5947962888261396 0.6228119706380576 0.031060911657926585 0.02258610954263128
0 0.600242033077854 0.6075663466967814 0.004033884630899556 0.0033879164313946925
0 0.6056877773295684 0.6181535855448899 0.00927793465106898 0.010446075663466968
0 0.6391690197660347 0.617871259175607 0.06171843485276321 0.011575381140598532
0 0.7113755546591367 0.6143421795595708 0.056070996369503835 0.018633540372670808
0 0.7743041549011698 0.6136363636363636 0.050423557886244454 0.020045172219085264
0 0.7714804356595402 0.60742518351214 0.003630496167809601 0.003105590062111801
0 0.16599435256151673 0.6669960474308301 0.0463896732553449 0.029644268774703556
0 0.2198467123840258 0.6653020892151327 0.06696248487293263 0.0189158667419537
0 0.29043969342476805 0.6729249011857708 0.028237192416296894 0.021174477696216828
0 0.2956837434449375 0.6595143986448334 0.0024203307785397336 0.00282326369282891
0 0.3019362646228318 0.6695369847543761 0.00927793465106898 0.009881422924901186
0 0.30939895118999594 0.6651609260304913 0.01936264622831787 0.028232636928289104
0 0.31787010891488504 0.6557029926595144 0.0024203307785397336 0.001411631846414455
0 0.3225090762404195 0.6654432523997741 0.010891488503428802 0.017504234895539244
0 0.36405808793868494 0.6661490683229814 0.03428801936264623 0.026821005081874648
0 0.43303751512706734 0.6684076792772445 0.07139975796692215 0.012140033879164314
0 0.49152884227511096 0.6716544325239977 0.04477611940298507 0.01637492941840768
0 0.5193626462283178 0.6688311688311688 0.021379588543767647 0.010728402032749858
0 0.5262202501008472 0.6573969508752118 0.0028237192416296895 0.0036702428006775835
0 0.5320693828156515 0.6692546583850931 0.005647438483259379 0.009881422924901186
0 0.5467930617184349 0.6686900056465274 0.02379991932230738 0.01101072840203275
0 0.5770471964501815 0.6684076792772445 0.04235578862444534 0.011575381140598532
0 0.6044776119402985 0.6640316205533597 0.027833803953206938 0.019762845849802372
0 0.6127470754336426 0.6575381140598532 0.003227107704719645 0.00282326369282891
0 0.6206131504638968 0.6686900056465274 0.006857603872529245 0.010446075663466968
0 0.6335215812827754 0.6713721061547149 0.022993142396127472 0.017504234895539244
0 0.6906010488100041 0.668266516092603 0.06131504638967326 0.011857707509881422
0 0.7164179104477612 0.6633258046301524 0.01290843081887858 0.0189158667419537
0 0.7577652279144816 0.6733483907396951 0.0463896732553449 0.023715415019762844
0 0.7515127067365873 0.6637492941840768 0.0016135538523598225 0.001129305477131564
0 0.7825736183945139 0.668266516092603 0.01855586930213796 0.010728402032749858
0 0.7960871319080274 0.6681253529079616 0.01734570391286809 0.009881422924901186
0 0.8257361839451391 0.6713721061547149 0.04517950786607503 0.018068887634105024
0 0.8475191609519968 0.6621964991530209 0.014521984671238403 0.021174477696216828
0 0.8773699072206534 0.6726425748164878 0.05244050020169423 0.040372670807453416
0 0.9068172650262203 0.6679841897233202 0.011294876966518758 0.0016939582156973462
0 0.14622831787010893 0.7092038396386222 0.008471157724889069 0.009034443817052512
0 0.1881807180314643 0.7252964426877471 0.06252521177894312 0.023150762281197064
0 0.21803146430012102 0.7195087521174478 0.00927793465106898 0.009881422924901186
0 0.27853973376361435 0.7154150197628458 0.08188785800726099 0.018633540372670808
0 0.41306978620411455 0.7190852625635235 0.1565147236789028 0.012422360248447204
0 0.5266236385639371 0.7156973461321288 0.03751512706736587 0.019198193111236588
0 0.5588947156111336 0.7156973461321288 0.010891488503428802 0.018633540372670808
0 0.5954013715207745 0.7195087521174478 0.06292860024203308 0.011575381140598532
0 0.6520774505849133 0.7203557312252964 0.020572811617587738 0.010446075663466968
0 0.6682129891085115 0.7278373800112931 0.045582896329164985 0.026538678712591756
0 0.7016942315449778 0.7206380575945793 0.007664380798709157 0.009881422924901186
0 0.7337636143606293 0.7203557312252964 0.023396530859217425 0.01101072840203275
0 0.755143202904397 0.7156973461321288 0.03791851553045583 0.019762845849802372
0 0.7692617991125453 0.709768492377188 0.0024203307785397336 0.002258610954263128
0 0.7769261799112546 0.7203557312252964 0.007260992335619202 0.009881422924901186
0 0.7799515933844292 0.7154150197628458 0.011698265429608713 0.019762845849802372
0 0.7972972972972973 0.7199322416713722 0.02379991932230738 0.011857707509881422
0 0.8239209358612344 0.7401185770750988 0.0012101653892698668 0.0008469791078486731
0 0.8356192012908431 0.7207792207792207 0.020572811617587738 0.010728402032749858
0 0.854981847519161 0.7276962168266516 0.05929810407422348 0.02456239412761152
0 0.8844292053247277 0.7210615471485037 0.007664380798709157 0.009599096555618294
