0 0.15490116982654295 0.27653867871259175 0.05405405405405406 0.020609824957651044
0 0.25030254134731744 0.277244494635799 0.07382008874546188 0.021456804065499716
0 0.32855990318676886 0.27780914737436474 0.02864058087938685 0.020327498588368152
0 0.41407825736183945 0.275974025974026 0.07382008874546188 0.020609824957651044
0 0.49152884227511096 0.27653867871259175 0.035901573215006054 0.018351214003387916
0 0.5516337232755143 0.27413890457368717 0.04154901169826543 0.020892151326933936
0 0.6530859217426381 0.28303218520609824 0.08390480032271078 0.03867871259175607
0 0.718233158531666 0.28402032749858835 0.0052440500201694235 0.01129305477131564
0 0.7650262202501008 0.275974025974026 0.0609116579265833 0.016092603049124788
0 0.8440903590157322 0.27780914737436474 0.038321903993545785 0.015245623941276116
0 0.1563130294473578 0.3290513833992095 0.1044776119402985 0.018351214003387916
0 0.3045582896329165 0.32608695652173914 0.11375554659136748 0.018633540372670808
0 0.4116579265832997 0.3277809147374365 0.03428801936264623 0.018633540372670808
0 0.47962888261395725 0.3256634669678148 0.042759177087535294 0.0189158667419537
0 0.6028640580879386 0.32806324110671936 0.14239612747075434 0.021456804065499716
0 0.690802743041549 0.33667419536984755 0.002016942315449778 0.001411631846414455
0 0.72650262202501 0.32735742518351213 0.024203307785397338 0.022303783173348392
0 0.817466720451795 0.3386504799548278 0.08753529649052037 0.036420101637492944
0 0.12787414279951592 0.38735177865612647 0.05163372327551432 0.033314511575381144
0 0.20713997579669222 0.37662337662337664 0.06978620411456232 0.023150762281197064
0 0.29608713190802743 0.3784584980237154 0.03791851553045583 0.01948051948051948
0 0.35155304558289635 0.3781761716544325 0.019766034691407825 0.015527950310559006
0 0.4318273497377975 0.38297571993224166 0.09237595804759983 0.03303218520609825
0 0.5572811617587737 0.38622247317899494 0.08027430415490117 0.03500846979107849
0 0.6651875756353368 0.37874082439299833 0.06938281565147236 0.014398644833427442
0 0.7650262202501008 0.37676453980801805 0.07382008874546188 0.023433088650479956
0 0.8531665994352562 0.37634105025409376 0.041145623235175476 0.018068887634105024
0 0.17950786607503025 0.43506493506493504 0.16216216216216217 0.0378317334839074
0 0.26946349334409037 0.4397233201581028 0.008067769261799113 0.01383399209486166
0 0.3973376361436063 0.43407679277244493 0.1952400161355385 0.02456239412761152
0 0.5853166599435257 0.42814793901750425 0.10407422347720856 0.01948051948051948
0 0.6563130294473578 0.4342179559570864 0.003227107704719645 0.0016939582156973462
0 0.7006857603872529 0.42814793901750425 0.03630496167809601 0.020609824957651044
0 0.790641387656313 0.4280067758328628 0.07422347720855184 0.018068887634105024
0 0.19584509883017345 0.48658949745906266 0.2045179507866075 0.03190287972896669
0 0.3533682936668011 0.4775550536420102 0.0500201694231545 0.020609824957651044
0 0.4592577652279145 0.4782608695652174 0.10609116579265833 0.02258610954263128
0 0.5653489310205728 0.4786843591191417 0.04881000403388463 0.014398644833427442
0 0.6302944735780557 0.47939017504234893 0.027833803953206938 0.018633540372670808
0 0.7505042355788625 0.4841897233201581 0.16014521984671237 0.034443817052512704
0 0.9031867688584106 0.47995482778091475 0.0927793465106898 0.01693958215697346
0 0.9554255748285599 0.48616600790513836 0.006857603872529245 0.012422360248447204
0 0.12787414279951592 0.5320440429136082 0.0645421540943929 0.021739130434782608
0 0.22589753933037515 0.5247035573122529 0.063735377168213 0.029079616036137776
0 0.32029043969342474 0.5296442687747036 0.0645421540943929 0.0220214568040655
0 0.4673255344897136 0.5295031055900621 0.1553045582896329 0.026821005081874648
0 0.590560709963695 0.5320440429136082 0.03227107704719645 0.023997741389045736
0 0.654497781363453 0.5316205533596838 0.038321903993545785 0.030491247882552232
0 0.7252924566357403 0.5289384528514963 0.04679306171843485 0.020609824957651044
0 0.8144413069786204 0.532326369282891 0.06212182331585317 0.032467532467532464
0 0.9062121823315853 0.5275268210050819 0.0609116579265833 0.017786561264822136
0 0.14622831787010893 0.5866741953698476 0.09398951189995966 0.03274985883681536
0 0.23557886244453408 0.5804630152456239 0.023396530859217425 0.020327498588368152
0 0.2890278338039532 0.5813099943534726 0.026220250100847116 0.01693958215697346
0 0.4342476805163372 0.5886504799548278 0.1827349737797499 0.03613777526821005
0 0.5443727309398951 0.5928853754940712 0.004437273093989512 0.00564652738565782
0 0.6264622831787011 0.5907679277244494 0.12827753126260588 0.040372670807453416
0 0.7097620008067769 0.5914737436476567 0.00927793465106898 0.014680971202710334
0 0.7599838644614764 0.581451157538114 0.0572811617587737 0.018351214003387916
0 0.8511496571198064 0.5848390739695087 0.07583703106091166 0.029079616036137776
0 0.13331988705123032 0.6446922642574816 0.09076240419524001 0.04432523997741389
0 0.24707543364259782 0.6319875776397516 0.0609116579265833 0.01948051948051948
0 0.33501411859620817 0.6348108413325805 0.07139975796692215 0.03472614342179559
0 0.4989915288422751 0.6383399209486166 0.19604679306171843 0.03613777526821005
0 0.6062928600242034 0.6365047995482778 0.0024203307785397336 0.001411631846414455
0 0.6432029043969343 0.6290231507622812 0.033481242436466316 0.023150762281197064
0 0.7057281161758774 0.6339638622247318 0.03509479628882614 0.012704686617730096
0 0.7672448567970956 0.6285996612083569 0.041145623235175476 0.020045172219085264
0 0.8448971359419121 0.6328345567476003 0.05929810407422348 0.016657255787690572
0 0.918515530455829 0.6356578204404292 0.03630496167809601 0.016092603049124788
0 0.16115369100443727 0.6873235460191982 0.08672851956434045 0.041501976284584984
0 0.263816054860831 0.6785714285714286 0.055667607906413875 0.023997741389045736
0 0.3525615167406212 0.6839356295878035 0.060508269463493344 0.032467532467532464
0 0.44675272287212586 0.6802653867871259 0.0754336425978217 0.023433088650479956
0 0.5280354981847519 0.6823828345567476 0.02501008471157725 0.018633540372670808
0 0.5750302541347317 0.6830886504799548 0.01653892698668818 0.016092603049124788
0 0.6557079467527229 0.6813946922642575 0.08430818878580072 0.020045172219085264
0 0.7646228317870108 0.6833709768492378 0.06413876563130294 0.021174477696216828
0 0.8678902783380396 0.682523997741389 0.09721661960467931 0.020045172219085264
0 0.14320290439693426 0.7351778656126482 0.045986284792254944 0.021456804065499716
0 0.21319080274304156 0.730378317334839 0.024606696248487294 0.020327498588368152
0 0.28580072609923357 0.7313664596273292 0.06655909640984267 0.020609824957651044
0 0.3691004437273094 0.730660643704122 0.05970149253731343 0.02710333145115754
0 0.46228317870108915 0.7315076228119707 0.07180314643001211 0.019762845849802372
0 0.5562726906010488 0.7327780914737436 0.05889471561113352 0.016092603049124788
0 0.6446147640177491 0.7339073969508753 0.0653489310205728 0.020609824957651044
0 0.7589753933037515 0.7446357989836251 0.08834207341670028 0.036420101637492944
0 0.8126260588947156 0.743647656691135 0.0028237192416296895 0.0016939582156973462
