0 0.13493344090359016 0.22713156408808582 0.01008471157724889 0.022868435911914172
0 0.14703509479628882 0.23348390739695088 0.02379991932230738 0.011857707509881422
0 0.19766034691407824 0.21682665160926032 0.033884630899556276 0.003952569169960474
0 0.19140782573618395 0.2295313382269904 0.020572811617587738 0.019762845849802372
0 0.254941508672852 0.2385657820440429 0.11375554659136748 0.029361942405420668
0 0.34328358208955223 0.2251552795031056 0.03146430012101654 0.02456239412761152
0 0.36849536103267444 0.22402597402597402 0.03509479628882614 0.022303783173348392
0 0.40681726502622023 0.23503670242800678 0.025413473174667203 0.021174477696216828
0 0.43243243243243246 0.22939017504234896 0.026623638563937072 0.012704686617730096
0 0.4562323517547398 0.23785996612083568 0.03227107704719645 0.029079616036137776
0 0.47761194029850745 0.23122529644268774 0.011294876966518758 0.00846979107848673
0 0.5189592577652279 0.22529644268774704 0.07462686567164178 0.023150762281197064
0 0.5828963291649859 0.24082439299830605 0.033884630899556276 0.03613777526821005
0 0.6034691407825736 0.22162619988706944 0.0016135538523598225 0.0016939582156973462
0 0.6208148446954417 0.22586109542631283 0.035498184751916094 0.02258610954263128
0 0.663372327551432 0.2329192546583851 0.024606696248487294 0.012422360248447204
0 0.6645824929407019 0.21696781479390176 0.0028237192416296895 0.003105590062111801
0 0.7166196046793062 0.22755505364201017 0.04881000403388463 0.028797289666854884
0 0.7511093182734974 0.22939017504234896 0.026623638563937072 0.03077357425183512
0 0.7759177087535296 0.23221343873517786 0.025413473174667203 0.012140033879164314
0 0.7791448164582493 0.2199322416713721 0.004437273093989512 0.00282326369282891
0 0.7987091569181122 0.2339073969508752 0.02501008471157725 0.01101072840203275
0 0.8261395724082291 0.22769621682665162 0.029043969342476807 0.017221908526256352
0 0.8590157321500606 0.22910784867306608 0.045582896329164985 0.018351214003387916
0 0.1565147236789028 0.2821852060982496 0.05647438483259379 0.03585544889892716
0 0.22428398547801534 0.2811970638057595 0.050826946349334406 0.014680971202710334
0 0.30052440500201694 0.2780914737436477 0.0645421540943929 0.021456804065499716
0 0.3646631706333199 0.28303218520609824 0.035498184751916094 0.012140033879164314
0 0.4082291246470351 0.2821852060982496 0.053247277127874144 0.012704686617730096
0 0.44574425171440096 0.28500846979107847 0.003227107704719645 0.0036702428006775835
0 0.4848729326341267 0.27625635234330886 0.02743041549011698 0.03020892151326934
0 0.5102864058087939 0.28204404291360813 0.048406615570794675 0.012987012987012988
0 0.5776522791448164 0.27738565782044045 0.03711173860427592 0.026821005081874648
0 0.5756353368293666 0.27188029361942406 0.004033884630899556 0.0016939582156973462
0 0.6173860427591771 0.2834556747600226 0.025413473174667203 0.010728402032749858
0 0.6179911254538121 0.27188029361942406 0.003227107704719645 0.002258610954263128
0 0.6581282775312626 0.282326369282891 0.019766034691407825 0.012422360248447204
0 0.7022993142396128 0.29136081309994355 0.04517950786607503 0.030491247882552232
0 0.7464703509479629 0.28387916431394694 0.050423557886244454 0.012140033879164314
0 0.7775312626058895 0.29390175042348954 0.02379991932230738 0.03274985883681536
0 0.8206938281565147 0.2782326369282891 0.03509479628882614 0.021174477696216828
0 0.8491327148043566 0.2833145115753811 0.029850746268656716 0.010446075663466968
0 0.8751512706736587 0.28289102202145683 0.018152480839048003 0.01129305477131564
0 0.8989511899959661 0.2821852060982496 0.014925373134328358 0.002540937323546019
0 0.13110125050423557 0.33229813664596275 0.014521984671238403 0.014116318464144552
0 0.18616377571601453 0.32919254658385094 0.09479628882613957 0.017504234895539244
0 0.23840258168616377 0.3396386222473179 0.008874546187979023 0.014116318464144552
0 0.28479225494150867 0.3274985883681536 0.05808793868495361 0.02258610954263128
0 0.3334005647438483 0.3318746470920384 0.04719645018152481 0.013269339356295878
0 0.3850342880193626 0.3390739695087521 0.06333198870512304 0.03670242800677583
0 0.472771278741428 0.32834556747600224 0.08067769261799113 0.029361942405420668
0 0.5403388463089955 0.3346979107848673 0.021379588543767647 0.011575381140598532
0 0.5590964098426785 0.3334274421230943 0.01371520774505849 0.011857707509881422
0 0.5808793868495361 0.3349802371541502 0.03146430012101654 0.009316770186335404
0 0.6212182331585316 0.3338509316770186 0.041145623235175476 0.01101072840203275
0 0.6758773699072207 0.32792207792207795 0.03509479628882614 0.02456239412761152
0 0.7101653892698668 0.3296160361377753 0.04719645018152481 0.022303783173348392
0 0.7730939895119 0.3382269904009034 0.06494554255748286 0.04009034443817053
0 0.8301734570391287 0.3338509316770186 0.029850746268656716 0.010446075663466968
0 0.8539733763614361 0.3349802371541502 0.016942315449778138 0.011575381140598532
0 0.8691004437273094 0.3352625635234331 0.01573215006050827 0.01101072840203275
0 0.899556272690601 0.33173348390739693 0.041145623235175476 0.017504234895539244
0 0.1508672851956434 0.38410502540937325 0.05889471561113352 0.03867871259175607
0 0.21319080274304156 0.3815640880858272 0.02379991932230738 0.014398644833427442
0 0.2505042355788624 0.38297571993224166 0.01936264622831787 0.01383399209486166
0 0.2615974183138362 0.38170525127046867 0.002016942315449778 0.001129305477131564
0 0.2823719241629689 0.37704686617730093 0.042759177087535294 0.02456239412761152
0 0.3154497781363453 0.38424618859401466 0.02501008471157725 0.010163749294184076
0 0.33319887051230335 0.39257481648785997 0.022589753933037516 0.031338226990400904
0 0.4080274304154901 0.37761151891586675 0.09640984267849939 0.02456239412761152
0 0.4647035094796289 0.38354037267080743 0.024203307785397338 0.010446075663466968
0 0.4947559499798306 0.38170525127046867 0.03428801936264623 0.019198193111236588
0 0.5506252521177895 0.3839638622247318 0.03469140782573618 0.012422360248447204
0 0.5447761194029851 0.3699887069452287 0.004437273093989512 0.003105590062111801
0 0.5927793465106898 0.37732919254658387 0.04235578862444534 0.022303783173348392
0 0.627470754336426 0.383399209486166 0.022993142396127472 0.010728402032749858
0 0.6208148446954417 0.3719649915302089 0.003227107704719645 0.001976284584980237
0 0.6599435256151674 0.37775268210050816 0.04195240016135539 0.023715415019762844
0 0.7109721661960468 0.3774703557312253 0.03670835014118596 0.025409373235460192
0 0.7400161355385236 0.3920101637492942 0.0028237192416296895 0.001411631846414455
0 0.7708753529649052 0.379587803500847 0.0572811617587737 0.022868435911914172
0 0.8394513916901977 0.383399209486166 0.050826946349334406 0.012987012987012988
0 0.8926986688180718 0.3791643139469226 0.05486083098023396 0.024280067758328628
0 0.9290036304961679 0.38721061547148505 0.02016942315449778 0.008752117447769622
0 0.15207745058491326 0.42715979672501414 0.03953206938281565 0.024844720496894408
0 0.1990722065348931 0.42843026538678713 0.04881000403388463 0.023433088650479956
0 0.1863654699475595 0.41869000564652736 0.003227107704719645 0.004517221908526256
0 0.2581686163775716 0.4330886504799548 0.041145623235175476 0.01355166572557877
0 0.30798709156918114 0.4354884246188594 0.030254134731746672 0.009881422924901186
0 0.3358208955223881 0.43506493506493504 0.02218636546994756 0.010163749294184076
0 0.36607503025413474 0.4311123658949746 0.03670835014118596 0.020327498588368152
0 0.4209358612343687 0.43464144551101075 0.045582896329164985 0.014398644833427442
0 0.4784187172246874 0.4288537549407115 0.04195240016135539 0.024844720496894408
0 0.5258168616377572 0.4267363071710898 0.02864058087938685 0.02456239412761152
0 0.5264219443323921 0.43407679277244493 0.0016135538523598225 0.001976284584980237
0 0.545986284792255 0.4277244494635799 0.03670835014118596 0.02258610954263128
0 0.599435256151674 0.4323828345567476 0.028237192416296894 0.013269339356295878
0 0.6198063735377168 0.43266516092603047 0.01653892698668818 0.01383399209486166
0 0.6569181121419927 0.43690005646527386 0.0681726502622025 0.018351214003387916
0 0.7323517547398144 0.4298418972332016 0.0754336425978217 0.021739130434782608
0 0.7858007260992336 0.43054771315640883 0.03307785397337636 0.02258610954263128
0 0.8249294070189592 0.43562958780350086 0.029043969342476807 0.009599096555618294
0 0.8503428801936265 0.4364765669113495 0.016942315449778138 0.01129305477131564
0 0.8971359419120614 0.4298418972332016 0.07583703106091166 0.023433088650479956
0 0.9392900363049617 0.44155844155844154 0.012505042355788625 0.011857707509881422
0 0.1464300121016539 0.48221343873517786 0.02501008471157725 0.015245623941276116
0 0.17486889874949577 0.4792490118577075 0.033481242436466316 0.0189158667419537
0 0.22065348931020573 0.48433088650479955 0.021782977006857603 0.01383399209486166
0 0.25776522791448164 0.47995482778091475 0.04517950786607503 0.02258610954263128
0 0.31847519160952 0.4839073969508752 0.038321903993545785 0.014116318464144552
0 0.36304961678096004 0.4836250705815923 0.021782977006857603 0.012987012987012988
0 0.4058087938684954 0.4892715979672501 0.02581686163775716 0.02258610954263128
0 0.4481645824929407 0.48094297007340486 0.06292860024203308 0.022868435911914172
0 0.4991932230738201 0.48094297007340486 0.04235578862444534 0.021174477696216828
0 0.5344897135941912 0.48461321287408243 0.04679306171843485 0.01101072840203275
0 0.5947962888261396 0.4850367024280068 0.04881000403388463 0.014116318464144552
0 0.6329164985881404 0.4829192546583851 0.026623638563937072 0.018351214003387916
0 0.6835417507059298 0.48546019198193113 0.03751512706736587 0.013269339356295878
0 0.6778943122226704 0.48221343873517786 0.0052440500201694235 0.006775832862789385
0 0.7178297700685761 0.4871541501976285 0.03509479628882614 0.009881422924901186
0 0.763614360629286 0.48334274421230944 0.05163372327551432 0.028232636928289104
0 0.8198870512303348 0.47939017504234893 0.05526421944332392 0.02258610954263128
0 0.8836224283985478 0.4792490118577075 0.04154901169826543 0.022868435911914172
0 0.14421137555465913 0.5286561264822134 0.0326744655102864 0.025691699604743084
0 0.18192819685356998 0.5351496329757199 0.04033884630899556 0.012704686617730096
0 0.23981444130697863 0.5367024280067758 0.03670835014118596 0.012422360248447204
0 0.23154497781363453 0.5231507622811971 0.0024203307785397336 0.00282326369282891
0 0.28721258572004843 0.5300677583286278 0.01936264622831787 0.017786561264822136
0 0.3172650262202501 0.5341614906832298 0.03670835014118596 0.010728402032749858
0 0.37353771682129894 0.5286561264822134 0.04517950786607503 0.026256352343308864
0 0.42154094392900365 0.5359966120835686 0.048406615570794675 0.01101072840203275
0 0.4828559903186769 0.5338791643139469 0.04517950786607503 0.029926595143986448
0 0.5193626462283178 0.5352907961603613 0.021379588543767647 0.012987012987012988
0 0.5475998386446148 0.5352907961603613 0.0326744655102864 0.01355166572557877
0 0.5792658329971763 0.5343026538678712 0.03146430012101654 0.0189158667419537
0 0.6018555869302138 0.5391022021456804 0.003227107704719645 0.002540937323546019
0 0.635538523598225 0.5293619424054207 0.030254134731746672 0.028232636928289104
0 0.681726502622025 0.5358554488989271 0.016135538523598225 0.015245623941276116
0 0.6984671238402582 0.5321852060982496 0.02218636546994756 0.023150762281197064
0 0.745663574021783 0.5354319593450029 0.0681726502622025 0.01383399209486166
0 0.8100040338846309 0.5302089215132694 0.021782977006857603 0.017504234895539244
0 0.8414683340056475 0.5333145115753811 0.03791851553045583 0.01129305477131564
0 0.8848325937878176 0.5362789384528515 0.0318676885841065 0.012704686617730096
0 0.9092375958047599 0.5382552230378317 0.01936264622831787 0.01101072840203275
0 0.9352561516740622 0.5400903444381705 0.038321903993545785 0.009034443817052512
0 0.16700282371924163 0.5815923207227555 0.07180314643001211 0.019762845849802372
0 0.2353771682129891 0.5950028232636928 0.031060911657926585 0.029644268774703556
0 0.2535296490520371 0.5758046301524562 0.003630496167809601 0.0036702428006775835
0 0.2753126260588947 0.5862507058159232 0.03993545784590561 0.013269339356295878
0 0.3471157724889068 0.5806041784302653 0.0609116579265833 0.026256352343308864
0 0.4245663574021783 0.5804630152456239 0.05687777329568374 0.025974025974025976
0 0.4409035901573215 0.5769339356295878 0.003227107704719645 0.002540937323546019
0 0.508874546187979 0.5827216261998871 0.06171843485276321 0.029361942405420668
0 0.581887858007261 0.5813099943534726 0.08753529649052037 0.025409373235460192
0 0.6698265429608713 0.5941558441558441 0.027833803953206938 0.026821005081874648
0 0.7049213392496975 0.5844155844155844 0.040742234772085516 0.03387916431394692
0 0.7494957644211375 0.5862507058159232 0.01936264622831787 0.013269339356295878
0 0.7480839048003227 0.5858272162619989 0.002016942315449778 0.001129305477131564
0 0.7694634933440904 0.5834274421230943 0.025413473174667203 0.03020892151326934
0 0.8348124243646632 0.5856860530773574 0.0681726502622025 0.014963297571993224
0 0.8868495361032674 0.5862507058159232 0.018959257765227916 0.002540937323546019
0 0.17950786607503025 0.6405985319028797 0.08713190802743041 0.02258610954263128
0 0.2563533682936668 0.6367871259175607 0.06252521177894312 0.01101072840203275
0 0.22751109318273496 0.6266233766233766 0.0024203307785397336 0.002540937323546019
0 0.3037515127067366 0.633681535855449 0.03227107704719645 0.017221908526256352
0 0.29951593384429204 0.6239412761151891 0.002016942315449778 0.002258610954263128
0 0.33219039935457845 0.6407396950875212 0.025413473174667203 0.016657255787690572
0 0.3259378781766841 0.6266233766233766 0.0016135538523598225 0.002540937323546019
0 0.3805970149253731 0.6369282891022021 0.0463896732553449 0.01355166572557877
0 0.41750705929810406 0.632128740824393 0.02743041549011698 0.018633540372670808
0 0.4584509883017346 0.6363636363636364 0.014925373134328358 0.014680971202710334
0 0.490923759580476 0.6453980801806889 0.05163372327551432 0.02710333145115754
0 0.5695845098830173 0.6394692264257482 0.1073013311819282 0.03500846979107849
0 0.6419927390076644 0.6357989836250706 0.022993142396127472 0.003952569169960474
0 0.6736587333602259 0.6209768492377188 0.011294876966518758 0.007622811970638058
0 0.7117789431222267 0.643845285149633 0.06010488100040339 0.028514963297571992
0 0.7743041549011698 0.6376341050254094 0.02218636546994756 0.012140033879164314
0 0.8166599435256152 0.6342461885940147 0.058491327148043566 0.017786561264822136
0 0.8616377571601452 0.6352343308865048 0.011294876966518758 0.012987012987012988
0 0.8737394110528439 0.6363636363636364 0.017749092375958047 0.015245623941276116
0 0.8937071399757966 0.6373517786561265 0.030254134731746672 0.011575381140598532
0 0.9227511093182735 0.6373517786561265 0.030254134731746672 0.012140033879164314
0 0.9528035498184751 0.638481084133258 0.03307785397337636 0.012704686617730096
0 0.15046389673255345 0.6830886504799548 0.03953206938281565 0.021739130434782608
0 0.21198063735377168 0.682523997741389 0.040742234772085516 0.02456239412761152
0 0.254941508672852 0.6883116883116883 0.041145623235175476 0.012987012987012988
0 0.3247277127874143 0.6931112365894975 0.06212182331585317 0.028232636928289104
0 0.39209358612343687 0.6877470355731226 0.01855586930213796 0.012422360248447204
0 0.4144816458249294 0.6840767927724449 0.02944735780556676 0.020892151326933936
0 0.44493747478822104 0.6833709768492378 0.029043969342476807 0.022303783173348392
0 0.4943525615167406 0.6963579898362507 0.0391286809197257 0.029644268774703556
0 0.5244050020169423 0.6887351778656127 0.022589753933037516 0.012140033879164314
0 0.5859217426381605 0.6883116883116883 0.06494554255748286 0.014116318464144552
0 0.5709963695038321 0.6869000564652739 0.002016942315449778 0.00282326369282891
0 0.6573215006050827 0.6815358554488989 0.040742234772085516 0.026538678712591756
0 0.7043162565550625 0.682806324110672 0.05486083098023396 0.026256352343308864
0 0.7513110125050424 0.6981931112365894 0.03993545784590561 0.034443817052512704
0 0.7412263009277935 0.6770186335403726 0.004437273093989512 0.00282326369282891
0 0.8192819685356999 0.6826651609260305 0.0645421540943929 0.028797289666854884
0 0.13916901976603469 0.7364483342744212 0.017749092375958047 0.015527950310559006
0 0.1555062525211779 0.7388481084133258 0.01734570391286809 0.011857707509881422
0 0.1791044776119403 0.7384246188594015 0.02743041549011698 0.009881422924901186
0 0.21258572004840662 0.7398362507058159 0.03872529245663574 0.012704686617730096
0 0.25857200484066156 0.7387069452286844 0.05244050020169423 0.012140033879164314
0 0.32775312626058895 0.7319311123658949 0.04154901169826543 0.025691699604743084
0 0.3939088342073417 0.7340485601355167 0.04800322710770472 0.024844720496894408
0 0.4390883420734167 0.7396950875211745 0.043969342476805166 0.014680971202710334
0 0.47862041145623235 0.7262845849802372 0.00927793465106898 0.009881422924901186
0 0.4856797095603066 0.7415302089215132 0.003227107704719645 0.003105590062111801
