0 0.15611133521581283 0.22543760587238848 0.07180314643001211 0.021739130434782608
0 0.13574021782977008 0.22656691134952003 0.00927793465106898 0.017786561264822136
0 0.17708753529649052 0.22120271033314512 0.0024203307785397336 0.002540937323546019
0 0.21803146430012102 0.23094297007340486 0.021379588543767647 0.01355166572557877
0 0.21843485276321098 0.21739130434782608 0.003630496167809601 0.00282326369282891
0 0.2747075433642598 0.2248729531338227 0.06131504638967326 0.025691699604743084
0 0.3245260185558693 0.2295313382269904 0.021379588543767647 0.012987012987012988
0 0.36930213795885436 0.22628458498023715 0.0318676885841065 0.029079616036137776
0 0.4007664380798709 0.22529644268774704 0.02944735780556676 0.023715415019762844
0 0.39007664380798707 0.22162619988706944 0.003227107704719645 0.00282326369282891
0 0.4265832997176281 0.23150762281197063 0.021379588543767647 0.006775832862789385
0 0.4471561113352158 0.2310841332580463 0.01653892698668818 0.011575381140598532
0 0.47337636143606293 0.22600225861095427 0.030254134731746672 0.020609824957651044
0 0.5348931020572811 0.22910784867306608 0.07260992335619201 0.027950310559006212
0 0.572206534893102 0.24265951439864483 0.026220250100847116 0.031338226990400904
0 0.5951996772892295 0.23560135516657255 0.003630496167809601 0.004234895539243365
0 0.6212182331585316 0.22882552230378317 0.016942315449778138 0.01948051948051948
0 0.6377571601452199 0.22501411631846416 0.014521984671238403 0.021456804065499716
0 0.6823315853166599 0.22840203274985885 0.05929810407422348 0.02258610954263128
0 0.7263009277934651 0.23574251835121401 0.003630496167809601 0.001129305477131564
0 0.7402178297700686 0.22600225861095427 0.02501008471157725 0.02456239412761152
0 0.7523194836627672 0.23193111236589498 0.0024203307785397336 0.001976284584980237
0 0.7855990318676885 0.22967250141163184 0.06333198870512304 0.013269339356295878
0 0.8440903590157322 0.23207227555053642 0.019766034691407825 0.012987012987012988
0 0.8735377168212989 0.23376623376623376 0.04800322710770472 0.011857707509881422
0 0.9108511496571198 0.23306041784302653 0.015328761597418314 0.001976284584980237
0 0.1510689794271884 0.27992659514398643 0.0463896732553449 0.014398644833427442
0 0.17749092375958048 0.27004517221908525 0.0024203307785397336 0.0036702428006775835
0 0.18596208148446955 0.28147939017504237 0.016942315449778138 0.01355166572557877
0 0.19786204114562322 0.2811970638057595 0.01734570391286809 0.01129305477131564
0 0.21883824122630094 0.2779503105590062 0.027833803953206938 0.01948051948051948
0 0.2716821298910851 0.2761151891586674 0.03993545784590561 0.02258610954263128
0 0.31807180314643 0.282326369282891 0.051230334812424366 0.012422360248447204
0 0.3563937071399758 0.2886787125917561 0.021379588543767647 0.027950310559006212
0 0.38765631302944736 0.277244494635799 0.04033884630899556 0.021456804065499716
0 0.43061718434852764 0.2776679841897233 0.0463896732553449 0.022303783173348392
0 0.4923356192012908 0.2824675324675325 0.0391286809197257 0.012140033879164314
0 0.48426784993949173 0.2696216826651609 0.0028237192416296895 0.00282326369282891
0 0.5837031060911658 0.27710333145115756 0.10488100040338846 0.0251270468661773
0 0.6740621218233158 0.279785431959345 0.035498184751916094 0.03162055335968379
0 0.7283178701089149 0.2769621682665161 0.06010488100040339 0.025409373235460192
0 0.7916498588140379 0.2834556747600226 0.027833803953206938 0.014116318464144552
0 0.7874142799515934 0.2833145115753811 0.0016135538523598225 0.001411631846414455
0 0.8402581686163776 0.2816205533596838 0.07180314643001211 0.01383399209486166
0 0.8087938684953611 0.2737154150197628 0.004840661557079467 0.004799548277809147
0 0.8860427591770875 0.2802089215132693 0.01653892698668818 0.012140033879164314
0 0.9025816861637758 0.28642010163749293 0.006857603872529245 0.008752117447769622
0 0.9064138765631303 0.28063241106719367 0.0016135538523598225 0.001129305477131564
0 0.15792658329971762 0.3266516092603049 0.07624041952400161 0.024844720496894408
0 0.2154094392900363 0.33145115753811405 0.01936264622831787 0.01355166572557877
0 0.25514320290439696 0.3404856013551666 0.056070996369503835 0.028797289666854884
0 0.2956837434449375 0.334274421230943 0.022589753933037516 0.01129305477131564
0 0.2866075030254135 0.3198757763975155 0.002016942315449778 0.0016939582156973462
0 0.3382412263009278 0.3318746470920384 0.019766034691407825 0.012140033879164314
0 0.37051230334812424 0.3300395256916996 0.043162565550625254 0.018068887634105024
0 0.4154901169826543 0.3308865047995483 0.023396530859217425 0.012987012987012988
0 0.4396934247680516 0.34260304912478823 0.017749092375958047 0.031338226990400904
0 0.4683340056474385 0.3328627893845285 0.03630496167809601 0.012987012987012988
0 0.50040338846309 0.33540372670807456 0.02379991932230738 0.00846979107848673
0 0.490923759580476 0.31959345002823264 0.0016135538523598225 0.002258610954263128
0 0.5510286405808794 0.3287690570299266 0.03065752319483663 0.022868435911914172
0 0.5484066155707946 0.3211462450592885 0.0028237192416296895 0.003105590062111801
0 0.5923759580475998 0.33455674760022586 0.024606696248487294 0.011857707509881422
0 0.5883420734167003 0.32128740824393 0.002016942315449778 0.0016939582156973462
0 0.654901169826543 0.32679277244494637 0.0536506655909641 0.0251270468661773
0 0.7158128277531263 0.33201581027667987 0.02218636546994756 0.012987012987012988
0 0.7482855990318676 0.3331451157538114 0.035498184751916094 0.012987012987012988
0 0.7335619201290843 0.32368718238283456 0.002016942315449778 0.001976284584980237
0 0.7876159741831383 0.3307453416149068 0.038321903993545785 0.018351214003387916
0 0.836425978217023 0.34105025409373235 0.04154901169826543 0.029361942405420668
0 0.8922952803549818 0.3269339356295878 0.07260992335619201 0.023715415019762844
0 0.9015732150060508 0.3222755505364201 0.0024203307785397336 0.001411631846414455
0 0.9435256151674062 0.3328627893845285 0.029850746268656716 0.01637492941840768
0 0.9318273497377975 0.32171089779785433 0.003227107704719645 0.001411631846414455
0 0.1399757966922146 0.3794466403162055 0.035498184751916094 0.03162055335968379
0 0.20310609116579265 0.3780350084697911 0.058491327148043566 0.025409373235460192
0 0.28580072609923357 0.37662337662337664 0.0681726502622025 0.024844720496894408
0 0.3315853166599435 0.39186900056465274 0.03065752319483663 0.028797289666854884
0 0.3588140379185155 0.3890457368718238 0.008471157724889069 0.012987012987012988
0 0.40863251311012505 0.3790231507622812 0.07341670028237192 0.018351214003387916
0 0.4737797498991529 0.37634105025409376 0.035901573215006054 0.026538678712591756
0 0.4981847519160952 0.3780350084697911 0.04195240016135539 0.024844720496894408
0 0.5532472771278741 0.3839638622247318 0.0318676885841065 0.011857707509881422
0 0.6028640580879386 0.38283455674760025 0.0609116579265833 0.011857707509881422
0 0.6432029043969343 0.38170525127046867 0.019766034691407825 0.012422360248447204
0 0.6393707139975797 0.3728119706380576 0.0024203307785397336 0.003105590062111801
0 0.6732553448971359 0.39073969508752115 0.03953206938281565 0.028797289666854884
0 0.7238805970149254 0.38424618859401466 0.020572811617587738 0.014116318464144552
0 0.744856797095603 0.38085827216261997 0.02379991932230738 0.029926595143986448
0 0.7928600242033078 0.3780350084697911 0.06171843485276321 0.023715415019762844
0 0.8695038321903994 0.3824110671936759 0.058491327148043566 0.016092603049124788
0 0.9120613150463897 0.37775268210050816 0.03227107704719645 0.021456804065499716
0 0.9465510286405808 0.3791643139469226 0.04154901169826543 0.020327498588368152
0 0.1672045179507866 0.4267363071710898 0.09721661960467931 0.026821005081874648
0 0.24808390480032272 0.42701863354037267 0.06857603872529246 0.02456239412761152
0 0.32755143202904397 0.4267363071710898 0.04033884630899556 0.023997741389045736
0 0.40439693424768053 0.42871259175607 0.08753529649052037 0.02456239412761152
0 0.4356595401371521 0.4233483907396951 0.0016135538523598225 0.001411631846414455
0 0.4943525615167406 0.4268774703557312 0.03428801936264623 0.024844720496894408
0 0.5197660346914078 0.43280632411067194 0.02218636546994756 0.011857707509881422
0 0.5528438886647842 0.42814793901750425 0.04154901169826543 0.023997741389045736
0 0.5482049213392497 0.43054771315640883 0.0016135538523598225 0.0016939582156973462
0 0.6246470350947962 0.44042913608131 0.10528438886647842 0.02710333145115754
0 0.6934247680516338 0.4301242236024845 0.029043969342476807 0.018351214003387916
0 0.7133924969745865 0.43845285149632973 0.006857603872529245 0.01129305477131564
0 0.7410246066962485 0.4333709768492377 0.02501008471157725 0.014116318464144552
0 0.7587736990722065 0.4345002823263693 0.007260992335619202 0.009034443817052512
0 0.7847922549415087 0.42941840767927725 0.04235578862444534 0.02258610954263128
0 0.8489310205728117 0.42603049124788256 0.050423557886244454 0.025409373235460192
0 0.8864461476401775 0.4332298136645963 0.020572811617587738 0.009881422924901186
0 0.8783783783783784 0.42377188029361945 0.002016942315449778 0.002258610954263128
0 0.9037918515530455 0.43929983060417843 0.02218636546994756 0.023715415019762844
0 0.13977410246066962 0.47811970638057594 0.05445744251714401 0.02456239412761152
0 0.1990722065348931 0.4805194805194805 0.0318676885841065 0.029361942405420668
0 0.23981444130697863 0.4795313382269904 0.04881000403388463 0.023433088650479956
0 0.21803146430012102 0.47360248447204967 0.002016942315449778 0.002540937323546019
0 0.2944735780556676 0.48306041784302656 0.020976200080677694 0.01129305477131564
0 0.3164582492940702 0.48461321287408243 0.01653892698668818 0.010446075663466968
0 0.3565954013715208 0.48404856013551667 0.022589753933037516 0.01383399209486166
0 0.3721258572004841 0.4709203839638622 0.0028237192416296895 0.00282326369282891
0 0.38422751109318276 0.4837662337662338 0.025413473174667203 0.012704686617730096
0 0.4312222670431626 0.48433088650479955 0.06938281565147236 0.03698475437605872
0 0.40096813231141587 0.47261434217955955 0.003227107704719645 0.0033879164313946925
0 0.5070592981040742 0.4775550536420102 0.04437273093989512 0.023433088650479956
0 0.5609116579265833 0.4795313382269904 0.03509479628882614 0.020609824957651044
0 0.5945945945945946 0.4816487859966121 0.033884630899556276 0.030491247882552232
0 0.5830980233965308 0.47289666854884244 0.002016942315449778 0.001129305477131564
0 0.6218233158531666 0.48658949745906266 0.004437273093989512 0.004234895539243365
0 0.6591367486889875 0.47882552230378317 0.03711173860427592 0.019762845849802372
0 0.7004840661557079 0.47162619988706944 0.03751512706736587 0.003105590062111801
0 0.7006857603872529 0.4815076228119706 0.01936264622831787 0.014963297571993224
0 0.745260185558693 0.4850367024280068 0.0826946349334409 0.015245623941276116
0 0.799717628075837 0.4959062676453981 0.033481242436466316 0.03020892151326934
0 0.8210972166196047 0.48969508752117447 0.0060508269463493344 0.009316770186335404
0 0.8467123840258168 0.48546019198193113 0.02743041549011698 0.012140033879164314
0 0.8646631706333199 0.4863071710897798 0.006857603872529245 0.00818746470920384
0 0.8951189995966116 0.480660643704122 0.04679306171843485 0.021739130434782608
0 0.8749495764421138 0.4771315640880858 0.0016135538523598225 0.001129305477131564
0 0.8824122630092779 0.4817899491812535 0.0060508269463493344 0.003105590062111801
0 0.11395724082291246 0.5355731225296443 0.019766034691407825 0.014680971202710334
0 0.1508672851956434 0.5311970638057595 0.05244050020169423 0.022868435911914172
0 0.2146026623638564 0.5282326369282891 0.033884630899556276 0.023150762281197064
0 0.24969745865268253 0.5340203274985884 0.03953206938281565 0.013269339356295878
0 0.318273497377975 0.5296442687747036 0.042759177087535294 0.025974025974025976
0 0.30939895118999594 0.5210333145115754 0.004033884630899556 0.004234895539243365
0 0.36950383219039934 0.5392433653303218 0.022589753933037516 0.0220214568040655
0 0.4136748688987495 0.5341614906832298 0.06333198870512304 0.012422360248447204
0 0.45340863251311014 0.5334556747600225 0.00645421540943929 0.009881422924901186
0 0.48749495764421136 0.5335968379446641 0.06171843485276321 0.011857707509881422
0 0.4608713190802743 0.5235742518351214 0.002016942315449778 0.002540937323546019
0 0.6212182331585316 0.5283738001129306 0.16861637757160144 0.026821005081874648
0 0.7198467123840259 0.5357142857142857 0.026220250100847116 0.011575381140598532
0 0.7503025413473174 0.5398080180688877 0.004840661557079467 0.009034443817052512
0 0.7525211778943123 0.5338791643139469 0.002016942315449778 0.002258610954263128
0 0.7880193626462283 0.5273856578204404 0.057684550221863654 0.023150762281197064
0 0.8467123840258168 0.5319028797289667 0.03469140782573618 0.018633540372670808
0 0.9084308188785801 0.5306324110671937 0.08955223880597014 0.025691699604743084
0 0.8701089148850343 0.5254093732354602 0.003227107704719645 0.0033879164313946925
0 0.963695038321904 0.542772444946358 0.008874546187979023 0.008752117447769622
0 0.136345300524405 0.5804630152456239 0.04437273093989512 0.024844720496894408
0 0.16216216216216217 0.5882269904009034 0.004033884630899556 0.005928853754940711
0 0.18777732956837434 0.5806041784302653 0.013311819281968536 0.026821005081874648
0 0.21399757966922145 0.5873800112930547 0.035901573215006054 0.014963297571993224
0 0.2539330375151271 0.5810276679841897 0.04477611940298507 0.0220214568040655
0 0.28701089148850345 0.5858272162619989 0.018959257765227916 0.01129305477131564
0 0.3372327551432029 0.581733483907397 0.048406615570794675 0.023997741389045736
0 0.40116982654296085 0.5941558441558441 0.07059298104074223 0.03077357425183512
0 0.44392900363049614 0.5910502540937324 0.008471157724889069 0.013269339356295878
0 0.48406615570794675 0.5786278938452851 0.04759983864461476 0.025691699604743084
0 0.5237999193223074 0.5790513833992095 0.058491327148043566 0.026538678712591756
0 0.581686163775716 0.5841332580463016 0.05405405405405406 0.029926595143986448
0 0.6256555062525212 0.5825804630152456 0.03307785397337636 0.021739130434782608
0 0.7039128680919726 0.5796160361377752 0.08632513110125051 0.028797289666854884
0 0.7708753529649052 0.5841332580463016 0.033884630899556276 0.031055900621118012
0 0.7970956030657523 0.5862507058159232 0.03791851553045583 0.01383399209486166
0 0.8344090359015732 0.5803218520609825 0.03428801936264623 0.022868435911914172
0 0.8221056877773296 0.5746753246753247 0.003227107704719645 0.001976284584980237
0 0.8666801129487697 0.5818746470920384 0.0326744655102864 0.019762845849802372
0 0.9124647035094796 0.5803218520609825 0.04759983864461476 0.02456239412761152
0 0.17486889874949577 0.6301524562394127 0.10689794271883823 0.023715415019762844
0 0.28479225494150867 0.6324110671936759 0.06615570794675273 0.023150762281197064
0 0.37494957644211374 0.6324110671936759 0.07139975796692215 0.023150762281197064
0 0.43142396127470756 0.6373517786561265 0.038321903993545785 0.011575381140598532
0 0.46430012101653895 0.6415866741953699 0.023396530859217425 0.023433088650479956
0 0.4618797902379992 0.6317052512704686 0.0016135538523598225 0.002540937323546019
0 0.49858814037918514 0.6317052512704686 0.048406615570794675 0.022303783173348392
0 0.536103267446551 0.6367871259175607 0.026623638563937072 0.009316770186335404
0 0.5788624445340863 0.6360813099943535 0.017749092375958047 0.01355166572557877
0 0.599435256151674 0.6328345567476003 0.02501008471157725 0.027950310559006212
0 0.6385639370713998 0.6353754940711462 0.023396530859217425 0.013269339356295878
0 0.6863654699475595 0.6332580463015246 0.02864058087938685 0.012422360248447204
0 0.6879790237999194 0.6325522303783173 0.003630496167809601 0.002540937323546019
0 0.7246873739411053 0.6355166572557877 0.051230334812424366 0.039525691699604744
0 0.7061315046389673 0.6246470920383964 0.0028237192416296895 0.001411631846414455
0 0.7557482855990318 0.6401750423489554 0.0052440500201694235 0.004234895539243365
