0 0.1674062121823316 0.22684923771880294 0.03630496167809601 0.021174477696216828
0 0.22307382008874546 0.23023715415019763 0.023396530859217425 0.01383399209486166
0 0.30032271077047196 0.22684923771880294 0.07704719645018153 0.020045172219085264
0 0.38463089955627267 0.22924901185770752 0.031060911657926585 0.024844720496894408
0 0.43061718434852764 0.2264257481648786 0.02944735780556676 0.01693958215697346
0 0.4431222267043163 0.2295313382269904 0.01573215006050827 0.010163749294184076
0 0.4764017749092376 0.23503670242800678 0.053247277127874144 0.023433088650479956
0 0.48527632109721663 0.23955392433653303 0.01290843081887858 0.008752117447769622
0 0.5490116982654296 0.22543760587238848 0.04356595401371521 0.017221908526256352
0 0.5736183945139169 0.2310841332580463 0.003227107704719645 0.001976284584980237
0 0.6131504638967326 0.22684923771880294 0.02581686163775716 0.018351214003387916
0 0.6809197256958451 0.22868435911914173 0.10810810810810811 0.01637492941840768
0 0.6315046389673256 0.21936758893280633 0.0028237192416296895 0.002258610954263128
0 0.7434449374747882 0.22910784867306608 0.016942315449778138 0.009881422924901186
0 0.8067769261799113 0.22713156408808582 0.05405405405405406 0.017786561264822136
0 0.1827349737797499 0.27837380011293056 0.07987091569181122 0.01693958215697346
0 0.2583703106091166 0.2826086956521739 0.018959257765227916 0.010163749294184076
0 0.32956837434449376 0.2782326369282891 0.07422347720855184 0.017221908526256352
0 0.4056070996369504 0.27837380011293056 0.031060911657926585 0.01129305477131564
0 0.40883420734167003 0.2696216826651609 0.003630496167809601 0.002258610954263128
0 0.46974586526825335 0.2769621682665161 0.043969342476805166 0.01693958215697346
0 0.5762404195240016 0.2780914737436477 0.12061315046389673 0.017504234895539244
0 0.5346914078257362 0.27060982495765107 0.0028237192416296895 0.001976284584980237
0 0.654497781363453 0.27752682100508186 0.03993545784590561 0.015245623941276116
0 0.6387656313029447 0.27216261998870694 0.0028237192416296895 0.002258610954263128
0 0.7166196046793062 0.2782326369282891 0.026220250100847116 0.017221908526256352
0 0.7438483259378782 0.27780914737436474 0.053247277127874144 0.017504234895539244
0 0.8061718434852764 0.2795031055900621 0.033481242436466316 0.023150762281197064
0 0.1762807583703106 0.33356860530773574 0.06776926179911255 0.03359683794466403
0 0.21621621621621623 0.33046301524562394 0.033884630899556276 0.01101072840203275
0 0.24687373941105284 0.3266516092603049 0.024203307785397338 0.01637492941840768
0 0.31343283582089554 0.3274985883681536 0.05970149253731343 0.01637492941840768
0 0.382008874546188 0.32735742518351213 0.04437273093989512 0.015527950310559006
0 0.4673255344897136 0.3286278938452851 0.09479628882613957 0.01637492941840768
0 0.5578862444534086 0.3287690570299266 0.03953206938281565 0.017786561264822136
0 0.5588947156111336 0.3234048560135517 0.0028237192416296895 0.001976284584980237
0 0.6204114562323517 0.32806324110671936 0.0572811617587737 0.01693958215697346
0 0.6208148446954417 0.322557876905703 0.0024203307785397336 0.001976284584980237
0 0.6603469140782574 0.3344155844155844 0.0024203307785397336 0.001976284584980237
0 0.6986688180718031 0.3286278938452851 0.02016942315449778 0.015810276679841896
0 0.7141992739007664 0.3272162619988707 0.03509479628882614 0.015810276679841896
0 0.809197256958451 0.3321569734613213 0.10649455425574829 0.026821005081874648
0 0.17708753529649052 0.3771880293619424 0.06938281565147236 0.018633540372670808
0 0.22287212585720048 0.37662337662337664 0.02218636546994756 0.019198193111236588
0 0.2918515530455829 0.3781761716544325 0.06333198870512304 0.020609824957651044
0 0.3674868898749496 0.37789384528514963 0.06131504638967326 0.017221908526256352
0 0.4903186768858411 0.3826933935629588 0.16821298910851148 0.026256352343308864
0 0.5835014118596208 0.39073969508752115 0.0060508269463493344 0.003952569169960474
0 0.6321097216619604 0.37732919254658387 0.04517950786607503 0.017221908526256352
0 0.7325534489713594 0.3760587238848108 0.11698265429608713 0.018068887634105024
0 0.17426381605486083 0.4357707509881423 0.06776926179911255 0.029079616036137776
0 0.20391286809197257 0.43802936194240544 0.02379991932230738 0.023997741389045736
0 0.22932634126663978 0.43153585544889894 0.008471157724889069 0.001976284584980237
0 0.29265832997176283 0.43929983060417843 0.11093182734973779 0.024280067758328628
0 0.3580072609923356 0.42871259175607 0.022993142396127472 0.017221908526256352
0 0.3711173860427592 0.4405702992659514 0.011294876966518758 0.007622811970638058
0 0.4203307785397338 0.4268774703557312 0.04759983864461476 0.01693958215697346
0 0.5157321500605083 0.43506493506493504 0.11738604275917709 0.02710333145115754
0 0.5576845502218637 0.4234895539243365 0.0028237192416296895 0.002258610954263128
0 0.6776926179911255 0.4295595708639187 0.1718434852763211 0.017221908526256352
0 0.8172650262202501 0.4308300395256917 0.06615570794675273 0.018068887634105024
0 0.16680112948769665 0.47910784867306605 0.04961678096006454 0.018068887634105024
0 0.26966518757563535 0.4798136645962733 0.10851149657119806 0.0189158667419537
0 0.2936668011294877 0.47459062676453984 0.003227107704719645 0.002258610954263128
0 0.40500201694231547 0.481931112365895 0.10810810810810811 0.01693958215697346
0 0.5332795482049213 0.480660643704122 0.11052843888664785 0.0189158667419537
0 0.609721661960468 0.4823546019198193 0.014925373134328358 0.002540937323546019
0 0.6651875756353368 0.4815076228119706 0.06696248487293263 0.01101072840203275
0 0.7412263009277935 0.47783738001129306 0.050423557886244454 0.017786561264822136
0 0.16518757563533684 0.5316205533596838 0.031060911657926585 0.012422360248447204
0 0.2035094796288826 0.532608695652174 0.045582896329164985 0.010446075663466968
0 0.28862444534086323 0.5307735742518351 0.08027430415490117 0.01637492941840768
0 0.3315853166599435 0.5327498588368154 0.009681323114158934 0.0016939582156973462
0 0.38483259378781765 0.5306324110671937 0.08793868495361033 0.017786561264822136
0 0.4671238402581686 0.5347261434217956 0.04033884630899556 0.012422360248447204
0 0.4709560306575232 0.5249858836815359 0.004437273093989512 0.002540937323546019
0 0.5280354981847519 0.5304912478825522 0.0500201694231545 0.015810276679841896
0 0.6357402178297701 0.5357142857142857 0.12424364663170634 0.027950310559006212
0 0.7260992335619201 0.5314793901750423 0.05405405405405406 0.017221908526256352
0 0.7569584509883017 0.5412196499153021 0.01008471157724889 0.007905138339920948
0 0.7902379991932231 0.5239977413890458 0.009681323114158934 0.007340485601355167
0 0.8166599435256152 0.5317617165443252 0.05526421944332392 0.012140033879164314
0 0.8660750302541347 0.5295031055900621 0.050826946349334406 0.018351214003387916
0 0.16881807180314642 0.5804630152456239 0.0391286809197257 0.01637492941840768
0 0.22609923356192013 0.5825804630152456 0.04881000403388463 0.016657255787690572
0 0.2882210568777733 0.5861095426312818 0.03751512706736587 0.010163749294184076
0 0.3410649455425575 0.5907679277244494 0.06655909640984267 0.01948051948051948
0 0.4199273900766438 0.5870976849237719 0.03227107704719645 0.025691699604743084
0 0.45118999596611536 0.5786278938452851 0.00927793465106898 0.007622811970638058
0 0.4747882210568778 0.5822981366459627 0.014521984671238403 0.001976284584980237
0 0.5032271077047197 0.5821569734613213 0.003630496167809601 0.002258610954263128
0 0.5258168616377572 0.5844155844155844 0.045582896329164985 0.011857707509881422
0 0.6099233561920129 0.5845567476002259 0.07099636950383219 0.011575381140598532
0 0.6849536103267446 0.5858272162619989 0.033884630899556276 0.01129305477131564
0 0.7400161355385236 0.5848390739695087 0.03751512706736587 0.009881422924901186
0 0.2035094796288826 0.638481084133258 0.12303348124243646 0.032467532467532464
0 0.16498588140379186 0.6254940711462451 0.003227107704719645 0.001976284584980237
0 0.3206938281565147 0.6398927159796725 0.07503025413473174 0.03020892151326934
0 0.38886647841871724 0.6367871259175607 0.03146430012101654 0.023433088650479956
0 0.44130697862041146 0.633681535855449 0.04679306171843485 0.017221908526256352
0 0.4989915288422751 0.6355166572557877 0.023396530859217425 0.011857707509881422
0 0.5403388463089955 0.6398927159796725 0.07059298104074223 0.03077357425183512
0 0.5762404195240016 0.6429983060417843 0.0028237192416296895 0.001976284584980237
