0 0.16438079870915692 0.2100508187464709 0.022993142396127472 0.006775832862789385
0 0.16337232755143202 0.22501411631846416 0.011294876966518758 0.023715415019762844
0 0.1918112141992739 0.22473178994918125 0.04154901169826543 0.02710333145115754
0 0.1964501815248084 0.2217673630717109 0.005647438483259379 0.0036702428006775835
0 0.2648245260185559 0.22346132128740825 0.05203711173860428 0.03585544889892716
0 0.33743444937474787 0.22261434217955958 0.0326744655102864 0.022303783173348392
0 0.390681726502622 0.2217673630717109 0.0391286809197257 0.026821005081874648
0 0.4526018555869302 0.22444946357989837 0.016942315449778138 0.012422360248447204
0 0.46228317870108915 0.22995482778091475 0.0016135538523598225 0.0008469791078486731
0 0.491125453812021 0.20934500282326368 0.022993142396127472 0.007622811970638058
0 0.4899152884227511 0.22233201581027667 0.014925373134328358 0.021739130434782608
0 0.527228721258572 0.2245906267645398 0.06131504638967326 0.025691699604743084
0 0.5962081484469545 0.22529644268774704 0.03307785397337636 0.014116318464144552
0 0.6062928600242034 0.21823828345567475 0.004033884630899556 0.00282326369282891
0 0.6145623235175474 0.23178994918125354 0.0012101653892698668 0.001129305477131564
0 0.672246873739411 0.22162619988706944 0.11577248890681727 0.024280067758328628
0 0.7630092779346511 0.22713156408808582 0.0326744655102864 0.041501976284584984
0 0.8027430415490117 0.22332015810276679 0.010488100040338847 0.0220214568040655
0 0.8170633319887052 0.2248729531338227 0.01653892698668818 0.01383399209486166
0 0.8338039532069382 0.22628458498023715 0.014521984671238403 0.011575381140598532
0 0.8489310205728117 0.23828345567476003 0.0060508269463493344 0.012987012987012988
0 0.86345300524405 0.2248729531338227 0.01573215006050827 0.012140033879164314
0 0.8824122630092779 0.22501411631846416 0.014925373134328358 0.01129305477131564
0 0.9037918515530455 0.2236024844720497 0.01734570391286809 0.01129305477131564
0 0.1472367890278338 0.264257481648786 0.07503025413473174 0.024844720496894408
0 0.22287212585720048 0.26990400903444384 0.02864058087938685 0.04009034443817053
0 0.2263009277934651 0.2509881422924901 0.0024203307785397336 0.002258610954263128
0 0.28600242033077855 0.27752682100508186 0.023396530859217425 0.033314511575381144
0 0.28156514723678905 0.2587521174477696 0.004033884630899556 0.001976284584980237
0 0.30254134731746674 0.27188029361942406 0.003227107704719645 0.006211180124223602
0 0.3061718434852763 0.26877470355731226 0.003227107704719645 0.001129305477131564
0 0.3096006454215409 0.2745623941276115 0.0012101653892698668 0.001976284584980237
0 0.3130294473578056 0.2745623941276115 0.004840661557079467 0.009316770186335404
0 0.3247277127874143 0.274703557312253 0.017749092375958047 0.01129305477131564
0 0.33864461476401775 0.2682100508187465 0.014925373134328358 0.02258610954263128
0 0.34772085518354173 0.2766798418972332 0.00645421540943929 0.002258610954263128
0 0.3499394917305365 0.2628458498023715 0.002016942315449778 0.00282326369282891
0 0.35316659943525613 0.2676453980801807 0.006857603872529245 0.01693958215697346
0 0.3588140379185155 0.27413890457368717 0.00927793465106898 0.007905138339920948
0 0.3646631706333199 0.26143421795595706 0.004033884630899556 0.004517221908526256
0 0.3763614360629286 0.27004517221908525 0.02743041549011698 0.021174477696216828
0 0.46147640177490923 0.26355166572557875 0.07503025413473174 0.026256352343308864
0 0.5354981847519161 0.2670807453416149 0.033481242436466316 0.01129305477131564
0 0.5923759580475998 0.2673630717108978 0.0326744655102864 0.012987012987012988
0 0.6702299314239613 0.2780914737436477 0.07946752722872126 0.0378317334839074
0 0.6389673255344898 0.2542348955392434 0.0016135538523598225 0.0008469791078486731
0 0.6986688180718031 0.25945793337097683 0.003227107704719645 0.00282326369282891
0 0.7168212989108511 0.27004517221908525 0.01290843081887858 0.008752117447769622
0 0.7365873336022589 0.2715979672501412 0.04437273093989512 0.01355166572557877
0 0.7708753529649052 0.27498588368153587 0.003227107704719645 0.002258610954263128
0 0.7977006857603872 0.25352907961603616 0.019766034691407825 0.00564652738565782
0 0.7948769665187576 0.2663749294184077 0.00927793465106898 0.017221908526256352
0 0.8148446954417103 0.26355166572557875 0.02743041549011698 0.023433088650479956
0 0.8406615570794675 0.27639751552795033 0.0024203307785397336 0.0016939582156973462
0 0.8749495764421138 0.2813382269904009 0.06696248487293263 0.060135516657255784
0 0.11799112545381202 0.2955957086391869 0.008471157724889069 0.017504234895539244
0 0.11839451391690198 0.3015245623941276 0.0012101653892698668 0.002258610954263128
0 0.13210972166196047 0.308300395256917 0.02864058087938685 0.015245623941276116
0 0.15490116982654295 0.3037831733483907 0.014521984671238403 0.020892151326933936
0 0.22428398547801534 0.3186053077357425 0.05889471561113352 0.05561829474872953
0 0.27410246066962485 0.32495765104460755 0.0060508269463493344 0.010728402032749858
0 0.27329568374344493 0.31747600225861095 0.0012101653892698668 0.001411631846414455
0 0.2956837434449375 0.3114059853190288 0.004033884630899556 0.005081874647092038
0 0.2987091569181121 0.31098249576510445 0.0012101653892698668 0.001976284584980237
0 0.3011294876966519 0.3154997176736307 0.0028237192416296895 0.006493506493506494
0 0.32129891085114964 0.3123941276115189 0.0391286809197257 0.013269339356295878
0 0.35074626865671643 0.3145115753811406 0.01573215006050827 0.009034443817052512
0 0.38019362646228316 0.30011293054771315 0.033481242436466316 0.0378317334839074
0 0.43586123436869706 0.30448898927159795 0.0326744655102864 0.023997741389045736
0 0.4211375554659137 0.31521739130434784 0.0024203307785397336 0.002540937323546019
0 0.47962888261395725 0.3081592320722755 0.017749092375958047 0.011575381140598532
0 0.48325937878176684 0.30350084697910784 0.004840661557079467 0.002258610954263128
0 0.5010084711577248 0.32933370976849236 0.0024203307785397336 0.005364201016374929
0 0.5131101250504235 0.31648785996612083 0.02016942315449778 0.032185206098249576
0 0.5490116982654296 0.3051948051948052 0.06131504638967326 0.023715415019762844
0 0.5439693424768052 0.29136081309994355 0.003630496167809601 0.00282326369282891
0 0.6262605889471561 0.31394692264257484 0.0536506655909641 0.021456804065499716
0 0.6966518757563533 0.3102766798418972 0.023396530859217425 0.011857707509881422
0 0.7281161758773699 0.3051948051948052 0.03953206938281565 0.020892151326933936
0 0.7710770471964502 0.3154997176736307 0.002016942315449778 0.001411631846414455
0 0.8120209762000806 0.3272162619988707 0.07987091569181122 0.055900621118012424
0 0.8688987494957644 0.31846414455110106 0.04195240016135539 0.012422360248447204
0 0.9288019362646228 0.313382269904009 0.0463896732553449 0.021456804065499716
0 0.9324324324324325 0.3073122529644269 0.006857603872529245 0.0036702428006775835
0 0.15288422751109318 0.33794466403162055 0.06615570794675273 0.023715415019762844
0 0.1811214199273901 0.36335403726708076 0.004033884630899556 0.0016939582156973462
0 0.19019766034691407 0.34655561829474874 0.0028237192416296895 0.001976284584980237
0 0.245461879790238 0.3382269904009034 0.01573215006050827 0.024280067758328628
0 0.27591770875352967 0.3390739695087521 0.035498184751916094 0.02258610954263128
0 0.3370310609116579 0.34006211180124224 0.026220250100847116 0.021174477696216828
0 0.3307785397337636 0.3349802371541502 0.0016135538523598225 0.0008469791078486731
0 0.40338846308995563 0.3495200451722191 0.063735377168213 0.020892151326933936
0 0.39027833803953205 0.3632128740824393 0.008471157724889069 0.001976284584980237
0 0.4709560306575232 0.35191981931112365 0.0052440500201694235 0.0036702428006775835
0 0.4707543364259782 0.3557312252964427 0.004033884630899556 0.002258610954263128
0 0.47862041145623235 0.34782608695652173 0.01008471157724889 0.018068887634105024
0 0.47498991528842277 0.3520609824957651 0.0012101653892698668 0.001129305477131564
0 0.49737797498991526 0.3479672501411632 0.029043969342476807 0.0251270468661773
0 0.49052037111738606 0.34966120835686054 0.0016135538523598225 0.005364201016374929
0 0.5008067769261799 0.3427442123094297 0.0028237192416296895 0.003952569169960474
0 0.5248083904800322 0.3608130999435347 0.0024203307785397336 0.0016939582156973462
0 0.5445744251714401 0.34006211180124224 0.00645421540943929 0.0036702428006775835
0 0.5552642194433239 0.35093167701863354 0.01734570391286809 0.026538678712591756
0 0.5512303348124243 0.3372388481084133 0.0060508269463493344 0.002540937323546019
0 0.5528438886647842 0.33977978543195936 0.0012101653892698668 0.002540937323546019
0 0.5528438886647842 0.34429700734048563 0.0012101653892698668 0.001976284584980237
0 0.5580879386849537 0.35304912478825523 0.0012101653892698668 0.003105590062111801
0 0.5756353368293666 0.3551665725578769 0.03469140782573618 0.011857707509881422
0 0.6014521984671238 0.35742518351214003 0.0024203307785397336 0.0033879164313946925
0 0.6268656716417911 0.3500846979107849 0.048406615570794675 0.023150762281197064
0 0.6734570391286809 0.3394974590626765 0.0012101653892698668 0.002540937323546019
0 0.6734570391286809 0.34260304912478823 0.0012101653892698668 0.002540937323546019
0 0.6740621218233158 0.3365330321852061 0.0016135538523598225 0.00282326369282891
0 0.682129891085115 0.3534726143421796 0.003227107704719645 0.0033879164313946925
0 0.6893908834207342 0.35304912478825523 0.012101653892698669 0.010446075663466968
0 0.7708753529649052 0.35629587803500845 0.10165389269866881 0.01637492941840768
0 0.7870108914885035 0.3479672501411632 0.008067769261799113 0.005928853754940711
0 0.8400564743848326 0.3591191417278374 0.0052440500201694235 0.0033879164313946925
0 0.17244856797095603 0.37789384528514963 0.09802339653085922 0.026821005081874648
0 0.19685356998789835 0.37140033879164314 0.007260992335619202 0.004234895539243365
0 0.23416700282371924 0.4075381140598532 0.0012101653892698668 0.0008469791078486731
0 0.2373941105284389 0.3985036702428007 0.006857603872529245 0.016657255787690572
0 0.2892295280354982 0.3824110671936759 0.026623638563937072 0.012140033879164314
0 0.3325937878176684 0.37732919254658387 0.04154901169826543 0.022868435911914172
0 0.4080274304154901 0.37874082439299833 0.052843888664784185 0.028514963297571992
0 0.43828156514723676 0.3904573687182383 0.002016942315449778 0.001129305477131564
0 0.4790237999193223 0.38311688311688313 0.0826946349334409 0.023715415019762844
0 0.4792254941508673 0.3774703557312253 0.00645421540943929 0.002258610954263128
0 0.5649455425574829 0.38735177865612647 0.038321903993545785 0.0220214568040655
0 0.5665590964098427 0.3728119706380576 0.004437273093989512 0.004799548277809147
0 0.5778539733763615 0.38848108413325805 0.004437273093989512 0.00282326369282891
0 0.5762404195240016 0.391304347826087 0.0012101653892698668 0.0016939582156973462
0 0.5956030657523195 0.3953980801806889 0.030254134731746672 0.012704686617730096
0 0.6524808390480032 0.38509316770186336 0.014925373134328358 0.01693958215697346
0 0.6520774505849133 0.3955392433653303 0.014118596208148447 0.019198193111236588
0 0.7035094796288827 0.3973743647656691 0.04195240016135539 0.034161490683229816
0 0.7404195240016136 0.39285714285714285 0.0318676885841065 0.021174477696216828
0 0.7765227914481646 0.3839638622247318 0.004840661557079467 0.003952569169960474
0 0.7827753126260589 0.40146809712027104 0.00927793465106898 0.010728402032749858
0 0.7858007260992336 0.3879164313946923 0.009681323114158934 0.005081874647092038
0 0.7853973376361436 0.38410502540937325 0.0016135538523598225 0.0036702428006775835
0 0.8327954820492134 0.38961038961038963 0.09479628882613957 0.0502540937323546
0 0.7894312222670432 0.382128740824393 0.005647438483259379 0.004799548277809147
0 0.845300524405002 0.391304347826087 0.0012101653892698668 0.0033879164313946925
0 0.8467123840258168 0.385940146809712 0.0016135538523598225 0.00282326369282891
0 0.13130294473578055 0.4243365330321852 0.035901573215006054 0.029926595143986448
0 0.1508672851956434 0.4212309429700734 0.0016135538523598225 0.003952569169960474
0 0.1964501815248084 0.43788819875776397 0.0927793465106898 0.05194805194805195
0 0.15207745058491326 0.4178430265386787 0.0016135538523598225 0.002258610954263128
0 0.25312626058894716 0.42603049124788256 0.0028237192416296895 0.012422360248447204
0 0.2668414683340056 0.4373235460191982 0.014118596208148447 0.012987012987012988
0 0.299919322307382 0.4289949181253529 0.0012101653892698668 0.001976284584980237
0 0.3215006050826946 0.42730095990965555 0.04437273093989512 0.023433088650479956
0 0.38967325534489716 0.4277244494635799 0.04679306171843485 0.023715415019762844
0 0.4691407825736184 0.43774703557312256 0.05647438483259379 0.056747600225861096
0 0.44372730939895116 0.4116318464144551 0.003227107704719645 0.003952569169960474
0 0.5494150867285196 0.4289949181253529 0.06131504638967326 0.021739130434782608
0 0.6349334409035902 0.43153585544889894 0.050826946349334406 0.026256352343308864
0 0.7384025816861638 0.4383116883116883 0.07059298104074223 0.03811405985319029
0 0.7708753529649052 0.4333709768492377 0.0024203307785397336 0.0016939582156973462
0 0.8235175473981444 0.44960474308300397 0.0899556272690601 0.04997176736307171
0 0.16377571601452198 0.4731789949181254 0.06696248487293263 0.02710333145115754
0 0.23557886244453408 0.47557876905702995 0.07260992335619201 0.027385657820440428
0 0.23981444130697863 0.4733201581027668 0.003630496167809601 0.001976284584980237
0 0.2662363856393707 0.4733201581027668 0.004033884630899556 0.003105590062111801
0 0.290843081887858 0.4971767363071711 0.029043969342476807 0.03613777526821005
0 0.31444130697862044 0.4937888198757764 0.0028237192416296895 0.0033879164313946925
0 0.35296490520371115 0.4743083003952569 0.01290843081887858 0.029926595143986448
0 0.3676885841064946 0.47459062676453984 0.019766034691407825 0.025974025974025976
0 0.44130697862041146 0.4827780914737436 0.06857603872529246 0.01693958215697346
0 0.5403388463089955 0.4731789949181254 0.058491327148043566 0.02766798418972332
0 0.6030657523194837 0.4810841332580463 0.015328761597418314 0.012987012987012988
0 0.608309802339653 0.47684923771880294 0.0016135538523598225 0.001129305477131564
0 0.6514723678902783 0.4813664596273292 0.03630496167809601 0.014116318464144552
0 0.6657926583299718 0.47571993224167136 0.002016942315449778 0.001129305477131564
0 0.6853569987898346 0.4784020327498588 0.022589753933037516 0.0251270468661773
0 0.7230738200887454 0.4774138904573687 0.05445744251714401 0.03387916431394692
0 0.781766841468334 0.47600225861095424 0.029043969342476807 0.021456804065499716
0 0.8313836224283986 0.4782608695652174 0.02743041549011698 0.020327498588368152
0 0.1189995966115369 0.5189158667419537 0.02016942315449778 0.019198193111236588
0 0.11073013311819283 0.5276679841897233 0.0012101653892698668 0.001129305477131564
0 0.1498588140379185 0.5230095990965556 0.01008471157724889 0.001976284584980237
0 0.2008874546187979 0.5191981931112366 0.0645421540943929 0.030491247882552232
0 0.2708753529649052 0.5200451722190853 0.02702702702702703 0.029926595143986448
0 0.3055667607906414 0.5295031055900621 0.038321903993545785 0.014398644833427442
0 0.36829366680112946 0.5162337662337663 0.020976200080677694 0.027950310559006212
0 0.36809197256958454 0.5114342179559571 0.0012101653892698668 0.001411631846414455
0 0.3949173053650666 0.5191981931112366 0.035498184751916094 0.029361942405420668
0 0.4277934651068979 0.5388198757763976 0.030254134731746672 0.03472614342179559
0 0.47438483259378783 0.5242800677583286 0.016135538523598225 0.01129305477131564
0 0.4715611133521581 0.5191981931112366 0.0024203307785397336 0.001129305477131564
0 0.49838644614764016 0.5200451722190853 0.0326744655102864 0.020327498588368152
0 0.5135135135135135 0.5194805194805194 0.0016135538523598225 0.00282326369282891
0 0.5435659540137152 0.5201863354037267 0.026220250100847116 0.022868435911914172
0 0.5494150867285196 0.5136928289102202 0.0016135538523598225 0.001411631846414455
0 0.5617184348527632 0.5273856578204404 0.011698265429608713 0.010163749294184076
0 0.6226300927793466 0.5258328627893846 0.07624041952400161 0.04206662902315076
0 0.608914885034288 0.5121400338791643 0.0012101653892698668 0.0016939582156973462
0 0.6099233561920129 0.508893280632411 0.0016135538523598225 0.001411631846414455
0 0.6472367890278338 0.5119988706945229 0.0012101653892698668 0.001976284584980237
0 0.6502622025010085 0.5074816487859967 0.0024203307785397336 0.001411631846414455
0 0.6772892295280355 0.5245623941276115 0.03227107704719645 0.01129305477131564
0 0.7109721661960468 0.5395256916996047 0.035901573215006054 0.0378317334839074
0 0.7587736990722065 0.5170807453416149 0.03953206938281565 0.02456239412761152
0 0.7753126260588947 0.5166572557876906 0.0016135538523598225 0.001129305477131564
0 0.790843081887858 0.5261151891586674 0.027833803953206938 0.010446075663466968
0 0.8305768455022187 0.5306324110671937 0.048406615570794675 0.02456239412761152
0 0.8805970149253731 0.5252682100508187 0.05244050020169423 0.017221908526256352
0 0.1228317870108915 0.562111801242236 0.02218636546994756 0.011857707509881422
0 0.18777732956837434 0.5650762281197064 0.05203711173860428 0.012704686617730096
0 0.27269060104881 0.5662055335968379 0.05970149253731343 0.04319593450028233
0 0.3588140379185155 0.5527950310559007 0.022993142396127472 0.021456804065499716
0 0.36405808793868494 0.5422077922077922 0.0012101653892698668 0.0008469791078486731
0 0.3654699475594998 0.5643704121964992 0.003227107704719645 0.0033879164313946925
0 0.36809197256958454 0.5594297007340485 0.0028237192416296895 0.004799548277809147
0 0.37232755143202906 0.5638057594579333 0.003227107704719645 0.00282326369282891
0 0.3781766841468334 0.5618294748729531 0.006857603872529245 0.009599096555618294
0 0.3989511899959661 0.5578769057029926 0.035498184751916094 0.025409373235460192
0 0.3916901976603469 0.5522303783173348 0.004840661557079467 0.00282326369282891
0 0.4550221863654699 0.5615471485036703 0.011294876966518758 0.019198193111236588
0 0.4661153691004437 0.5503952569169961 0.013311819281968536 0.020609824957651044
0 0.46974586526825335 0.5392433653303218 0.002016942315449778 0.001129305477131564
0 0.47297297297297297 0.5575945793337098 0.0012101653892698668 0.001129305477131564
0 0.5197660346914078 0.5630999435347261 0.09318273497377975 0.018351214003387916
0 0.5233965308592174 0.5513833992094862 0.0052440500201694235 0.00282326369282891
0 0.600242033077854 0.5669113495200452 0.012101653892698669 0.01129305477131564
0 0.6524808390480032 0.5729813664596274 0.08592174263816055 0.04206662902315076
0 0.7168212989108511 0.5717108977978543 0.04356595401371521 0.01355166572557877
0 0.7517144009681324 0.5753811405985318 0.0052440500201694235 0.003952569169960474
