0 0.1482452601855587 0.22219085262563523 0.018152480839048003 0.017504234895539244
0 0.16760790641387657 0.2264257481648786 0.014118596208148447 0.00846979107848673
0 0.21359419120613152 0.2224731789949181 0.02864058087938685 0.018633540372670808
0 0.23678902783380396 0.2264257481648786 0.012101653892698669 0.009599096555618294
0 0.27591770875352967 0.2264257481648786 0.03065752319483663 0.010728402032749858
0 0.29850746268656714 0.22699040090344438 0.011294876966518758 0.005081874647092038
0 0.3108108108108108 0.22783738001129306 0.010891488503428802 0.007340485601355167
0 0.3315853166599435 0.22374364765669114 0.026623638563937072 0.015527950310559006
0 0.3717224687373941 0.22317899491812535 0.014118596208148447 0.016657255787690572
0 0.38140379185155304 0.22162619988706944 0.003630496167809601 0.002258610954263128
0 0.38221056877773296 0.22684923771880294 0.003630496167809601 0.005928853754940711
0 0.39511899959661156 0.22769621682665162 0.014925373134328358 0.010446075663466968
0 0.4245663574021783 0.22332015810276679 0.014925373134328358 0.01637492941840768
0 0.4417103670835014 0.22755505364201017 0.009681323114158934 0.007340485601355167
0 0.4554255748285599 0.22868435911914173 0.012101653892698669 0.00846979107848673
0 0.4683340056474385 0.22840203274985885 0.012101653892698669 0.006211180124223602
0 0.48850342880193626 0.2236024844720497 0.016135538523598225 0.017504234895539244
0 0.5028237192416297 0.2316487859966121 0.004437273093989512 0.001976284584980237
0 0.5480032271077048 0.2224731789949181 0.038321903993545785 0.018633540372670808
0 0.5705929810407422 0.2248729531338227 0.010891488503428802 0.01383399209486166
0 0.5832997176280759 0.2279785431959345 0.01290843081887858 0.009316770186335404
0 0.608713190802743 0.22755505364201017 0.016135538523598225 0.028797289666854884
0 0.6171843485276322 0.2251552795031056 0.0024203307785397336 0.003105590062111801
0 0.618192819685357 0.23080180688876342 0.003630496167809601 0.004799548277809147
0 0.627672448567971 0.22416713721061546 0.00645421540943929 0.017504234895539244
0 0.6446147640177491 0.23023715415019763 0.021782977006857603 0.012140033879164314
0 0.6692214602662364 0.2204968944099379 0.0024203307785397336 0.00282326369282891
0 0.672650262202501 0.22995482778091475 0.004437273093989512 0.005928853754940711
0 0.68192819685357 0.22882552230378317 0.013311819281968536 0.01101072840203275
0 0.7071399757966922 0.23066064370412195 0.014521984671238403 0.00846979107848673
0 0.7414279951593384 0.2295313382269904 0.015328761597418314 0.007905138339920948
0 0.7609923356192013 0.22557876905702992 0.019766034691407825 0.01637492941840768
0 0.7743041549011698 0.22571993224167136 0.0060508269463493344 0.017221908526256352
0 0.7851956434045986 0.23080180688876342 0.008471157724889069 0.001976284584980237
0 0.8063735377168213 0.2305194805194805 0.02016942315449778 0.00818746470920384
0 0.8404598628479225 0.22628458498023715 0.04800322710770472 0.022303783173348392
0 0.14663170633319886 0.275974025974026 0.013311819281968536 0.012704686617730096
0 0.16014521984671237 0.27710333145115756 0.01371520774505849 0.00818746470920384
0 0.1744655102864058 0.2780914737436477 0.00927793465106898 0.006775832862789385
0 0.18293666801129488 0.2701863354037267 0.0028237192416296895 0.003952569169960474
0 0.18354175070592982 0.27738565782044045 0.0024203307785397336 0.004799548277809147
0 0.19584509883017345 0.2776679841897233 0.012505042355788625 0.007058159232072276
0 0.20653489310205728 0.2727272727272727 0.01290843081887858 0.014680971202710334
0 0.2156111335215813 0.27089215132693395 0.004437273093989512 0.002540937323546019
0 0.21682129891085114 0.2779503105590062 0.003630496167809601 0.005364201016374929
0 0.22851956434045986 0.2766798418972332 0.011698265429608713 0.006775832862789385
0 0.2434449374747882 0.2803500846979108 0.013311819281968536 0.010163749294184076
0 0.28600242033077855 0.27851496329757197 0.014521984671238403 0.00818746470920384
0 0.3029447357805567 0.2792207792207792 0.01290843081887858 0.007905138339920948
0 0.3408632513110125 0.27413890457368717 0.03065752319483663 0.01637492941840768
0 0.36385639370713996 0.27752682100508186 0.010488100040338847 0.006775832862789385
0 0.3783783783783784 0.27343308865047994 0.012101653892698669 0.014963297571993224
0 0.40923759580476 0.27780914737436474 0.012505042355788625 0.00846979107848673
0 0.41589350544574427 0.2738565782044043 0.0024203307785397336 0.00282326369282891
0 0.41871722468737393 0.27710333145115756 0.0016135538523598225 0.001411631846414455
0 0.4189189189189189 0.2800677583286279 0.002016942315449778 0.003952569169960474
0 0.42839854780153286 0.27992659514398643 0.009681323114158934 0.007058159232072276
0 0.43787817668414686 0.27315076228119706 0.002016942315449778 0.001976284584980237
0 0.4396934247680516 0.27992659514398643 0.004033884630899556 0.004799548277809147
0 0.44937474788221055 0.27851496329757197 0.009681323114158934 0.010446075663466968
0 0.47519160951996775 0.27653867871259175 0.04437273093989512 0.014398644833427442
0 0.5203711173860428 0.2867024280067758 0.011294876966518758 0.020609824957651044
0 0.5354981847519161 0.281055900621118 0.010891488503428802 0.00818746470920384
0 0.5471964501815249 0.28091473743647655 0.01008471157724889 0.005081874647092038
0 0.5601048810004033 0.283596837944664 0.011698265429608713 0.011575381140598532
0 0.5853166599435257 0.2735742518351214 0.003227107704719645 0.00282326369282891
0 0.5871319080274304 0.2811970638057595 0.003630496167809601 0.005081874647092038
0 0.5980233965308592 0.28176171654432525 0.012505042355788625 0.009599096555618294
0 0.6286809197256958 0.2802089215132693 0.018152480839048003 0.008752117447769622
0 0.6444130697862042 0.2751270468661773 0.01008471157724889 0.01948051948051948
0 0.6532876159741832 0.2738565782044043 0.0052440500201694235 0.002258610954263128
0 0.654699475594998 0.27992659514398643 0.003227107704719645 0.005928853754940711
0 0.6706333198870512 0.2761151891586674 0.022993142396127472 0.015810276679841896
0 0.7057281161758774 0.2756916996047431 0.012505042355788625 0.015527950310559006
0 0.719039935457846 0.28063241106719367 0.010891488503428802 0.007905138339920948
0 0.727107704719645 0.2766798418972332 0.0060508269463493344 0.015810276679841896
0 0.7394110528438886 0.2779503105590062 0.012101653892698669 0.0251270468661773
0 0.7662363856393707 0.2780914737436477 0.014118596208148447 0.010163749294184076
0 0.7851956434045986 0.27653867871259175 0.02379991932230738 0.016657255787690572
0 0.8162565550625253 0.27992659514398643 0.011698265429608713 0.009881422924901186
0 0.827954820492134 0.28204404291360813 0.010891488503428802 0.00564652738565782
0 0.8398547801532876 0.28077357425183513 0.007260992335619202 0.00818746470920384
0 0.8495361032674466 0.27780914737436474 0.01290843081887858 0.015810276679841896
0 0.14683340056474384 0.3231225296442688 0.01371520774505849 0.011575381140598532
0 0.16236385639370715 0.32580463015245625 0.018152480839048003 0.007905138339920948
0 0.16942315449778136 0.33243929983060416 0.009681323114158934 0.020045172219085264
0 0.20411456232351755 0.3242518351214003 0.029850746268656716 0.017786561264822136
0 0.23981444130697863 0.3337097684923772 0.012505042355788625 0.014680971202710334
0 0.263412666397741 0.32933370976849236 0.02581686163775716 0.008752117447769622
0 0.2809600645421541 0.3277809147374365 0.008471157724889069 0.007905138339920948
0 0.2944735780556676 0.32834556747600224 0.01290843081887858 0.00564652738565782
0 0.3108108108108108 0.327639751552795 0.014118596208148447 0.00818746470920384
0 0.3338039532069383 0.3222755505364201 0.02864058087938685 0.020609824957651044
0 0.381807180314643 0.3255223037831734 0.031060911657926585 0.01693958215697346
0 0.38342073416700284 0.31620553359683795 0.002016942315449778 0.001129305477131564
0 0.40540540540540543 0.32919254658385094 0.016135538523598225 0.007905138339920948
0 0.4298104074223477 0.32594579333709767 0.013311819281968536 0.017786561264822136
0 0.445340863251311 0.3297571993224167 0.014521984671238403 0.00846979107848673
0 0.4628882613957241 0.3310276679841897 0.021379588543767647 0.007058159232072276
0 0.47519160951996775 0.3245341614906832 0.0024203307785397336 0.003105590062111801
0 0.4774102460669625 0.3307453416149068 0.003630496167809601 0.005364201016374929
0 0.48608309802339655 0.3310276679841897 0.01290843081887858 0.007622811970638058
0 0.5040338846308996 0.33145115753811405 0.018152480839048003 0.009599096555618294
0 0.5403388463089955 0.32622811970638055 0.031060911657926585 0.017786561264822136
0 0.5665590964098427 0.32735742518351213 0.02218636546994756 0.013269339356295878
0 0.600040338846309 0.3287690570299266 0.01573215006050827 0.00818746470920384
0 0.608914885034288 0.3169113495200452 0.002016942315449778 0.001411631846414455
0 0.6153691004437273 0.3256634669678148 0.013311819281968536 0.015527950310559006
0 0.6304961678096006 0.3307453416149068 0.01290843081887858 0.00818746470920384
0 0.6498588140379186 0.32481648785996614 0.004033884630899556 0.002540937323546019
0 0.6504638967325534 0.32933370976849236 0.0012101653892698668 0.0008469791078486731
0 0.6512706736587334 0.3318746470920384 0.0028237192416296895 0.004234895539243365
0 0.6607503025413474 0.3306041784302654 0.008874546187979023 0.009599096555618294
0 0.6639774102460669 0.32735742518351213 0.0016135538523598225 0.001976284584980237
0 0.6851553045582897 0.33300395256917 0.014925373134328358 0.007622811970638058
0 0.700080677692618 0.3331451157538114 0.013311819281968536 0.006211180124223602
0 0.7099636950383219 0.32820440429136083 0.01371520774505849 0.014963297571993224
0 0.7394110528438886 0.33032185206098247 0.021782977006857603 0.023150762281197064
0 0.7757160145219847 0.3284867306606437 0.01290843081887858 0.014963297571993224
0 0.7968939088342073 0.33243929983060416 0.026220250100847116 0.007622811970638058
0 0.8299717628075837 0.3321569734613213 0.01734570391286809 0.007622811970638058
0 0.8412666397741024 0.3255223037831734 0.0028237192416296895 0.00282326369282891
0 0.8432835820895522 0.3315923207227555 0.003630496167809601 0.00818746470920384
0 0.854578459056071 0.3334274421230943 0.011698265429608713 0.007340485601355167
0 0.8678902783380396 0.32806324110671936 0.010891488503428802 0.015810276679841896
0 0.8799919322307382 0.33455674760022586 0.0028237192416296895 0.002258610954263128
0 0.1409842678499395 0.37027103331451156 0.0326744655102864 0.017786561264822136
0 0.1672045179507866 0.3774703557312253 0.02379991932230738 0.009599096555618294
0 0.18394513916901978 0.38311688311688313 0.011294876966518758 0.01693958215697346
0 0.19241629689390882 0.37238848108413325 0.0024203307785397336 0.0033879164313946925
0 0.19483662767244858 0.37888198757763975 0.0024203307785397336 0.005081874647092038
0 0.21117386042759176 0.3759175607001694 0.022993142396127472 0.014963297571993224
0 0.2589753933037515 0.3752117447769622 0.015328761597418314 0.029361942405420668
0 0.2743041549011698 0.3740824392998306 0.004840661557079467 0.019198193111236588
0 0.28580072609923357 0.3800112930547713 0.013311819281968536 0.007905138339920948
0 0.29810407422347723 0.3879164313946923 0.017749092375958047 0.020327498588368152
0 0.31444130697862044 0.3800112930547713 0.013311819281968536 0.007340485601355167
0 0.3249294070189593 0.3804347826086957 0.013311819281968536 0.006493506493506494
0 0.3382412263009278 0.38170525127046867 0.010891488503428802 0.006775832862789385
0 0.34751916095199675 0.37704686617730093 0.013311819281968536 0.014398644833427442
0 0.38785800726099234 0.3804347826086957 0.014118596208148447 0.00818746470920384
0 0.40419524001613555 0.3771880293619424 0.012101653892698669 0.014680971202710334
0 0.41952400161355385 0.3802936194240542 0.012101653892698669 0.006775832862789385
0 0.43142396127470756 0.3805759457933371 0.013311819281968536 0.005081874647092038
0 0.4445340863251311 0.3780350084697911 0.009681323114158934 0.012987012987012988
0 0.45320693828156516 0.37351778656126483 0.002016942315449778 0.002258610954263128
0 0.4554255748285599 0.3814229249011858 0.003227107704719645 0.006775832862789385
0 0.4673255344897136 0.3825522303783173 0.01008471157724889 0.007905138339920948
0 0.48043565954013717 0.3900338791643139 0.02016942315449778 0.020045172219085264
0 0.5199677289229528 0.37761151891586675 0.029850746268656716 0.017221908526256352
0 0.5445744251714401 0.3818464144551101 0.014521984671238403 0.009881422924901186
0 0.581081081081081 0.38198757763975155 0.027833803953206938 0.009599096555618294
0 0.600040338846309 0.382128740824393 0.010891488503428802 0.005928853754940711
0 0.6077047196450182 0.3781761716544325 0.0028237192416296895 0.004799548277809147
0 0.6099233561920129 0.383399209486166 0.003227107704719645 0.005081874647092038
0 0.6242436466317063 0.38325804630152455 0.018959257765227916 0.009881422924901186
0 0.6670028237192416 0.38015245623941274 0.043162565550625254 0.015527950310559006
0 0.6954417103670835 0.3826933935629588 0.010488100040338847 0.005364201016374929
0 0.7065348931020573 0.3824110671936759 0.01008471157724889 0.006493506493506494
0 0.7162162162162162 0.38763410502540935 0.010891488503428802 0.01637492941840768
0 0.7307382008874547 0.3800112930547713 0.013311819281968536 0.014116318464144552
0 0.7460669624848729 0.38311688311688313 0.014118596208148447 0.00846979107848673
0 0.7688584106494554 0.38198757763975155 0.029043969342476807 0.009034443817052512
0 0.8029447357805567 0.37761151891586675 0.003630496167809601 0.002540937323546019
0 0.8033481242436467 0.38311688311688313 0.0028237192416296895 0.005081874647092038
0 0.8164582492940702 0.3825522303783173 0.014521984671238403 0.009599096555618294
0 0.14400968132311415 0.4233483907396951 0.016942315449778138 0.016657255787690572
0 0.1381605486083098 0.41360813099943533 0.002016942315449778 0.0016939582156973462
0 0.16317063331988704 0.4289949181253529 0.013311819281968536 0.007622811970638058
0 0.17265026220250101 0.42391304347826086 0.003227107704719645 0.002540937323546019
0 0.17466720451795079 0.43068887634105024 0.004033884630899556 0.004799548277809147
0 0.18253327954820492 0.4233483907396951 0.00927793465106898 0.01948051948051948
0 0.19503832190399353 0.42913608130999437 0.014118596208148447 0.007905138339920948
0 0.2252924566357402 0.43054771315640883 0.013311819281968536 0.006775832862789385
0 0.23981444130697863 0.4343591191417278 0.010891488503428802 0.014398644833427442
0 0.2743041549011698 0.4308300395256917 0.010488100040338847 0.009599096555618294
0 0.29245663574021785 0.43054771315640883 0.022589753933037516 0.00846979107848673
0 0.3098023396530859 0.42603049124788256 0.008067769261799113 0.01355166572557877
0 0.31887858007260994 0.4244776962168266 0.0060508269463493344 0.017221908526256352
0 0.3299717628075837 0.4383116883116883 0.01290843081887858 0.021739130434782608
0 0.34509883017345705 0.4343591191417278 0.002016942315449778 0.001976284584980237
0 0.3826139572408229 0.42264257481648787 0.024606696248487294 0.019762845849802372
0 0.40681726502622023 0.43054771315640883 0.01573215006050827 0.007905138339920948
0 0.4290036304961678 0.429983060417843 0.024606696248487294 0.010163749294184076
0 0.44917305365066557 0.43351214003387917 0.014925373134328358 0.009881422924901186
0 0.5056474384832593 0.4254658385093168 0.03751512706736587 0.021456804065499716
0 0.5338846308995563 0.43167701863354035 0.014118596208148447 0.006211180124223602
0 0.5484066155707946 0.4311123658949746 0.013311819281968536 0.007340485601355167
0 0.5615167406212183 0.43125352907961606 0.01290843081887858 0.009316770186335404
0 0.5752319483662768 0.4193958215697346 0.0016135538523598225 0.001411631846414455
0 0.581887858007261 0.427442123094297 0.014925373134328358 0.014116318464144552
0 0.6113352158128278 0.43774703557312256 0.04235578862444534 0.022303783173348392
0 0.6506655909640984 0.4233483907396951 0.0024203307785397336 0.003105590062111801
0 0.6526825332795482 0.4318181818181818 0.003227107704719645 0.006493506493506494
0 0.6647841871722469 0.4308300395256917 0.01371520774505849 0.009599096555618294
0 0.6651875756353368 0.4267363071710898 0.0024203307785397336 0.001976284584980237
0 0.7047196450181524 0.4277244494635799 0.029850746268656716 0.017504234895539244
0 0.7307382008874547 0.4321005081874647 0.018152480839048003 0.009881422924901186
0 0.7678499394917305 0.43054771315640883 0.014118596208148447 0.00846979107848673
0 0.7821702299314239 0.43153585544889894 0.009681323114158934 0.006493506493506494
0 0.7916498588140379 0.4258893280632411 0.0028237192416296895 0.002540937323546019
0 0.7924566357402179 0.4329474872953134 0.0028237192416296895 0.004234895539243365
0 0.8027430415490117 0.43718238283455674 0.008874546187979023 0.016092603049124788
0 0.8136345300524405 0.43901750423489555 0.010488100040338847 0.015810276679841896
0 0.8259378781766842 0.42913608130999437 0.00927793465106898 0.020892151326933936
0 0.8440903590157322 0.4288537549407115 0.024606696248487294 0.015810276679841896
0 0.14582492940701897 0.4710615471485037 0.02702702702702703 0.022868435911914172
0 0.1718434852763211 0.47896668548842464 0.01936264622831787 0.008752117447769622
0 0.1897942718838241 0.47896668548842464 0.011698265429608713 0.009316770186335404
0 0.20512303348124244 0.4795313382269904 0.014925373134328358 0.009881422924901186
0 0.2210568777732957 0.472755505364201 0.010488100040338847 0.021739130434782608
0 0.2537313432835821 0.47219085262563526 0.004840661557079467 0.002540937323546019
0 0.2561516740621218 0.4810841332580463 0.003227107704719645 0.006211180124223602
0 0.2680516337232755 0.4816487859966121 0.013311819281968536 0.007905138339920948
0 0.3118192819685357 0.4772727272727273 0.014521984671238403 0.016657255787690572
0 0.3140379185155305 0.467673630717109 0.002016942315449778 0.001976284584980237
0 0.3227107704719645 0.47360248447204967 0.003227107704719645 0.002540937323546019
0 0.32331585316659944 0.4816487859966121 0.0028237192416296895 0.00564652738565782
0 0.3370310609116579 0.4786843591191417 0.018959257765227916 0.01383399209486166
0 0.35498184751916095 0.4813664596273292 0.010488100040338847 0.006211180124223602
0 0.3674868898749496 0.48094297007340486 0.011294876966518758 0.008752117447769622
0 0.381807180314643 0.4805194805194805 0.011698265429608713 0.00846979107848673
0 0.3947156111335216 0.4805194805194805 0.01573215006050827 0.010163749294184076
0 0.40681726502622023 0.4847543760587239 0.0028237192416296895 0.0016939582156973462
