0 0.13795885437676483 0.21485036702428006 0.008874546187979023 0.006211180124223602
0 0.15893505445744252 0.22571993224167136 0.011294876966518758 0.031338226990400904
0 0.21036708350141187 0.2204968944099379 0.04800322710770472 0.029361942405420668
0 0.26643807987091567 0.22557876905702992 0.008471157724889069 0.0220214568040655
0 0.2928600242033078 0.22543760587238848 0.03791851553045583 0.021739130434782608
0 0.36345300524405 0.2261434217955957 0.06292860024203308 0.021456804065499716
0 0.4352561516740621 0.2248729531338227 0.04195240016135539 0.022303783173348392
0 0.4878983461073013 0.22374364765669114 0.014118596208148447 0.029644268774703556
0 0.5306575231948366 0.2295313382269904 0.04719645018152481 0.012422360248447204
0 0.5893505445744252 0.22444946357989837 0.03630496167809601 0.021456804065499716
0 0.6512706736587334 0.22402597402597402 0.0463896732553449 0.027385657820440428
0 0.7382008874546188 0.22600225861095427 0.0782573618394514 0.022868435911914172
0 0.7833803953206938 0.23673066064370413 0.004840661557079467 0.006493506493506494
0 0.8027430415490117 0.21682665160926032 0.014521984671238403 0.00564652738565782
0 0.8382412263009278 0.22332015810276679 0.029850746268656716 0.026538678712591756
0 0.15328761597418314 0.27103331451157536 0.05889471561113352 0.030491247882552232
0 0.21863654699475596 0.27865612648221344 0.03227107704719645 0.01693958215697346
0 0.24667204517950786 0.2852907961603614 0.003630496167809601 0.003105590062111801
0 0.2763210972166196 0.2663749294184077 0.01371520774505849 0.009316770186335404
0 0.31343283582089554 0.2737154150197628 0.04679306171843485 0.023997741389045736
0 0.41770875352964904 0.28063241106719367 0.12868091972569584 0.03613777526821005
0 0.5590964098426785 0.2813382269904009 0.09197256958450989 0.035290796160361376
0 0.635538523598225 0.27540937323546016 0.024606696248487294 0.02456239412761152
0 0.6994755949979831 0.28091473743647655 0.05808793868495361 0.03557312252964427
0 0.7343686970552642 0.28303218520609824 0.003630496167809601 0.0036702428006775835
0 0.7515127067365873 0.2683512140033879 0.012101653892698669 0.00818746470920384
0 0.21117386042759176 0.3287690570299266 0.17386042759177087 0.03585544889892716
0 0.40641387656313027 0.3242518351214003 0.18354175070592982 0.027385657820440428
0 0.5280354981847519 0.3256634669678148 0.01855586930213796 0.021739130434782608
0 0.5699878983461073 0.3294748729531338 0.022589753933037516 0.011857707509881422
0 0.6327148043565954 0.33201581027667987 0.0681726502622025 0.03670242800677583
0 0.699273900766438 0.325098814229249 0.022993142396127472 0.021174477696216828
0 0.780960064542154 0.3246753246753247 0.10810810810810811 0.023715415019762844
0 0.15429608713190804 0.37224731789949184 0.06252521177894312 0.026256352343308864
0 0.2615974183138362 0.38085827216261997 0.10044372730939895 0.03613777526821005
0 0.3154497781363453 0.3855166572557877 0.004033884630899556 0.002540937323546019
0 0.3781766841468334 0.3780350084697911 0.09640984267849939 0.042348955392433656
0 0.47862041145623235 0.37450592885375494 0.06171843485276321 0.037549407114624504
0 0.5536506655909641 0.38283455674760025 0.04961678096006454 0.011857707509881422
0 0.6161758773699072 0.38071710897797856 0.038321903993545785 0.013269339356295878
0 0.6750705929810408 0.38198757763975155 0.03670835014118596 0.012422360248447204
0 0.7888261395724082 0.3818464144551101 0.16337232755143202 0.03585544889892716
0 0.24586526825332797 0.4288537549407115 0.23678902783380396 0.043478260869565216
0 0.43606292860024204 0.424901185770751 0.09035901573215006 0.025409373235460192
0 0.5540540540540541 0.4267363071710898 0.10689794271883823 0.026821005081874648
0 0.6712384025816862 0.42617165443252397 0.07180314643001211 0.025691699604743084
0 0.772892295280355 0.42631281761716544 0.08551835417507059 0.02766798418972332
0 0.8567970956030657 0.4277244494635799 0.04517950786607503 0.023715415019762844
0 0.17144009681323114 0.4805194805194805 0.08148446954417103 0.04743083003952569
0 0.29265832997176283 0.4761434217955957 0.11657926583299717 0.03359683794466403
0 0.4102460669624849 0.47444946357989837 0.060508269463493344 0.03359683794466403
0 0.5288422751109318 0.47586109542631283 0.12101653892698669 0.027950310559006212
0 0.6066962484872933 0.4762845849802372 0.017749092375958047 0.024844720496894408
0 0.6649858814037919 0.47995482778091475 0.08188785800726099 0.024280067758328628
0 0.717628075837031 0.4872953133822699 0.008067769261799113 0.00564652738565782
0 0.7698668818071803 0.4762845849802372 0.06494554255748286 0.026538678712591756
0 0.8061718434852764 0.4871541501976285 0.003630496167809601 0.001976284584980237
0 0.2823719241629689 0.5273856578204404 0.2944735780556676 0.025974025974025976
0 0.5052440500201695 0.5316205533596838 0.09237595804759983 0.04121964991530209
0 0.5879386849536103 0.5258328627893846 0.020572811617587738 0.022868435911914172
0 0.6557079467527229 0.5391022021456804 0.06655909640984267 0.032467532467532464
0 0.7269060104881 0.529785431959345 0.033884630899556276 0.031338226990400904
0 0.8023396530859217 0.5247035573122529 0.0790641387656313 0.029644268774703556
0 0.18132311415893507 0.5793337097684924 0.09883017345703912 0.044042913608131
0 0.2791448164582493 0.5770750988142292 0.029043969342476807 0.0220214568040655
0 0.33662767244856795 0.5748164878599661 0.030254134731746672 0.03274985883681536
0 0.3929003630496168 0.5680406549971767 0.009681323114158934 0.005081874647092038
0 0.4374747882210569 0.5755223037831734 0.06897942718838242 0.029644268774703556
0 0.5213795885437676 0.5765104460756635 0.05445744251714401 0.02766798418972332
0 0.6153691004437273 0.5718520609824957 0.06575231948366277 0.03472614342179559
0 0.6603469140782574 0.5700169395821569 0.01290843081887858 0.005081874647092038
0 0.6867688584106495 0.5760869565217391 0.01734570391286809 0.02456239412761152
0 0.7400161355385236 0.577922077922078 0.07382008874546188 0.02258610954263128
0 0.7874142799515934 0.5863918690005646 0.004840661557079467 0.005081874647092038
0 0.8261395724082291 0.5800395256916996 0.04679306171843485 0.020609824957651044
0 0.8828156514723678 0.580180688876341 0.05445744251714401 0.040654997176736304
0 0.917507059298104 0.5851214003387917 0.0028237192416296895 0.002540937323546019
