0 0.15328761597418314 0.22007340485601354 0.029850746268656716 0.026256352343308864
0 0.1700282371924163 0.22444946357989837 0.012505042355788625 0.019198193111236588
0 0.19120613150463897 0.22967250141163184 0.02501008471157725 0.012704686617730096
0 0.23436869705526422 0.2220496894409938 0.012101653892698669 0.022868435911914172
0 0.24768051633723276 0.22769621682665162 0.01290843081887858 0.013269339356295878
0 0.28580072609923357 0.22063805759457933 0.01573215006050827 0.025691699604743084
0 0.2987091569181121 0.22727272727272727 0.00927793465106898 0.010728402032749858
0 0.3053650665590964 0.21696781479390176 0.004840661557079467 0.004799548277809147
0 0.3065752319483663 0.22868435911914173 0.0024203307785397336 0.010728402032749858
0 0.31988705123033484 0.2274138904573687 0.012101653892698669 0.012704686617730096
0 0.33420734167002825 0.22289666854884246 0.014925373134328358 0.021174477696216828
0 0.3642597821702299 0.22628458498023715 0.004840661557079467 0.012704686617730096
0 0.36708350141185964 0.21485036702428006 0.004033884630899556 0.006775832862789385
0 0.3785800726099234 0.2224731789949181 0.014118596208148447 0.024280067758328628
0 0.40520371117386045 0.2261434217955957 0.010891488503428802 0.012987012987012988
0 0.42496974586526826 0.22261434217955958 0.027833803953206938 0.020045172219085264
0 0.47216619604679305 0.221485036702428 0.02218636546994756 0.036420101637492944
0 0.48951189995966116 0.22910784867306608 0.012505042355788625 0.011575381140598532
0 0.5217829770068576 0.22727272727272727 0.022993142396127472 0.01355166572557877
0 0.5510286405808794 0.22811970638057594 0.033884630899556276 0.010728402032749858
0 0.5762404195240016 0.22317899491812535 0.01653892698668818 0.01948051948051948
0 0.5887454618797903 0.23178994918125354 0.003630496167809601 0.00282326369282891
0 0.6121419927390077 0.2217673630717109 0.021379588543767647 0.025691699604743084
0 0.63654699475595 0.22769621682665162 0.02016942315449778 0.009881422924901186
0 0.6595401371520775 0.22656691134952003 0.008067769261799113 0.002540937323546019
0 0.6728519564340459 0.22811970638057594 0.015328761597418314 0.014116318464144552
0 0.691004437273094 0.2224731789949181 0.021782977006857603 0.025409373235460192
0 0.7008874546187979 0.21852060982495766 0.0052440500201694235 0.00564652738565782
0 0.7131908027430416 0.2295313382269904 0.01290843081887858 0.009599096555618294
0 0.7305365066559096 0.2224731789949181 0.011294876966518758 0.023715415019762844
0 0.746268656716418 0.23306041784302653 0.004840661557079467 0.001976284584980237
0 0.7575635336829367 0.23193111236589498 0.004840661557079467 0.001976284584980237
0 0.7670431625655506 0.23207227555053642 0.0060508269463493344 0.00282326369282891
0 0.14239612747075434 0.2790796160361378 0.01936264622831787 0.011575381140598532
0 0.16518757563533684 0.2790796160361378 0.022993142396127472 0.012140033879164314
0 0.1881807180314643 0.2779503105590062 0.00927793465106898 0.001976284584980237
0 0.20673658733360226 0.2802089215132693 0.01573215006050827 0.011575381140598532
0 0.22307382008874546 0.27442123094297005 0.016135538523598225 0.024280067758328628
0 0.23275514320290439 0.26905702992659514 0.004033884630899556 0.0033879164313946925
0 0.23699072206534894 0.28147939017504237 0.003630496167809601 0.010163749294184076
0 0.24747882210568778 0.28063241106719367 0.014118596208148447 0.010163749294184076
0 0.2617991125453812 0.27413890457368717 0.014521984671238403 0.0220214568040655
0 0.2672448567970956 0.2748447204968944 0.0012101653892698668 0.0008469791078486731
0 0.27410246066962485 0.28303218520609824 0.004437273093989512 0.002540937323546019
0 0.2843888664784187 0.28387916431394694 0.004033884630899556 0.002540937323546019
0 0.2966922146026624 0.28387916431394694 0.0028237192416296895 0.001976284584980237
0 0.3206938281565147 0.27936194240542067 0.00645421540943929 0.01101072840203275
0 0.3253327954820492 0.2651044607566347 0.004437273093989512 0.003952569169960474
0 0.33844292053247277 0.2738565782044043 0.01290843081887858 0.0220214568040655
0 0.37131908027430416 0.279785431959345 0.018959257765227916 0.012422360248447204
0 0.40318676885841065 0.27498588368153587 0.04235578862444534 0.020327498588368152
0 0.4281968535699879 0.2821852060982496 0.003630496167809601 0.001976284584980237
0 0.4552238805970149 0.2720214568040655 0.026220250100847116 0.023997741389045736
0 0.48124243646631704 0.27188029361942406 0.02016942315449778 0.026538678712591756
0 0.490923759580476 0.2672219085262564 0.004840661557079467 0.004799548277809147
0 0.5050423557886244 0.2852907961603614 0.01855586930213796 0.023997741389045736
0 0.5288422751109318 0.27413890457368717 0.029043969342476807 0.02258610954263128
0 0.5603065752319484 0.27964426877470355 0.03227107704719645 0.042631281761716544
0 0.6038725292456636 0.2701863354037267 0.01371520774505849 0.03274985883681536
0 0.6179911254538121 0.2728684359119142 0.012101653892698669 0.03190287972896669
0 0.6387656313029447 0.27413890457368717 0.02944735780556676 0.023715415019762844
0 0.6899959661153691 0.27526821005081875 0.04961678096006454 0.0220214568040655
0 0.7371924162968939 0.279785431959345 0.014925373134328358 0.03557312252964427
0 0.7599838644614764 0.2792207792207792 0.02581686163775716 0.010728402032749858
0 0.7843888664784188 0.2816205533596838 0.01573215006050827 0.020609824957651044
0 0.8017345703912868 0.27188029361942406 0.00927793465106898 0.026538678712591756
0 0.8138362242839855 0.28726708074534163 0.01734570391286809 0.031338226990400904
0 0.8428801936264623 0.27653867871259175 0.0060508269463493344 0.011575381140598532
0 0.8432835820895522 0.26453980801806887 0.004437273093989512 0.005081874647092038
0 0.8567970956030657 0.27752682100508186 0.016135538523598225 0.012422360248447204
0 0.13795885437676483 0.3334274421230943 0.008874546187979023 0.024280067758328628
0 0.15752319483662766 0.3290513833992095 0.027833803953206938 0.012704686617730096
0 0.1782977006857604 0.32396950875211744 0.009681323114158934 0.025691699604743084
0 0.19281968535699878 0.33272162619988704 0.003227107704719645 0.0036702428006775835
0 0.2200484066155708 0.32481648785996614 0.022993142396127472 0.020045172219085264
0 0.24203307785397338 0.32523997741389044 0.01371520774505849 0.018633540372670808
0 0.2617991125453812 0.32679277244494637 0.012101653892698669 0.017786561264822136
0 0.27853973376361435 0.32679277244494637 0.0052440500201694235 0.018351214003387916
0 0.30153287615974184 0.3266516092603049 0.013311819281968536 0.018633540372670808
0 0.32029043969342474 0.3266516092603049 0.016135538523598225 0.019198193111236588
0 0.3416700282371924 0.32580463015245625 0.014521984671238403 0.019198193111236588
0 0.36163775716014523 0.32382834556747603 0.012505042355788625 0.018633540372670808
0 0.381605486083098 0.32594579333709767 0.01290843081887858 0.0189158667419537
0 0.4005647438483259 0.32580463015245625 0.012101653892698669 0.018633540372670808
0 0.4191206131504639 0.31945228684359117 0.003227107704719645 0.012704686617730096
0 0.4213392496974587 0.3337097684923772 0.004437273093989512 0.002258610954263128
0 0.4584509883017346 0.32241671372106157 0.020572811617587738 0.028797289666854884
0 0.48225090762404194 0.3290513833992095 0.014118596208148447 0.013269339356295878
0 0.5193626462283178 0.3349802371541502 0.01008471157724889 0.022868435911914172
0 0.5385235982250908 0.3256634669678148 0.024203307785397338 0.020045172219085264
0 0.5887454618797903 0.3231225296442688 0.01653892698668818 0.029079616036137776
0 0.6022589753933038 0.32086391869000563 0.012101653892698669 0.028514963297571992
0 0.6139572408229125 0.3306041784302654 0.011294876966518758 0.014680971202710334
0 0.6476401774909237 0.3300395256916996 0.012505042355788625 0.01637492941840768
0 0.6577248890681726 0.3306041784302654 0.010891488503428802 0.010163749294184076
0 0.6811214199273901 0.3294748729531338 0.0326744655102864 0.012422360248447204
0 0.7079467527228721 0.3231225296442688 0.016135538523598225 0.02456239412761152
0 0.7390076643807987 0.33046301524562394 0.008874546187979023 0.011575381140598532
0 0.7521177894312223 0.33018068887634106 0.014118596208148447 0.010446075663466968
0 0.8031464300121016 0.3296160361377753 0.05244050020169423 0.03867871259175607
0 0.836829366680113 0.33356860530773574 0.004437273093989512 0.002540937323546019
0 0.8612343686970553 0.3219932241671372 0.03469140782573618 0.03190287972896669
0 0.8856393707139976 0.33201581027667987 0.011698265429608713 0.012422360248447204
0 0.13856393707139975 0.3719649915302089 0.012505042355788625 0.026821005081874648
0 0.15389269866881808 0.3791643139469226 0.01573215006050827 0.014116318464144552
0 0.17527228721258573 0.3856578204404291 0.024606696248487294 0.026538678712591756
0 0.21803146430012102 0.3826933935629588 0.018152480839048003 0.013269339356295878
0 0.2505042355788624 0.3761998870694523 0.04356595401371521 0.023997741389045736
0 0.3075837031060912 0.3730942970073405 0.02702702702702703 0.026821005081874648
0 0.35175473981444133 0.3728119706380576 0.03227107704719645 0.02456239412761152
0 0.37595804759983864 0.3784584980237154 0.01290843081887858 0.014398644833427442
0 0.40984267849939493 0.3756352343308865 0.01371520774505849 0.0251270468661773
0 0.43404598628479224 0.37450592885375494 0.021782977006857603 0.029079616036137776
0 0.445139169019766 0.366600790513834 0.003630496167809601 0.005928853754940711
0 0.4626865671641791 0.3728119706380576 0.02016942315449778 0.03020892151326934
0 0.47317466720451795 0.36462450592885376 0.004033884630899556 0.0036702428006775835
0 0.48305768455022186 0.3845285149632976 0.011698265429608713 0.023715415019762844
0 0.4979830576845502 0.3791643139469226 0.011698265429608713 0.015245623941276116
0 0.5397337636143607 0.379587803500847 0.02581686163775716 0.01383399209486166
0 0.537111738604276 0.37450592885375494 0.002016942315449778 0.002540937323546019
0 0.5897539330375151 0.3784584980237154 0.07099636950383219 0.012140033879164314
0 0.5798709156918113 0.3893280632411067 0.004437273093989512 0.012987012987012988
0 0.6343283582089553 0.38622247317899494 0.022993142396127472 0.029361942405420668
0 0.6522791448164582 0.3839638622247318 0.005647438483259379 0.0016939582156973462
0 0.6891891891891891 0.37422360248447206 0.0318676885841065 0.022868435911914172
0 0.7137958854376765 0.3784584980237154 0.008471157724889069 0.013269339356295878
0 0.7178297700685761 0.36476566911349523 0.0052440500201694235 0.006211180124223602
0 0.7414279951593384 0.3709768492377188 0.03630496167809601 0.028797289666854884
0 0.7577652279144816 0.36801242236024845 0.0052440500201694235 0.007622811970638058
0 0.7761194029850746 0.38114059853190285 0.016135538523598225 0.01129305477131564
0 0.8309802339653086 0.37422360248447206 0.03711173860427592 0.028514963297571992
0 0.8596208148446954 0.3812817617165443 0.015328761597418314 0.011575381140598532
0 0.15994352561516742 0.4311123658949746 0.051230334812424366 0.04121964991530209
0 0.19584509883017345 0.4280067758328628 0.012505042355788625 0.014116318464144552
0 0.2519160951996773 0.423630717108978 0.03670835014118596 0.025691699604743084
0 0.2757160145219847 0.43266516092603047 0.003630496167809601 0.0036702428006775835
0 0.2989108511496571 0.4234895539243365 0.015328761597418314 0.025409373235460192
0 0.3118192819685357 0.4302653867871259 0.0024203307785397336 0.010728402032749858
0 0.31343283582089554 0.41854884246188595 0.004033884630899556 0.005928853754940711
0 0.3219039935457846 0.429983060417843 0.012101653892698669 0.014116318464144552
0 0.3392496974586527 0.42391304347826086 0.015328761597418314 0.026256352343308864
0 0.354376764824526 0.4309712027103331 0.013311819281968536 0.01101072840203275
0 0.3697055264219443 0.4323828345567476 0.014118596208148447 0.012704686617730096
0 0.4320290439693425 0.42476002258610956 0.053247277127874144 0.027385657820440428
0 0.49052037111738606 0.429983060417843 0.015328761597418314 0.01355166572557877
0 0.5330778539733764 0.42857142857142855 0.01008471157724889 0.015245623941276116
0 0.5437676482452601 0.42941840767927725 0.012101653892698669 0.014680971202710334
0 0.5641387656313029 0.43054771315640883 0.020572811617587738 0.012422360248447204
0 0.5891488503428802 0.4256070016939582 0.022993142396127472 0.022303783173348392
0 0.6403791851553046 0.43125352907961606 0.026220250100847116 0.012140033879164314
0 0.6746672045179508 0.42504234895539245 0.038321903993545785 0.022868435911914172
0 0.7228721258572005 0.42758328627893843 0.055667607906413875 0.023433088650479956
0 0.7248890681726503 0.42405420666290233 0.0024203307785397336 0.002258610954263128
0 0.7620008067769262 0.4345002823263693 0.003227107704719645 0.00282326369282891
0 0.7894312222670432 0.4244776962168266 0.017749092375958047 0.029644268774703556
0 0.8093989511899959 0.4308300395256917 0.012505042355788625 0.012987012987012988
0 0.8255344897135942 0.424901185770751 0.01653892698668818 0.025409373235460192
0 0.8612343686970553 0.42504234895539245 0.017749092375958047 0.02456239412761152
0 0.8757563533682937 0.4234895539243365 0.011294876966518758 0.024280067758328628
0 0.9011698265429609 0.43591191417278374 0.033884630899556276 0.025974025974025976
0 0.1381605486083098 0.47162619988706944 0.019766034691407825 0.031338226990400904
0 0.17022993142396128 0.48094297007340486 0.03469140782573618 0.013269339356295878
0 0.21419927390076643 0.47473178994918125 0.04356595401371521 0.026821005081874648
0 0.27490923759580477 0.4719085262563523 0.025413473174667203 0.028514963297571992
0 0.28499394917305365 0.4652738565782044 0.0028237192416296895 0.0033879164313946925
0 0.29507866075030253 0.4786843591191417 0.013311819281968536 0.016657255787690572
0 0.3317870108914885 0.4723320158102767 0.018959257765227916 0.028232636928289104
0 0.34872932634126663 0.47219085262563526 0.008471157724889069 0.026256352343308864
0 0.3676885841064946 0.47995482778091475 0.018152480839048003 0.012422360248447204
0 0.38684953610326744 0.47995482778091475 0.017749092375958047 0.012987012987012988
0 0.409035901573215 0.47557876905702995 0.017749092375958047 0.021739130434782608
0 0.4302137958854377 0.4808018068887634 0.010891488503428802 0.002258610954263128
0 0.4598628479225494 0.4733201581027668 0.035498184751916094 0.023997741389045736
0 0.4856797095603066 0.4792490118577075 0.01855586930213796 0.013269339356295878
0 0.5014118596208148 0.4731789949181254 0.01371520774505849 0.024280067758328628
0 0.5256151674062122 0.47571993224167136 0.03065752319483663 0.02258610954263128
0 0.5697862041145624 0.4792490118577075 0.01573215006050827 0.03472614342179559
0 0.563735377168213 0.4925183512140034 0.0012101653892698668 0.001411631846414455
0 0.5649455425574829 0.49421230942970074 0.003630496167809601 0.001411631846414455
0 0.5869302137958854 0.4816487859966121 0.01290843081887858 0.01129305477131564
0 0.6135538523598225 0.48122529644268774 0.03469140782573618 0.012140033879164314
0 0.6389673255344898 0.4823546019198193 0.01290843081887858 0.010446075663466968
0 0.6583299717628076 0.4823546019198193 0.017749092375958047 0.009881422924901186
0 0.7166196046793062 0.47501411631846413 0.0463896732553449 0.029079616036137776
0 0.7412263009277935 0.4871541501976285 0.0028237192416296895 0.0008469791078486731
0 0.7902379991932231 0.4733201581027668 0.04033884630899556 0.027950310559006212
0 0.808995562726906 0.4688029361942405 0.006857603872529245 0.006493506493506494
0 0.8210972166196047 0.47967250141163187 0.012505042355788625 0.014680971202710334
0 0.8594191206131505 0.4775550536420102 0.05687777329568374 0.03020892151326934
0 0.14037918515530456 0.5287972896668549 0.024203307785397338 0.014116318464144552
0 0.16155707946752723 0.514257481648786 0.003630496167809601 0.0036702428006775835
0 0.16135538523598225 0.5292207792207793 0.0024203307785397336 0.01383399209486166
0 0.1926179911254538 0.5220214568040655 0.03751512706736587 0.029361942405420668
0 0.2624041952400161 0.5231507622811971 0.02702702702702703 0.029361942405420668
0 0.3170633319887051 0.5258328627893846 0.01855586930213796 0.023997741389045736
0 0.33299717628075837 0.5313382269904009 0.012505042355788625 0.012987012987012988
0 0.3799919322307382 0.5283738001129306 0.063735377168213 0.022303783173348392
0 0.45885437676482455 0.5235742518351214 0.026220250100847116 0.040372670807453416
0 0.45865268253327957 0.5052230378317335 0.0016135538523598225 0.001411631846414455
0 0.48124243646631704 0.5317617165443252 0.01371520774505849 0.014398644833427442
0 0.5266236385639371 0.52343308865048 0.025413473174667203 0.029926595143986448
0 0.536506655909641 0.5169395821569734 0.003227107704719645 0.003952569169960474
0 0.5490116982654296 0.5293619424054207 0.011294876966518758 0.015810276679841896
0 0.5939895118999596 0.5225861095426313 0.019766034691407825 0.04009034443817053
0 0.6073013311819282 0.5194805194805194 0.003630496167809601 0.00564652738565782
0 0.6155707946752723 0.532326369282891 0.008067769261799113 0.012140033879164314
0 0.628075837031061 0.5321852060982496 0.010488100040338847 0.011857707509881422
0 0.6423961274707544 0.5266798418972332 0.014925373134328358 0.025691699604743084
0 0.6833400564743848 0.5307735742518351 0.03146430012101654 0.014680971202710334
0 0.7053247277127874 0.5317617165443252 0.010891488503428802 0.014398644833427442
0 0.7196450181524808 0.532326369282891 0.01371520774505849 0.016092603049124788
0 0.7390076643807987 0.5324675324675324 0.017749092375958047 0.010728402032749858
0 0.7355788624445341 0.5201863354037267 0.003630496167809601 0.007622811970638058
0 0.7577652279144816 0.5335968379446641 0.014118596208148447 0.012987012987012988
0 0.7753126260588947 0.5392433653303218 0.003227107704719645 0.0016939582156973462
