0 0.1508672851956434 0.23969508752117447 0.017749092375958047 0.01637492941840768
0 0.16337232755143202 0.24491812535290797 0.008874546187979023 0.007622811970638058
0 0.17809600645421542 0.24421230942970074 0.01573215006050827 0.009034443817052512
0 0.21661960467930616 0.24449463579898362 0.01290843081887858 0.00846979107848673
0 0.2345703912868092 0.24054206662902314 0.01734570391286809 0.015810276679841896
0 0.2509076240419524 0.24392998306041785 0.009681323114158934 0.009034443817052512
0 0.263614360629286 0.24929418407679277 0.008471157724889069 0.021456804065499716
0 0.3041549011698265 0.2435064935064935 0.016942315449778138 0.009316770186335404
0 0.32210568777732956 0.2429418407679277 0.01653892698668818 0.009881422924901186
0 0.33783783783783783 0.24209486166007904 0.00927793465106898 0.00818746470920384
0 0.3489310205728116 0.24378881987577639 0.007260992335619202 0.01101072840203275
0 0.3707139975796692 0.24011857707509882 0.008874546187979023 0.01383399209486166
0 0.37918515530455826 0.23729531338226992 0.0024203307785397336 0.001976284584980237
0 0.37918515530455826 0.24364765669113495 0.0024203307785397336 0.00564652738565782
0 0.3862444534086325 0.24392998306041785 0.0060508269463493344 0.009034443817052512
0 0.417910447761194 0.24237718802936195 0.015328761597418314 0.009316770186335404
0 0.43606292860024204 0.24110671936758893 0.01855586930213796 0.01355166572557877
0 0.46954417103670837 0.23955392433653303 0.014521984671238403 0.017221908526256352
0 0.48063735377168215 0.24392998306041785 0.0028237192416296895 0.006775832862789385
0 0.48406615570794675 0.23743647656691136 0.0024203307785397336 0.0016939582156973462
0 0.48850342880193626 0.24378881987577639 0.007260992335619202 0.007622811970638058
0 0.49959661153691004 0.24364765669113495 0.007664380798709157 0.007340485601355167
0 0.508874546187979 0.24887069452286845 0.003630496167809601 0.004799548277809147
0 0.5318676885841065 0.23687182382834557 0.011698265429608713 0.019762845849802372
0 0.5471964501815249 0.2425183512140034 0.020572811617587738 0.009599096555618294
0 0.5641387656313029 0.24237718802936195 0.008471157724889069 0.010446075663466968
0 0.5756353368293666 0.24265951439864483 0.008874546187979023 0.009316770186335404
0 0.5881403791851553 0.24181253529079616 0.007260992335619202 0.010446075663466968
0 0.5945945945945946 0.23517786561264822 0.0024203307785397336 0.002258610954263128
0 0.5949979830576846 0.24265951439864483 0.003227107704719645 0.00818746470920384
0 0.6048810004033884 0.2429418407679277 0.01008471157724889 0.008752117447769622
0 0.6169826542960871 0.2478825522303783 0.011698265429608713 0.019198193111236588
0 0.6498588140379186 0.2419536984754376 0.008874546187979023 0.012987012987012988
0 0.6655909640984268 0.24265951439864483 0.016942315449778138 0.009316770186335404
0 0.682129891085115 0.2422360248447205 0.010488100040338847 0.006775832862789385
0 0.7077450584913272 0.24110671936758893 0.00927793465106898 0.007340485601355167
0 0.7210568777732956 0.2375776397515528 0.010891488503428802 0.016657255787690572
0 0.7519160951996773 0.23870694522868435 0.009681323114158934 0.013269339356295878
0 0.7605889471561114 0.24265951439864483 0.0028237192416296895 0.007058159232072276
0 0.7609923356192013 0.23630717108977978 0.0028237192416296895 0.0016939582156973462
0 0.7700685760387252 0.24181253529079616 0.005647438483259379 0.007622811970638058
0 0.7916498588140379 0.23983625070581593 0.00927793465106898 0.012704686617730096
0 0.8027430415490117 0.24167137210615472 0.008874546187979023 0.006211180124223602
0 0.8158531665994353 0.2419536984754376 0.01653892698668818 0.009034443817052512
0 0.8305768455022187 0.2419536984754376 0.011294876966518758 0.00846979107848673
0 0.14138765631302944 0.29488989271597965 0.00927793465106898 0.00818746470920384
0 0.15207745058491326 0.29601919819311123 0.009681323114158934 0.007058159232072276
0 0.16942315449778136 0.29601919819311123 0.016135538523598225 0.007622811970638058
0 0.18394513916901978 0.2994071146245059 0.008874546187979023 0.016092603049124788
0 0.1952400161355385 0.29587803500846976 0.011294876966518758 0.007905138339920948
0 0.20875352964905203 0.29488989271597965 0.010891488503428802 0.008752117447769622
0 0.21379588543767647 0.28726708074534163 0.0024203307785397336 0.001976284584980237
0 0.22307382008874546 0.2933370976849238 0.010488100040338847 0.01129305477131564
0 0.23275514320290439 0.29361942405420666 0.003227107704719645 0.00846979107848673
0 0.23315853166599435 0.28585544889892717 0.0024203307785397336 0.001976284584980237
0 0.2418313836224284 0.29390175042348954 0.00927793465106898 0.007905138339920948
0 0.25433642597821704 0.29488989271597965 0.010891488503428802 0.009316770186335404
0 0.2646228317870109 0.2961603613777527 0.00645421540943929 0.009599096555618294
0 0.28055667607906415 0.30251270468661773 0.003630496167809601 0.004234895539243365
0 0.3055667607906414 0.28514963297571994 0.003630496167809601 0.0033879164313946925
0 0.3096006454215409 0.2852907961603614 0.003630496167809601 0.004234895539243365
0 0.3247277127874143 0.2933370976849238 0.011294876966518758 0.01355166572557877
0 0.34045986284792257 0.2951722190852626 0.012101653892698669 0.008752117447769622
0 0.3525615167406212 0.2943252399774139 0.008874546187979023 0.008752117447769622
0 0.3652682533279548 0.2941840767927724 0.008471157724889069 0.009599096555618294
0 0.3755546591367487 0.29390175042348954 0.00645421540943929 0.009034443817052512
0 0.3844292053247277 0.2919254658385093 0.007260992335619202 0.01129305477131564
0 0.3963291649858814 0.29474872953133824 0.010891488503428802 0.00846979107848673
0 0.4124647035094796 0.2929136081309994 0.010891488503428802 0.012704686617730096
0 0.42718838241226303 0.29263128176171654 0.008874546187979023 0.01383399209486166
0 0.436264622831787 0.2943252399774139 0.008471157724889069 0.00818746470920384
0 0.44675272287212586 0.2937605872388481 0.006857603872529245 0.009316770186335404
0 0.45966115369100446 0.2831733483907397 0.003630496167809601 0.004517221908526256
0 0.4626865671641791 0.2841614906832298 0.0024203307785397336 0.004799548277809147
0 0.48870512303348124 0.2950310559006211 0.01008471157724889 0.00846979107848673
0 0.5020169423154498 0.29488989271597965 0.01008471157724889 0.008752117447769622
0 0.5163372327551432 0.2920666290231508 0.01371520774505849 0.015527950310559006
0 0.553852359822509 0.2867024280067758 0.004033884630899556 0.004234895539243365
0 0.5586930213795885 0.28642010163749293 0.004840661557079467 0.0036702428006775835
0 0.5651472367890278 0.2919254658385093 0.010488100040338847 0.01355166572557877
0 0.5790641387656313 0.29136081309994355 0.01008471157724889 0.014116318464144552
0 0.5929810407422348 0.295313382269904 0.014521984671238403 0.00846979107848673
0 0.6060911657926583 0.2951722190852626 0.00927793465106898 0.007058159232072276
0 0.6192012908430818 0.29347826086956524 0.01371520774505849 0.011575381140598532
0 0.6536910044372731 0.29107848673066067 0.011698265429608713 0.011857707509881422
0 0.6639774102460669 0.2937605872388481 0.00645421540943929 0.007622811970638058
0 0.6748688987494957 0.2943252399774139 0.010488100040338847 0.007058159232072276
0 0.6889874949576442 0.2933370976849238 0.01290843081887858 0.009034443817052512
0 0.7025010084711577 0.2929136081309994 0.01008471157724889 0.00818746470920384
0 0.7301331181928197 0.29178430265386784 0.010488100040338847 0.011575381140598532
0 0.7392093586123437 0.2963015245623941 0.008471157724889069 0.012704686617730096
0 0.7480839048003227 0.29700734048560135 0.0028237192416296895 0.002258610954263128
0 0.7513110125050424 0.28402032749858835 0.003630496167809601 0.004517221908526256
0 0.7565550625252118 0.28402032749858835 0.0028237192416296895 0.004517221908526256
0 0.781363453005244 0.2924901185770751 0.011294876966518758 0.01129305477131564
0 0.7930617184348527 0.2920666290231508 0.009681323114158934 0.01101072840203275
0 0.8093989511899959 0.29136081309994355 0.011698265429608713 0.011857707509881422
0 0.8267446551028641 0.2906549971767363 0.012505042355788625 0.01101072840203275
0 0.8390480032271077 0.29107848673066067 0.003227107704719645 0.01129305477131564
0 0.8493344090359016 0.29051383399209485 0.010891488503428802 0.010163749294184076
0 0.8628479225494151 0.2909373235460192 0.012101653892698669 0.012704686617730096
0 0.8721258572004841 0.29488989271597965 0.003227107704719645 0.002540937323546019
0 0.8751512706736587 0.2899491812535291 0.0028237192416296895 0.00282326369282891
0 0.14118596208148446 0.34217955957086393 0.014521984671238403 0.014116318464144552
0 0.15348931020572812 0.3450028232636928 0.0060508269463493344 0.00846979107848673
0 0.1609519967728923 0.34853190287972896 0.003227107704719645 0.002540937323546019
0 0.18354175070592982 0.34203839638622247 0.009681323114158934 0.013269339356295878
0 0.19160951996772893 0.3451439864483343 0.003227107704719645 0.007058159232072276
0 0.1920129084308189 0.33766233766233766 0.0024203307785397336 0.0016939582156973462
0 0.19987898346107302 0.34542631281761715 0.008471157724889069 0.008752117447769622
0 0.21198063735377168 0.34260304912478823 0.01008471157724889 0.012704686617730096
0 0.22307382008874546 0.3445793337097685 0.008874546187979023 0.007622811970638058
0 0.2335619201290843 0.3448616600790514 0.009681323114158934 0.007622811970638058
0 0.2755143202904397 0.34133258046301523 0.021782977006857603 0.012987012987012988
0 0.290843081887858 0.34443817052512704 0.00645421540943929 0.009599096555618294
0 0.31323114158935056 0.3448616600790514 0.003630496167809601 0.007622811970638058
0 0.3150463896732553 0.33681535855448896 0.0024203307785397336 0.002258610954263128
0 0.32331585316659944 0.3437323546019198 0.007664380798709157 0.01101072840203275
0 0.34852763210972165 0.3437323546019198 0.008874546187979023 0.01101072840203275
0 0.3600242033077854 0.3445793337097685 0.010891488503428802 0.007622811970638058
0 0.3711173860427592 0.34726143421795597 0.010488100040338847 0.014680971202710334
0 0.3826139572408229 0.3440146809712027 0.01008471157724889 0.008752117447769622
0 0.3971359419120613 0.33977978543195936 0.014118596208148447 0.014398644833427442
0 0.40298507462686567 0.3469791078486731 0.003227107704719645 0.002258610954263128
0 0.4263816054860831 0.3404856013551666 0.011294876966518758 0.012422360248447204
0 0.44029850746268656 0.3438735177865613 0.00927793465106898 0.007905138339920948
0 0.4554255748285599 0.3403444381705251 0.016942315449778138 0.015527950310559006
0 0.48769665187575634 0.34260304912478823 0.008874546187979023 0.01101072840203275
0 0.5006050826946349 0.34415584415584416 0.01371520774505849 0.007905138339920948
0 0.5121016538926987 0.3445793337097685 0.00927793465106898 0.007622811970638058
0 0.5233965308592174 0.3424618859401468 0.01008471157724889 0.012987012987012988
0 0.5338846308995563 0.34429700734048563 0.008471157724889069 0.009316770186335404
0 0.5469947559499798 0.3404856013551666 0.015328761597418314 0.01637492941840768
0 0.5597014925373134 0.3489553924336533 0.003630496167809601 0.002258610954263128
0 0.5794675272287213 0.3414737436476567 0.014118596208148447 0.013269339356295878
0 0.5935861234368697 0.3448616600790514 0.01008471157724889 0.007622811970638058
0 0.6075030254134732 0.3416149068322981 0.01290843081887858 0.01355166572557877
0 0.635538523598225 0.3404856013551666 0.008471157724889069 0.012422360248447204
0 0.6480435659540137 0.34345002823263693 0.00927793465106898 0.009881422924901186
0 0.672246873739411 0.34330886504799546 0.007664380798709157 0.009034443817052512
0 0.6827349737797499 0.3430265386787126 0.012505042355788625 0.00846979107848673
0 0.6956434045986285 0.3468379446640316 0.00927793465106898 0.014398644833427442
0 0.7071399757966922 0.34345002823263693 0.009681323114158934 0.008752117447769622
0 0.7160145219846712 0.34669678147939015 0.003227107704719645 0.002258610954263128
0 0.718233158531666 0.3416149068322981 0.0028237192416296895 0.002258610954263128
0 0.7394110528438886 0.3334274421230943 0.00645421540943929 0.003952569169960474
0 0.744856797095603 0.34006211180124224 0.011698265429608713 0.015527950310559006
0 0.7567567567567568 0.34345002823263693 0.008874546187979023 0.00818746470920384
0 0.7670431625655506 0.3437323546019198 0.0052440500201694235 0.008752117447769622
0 0.7763210972166196 0.3417560700169396 0.008471157724889069 0.01101072840203275
0 0.8025413473174667 0.3435911914172784 0.011698265429608713 0.00846979107848673
0 0.8150463896732554 0.3438735177865613 0.006857603872529245 0.009034443817052512
0 0.8408632513110125 0.34316770186335405 0.012505042355788625 0.00818746470920384
0 0.8523598225090763 0.34316770186335405 0.008874546187979023 0.008752117447769622
0 0.8642597821702299 0.34203839638622247 0.012505042355788625 0.013269339356295878
0 0.873336022589754 0.3417560700169396 0.01371520774505849 0.014398644833427442
0 0.13372327551432028 0.39285714285714285 0.00927793465106898 0.012704686617730096
0 0.17809600645421542 0.3920101637492942 0.04235578862444534 0.015527950310559006
0 0.22609923356192013 0.395115753811406 0.00927793465106898 0.007622811970638058
0 0.23860427591770875 0.39497459062676454 0.01008471157724889 0.00846979107848673
0 0.25433642597821704 0.39073969508752115 0.011698265429608713 0.015245623941276116
0 0.26300927793465106 0.39836250705815923 0.009681323114158934 0.014116318464144552
0 0.29265832997176283 0.39370412196499155 0.008471157724889069 0.007622811970638058
0 0.3037515127067366 0.39398644833427443 0.009681323114158934 0.007622811970638058
0 0.31585316659943524 0.39370412196499155 0.010488100040338847 0.009881422924901186
0 0.3467123840258169 0.39158667419536985 0.010891488503428802 0.011857707509881422
0 0.3580072609923356 0.39469226425748166 0.00927793465106898 0.007340485601355167
0 0.36930213795885436 0.39469226425748166 0.01008471157724889 0.007905138339920948
0 0.3991528842275111 0.39384528514963296 0.01008471157724889 0.006211180124223602
0 0.4154901169826543 0.3910220214568041 0.012101653892698669 0.01693958215697346
0 0.45139169019766034 0.3929983060417843 0.008874546187979023 0.011857707509881422
0 0.46248487293263413 0.39412761151891584 0.010891488503428802 0.00846979107848673
0 0.4737797498991529 0.39412761151891584 0.008471157724889069 0.006775832862789385
0 0.48749495764421136 0.3922924901185771 0.010891488503428802 0.01383399209486166
0 0.4967728922952804 0.39469226425748166 0.006857603872529245 0.009599096555618294
0 0.5191609519967729 0.39172783738001127 0.008874546187979023 0.002540937323546019
0 0.5330778539733764 0.3932806324110672 0.0060508269463493344 0.009034443817052512
0 0.5332795482049213 0.3849520045172219 0.003227107704719645 0.001976284584980237
0 0.5443727309398951 0.3924336533032185 0.008471157724889069 0.010728402032749858
0 0.5758370310609117 0.39384528514963296 0.014925373134328358 0.009599096555618294
0 0.5875352964905204 0.39384528514963296 0.0028237192416296895 0.006775832862789385
0 0.5879386849536103 0.38692828910220217 0.0028237192416296895 0.001976284584980237
0 0.5925776522791448 0.39906832298136646 0.011294876966518758 0.017221908526256352
0 0.6068979427188382 0.3920101637492942 0.01008471157724889 0.015527950310559006
0 0.6187979023799919 0.3935629587803501 0.008067769261799113 0.009599096555618294
0 0.6506655909640984 0.3910220214568041 0.024203307785397338 0.015810276679841896
0 0.6698265429608713 0.3944099378881988 0.01008471157724889 0.009599096555618294
0 0.6780960064542154 0.3944099378881988 0.008874546187979023 0.010163749294184076
0 0.7041145623235175 0.3934217955957086 0.008471157724889069 0.012704686617730096
0 0.7160145219846712 0.39596273291925466 0.008874546187979023 0.00818746470920384
0 0.7258975393303752 0.3953980801806889 0.008471157724889069 0.009316770186335404
0 0.7382008874546188 0.3955392433653303 0.010488100040338847 0.00846979107848673
0 0.7638160548608309 0.3935629587803501 0.007664380798709157 0.007905138339920948
0 0.7753126260588947 0.39313946922642573 0.008874546187979023 0.007622811970638058
0 0.13755546591367487 0.44113495200451724 0.01290843081887858 0.018351214003387916
0 0.14864864864864866 0.44466403162055335 0.0028237192416296895 0.007340485601355167
0 0.15066559096409843 0.4367588932806324 0.002016942315449778 0.0016939582156973462
0 0.1607503025413473 0.4405702992659514 0.00927793465106898 0.020045172219085264
0 0.17688584106494554 0.44000564652738566 0.00927793465106898 0.0189158667419537
0 0.18797902379991932 0.4435347261434218 0.008067769261799113 0.009599096555618294
0 0.19786204114562322 0.44339356295878035 0.007664380798709157 0.009881422924901186
0 0.21399757966922145 0.4438170525127047 0.020572811617587738 0.01129305477131564
0 0.2325534489713594 0.4439582156973461 0.006857603872529245 0.013269339356295878
0 0.24667204517950786 0.4484754376058724 0.003630496167809601 0.002540937323546019
0 0.25655506252521176 0.44664031620553357 0.003227107704719645 0.002258610954263128
0 0.26643807987091567 0.4470638057594579 0.0028237192416296895 0.002540937323546019
0 0.27853973376361435 0.4470638057594579 0.0028237192416296895 0.001976284584980237
0 0.291044776119403 0.4370412196499153 0.0028237192416296895 0.0033879164313946925
0 0.2962888261395724 0.4370412196499153 0.0028237192416296895 0.004517221908526256
0 0.3245260185558693 0.4407114624505929 0.02944735780556676 0.017504234895539244
0 0.3436869705526422 0.44311123658949747 0.008874546187979023 0.009316770186335404
0 0.354578459056071 0.4439582156973461 0.010488100040338847 0.009881422924901186
0 0.3840258168616378 0.4438170525127047 0.010488100040338847 0.01129305477131564
0 0.3963291649858814 0.44452286843591193 0.008471157724889069 0.010446075663466968
0 0.41085114965711983 0.4435347261434218 0.01653892698668818 0.009599096555618294
0 0.42315449778136344 0.444240542066629 0.00645421540943929 0.009316770186335404
0 0.45482049213392495 0.43915866741953696 0.011698265429608713 0.018351214003387916
0 0.46551028640580877 0.444240542066629 0.009681323114158934 0.009316770186335404
0 0.4826542960871319 0.444240542066629 0.025413473174667203 0.00818746470920384
0 0.5233965308592174 0.44127611518915866 0.018152480839048003 0.015810276679841896
0 0.5405405405405406 0.4449463579898362 0.010488100040338847 0.010163749294184076
0 0.5647438483259378 0.4459345002823264 0.003227107704719645 0.008752117447769622
0 0.5649455425574829 0.43873517786561267 0.0028237192416296895 0.002258610954263128
0 0.5738200887454619 0.4453698475437606 0.00927793465106898 0.00818746470920384
0 0.582492940701896 0.44565217391304346 0.009681323114158934 0.007622811970638058
0 0.5990318676885841 0.4469226425748165 0.01936264622831787 0.014680971202710334
0 0.6127470754336426 0.4462168266516093 0.0016135538523598225 0.001411631846414455
0 0.6159741831383623 0.4463579898362507 0.003227107704719645 0.0016939582156973462
0 0.6286809197256958 0.4426877470355731 0.008471157724889069 0.01355166572557877
0 0.6407825736183945 0.44212309429700736 0.010891488503428802 0.01637492941840768
0 0.654497781363453 0.44664031620553357 0.008471157724889069 0.009034443817052512
0 0.6694231544977813 0.4463579898362507 0.01653892698668818 0.00846979107848673
0 0.681726502622025 0.44904009034443815 0.008874546187979023 0.014963297571993224
0 0.6916095199677289 0.4463579898362507 0.0028237192416296895 0.007340485601355167
0 0.6930213795885438 0.43774703557312256 0.0024203307785397336 0.001976284584980237
0 0.7035094796288827 0.4470638057594579 0.012101653892698669 0.010446075663466968
0 0.7164179104477612 0.44875776397515527 0.009681323114158934 0.016657255787690572
0 0.7446551028640581 0.44438170525127046 0.015328761597418314 0.015810276679841896
0 0.7650262202501008 0.45087521174477696 0.019766034691407825 0.017504234895539244
0 0.781363453005244 0.4448051948051948 0.007260992335619202 0.012140033879164314
0 0.7924566357402179 0.44861660079051385 0.003630496167809601 0.002258610954263128
0 0.8051633723275514 0.44875776397515527 0.003227107704719645 0.002540937323546019
0 0.8116175877369908 0.44889892715979673 0.003227107704719645 0.002258610954263128
0 0.8259378781766842 0.44904009034443815 0.003630496167809601 0.001976284584980237
0 0.1417910447761194 0.49181253529079616 0.018959257765227916 0.01637492941840768
0 0.1565147236789028 0.49618859401468096 0.00645421540943929 0.009316770186335404
0 0.16599435256151673 0.4966120835686053 0.0060508269463493344 0.010163749294184076
0 0.20270270270270271 0.49265951439864486 0.01734570391286809 0.014116318464144552
0 0.2172246873739411 0.4959062676453981 0.00927793465106898 0.008752117447769622
0 0.23699072206534894 0.4957651044607566 0.025413473174667203 0.009599096555618294
0 0.25574828559903184 0.4991530208921513 0.011294876966518758 0.01637492941840768
0 0.2624041952400161 0.5032467532467533 0.006857603872529245 0.006493506493506494
0 0.2900363049616781 0.49632975719932243 0.015328761597418314 0.00846979107848673
0 0.31020572811617586 0.4925183512140034 0.020976200080677694 0.01383399209486166
0 0.34852763210972165 0.493647656691135 0.024203307785397338 0.013269339356295878
0 0.36506655909640984 0.49703557312252966 0.005647438483259379 0.009316770186335404
0 0.3898749495764421 0.4935064935064935 0.006857603872529245 0.012987012987012988
0 0.39673255344897135 0.4957651044607566 0.0028237192416296895 0.006775832862789385
0 0.3981444130697862 0.48898927159796723 0.0024203307785397336 0.002258610954263128
0 0.4072206534893102 0.49647092038396384 0.00927793465106898 0.008752117447769622
0 0.42154094392900365 0.49308300395256915 0.008874546187979023 0.012140033879164314
0 0.4336425978217023 0.49096555618294746 0.009681323114158934 0.014116318464144552
0 0.4483662767244857 0.49209486166007904 0.02218636546994756 0.015245623941276116
0 0.481444130697862 0.4932241671372106 0.010891488503428802 0.015810276679841896
0 0.49152884227511096 0.4891304347826087 0.0028237192416296895 0.001976284584980237
0 0.49173053650665594 0.4959062676453981 0.003227107704719645 0.006493506493506494
0 0.4991932230738201 0.4976002258610954 0.007664380798709157 0.009316770186335404
0 0.5304558289632917 0.4956239412761152 0.02581686163775716 0.010446075663466968
0 0.5510286405808794 0.49858836815358554 0.010488100040338847 0.014116318464144552
0 0.581484469544171 0.49520045172219085 0.01653892698668818 0.011857707509881422
0 0.6109318273497378 0.4932241671372106 0.021379588543767647 0.019198193111236588
0 0.6317063331988705 0.4978825522303783 0.016135538523598225 0.00818746470920384
0 0.6462283178701089 0.49731789949181254 0.008874546187979023 0.009881422924901186
0 0.6764824526018556 0.4966120835686053 0.008874546187979023 0.007340485601355167
0 0.6883824122630092 0.4971767363071711 0.010891488503428802 0.009034443817052512
0 0.709358612343687 0.49745906267645396 0.010891488503428802 0.007905138339920948
0 0.7228721258572005 0.49731789949181254 0.010488100040338847 0.008752117447769622
0 0.7450584913271481 0.4967532467532468 0.008067769261799113 0.007058159232072276
0 0.7624041952400161 0.4943534726143422 0.02501008471157725 0.014116318464144552
0 0.7985074626865671 0.4947769621682665 0.00927793465106898 0.010446075663466968
0 0.809600645421541 0.4976002258610954 0.008874546187979023 0.014398644833427442
0 0.8192819685356999 0.4956239412761152 0.003227107704719645 0.007622811970638058
0 0.8206938281565147 0.4867306606437041 0.002016942315449778 0.002258610954263128
0 0.827551432029044 0.4950592885375494 0.010891488503428802 0.008752117447769622
0 0.8404598628479225 0.49632975719932243 0.01008471157724889 0.010163749294184076
0 0.8588140379185155 0.4966120835686053 0.024203307785397338 0.01129305477131564
0 0.8743444937474788 0.5033879164313947 0.004437273093989512 0.003952569169960474
0 0.13533682936668012 0.5475719932241672 0.014925373134328358 0.00818746470920384
0 0.1329164985881404 0.5429136081309994 0.002016942315449778 0.001129305477131564
0 0.1526825332795482 0.5470073404856014 0.01653892698668818 0.00818746470920384
0 0.16659943525615167 0.5470073404856014 0.009681323114158934 0.010446075663466968
0 0.17749092375958048 0.5475719932241672 0.008874546187979023 0.009881422924901186
0 0.20653489310205728 0.5471485036702428 0.003227107704719645 0.007905138339920948
0 0.20693828156514724 0.5396668548842461 0.003227107704719645 0.001976284584980237
0 0.21661960467930616 0.5472896668548842 0.011294876966518758 0.009316770186335404
0 0.2505042355788624 0.5455957086391869 0.015328761597418314 0.00818746470920384
0 0.2617991125453812 0.5464426877470355 0.003227107704719645 0.007622811970638058
0 0.2628075837031061 0.5372670807453416 0.002016942315449778 0.002258610954263128
0 0.27309398951189995 0.5451722190852626 0.008874546187979023 0.012987012987012988
0 0.28297700685760385 0.542772444946358 0.01008471157724889 0.014963297571993224
0 0.3130294473578056 0.545313382269904 0.011294876966518758 0.009881422924901186
0 0.3323920935861234 0.5451722190852626 0.023396530859217425 0.009034443817052512
0 0.3525615167406212 0.544042913608131 0.008874546187979023 0.01355166572557877
0 0.36264622831787013 0.5430547713156408 0.009681323114158934 0.015527950310559006
0 0.372932634126664 0.5461603613777527 0.008471157724889069 0.010446075663466968
0 0.3854376764824526 0.5458780350084698 0.01008471157724889 0.010446075663466968
0 0.41750705929810406 0.5477131564088086 0.008067769261799113 0.007905138339920948
0 0.43061718434852764 0.5429136081309994 0.00927793465106898 0.012987012987012988
0 0.4594594594594595 0.5423489553924337 0.009681323114158934 0.015810276679841896
0 0.4681323114158935 0.5460191981931113 0.0028237192416296895 0.006775832862789385
0 0.46873739411052845 0.5385375494071146 0.003227107704719645 0.001976284584980237
0 0.4762000806776926 0.5474308300395256 0.007664380798709157 0.010163749294184076
0 0.5135135135135135 0.54785431959345 0.02581686163775716 0.009881422924901186
0 0.5326744655102864 0.5468661773009599 0.00927793465106898 0.009034443817052512
0 0.5641387656313029 0.5468661773009599 0.014925373134328358 0.009034443817052512
0 0.5742234772085518 0.5470073404856014 0.00927793465106898 0.007058159232072276
0 0.5853166599435257 0.5464426877470355 0.008874546187979023 0.009881422924901186
0 0.5992335619201291 0.545313382269904 0.00927793465106898 0.014398644833427442
0 0.6101250504235579 0.5464426877470355 0.006857603872529245 0.009316770186335404
0 0.6206131504638968 0.5508187464709203 0.0028237192416296895 0.002258610954263128
0 0.6218233158531666 0.5458780350084698 0.0028237192416296895 0.002540937323546019
0 0.6385639370713998 0.5347261434217956 0.004033884630899556 0.004517221908526256
0 0.6413876563130294 0.5358554488989271 0.004840661557079467 0.003952569169960474
0 0.6528842275110932 0.5417843026538679 0.010891488503428802 0.01693958215697346
0 0.663574021782977 0.5460191981931113 0.011294876966518758 0.010163749294184076
0 0.6764824526018556 0.5463015245623941 0.008874546187979023 0.009599096555618294
0 0.6962484872932634 0.5430547713156408 0.029850746268656716 0.016657255787690572
0 0.7160145219846712 0.5467250141163185 0.009681323114158934 0.010446075663466968
0 0.7476805163372328 0.5464426877470355 0.01008471157724889 0.007058159232072276
0 0.7620008067769262 0.5409373235460192 0.01290843081887858 0.017504234895539244
0 0.7827753126260589 0.5433370976849238 0.008471157724889069 0.014398644833427442
0 0.7918515530455829 0.5436194240542067 0.009681323114158934 0.016092603049124788
0 0.8033481242436467 0.5475719932241672 0.01008471157724889 0.011575381140598532
0 0.13412666397741024 0.5914737436476567 0.008471157724889069 0.017504234895539244
0 0.13957240822912464 0.597261434217956 0.008067769261799113 0.007622811970638058
0 0.1500605082694635 0.6003670242800677 0.008067769261799113 0.014398644833427442
0 0.1591367486889875 0.6002258610954263 0.008471157724889069 0.014116318464144552
0 0.1680112948769665 0.5964144551101073 0.008471157724889069 0.010446075663466968
0 0.17970956030657523 0.5954263128176172 0.008471157724889069 0.012987012987012988
0 0.1891891891891892 0.5971202710333146 0.007260992335619202 0.010728402032749858
0 0.20209762000806777 0.5876623376623377 0.003227107704719645 0.004234895539243365
0 0.20512303348124244 0.5883681535855448 0.0028237192416296895 0.0033879164313946925
0 0.23658733360225898 0.5924618859401468 0.014925373134328358 0.014398644833427442
0 0.25675675675675674 0.5951439864483343 0.014118596208148447 0.012422360248447204
0 0.2767244856797096 0.5940146809712027 0.01936264622831787 0.015245623941276116
0 0.29790237999193225 0.5959909655561829 0.014925373134328358 0.009034443817052512
0 0.3126260588947156 0.5938735177865613 0.009681323114158934 0.01383399209486166
0 0.3229124647035095 0.597261434217956 0.003630496167809601 0.007622811970638058
0 0.32412263009277936 0.5889328063241107 0.0028237192416296895 0.002258610954263128
0 0.3358208955223881 0.5968379446640316 0.012505042355788625 0.009034443817052512
0 0.34953610326744655 0.5940146809712027 0.01008471157724889 0.01693958215697346
0 0.3567970956030658 0.6006493506493507 0.003630496167809601 0.002540937323546019
