0 0.1609519967728923 0.21597967250141162 0.041145623235175476 0.015245623941276116
0 0.1962484872932634 0.21950875211744778 0.027833803953206938 0.009316770186335404
0 0.218233158531666 0.22402597402597402 0.014521984671238403 0.016657255787690572
0 0.2569584509883017 0.2183794466403162 0.014521984671238403 0.01101072840203275
0 0.2878176684146833 0.21597967250141162 0.04881000403388463 0.014680971202710334
0 0.345703912868092 0.21964991530208922 0.02581686163775716 0.00846979107848673
0 0.3709156918112142 0.220214568040655 0.018152480839048003 0.00846979107848673
0 0.38221056877773296 0.2106154714850367 0.0028237192416296895 0.001129305477131564
0 0.40197660346914077 0.21823828345567475 0.03993545784590561 0.011857707509881422
0 0.4344493747478822 0.2171089779785432 0.017749092375958047 0.012987012987012988
0 0.4782170229931424 0.21739130434782608 0.02944735780556676 0.014680971202710334
0 0.5346914078257362 0.22007340485601354 0.04800322710770472 0.009316770186335404
0 0.5830980233965308 0.22134387351778656 0.003630496167809601 0.001129305477131564
0 0.5927793465106898 0.2171089779785432 0.01573215006050827 0.014116318464144552
0 0.6335215812827754 0.21894409937888198 0.06413876563130294 0.009316770186335404
0 0.6789027833803953 0.2183794466403162 0.01936264622831787 0.009316770186335404
0 0.7299314239612748 0.21936758893280633 0.05445744251714401 0.017504234895539244
0 0.7888261395724082 0.217673630717109 0.022993142396127472 0.012987012987012988
0 0.8154497781363453 0.21964991530208922 0.03428801936264623 0.010728402032749858
0 0.1498588140379185 0.26693958215697344 0.014925373134328358 0.014398644833427442
0 0.1708350141185962 0.2672219085262564 0.035901573215006054 0.014398644833427442
0 0.20229931423961275 0.2611518915866742 0.004437273093989512 0.003952569169960474
0 0.2055264219443324 0.26905702992659514 0.010891488503428802 0.009034443817052512
0 0.24324324324324326 0.26693958215697344 0.020976200080677694 0.014398644833427442
0 0.2573618394513917 0.2714568040654997 0.0024203307785397336 0.001976284584980237
0 0.28418717224687373 0.2673630717108978 0.01573215006050827 0.014116318464144552
0 0.30919725695845096 0.26792772444946356 0.04719645018152481 0.012987012987012988
0 0.33299717628075837 0.26101072840203277 0.003630496167809601 0.001976284584980237
0 0.3481242436466317 0.268068887634105 0.026623638563937072 0.013269339356295878
0 0.3753529649052037 0.26157538114059853 0.0028237192416296895 0.002540937323546019
0 0.3826139572408229 0.2691981931112366 0.010891488503428802 0.008752117447769622
0 0.4199273900766438 0.2672219085262564 0.017749092375958047 0.012704686617730096
0 0.44776119402985076 0.2725861095426313 0.03630496167809601 0.017221908526256352
0 0.4957644211375555 0.2724449463579898 0.022589753933037516 0.014680971202710334
0 0.5256151674062122 0.26976284584980237 0.042759177087535294 0.009881422924901186
0 0.563331988705123 0.26778656126482214 0.0318676885841065 0.012140033879164314
0 0.6113352158128278 0.27032749858836813 0.0326744655102864 0.009316770186335404
0 0.6583299717628076 0.26976284584980237 0.020976200080677694 0.009881422924901186
0 0.7055264219443323 0.26101072840203277 0.007260992335619202 0.004234895539243365
0 0.7260992335619201 0.2686335403726708 0.03872529245663574 0.012704686617730096
0 0.7398144413069786 0.26030491247882553 0.0024203307785397336 0.002258610954263128
0 0.7581686163775716 0.27032749858836813 0.024606696248487294 0.008752117447769622
0 0.7989108511496571 0.2725861095426313 0.05929810407422348 0.01948051948051948
0 0.14078257361839452 0.32382834556747603 0.020976200080677694 0.015245623941276116
0 0.17950786607503025 0.3201581027667984 0.06292860024203308 0.010163749294184076
0 0.21843485276321098 0.3243929983060418 0.003630496167809601 0.002258610954263128
0 0.24142799515933844 0.3136645962732919 0.00927793465106898 0.005081874647092038
0 0.27974989915288423 0.31804065499717676 0.025413473174667203 0.013269339356295878
0 0.3336022589753933 0.3201581027667984 0.04679306171843485 0.010163749294184076
0 0.3874546187979024 0.3211462450592885 0.026220250100847116 0.00818746470920384
0 0.38765631302944736 0.31182947487295315 0.0024203307785397336 0.001411631846414455
0 0.4233561920129084 0.3211462450592885 0.020572811617587738 0.008752117447769622
0 0.46571198063735375 0.3210050818746471 0.02218636546994756 0.018633540372670808
0 0.5032271077047197 0.3222755505364201 0.0463896732553449 0.017786561264822136
0 0.4868898749495764 0.30999435347261434 0.0024203307785397336 0.001129305477131564
0 0.5770471964501815 0.32128740824393 0.06171843485276321 0.01693958215697346
0 0.6500605082694635 0.3188876341050254 0.05526421944332392 0.01383399209486166
0 0.6653892698668818 0.31070016939582157 0.002016942315449778 0.001976284584980237
0 0.681726502622025 0.32608695652173914 0.012101653892698669 0.014680971202710334
0 0.718233158531666 0.32086391869000563 0.018959257765227916 0.008752117447769622
0 0.163574021782977 0.36773009599096557 0.045582896329164985 0.016092603049124788
0 0.19564340459862847 0.3718238283455675 0.015328761597418314 0.009034443817052512
0 0.23880597014925373 0.3685770750988142 0.06615570794675273 0.014398644833427442
0 0.23699072206534894 0.35940146809712026 0.0028237192416296895 0.0016939582156973462
0 0.2801532876159742 0.3760587238848108 0.007664380798709157 0.006211180124223602
0 0.32553448971359417 0.36914172783738003 0.035498184751916094 0.013269339356295878
0 0.3652682533279548 0.37125917560700167 0.03428801936264623 0.009599096555618294
0 0.3701089148850343 0.36038961038961037 0.002016942315449778 0.001411631846414455
0 0.3914885034288019 0.3760587238848108 0.013311819281968536 0.015810276679841896
0 0.4356595401371521 0.3706945228684359 0.02016942315449778 0.00846979107848673
0 0.4772085518354175 0.3687182382834557 0.028237192416296894 0.014680971202710334
0 0.5060508269463493 0.3684359119141728 0.02864058087938685 0.012987012987012988
0 0.5804759983864461 0.3697063805759458 0.07664380798709157 0.013269339356295878
0 0.654497781363453 0.37125917560700167 0.010891488503428802 0.009599096555618294
0 0.6663977410246067 0.37337662337662336 0.016942315449778138 0.013269339356295878
0 0.7004840661557079 0.3719649915302089 0.0463896732553449 0.008752117447769622
0 0.7426381605486083 0.370412196499153 0.009681323114158934 0.0016939582156973462
0 0.7658329971762807 0.37027103331451156 0.02379991932230738 0.016092603049124788
0 0.7995159338442921 0.3730942970073405 0.03953206938281565 0.017221908526256352
0 0.7837837837837838 0.3622247317899492 0.0024203307785397336 0.0016939582156973462
0 0.8299717628075837 0.3752117447769622 0.004437273093989512 0.00282326369282891
0 0.8348124243646632 0.36900056465273856 0.0028237192416296895 0.00282326369282891
0 0.1327148043565954 0.4109260304912479 0.00645421540943929 0.007058159232072276
0 0.14945542557482855 0.4160079051383399 0.01734570391286809 0.014963297571993224
0 0.1680112948769665 0.4181253529079616 0.030254134731746672 0.012987012987012988
0 0.20774505849132716 0.41981931112365894 0.05647438483259379 0.010728402032749858
0 0.28499394917305365 0.42108977978543194 0.050423557886244454 0.011575381140598532
0 0.29043969342476805 0.4117730095990966 0.0016135538523598225 0.001411631846414455
0 0.33521581282775315 0.4253246753246753 0.02016942315449778 0.01383399209486166
0 0.3622428398547802 0.4213721061547149 0.03065752319483663 0.010446075663466968
0 0.3981444130697862 0.42292490118577075 0.021782977006857603 0.007905138339920948
0 0.44231544977813636 0.42179559570863917 0.010891488503428802 0.009599096555618294
0 0.48628479225494153 0.41981931112365894 0.07704719645018153 0.01355166572557877
0 0.47418313836224285 0.4127611518915867 0.002016942315449778 0.002258610954263128
0 0.5342880193626462 0.42165443252399776 0.019766034691407825 0.008752117447769622
0 0.5597014925373134 0.4225014116318464 0.03509479628882614 0.020609824957651044
0 0.6129487696651875 0.422360248447205 0.022993142396127472 0.010163749294184076
0 0.6101250504235579 0.41022021456804064 0.002016942315449778 0.002258610954263128
0 0.6389673255344898 0.41981931112365894 0.021782977006857603 0.014116318464144552
0 0.6968535699878984 0.4193958215697346 0.05687777329568374 0.015527950310559006
0 0.7125857200484066 0.4129023150762281 0.002016942315449778 0.001976284584980237
0 0.7343686970552642 0.42715979672501414 0.007664380798709157 0.006211180124223602
0 0.7575635336829367 0.41981931112365894 0.016135538523598225 0.015245623941276116
0 0.7654296087131908 0.42320722755505363 0.011698265429608713 0.009599096555618294
0 0.7934651068979427 0.4225014116318464 0.04921339249697459 0.01383399209486166
0 0.16034691407825735 0.47063805759457933 0.052843888664784185 0.012422360248447204
0 0.16518757563533684 0.4621682665160926 0.002016942315449778 0.001129305477131564
0 0.209156918112142 0.47600225861095424 0.020572811617587738 0.012987012987012988
0 0.23517547398144414 0.470214568040655 0.029043969342476807 0.01383399209486166
0 0.2680516337232755 0.47219085262563526 0.019766034691407825 0.009316770186335404
0 0.318273497377975 0.47289666854884244 0.024203307785397338 0.00846979107848673
0 0.3465106897942719 0.47134387351778656 0.029850746268656716 0.012704686617730096
0 0.3646631706333199 0.47459062676453984 0.012101653892698669 0.007340485601355167
0 0.3799919322307382 0.47360248447204967 0.012101653892698669 0.00818746470920384
0 0.42960871319080274 0.47148503670242803 0.04759983864461476 0.012987012987012988
0 0.48406615570794675 0.4720496894409938 0.021782977006857603 0.009599096555618294
0 0.48527632109721663 0.4623094297007341 0.0024203307785397336 0.001411631846414455
0 0.5050423557886244 0.47035573122529645 0.01936264622831787 0.014680971202710334
0 0.5748285599031868 0.4697910784867307 0.0653489310205728 0.015245623941276116
0 0.5933844292053247 0.4631564088085827 0.0024203307785397336 0.001976284584980237
0 0.6196046793061718 0.4764257481648786 0.007260992335619202 0.007058159232072276
0 0.6595401371520775 0.47148503670242803 0.05808793868495361 0.012422360248447204
0 0.7071399757966922 0.4697910784867307 0.020976200080677694 0.01637492941840768
0 0.7228721258572005 0.47360248447204967 0.007260992335619202 0.00818746470920384
0 0.7577652279144816 0.4710615471485037 0.06494554255748286 0.013269339356295878
0 0.7351754739814441 0.46273291925465837 0.002016942315449778 0.0016939582156973462
0 0.799919322307382 0.4730378317334839 0.01371520774505849 0.008752117447769622
0 0.8313836224283986 0.4709203839638622 0.045986284792254944 0.012987012987012988
0 0.837232755143203 0.4647092038396386 0.002016942315449778 0.0016939582156973462
0 0.16216216216216217 0.5211744776962168 0.05244050020169423 0.012987012987012988
0 0.1674062121823316 0.5124223602484472 0.0016135538523598225 0.001129305477131564
0 0.20875352964905203 0.5249858836815359 0.020572811617587738 0.01383399209486166
0 0.2335619201290843 0.5211744776962168 0.02743041549011698 0.012422360248447204
0 0.26502622025010086 0.5237154150197628 0.02016942315449778 0.007905138339920948
0 0.3043565954013715 0.5254093732354602 0.020572811617587738 0.01355166572557877
0 0.3208955223880597 0.5232919254658385 0.013311819281968536 0.009316770186335404
0 0.33319887051230335 0.5235742518351214 0.012101653892698669 0.009316770186335404
0 0.3491327148043566 0.5201863354037267 0.021379588543767647 0.012704686617730096
0 0.3745461879790238 0.5265386787125917 0.025413473174667203 0.01637492941840768
0 0.3890681726502622 0.5248447204968945 0.0028237192416296895 0.002258610954263128
0 0.418112141992739 0.5238565782044043 0.010891488503428802 0.008752117447769622
0 0.4517950786607503 0.5211744776962168 0.05405405405405406 0.014116318464144552
0 0.4883017345703913 0.5263975155279503 0.019766034691407825 0.01383399209486166
0 0.5340863251311012 0.5230095990965556 0.02581686163775716 0.009316770186335404
0 0.5375151270673659 0.5122811970638057 0.003630496167809601 0.001976284584980237
0 0.5625252117789431 0.5223037831733484 0.022993142396127472 0.014680971202710334
0 0.6218233158531666 0.5206098249576511 0.03993545784590561 0.014680971202710334
0 0.6419927390076644 0.5204686617730095 0.002016942315449778 0.003105590062111801
0 0.6571198063735377 0.5204686617730095 0.02743041549011698 0.013269339356295878
0 0.6532876159741832 0.5146809712027103 0.002016942315449778 0.0016939582156973462
0 0.7069382815651473 0.5221626199887069 0.03670835014118596 0.018351214003387916
0 0.7371924162968939 0.5220214568040655 0.03509479628882614 0.009599096555618294
0 0.7968939088342073 0.5251270468661773 0.05203711173860428 0.014680971202710334
0 0.15974183138362244 0.5704404291360813 0.04679306171843485 0.015527950310559006
0 0.19382815651472368 0.5743929983060417 0.014118596208148447 0.007622811970638058
0 0.2146026623638564 0.5715697346132129 0.021782977006857603 0.012140033879164314
0 0.2299314239612747 0.5739695087521175 0.008067769261799113 0.007905138339920948
0 0.26058894715611136 0.5731225296442688 0.0500201694231545 0.00846979107848673
0 0.24142799515933844 0.5618294748729531 0.002016942315449778 0.001129305477131564
0 0.3075837031060912 0.5763692828910221 0.020572811617587738 0.012704686617730096
0 0.33420734167002825 0.5714285714285714 0.031060911657926585 0.011857707509881422
0 0.3745461879790238 0.5746753246753247 0.007664380798709157 0.009316770186335404
0 0.39572408229124645 0.5773574251835122 0.029850746268656716 0.014680971202710334
0 0.43384429205324726 0.5732636928289102 0.021379588543767647 0.009316770186335404
0 0.4774102460669625 0.5724167137210615 0.02864058087938685 0.009881422924901186
0 0.5248083904800322 0.5731225296442688 0.06131504638967326 0.010163749294184076
0 0.5617184348527632 0.5763692828910221 0.003630496167809601 0.001976284584980237
0 0.5839048003227107 0.564935064935065 0.00927793465106898 0.006211180124223602
