0 0.14360629286002422 0.21329757199322416 0.026623638563937072 0.023997741389045736
0 0.1680112948769665 0.21019198193111235 0.018959257765227916 0.022868435911914172
0 0.22025010084711577 0.2096273291925466 0.045986284792254944 0.02456239412761152
0 0.29043969342476805 0.217673630717109 0.05163372327551432 0.03274985883681536
0 0.3864461476401775 0.2186617730095991 0.0500201694231545 0.009881422924901186
0 0.45139169019766034 0.220214568040655 0.028237192416296894 0.007905138339920948
0 0.5381202097620008 0.21174477696216826 0.07503025413473174 0.023715415019762844
0 0.6246470350947962 0.21259175607001693 0.052843888664784185 0.020892151326933936
0 0.7168212989108511 0.2127329192546584 0.09681323114158935 0.022303783173348392
0 0.8202904396934247 0.2111801242236025 0.06978620411456232 0.02766798418972332
0 0.16821298910851148 0.26101072840203277 0.07583703106091166 0.026821005081874648
0 0.24263816054860832 0.2618577075098814 0.04800322710770472 0.023433088650479956
0 0.327349737797499 0.27089215132693395 0.058491327148043566 0.009316770186335404
0 0.40540540540540543 0.26538678712591757 0.029850746268656716 0.018633540372670808
0 0.42839854780153286 0.2758328627893845 0.0024203307785397336 0.0016939582156973462
0 0.5002016942315449 0.2621400338791643 0.08148446954417103 0.037549407114624504
0 0.5766438079870916 0.2605872388481084 0.06171843485276321 0.0220214568040655
0 0.627672448567971 0.2707509881422925 0.03146430012101654 0.007905138339920948
0 0.6462283178701089 0.274703557312253 0.0024203307785397336 0.0016939582156973462
0 0.7037111738604276 0.2598814229249012 0.03428801936264623 0.02456239412761152
0 0.7585720048406616 0.26595143986448333 0.06978620411456232 0.019762845849802372
0 0.8170633319887052 0.26341050254093734 0.0391286809197257 0.025409373235460192
0 0.17063331988705124 0.32298136645962733 0.1073013311819282 0.019198193111236588
0 0.2743041549011698 0.31309994353472614 0.0653489310205728 0.023715415019762844
0 0.39955627269060107 0.3116883116883117 0.13513513513513514 0.024280067758328628
0 0.47962888261395725 0.3222755505364201 0.0024203307785397336 0.001411631846414455
0 0.5171440096813231 0.3037831733483907 0.010488100040338847 0.00564652738565782
0 0.5391286809197257 0.3132411067193676 0.030254134731746672 0.022868435911914172
0 0.6032674465510286 0.32058159232072275 0.0891488503428802 0.03190287972896669
0 0.7043162565550625 0.3114059853190288 0.07018959257765228 0.02710333145115754
0 0.8047599838644615 0.3147939017504235 0.08793868495361033 0.024844720496894408
0 0.17930617184348527 0.36363636363636365 0.11335215812827754 0.031055900621118012
0 0.2902379991932231 0.36575381140598534 0.056070996369503835 0.01948051948051948
0 0.3773699072206535 0.36476566911349523 0.06494554255748286 0.024844720496894408
0 0.4878983461073013 0.36674195369847545 0.11738604275917709 0.026538678712591756
0 0.6234368697055265 0.371682665160926 0.06978620411456232 0.0409373235460192
0 0.7035094796288827 0.3684359119141728 0.05405405405405406 0.03162055335968379
0 0.800322710770472 0.36914172783738003 0.09439290036304962 0.03472614342179559
0 0.86345300524405 0.36885940146809715 0.014925373134328358 0.001976284584980237
0 0.1498588140379185 0.4137492941840768 0.038321903993545785 0.025691699604743084
0 0.22791448164582492 0.41445511010728403 0.04356595401371521 0.023150762281197064
0 0.3315853166599435 0.41967814793901753 0.09197256958450989 0.03359683794466403
0 0.44130697862041146 0.4127611518915867 0.05970149253731343 0.025409373235460192
0 0.5312626058894716 0.4158667419536985 0.05970149253731343 0.021456804065499716
0 0.6599435256151674 0.4137492941840768 0.11698265429608713 0.025691699604743084
0 0.7898346107301332 0.4134669678147939 0.10407422347720856 0.025691699604743084
0 0.8475191609519968 0.42701863354037267 0.0024203307785397336 0.001411631846414455
0 0.15954013715207746 0.46259175607001696 0.057684550221863654 0.03020892151326934
0 0.20754336425978218 0.46273291925465837 0.00927793465106898 0.02258610954263128
0 0.28297700685760385 0.46809712027103334 0.0826946349334409 0.029361942405420668
0 0.36809197256958454 0.46513269339356295 0.03751512706736587 0.03020892151326934
0 0.40943929003630497 0.4634387351778656 0.04921339249697459 0.022303783173348392
0 0.4774102460669625 0.4631564088085827 0.0754336425978217 0.0251270468661773
0 0.5887454618797903 0.47219085262563526 0.08430818878580072 0.03585544889892716
0 0.6460266236385639 0.46908526256352345 0.024606696248487294 0.020609824957651044
0 0.663372327551432 0.45976849237718803 0.003630496167809601 0.003105590062111801
0 0.7277127874142799 0.4645680406549972 0.06696248487293263 0.028514963297571992
0 0.8031464300121016 0.4720496894409938 0.0927793465106898 0.029926595143986448
0 0.14320290439693426 0.5186335403726708 0.026623638563937072 0.01129305477131564
0 0.21480435659540137 0.5149632975719932 0.04154901169826543 0.023150762281197064
0 0.34610730133118195 0.5145398080180689 0.1581282775312626 0.0251270468661773
0 0.48628479225494153 0.5172219085262564 0.04477611940298507 0.03613777526821005
0 0.5586930213795885 0.5131281761716544 0.03953206938281565 0.027950310559006212
0 0.6436062928600242 0.5179277244494636 0.06252521177894312 0.028514963297571992
0 0.6754739814441307 0.5275268210050819 0.002016942315449778 0.001411631846414455
0 0.7539330375151271 0.5118577075098815 0.07018959257765228 0.025409373235460192
0 0.8122226704316257 0.5163749294184077 0.018152480839048003 0.019198193111236588
0 0.16700282371924163 0.564935064935065 0.0645421540943929 0.024844720496894408
0 0.25030254134731744 0.5652173913043478 0.03428801936264623 0.025974025974025976
0 0.3325937878176684 0.5657820440429137 0.07946752722872126 0.024844720496894408
0 0.37031060911657926 0.577639751552795 0.0024203307785397336 0.00282326369282891
