0 0.14965711980637353 0.21880293619424054 0.008067769261799113 0.019762845849802372
0 0.16236385639370715 0.217673630717109 0.01573215006050827 0.017504234895539244
0 0.18797902379991932 0.221485036702428 0.004840661557079467 0.010446075663466968
0 0.19322307382008874 0.2100508187464709 0.003227107704719645 0.002258610954263128
0 0.20209762000806777 0.22035573122529645 0.017749092375958047 0.014963297571993224
0 0.23719241629689392 0.22233201581027667 0.016135538523598225 0.012704686617730096
0 0.24868898749495763 0.22275550536420102 0.004437273093989512 0.01129305477131564
0 0.2517144009681323 0.21202710333145117 0.003227107704719645 0.002258610954263128
0 0.27490923759580477 0.22035573122529645 0.040742234772085516 0.017786561264822136
0 0.3019362646228318 0.21964991530208922 0.006857603872529245 0.017504234895539244
0 0.3164582492940702 0.21936758893280633 0.022993142396127472 0.020892151326933936
0 0.33844292053247277 0.22981366459627328 0.005647438483259379 0.01129305477131564
0 0.3642597821702299 0.2248729531338227 0.022589753933037516 0.029644268774703556
0 0.3826139572408229 0.22388481084133258 0.019766034691407825 0.011857707509881422
0 0.4037918515530456 0.2230378317334839 0.020976200080677694 0.012422360248447204
0 0.42396127470754336 0.2224731789949181 0.017749092375958047 0.01129305477131564
0 0.44251714400968134 0.22995482778091475 0.024203307785397338 0.027950310559006212
0 0.4570391286809197 0.2300959909655562 0.004033884630899556 0.00846979107848673
0 0.48971359419120614 0.21964991530208922 0.020976200080677694 0.01637492941840768
0 0.5072609923356192 0.2224731789949181 0.012505042355788625 0.01129305477131564
0 0.517749092375958 0.22416713721061546 0.0052440500201694235 0.010728402032749858
0 0.5213795885437676 0.2155561829474873 0.002016942315449778 0.001976284584980237
0 0.5322710770471965 0.21950875211744778 0.008471157724889069 0.016657255787690572
0 0.5399354578459056 0.21979107848673066 0.00927793465106898 0.017221908526256352
0 0.5465913674868899 0.22289666854884246 0.005647438483259379 0.011575381140598532
0 0.5518354175070593 0.2121682665160926 0.0024203307785397336 0.002540937323546019
0 0.5613150463896732 0.22261434217955958 0.018152480839048003 0.012704686617730096
0 0.5812827753126261 0.2230378317334839 0.01936264622831787 0.01355166572557877
0 0.600242033077854 0.22134387351778656 0.010488100040338847 0.017504234895539244
0 0.6129487696651875 0.22092038396386224 0.006857603872529245 0.017786561264822136
0 0.6286809197256958 0.2305194805194805 0.026220250100847116 0.027385657820440428
0 0.664179104477612 0.22473178994918125 0.021379588543767647 0.014116318464144552
0 0.6942315449778136 0.22162619988706944 0.03872529245663574 0.019198193111236588
0 0.7256958450988302 0.22332015810276679 0.020976200080677694 0.011857707509881422
0 0.7446551028640581 0.2236024844720497 0.016135538523598225 0.012422360248447204
0 0.7638160548608309 0.2236024844720497 0.01653892698668818 0.012422360248447204
0 0.7771278741427995 0.2236024844720497 0.02218636546994756 0.012422360248447204
0 0.7989108511496571 0.22346132128740825 0.02379991932230738 0.012140033879164314
0 0.8196853569987899 0.22092038396386224 0.014521984671238403 0.018351214003387916
0 0.15873336022589754 0.2715979672501412 0.038321903993545785 0.028797289666854884
0 0.2101653892698669 0.2725861095426313 0.022589753933037516 0.01383399209486166
0 0.2382008874546188 0.27103331451157536 0.03993545784590561 0.018068887634105024
0 0.2263009277934651 0.2605872388481084 0.0016135538523598225 0.001129305477131564
0 0.26643807987091567 0.2737154150197628 0.014118596208148447 0.01101072840203275
0 0.28398547801532875 0.27315076228119706 0.024203307785397338 0.012140033879164314
0 0.29144816458249295 0.2748447204968944 0.003630496167809601 0.009316770186335404
0 0.31423961274707546 0.2704686617730096 0.03469140782573618 0.018633540372670808
0 0.3467123840258169 0.2724449463579898 0.02379991932230738 0.012987012987012988
0 0.36385639370713996 0.27343308865047994 0.016135538523598225 0.012704686617730096
0 0.37595804759983864 0.28091473743647655 0.004840661557079467 0.009599096555618294
0 0.4062121823315853 0.2737154150197628 0.023396530859217425 0.012704686617730096
0 0.4288019362646228 0.2728684359119142 0.01936264622831787 0.012140033879164314
0 0.45219846712384026 0.27216261998870694 0.023396530859217425 0.018068887634105024
0 0.4919322307382009 0.27428006775832864 0.02218636546994756 0.011575381140598532
0 0.5151270673658733 0.27526821005081875 0.022589753933037516 0.012422360248447204
0 0.5383219039935457 0.27032749858836813 0.01653892698668818 0.016092603049124788
0 0.5576845502218637 0.27103331451157536 0.020572811617587738 0.01693958215697346
0 0.5794675272287213 0.2737154150197628 0.020572811617587738 0.013269339356295878
0 0.6022589753933038 0.27399774138904576 0.023396530859217425 0.012704686617730096
0 0.627067365873336 0.2723037831733484 0.019766034691407825 0.016657255787690572
0 0.6403791851553046 0.26439864483342745 0.0028237192416296895 0.003105590062111801
0 0.6500605082694635 0.2738565782044043 0.019766034691407825 0.01355166572557877
0 0.6863654699475595 0.2738565782044043 0.021379588543767647 0.011857707509881422
0 0.7055264219443323 0.27343308865047994 0.017749092375958047 0.013269339356295878
0 0.7430415490116983 0.27428006775832864 0.022589753933037516 0.013269339356295878
0 0.772488906817265 0.2803500846979108 0.028237192416296894 0.023715415019762844
0 0.7910447761194029 0.2717391304347826 0.008874546187979023 0.016657255787690572
0 0.8017345703912868 0.2732919254658385 0.02218636546994756 0.012422360248447204
0 0.8223073820088745 0.27315076228119706 0.018959257765227916 0.012140033879164314
0 0.8398547801532876 0.2724449463579898 0.01371520774505849 0.012987012987012988
0 0.1427995159338443 0.32298136645962733 0.020976200080677694 0.014680971202710334
0 0.16317063331988704 0.32298136645962733 0.018959257765227916 0.028232636928289104
0 0.2045179507866075 0.3204404291360813 0.026623638563937072 0.015810276679841896
0 0.21742638160548608 0.31126482213438733 0.0024203307785397336 0.001976284584980237
0 0.2254941508672852 0.32185206098249575 0.017749092375958047 0.012987012987012988
0 0.24142799515933844 0.3231225296442688 0.019766034691407825 0.012140033879164314
0 0.2644211375554659 0.3234048560135517 0.022993142396127472 0.012140033879164314
0 0.28378378378378377 0.3307453416149068 0.024606696248487294 0.026256352343308864
0 0.31484469544171034 0.32185206098249575 0.03428801936264623 0.020327498588368152
0 0.37252924566357404 0.3286278938452851 0.04800322710770472 0.023150762281197064
0 0.4027833803953207 0.3246753246753247 0.012505042355788625 0.012987012987012988
0 0.4267849939491731 0.32086391869000563 0.029043969342476807 0.020045172219085264
0 0.4485679709560307 0.3242518351214003 0.015328761597418314 0.012140033879164314
0 0.4592577652279145 0.33173348390739693 0.003630496167809601 0.00282326369282891
0 0.4963695038321904 0.322557876905703 0.027833803953206938 0.01948051948051948
0 0.5193626462283178 0.3243929983060418 0.019766034691407825 0.012422360248447204
0 0.5377168212989109 0.32086391869000563 0.014521984671238403 0.01948051948051948
0 0.581081081081081 0.3231225296442688 0.02379991932230738 0.01383399209486166
0 0.5976200080677693 0.3232636928289102 0.0060508269463493344 0.01129305477131564
0 0.6026623638563937 0.31309994353472614 0.0024203307785397336 0.0033879164313946925
0 0.6075030254134732 0.32029926595143987 0.009681323114158934 0.0189158667419537
0 0.6163775716014522 0.3197346132128741 0.008874546187979023 0.01948051948051948
0 0.6466317063331989 0.32368718238283456 0.023396530859217425 0.013269339356295878
0 0.6670028237192416 0.32368718238283456 0.018959257765227916 0.01383399209486166
0 0.7029043969342477 0.32269904009034445 0.018152480839048003 0.01355166572557877
0 0.7240822912464704 0.32284020327498586 0.020976200080677694 0.013269339356295878
0 0.7432432432432432 0.3243929983060418 0.02218636546994756 0.014680971202710334
0 0.7757160145219847 0.3255223037831734 0.009681323114158934 0.012422360248447204
0 0.7839854780153288 0.313382269904009 0.0028237192416296895 0.0016939582156973462
0 0.7922549415086728 0.3204404291360813 0.015328761597418314 0.017504234895539244
0 0.8087938684953611 0.32523997741389044 0.015328761597418314 0.014680971202710334
0 0.14219443323920936 0.37111801242236025 0.02218636546994756 0.013269339356295878
0 0.16135538523598225 0.37111801242236025 0.020976200080677694 0.012704686617730096
0 0.18414683340056473 0.3699887069452287 0.022993142396127472 0.018351214003387916
0 0.21903993545784592 0.36264822134387353 0.016135538523598225 0.016092603049124788
0 0.21520774505849133 0.37662337662337664 0.0060508269463493344 0.003952569169960474
0 0.27410246066962485 0.3601072840203275 0.02702702702702703 0.0036702428006775835
0 0.26865671641791045 0.37012987012987014 0.008067769261799113 0.015245623941276116
0 0.272488906817265 0.3620835686053077 0.0012101653892698668 0.0008469791078486731
0 0.2898346107301331 0.3684359119141728 0.020572811617587738 0.01693958215697346
0 0.31040742234772084 0.3719649915302089 0.018959257765227916 0.014398644833427442
0 0.3444937474788221 0.3715415019762846 0.009681323114158934 0.019762845849802372
0 0.3598225090762404 0.37267080745341613 0.02016942315449778 0.011857707509881422
0 0.37918515530455826 0.3728119706380576 0.016135538523598225 0.012704686617730096
0 0.3963291649858814 0.36984754376058726 0.013311819281968536 0.019762845849802372
0 0.4398951189995966 0.3743647656691135 0.038321903993545785 0.01355166572557877
0 0.46994755949979833 0.3753529079616036 0.02016942315449778 0.01383399209486166
0 0.4881000403388463 0.3749294184076793 0.01936264622831787 0.01355166572557877
0 0.509076240419524 0.3753529079616036 0.020976200080677694 0.014398644833427442
0 0.554860830980234 0.3739412761151892 0.04154901169826543 0.026821005081874648
0 0.5949979830576846 0.37210615471485037 0.016942315449778138 0.018068887634105024
0 0.6103267446551028 0.371682665160926 0.020976200080677694 0.018351214003387916
0 0.6236385639370714 0.3756352343308865 0.005647438483259379 0.011575381140598532
0 0.6290843081887858 0.3634952004517222 0.002016942315449778 0.001411631846414455
0 0.6383622428398548 0.3739412761151892 0.01734570391286809 0.016092603049124788
0 0.6797095603065753 0.3752117447769622 0.023396530859217425 0.028232636928289104
0 0.6966518757563533 0.3749294184076793 0.014521984671238403 0.012987012987012988
0 0.7123840258168617 0.3753529079616036 0.020976200080677694 0.012140033879164314
0 0.7331585316659943 0.38325804630152455 0.025413473174667203 0.023997741389045736
0 0.7666397741024606 0.3759175607001694 0.035901573215006054 0.012140033879164314
0 0.7991125453812021 0.3750705815923207 0.022589753933037516 0.012140033879164314
0 0.8204921339249698 0.37676453980801805 0.022589753933037516 0.013269339356295878
0 0.8406615570794675 0.3740824392998306 0.016135538523598225 0.020327498588368152
0 0.14078257361839452 0.42264257481648787 0.004840661557079467 0.010728402032749858
0 0.14481645824929407 0.4124788255223038 0.0024203307785397336 0.001129305477131564
0 0.1553045582896329 0.4222190852625635 0.01855586930213796 0.016092603049124788
0 0.19140782573618395 0.4243365330321852 0.0052440500201694235 0.010163749294184076
0 0.1972569584509883 0.41233766233766234 0.0024203307785397336 0.0008469791078486731
0 0.20855183541750705 0.42391304347826086 0.02016942315449778 0.012140033879164314
0 0.24223477208551836 0.4244776962168266 0.02379991932230738 0.012140033879164314
0 0.28176684146833403 0.4292772444946358 0.02944735780556676 0.021739130434782608
0 0.30697862041145624 0.4257481648785997 0.02016942315449778 0.01129305477131564
0 0.32876159741831384 0.42377188029361945 0.022589753933037516 0.01693958215697346
0 0.373134328358209 0.42504234895539245 0.024203307785397338 0.013269339356295878
0 0.3937071399757967 0.42165443252399776 0.017749092375958047 0.018351214003387916
0 0.41609519967728925 0.4246188594014681 0.022993142396127472 0.012987012987012988
0 0.4308188785800726 0.4244776962168266 0.01290843081887858 0.011575381140598532
0 0.4473578055667608 0.4244776962168266 0.022589753933037516 0.01383399209486166
0 0.48325937878176684 0.4213721061547149 0.014521984671238403 0.015527950310559006
0 0.4987898346107301 0.42108977978543194 0.020572811617587738 0.018351214003387916
0 0.5201694231544978 0.4244776962168266 0.020572811617587738 0.014398644833427442
0 0.5582896329164986 0.42476002258610956 0.023396530859217425 0.012140033879164314
0 0.5822912464703509 0.42476002258610956 0.022993142396127472 0.012704686617730096
0 0.6038725292456636 0.42165443252399776 0.015328761597418314 0.01948051948051948
0 0.6351351351351351 0.4233483907396951 0.04154901169826543 0.0189158667419537
0 0.663775716014522 0.42518351214003386 0.019766034691407825 0.012987012987012988
0 0.6958450988301734 0.42518351214003386 0.016135538523598225 0.015810276679841896
0 0.7154094392900363 0.4234895539243365 0.021379588543767647 0.015245623941276116
0 0.7307382008874547 0.41741953698475437 0.01008471157724889 0.008752117447769622
0 0.7369907220653489 0.42504234895539245 0.02016942315449778 0.013269339356295878
0 0.7611940298507462 0.42631281761716544 0.023396530859217425 0.014116318464144552
0 0.7793465106897943 0.42518351214003386 0.02016942315449778 0.014116318464144552
0 0.8126260588947156 0.42631281761716544 0.025413473174667203 0.012987012987012988
0 0.13916901976603469 0.4710615471485037 0.021782977006857603 0.017221908526256352
0 0.1565147236789028 0.4733201581027668 0.020976200080677694 0.014398644833427442
0 0.21964501815248083 0.47219085262563526 0.06736587333602259 0.018351214003387916
0 0.2827753126260589 0.47571993224167136 0.022589753933037516 0.011857707509881422
0 0.3065752319483663 0.4764257481648786 0.021782977006857603 0.012704686617730096
0 0.3390480032271077 0.474025974025974 0.01653892698668818 0.015810276679841896
0 0.3563937071399758 0.47557876905702995 0.021379588543767647 0.012704686617730096
0 0.38785800726099234 0.47473178994918125 0.01653892698668818 0.017786561264822136
0 0.40399354578459057 0.472755505364201 0.019766034691407825 0.016657255787690572
0 0.4247680516337233 0.47473178994918125 0.020976200080677694 0.012704686617730096
0 0.47196450181524807 0.472755505364201 0.04437273093989512 0.017221908526256352
0 0.5036304961678096 0.475296442687747 0.014118596208148447 0.01101072840203275
0 0.536506655909641 0.4761434217955957 0.022589753933037516 0.013269339356295878
0 0.5713997579669221 0.4748729531338227 0.0463896732553449 0.01637492941840768
0 0.5939895118999596 0.4658385093167702 0.0012101653892698668 0.001129305477131564
0 0.6200080677692618 0.47600225861095424 0.021782977006857603 0.01355166572557877
0 0.6389673255344898 0.47557876905702995 0.014521984671238403 0.011575381140598532
0 0.6557079467527229 0.47444946357989837 0.022993142396127472 0.016092603049124788
0 0.6665994352561517 0.46569734613212876 0.0012101653892698668 0.0008469791078486731
0 0.6780960064542154 0.4762845849802372 0.020976200080677694 0.012422360248447204
0 0.6849536103267446 0.4785431959345003 0.005647438483259379 0.00282326369282891
0 0.6934247680516338 0.47557876905702995 0.012101653892698669 0.011575381140598532
0 0.7006857603872529 0.4704968944099379 0.004840661557079467 0.001411631846414455
0 0.7127874142799516 0.475296442687747 0.01855586930213796 0.014398644833427442
0 0.7525211778943123 0.47586109542631283 0.02379991932230738 0.011575381140598532
0 0.14158935054457442 0.5227272727272727 0.015328761597418314 0.01383399209486166
0 0.15409439290036306 0.52343308865048 0.01855586930213796 0.012987012987012988
0 0.17265026220250101 0.5248447204968945 0.01855586930213796 0.01129305477131564
0 0.20512303348124244 0.5232919254658385 0.04477611940298507 0.015527950310559006
0 0.22710770471964503 0.514257481648786 0.0024203307785397336 0.001976284584980237
0 0.263816054860831 0.5254093732354602 0.03630496167809601 0.02766798418972332
0 0.28963291649858813 0.5271033314511575 0.014521984671238403 0.010728402032749858
0 0.32513110125050426 0.5238565782044043 0.017749092375958047 0.014963297571993224
0 0.34308188785800725 0.5239977413890458 0.019766034691407825 0.015245623941276116
0 0.36244453408632515 0.5263975155279503 0.01734570391286809 0.013269339356295878
0 0.40681726502622023 0.5289384528514963 0.026220250100847116 0.01948051948051948
0 0.43041549011698266 0.5262563523433089 0.02016942315449778 0.010728402032749858
0 0.4445340863251311 0.5245623941276115 0.007260992335619202 0.015245623941276116
0 0.4570391286809197 0.5263975155279503 0.016135538523598225 0.01383399209486166
0 0.47761194029850745 0.5303500846979108 0.003227107704719645 0.007058159232072276
0 0.5040338846308996 0.5261151891586674 0.020572811617587738 0.012140033879164314
0 0.5318676885841065 0.5255505364201016 0.0391286809197257 0.012140033879164314
0 0.5847115772488907 0.5258328627893846 0.03993545784590561 0.028514963297571992
0 0.6387656313029447 0.5261151891586674 0.02379991932230738 0.014398644833427442
0 0.6619604679306171 0.5224449463579899 0.02016942315449778 0.0189158667419537
0 0.681726502622025 0.5262563523433089 0.02016942315449778 0.011857707509881422
0 0.7063331988705123 0.525974025974026 0.03307785397337636 0.011857707509881422
0 0.7511093182734974 0.5261151891586674 0.021782977006857603 0.013269339356295878
0 0.7678499394917305 0.5254093732354602 0.014118596208148447 0.011857707509881422
0 0.7789431222267044 0.5265386787125917 0.005647438483259379 0.012422360248447204
0 0.7851956434045986 0.5160926030491247 0.0028237192416296895 0.00282326369282891
0 0.7979023799919323 0.5269621682665161 0.021782977006857603 0.013269339356295878
0 0.8150463896732554 0.5268210050818747 0.018959257765227916 0.014680971202710334
0 0.8319887051230335 0.5313382269904009 0.004437273093989512 0.002258610954263128
0 0.8346107301331182 0.52343308865048 0.005647438483259379 0.0033879164313946925
