0 0.15570794675272287 0.20821569734613213 0.05970149253731343 0.028514963297571992
0 0.20310609116579265 0.208498023715415 0.024606696248487294 0.027950310559006212
0 0.2601855586930214 0.21668548842461885 0.024203307785397338 0.015527950310559006
0 0.3344090359015732 0.21823828345567475 0.07503025413473174 0.048560135516657256
0 0.4292053247277128 0.21852060982495766 0.05486083098023396 0.04912478825522304
0 0.5018152480839048 0.21470920383963862 0.02743041549011698 0.015527950310559006
0 0.5947962888261396 0.22444946357989837 0.10044372730939895 0.055900621118012424
0 0.6780960064542154 0.21626199887069453 0.015328761597418314 0.017504234895539244
0 0.7607906413876563 0.21103896103896103 0.09197256958450989 0.03190287972896669
0 0.17749092375958048 0.27060982495765107 0.09197256958450989 0.04319593450028233
0 0.2569584509883017 0.26651609260304915 0.016942315449778138 0.015810276679841896
0 0.3751512706736587 0.2682100508187465 0.17265026220250101 0.04517221908526256
0 0.5042355788624445 0.26778656126482214 0.03065752319483663 0.052795031055900624
0 0.6179911254538121 0.26651609260304915 0.1444130697862041 0.048560135516657256
0 0.7057281161758774 0.2724449463579898 0.004437273093989512 0.0016939582156973462
0 0.7559499798305769 0.26129305477131565 0.05244050020169423 0.03077357425183512
0 0.7910447761194029 0.26976284584980237 0.012101653892698669 0.012704686617730096
0 0.8323920935861234 0.26312817617165446 0.03751512706736587 0.026538678712591756
0 0.17607906413876562 0.3231225296442688 0.09479628882613957 0.047713156408808584
0 0.2801532876159742 0.314652738565782 0.02218636546994756 0.02456239412761152
0 0.327148043565954 0.31945228684359117 0.015328761597418314 0.012704686617730096
0 0.42960871319080274 0.31507622811970637 0.11536910044372731 0.026538678712591756
0 0.5752319483662768 0.31521739130434784 0.08390480032271078 0.0251270468661773
0 0.6264622831787011 0.32396950875211744 0.0024203307785397336 0.001411631846414455
0 0.6532876159741832 0.3039243365330322 0.00927793465106898 0.010446075663466968
0 0.6873739411052844 0.3160643704121965 0.05405405405405406 0.025691699604743084
0 0.7242839854780153 0.3232636928289102 0.004437273093989512 0.011857707509881422
0 0.7589753933037515 0.3167701863354037 0.038321903993545785 0.01637492941840768
0 0.7954820492133925 0.31535855448898925 0.011294876966518758 0.002258610954263128
0 0.8217022993142397 0.3145115753811406 0.008067769261799113 0.02766798418972332
0 0.8463089955627269 0.3135234330886505 0.029850746268656716 0.026256352343308864
0 0.1438079870915692 0.36561264822134387 0.01573215006050827 0.019762845849802372
0 0.263614360629286 0.36885940146809715 0.15853166599435256 0.03867871259175607
0 0.36062928600242034 0.37676453980801805 0.003227107704719645 0.010446075663466968
0 0.3862444534086325 0.36250705815923207 0.006857603872529245 0.028797289666854884
0 0.44493747478822104 0.36123658949745907 0.07583703106091166 0.029644268774703556
0 0.5155304558289633 0.36307171089779783 0.020976200080677694 0.024280067758328628
0 0.6107301331181928 0.36575381140598534 0.15167406212182333 0.034161490683229816
0 0.764017749092376 0.36250705815923207 0.0927793465106898 0.024280067758328628
0 0.1653892698668818 0.4129023150762281 0.07099636950383219 0.031338226990400904
0 0.3063735377168213 0.41643139469226426 0.13916901976603469 0.0220214568040655
0 0.38563937071399756 0.42631281761716544 0.0024203307785397336 0.0016939582156973462
0 0.44130697862041146 0.4147374364765669 0.06857603872529246 0.028232636928289104
0 0.5026220250100847 0.41756070016939584 0.005647438483259379 0.019762845849802372
0 0.5558693021379588 0.415725578769057 0.07099636950383219 0.023997741389045736
0 0.6536910044372731 0.41445511010728403 0.07785397337636143 0.026538678712591756
0 0.7371924162968939 0.4148785996612084 0.0391286809197257 0.021739130434782608
0 0.7985074626865671 0.4150197628458498 0.040742234772085516 0.026538678712591756
0 0.17849939491730538 0.4645680406549972 0.08834207341670028 0.027385657820440428
0 0.2658329971762808 0.4632975719932242 0.004840661557079467 0.024280067758328628
0 0.2853973376361436 0.46357989836250707 0.022993142396127472 0.024844720496894408
0 0.42396127470754336 0.4775550536420102 0.1718434852763211 0.04488989271597967
0 0.5968132311415894 0.4658385093167702 0.09721661960467931 0.028232636928289104
0 0.6577248890681726 0.47571993224167136 0.0028237192416296895 0.0016939582156973462
0 0.6799112545381202 0.4579333709768492 0.006857603872529245 0.009034443817052512
0 0.717628075837031 0.4662619988706945 0.05647438483259379 0.029079616036137776
0 0.7714804356595402 0.46725014116318464 0.0052440500201694235 0.017504234895539244
0 0.7918515530455829 0.46725014116318464 0.01936264622831787 0.024844720496894408
0 0.15873336022589754 0.5228684359119141 0.051230334812424366 0.023715415019762844
0 0.25514320290439696 0.5148221343873518 0.06413876563130294 0.029079616036137776
0 0.30597014925373134 0.5279503105590062 0.0028237192416296895 0.0016939582156973462
0 0.33864461476401775 0.5179277244494636 0.008471157724889069 0.027385657820440428
0 0.36345300524405 0.514257481648786 0.02581686163775716 0.023997741389045736
0 0.4396934247680516 0.5182100508187465 0.07180314643001211 0.025691699604743084
0 0.5118999596611536 0.5136928289102202 0.022589753933037516 0.029644268774703556
0 0.5671641791044776 0.5139751552795031 0.05244050020169423 0.025691699604743084
0 0.6347317466720451 0.5139751552795031 0.027833803953206938 0.021739130434782608
0 0.7400161355385236 0.514257481648786 0.145623235175474 0.03020892151326934
0 0.1700282371924163 0.5676171654432524 0.07462686567164178 0.027385657820440428
0 0.24808390480032272 0.5657820440429137 0.04033884630899556 0.025974025974025976
0 0.3444937474788221 0.5724167137210615 0.07341670028237192 0.016657255787690572
0 0.47418313836224285 0.577922077922078 0.10528438886647842 0.043478260869565216
0 0.6022589753933038 0.5678994918125353 0.0790641387656313 0.027950310559006212
0 0.6482452601855587 0.5760869565217391 0.0024203307785397336 0.001411631846414455
