0 0.14360629286002422 0.20553359683794467 0.005647438483259379 0.00846979107848673
0 0.1500605082694635 0.20609824957651043 0.004840661557079467 0.009599096555618294
0 0.17527228721258573 0.21513269339356295 0.02702702702702703 0.0220214568040655
0 0.19947559499798306 0.21682665160926032 0.03993545784590561 0.020327498588368152
0 0.22710770471964503 0.21852060982495766 0.01290843081887858 0.018068887634105024
0 0.24304154901169828 0.21301524562394128 0.006857603872529245 0.009316770186335404
0 0.25534489713594194 0.2199322416713721 0.02016942315449778 0.01355166572557877
0 0.3011294876966519 0.21908526256352343 0.0391286809197257 0.018068887634105024
0 0.3354175070592981 0.2220496894409938 0.026220250100847116 0.01383399209486166
0 0.37232755143202906 0.22035573122529645 0.023396530859217425 0.018351214003387916
0 0.40338846308995563 0.23023715415019763 0.026623638563937072 0.02456239412761152
0 0.4247680516337233 0.22346132128740825 0.01855586930213796 0.011575381140598532
0 0.44332392093586126 0.2199322416713721 0.01371520774505849 0.017504234895539244
0 0.4735780556676079 0.22219085262563523 0.00645421540943929 0.010728402032749858
0 0.4794271883824123 0.21174477696216826 0.002016942315449778 0.002258610954263128
0 0.48870512303348124 0.22162619988706944 0.018959257765227916 0.01129305477131564
0 0.5068576038725292 0.21894409937888198 0.010891488503428802 0.016092603049124788
0 0.5211778943122227 0.22077922077922077 0.020976200080677694 0.012422360248447204
0 0.5568777732956838 0.2224731789949181 0.020572811617587738 0.012422360248447204
0 0.5718031464300121 0.22106154714850368 0.007664380798709157 0.014680971202710334
0 0.5796692214602662 0.22007340485601354 0.009681323114158934 0.017221908526256352
0 0.6058894715611134 0.22035573122529645 0.015328761597418314 0.016092603049124788
0 0.6208148446954417 0.22063805759457933 0.02016942315449778 0.016092603049124788
0 0.6347317466720451 0.2230378317334839 0.0060508269463493344 0.010163749294184076
0 0.6415893505445744 0.21230942970073405 0.002016942315449778 0.00282326369282891
0 0.6504638967325534 0.2217673630717109 0.01653892698668818 0.013269339356295878
0 0.6930213795885438 0.22190852625635235 0.03065752319483663 0.01693958215697346
0 0.7162162162162162 0.22374364765669114 0.018959257765227916 0.012704686617730096
0 0.7375958047599839 0.22332015810276679 0.021379588543767647 0.011857707509881422
0 0.7589753933037515 0.22134387351778656 0.021379588543767647 0.015810276679841896
0 0.7803549818475192 0.22134387351778656 0.021379588543767647 0.019762845849802372
0 0.7995159338442921 0.22868435911914173 0.003227107704719645 0.002258610954263128
0 0.8154497781363453 0.21541501976284586 0.0052440500201694235 0.00846979107848673
0 0.8219039935457846 0.21541501976284586 0.0052440500201694235 0.00846979107848673
0 0.13937071399757966 0.2621400338791643 0.004437273093989512 0.00818746470920384
0 0.14421137555465913 0.26228119706380576 0.004437273093989512 0.00846979107848673
0 0.1617587736990722 0.2683512140033879 0.017749092375958047 0.018351214003387916
0 0.17970956030657523 0.27188029361942406 0.018959257765227916 0.01355166572557877
0 0.19947559499798306 0.26453980801806887 0.006857603872529245 0.010163749294184076
0 0.20956030657523195 0.27188029361942406 0.020572811617587738 0.012987012987012988
0 0.2613957240822912 0.27540937323546016 0.055667607906413875 0.027385657820440428
0 0.32129891085114964 0.2717391304347826 0.0326744655102864 0.017221908526256352
0 0.35861234368697054 0.2717391304347826 0.021782977006857603 0.016092603049124788
0 0.381807180314643 0.2732919254658385 0.018959257765227916 0.011857707509881422
0 0.41851553045582895 0.27032749858836813 0.020572811617587738 0.016092603049124788
0 0.4411052843888665 0.27117447769621683 0.022993142396127472 0.016092603049124788
0 0.454417103670835 0.2800677583286279 0.006857603872529245 0.01129305477131564
0 0.47135941912061313 0.26651609260304915 0.004437273093989512 0.007905138339920948
0 0.4762000806776926 0.26665725578769056 0.004437273093989512 0.007622811970638058
0 0.509883017345704 0.2720214568040655 0.03872529245663574 0.012140033879164314
0 0.5415490116982654 0.27837380011293056 0.020572811617587738 0.023715415019762844
0 0.5599031867688584 0.2732919254658385 0.01855586930213796 0.012987012987012988
0 0.6095199677289229 0.27089215132693395 0.045986284792254944 0.018351214003387916
0 0.6456232351754739 0.2714568040654997 0.020572811617587738 0.015527950310559006
0 0.6672045179507866 0.27032749858836813 0.023396530859217425 0.014963297571993224
0 0.691407825736184 0.28063241106719367 0.023396530859217425 0.026538678712591756
0 0.7382008874546188 0.27089215132693395 0.04921339249697459 0.017221908526256352
0 0.7696651875756353 0.27343308865047994 0.01290843081887858 0.010446075663466968
0 0.7807583703106091 0.274703557312253 0.006857603872529245 0.010163749294184076
0 0.7954820492133925 0.2758328627893845 0.020976200080677694 0.012987012987012988
0 0.7866075030254135 0.2648221343873518 0.0024203307785397336 0.002258610954263128
0 0.8140379185155304 0.2833145115753811 0.008067769261799113 0.012140033879164314
0 0.15227914481645824 0.3188876341050254 0.014118596208148447 0.017221908526256352
0 0.16780960064542155 0.320016939582157 0.01855586930213796 0.015527950310559006
0 0.18959257765227913 0.32185206098249575 0.01936264622831787 0.014116318464144552
0 0.2265026220250101 0.3235460191981931 0.02218636546994756 0.012422360248447204
0 0.245461879790238 0.3207227555053642 0.018152480839048003 0.015810276679841896
0 0.26058894715611136 0.32396950875211744 0.00645421540943929 0.009881422924901186
0 0.2680516337232755 0.3129587803500847 0.0028237192416296895 0.001976284584980237
0 0.2789431222267043 0.32396950875211744 0.022993142396127472 0.01383399209486166
0 0.2987091569181121 0.32481648785996614 0.02379991932230738 0.029079616036137776
0 0.3307785397337636 0.32396950875211744 0.020976200080677694 0.013269339356295878
0 0.363251311012505 0.3277809147374365 0.045582896329164985 0.020327498588368152
0 0.3971359419120613 0.3210050818746471 0.01573215006050827 0.018068887634105024
0 0.4189189189189189 0.32382834556747603 0.021379588543767647 0.012422360248447204
0 0.4372730939895119 0.3243929983060418 0.017749092375958047 0.01355166572557877
0 0.46692214602662363 0.3235460191981931 0.03670835014118596 0.012422360248447204
0 0.4965711980637354 0.32396950875211744 0.022589753933037516 0.011575381140598532
0 0.518354175070593 0.3245341614906832 0.01936264622831787 0.011575381140598532
0 0.5564743848325938 0.32284020327498586 0.020572811617587738 0.013269339356295878
0 0.5742234772085518 0.3232636928289102 0.021379588543767647 0.025974025974025976
0 0.608914885034288 0.3221343873517787 0.013311819281968536 0.019198193111236588
0 0.626663977410246 0.32185206098249575 0.018959257765227916 0.017504234895539244
0 0.6494554255748286 0.3241106719367589 0.021782977006857603 0.012987012987012988
0 0.672448567970956 0.33243929983060416 0.020976200080677694 0.022303783173348392
0 0.6827349737797499 0.314652738565782 0.002016942315449778 0.002540937323546019
0 0.7055264219443323 0.32396950875211744 0.035498184751916094 0.012140033879164314
0 0.7351754739814441 0.32382834556747603 0.020572811617587738 0.01129305477131564
0 0.7567567567567568 0.3231225296442688 0.014521984671238403 0.01383399209486166
0 0.7769261799112546 0.32058159232072275 0.011294876966518758 0.001976284584980237
0 0.7934651068979427 0.3235460191981931 0.020976200080677694 0.011857707509881422
0 0.8235175473981444 0.3232636928289102 0.04154901169826543 0.01693958215697346
0 0.8527632109721662 0.3232636928289102 0.014521984671238403 0.0016939582156973462
0 0.13130294473578055 0.3825522303783173 0.0012101653892698668 0.002258610954263128
0 0.14219443323920936 0.3781761716544325 0.022993142396127472 0.027950310559006212
0 0.16599435256151673 0.37365894974590624 0.019766034691407825 0.012704686617730096
0 0.18676885841064947 0.3739412761151892 0.01936264622831787 0.012140033879164314
0 0.20713997579669222 0.378317334839074 0.02702702702702703 0.020327498588368152
0 0.25231948366276724 0.37337662337662336 0.021379588543767647 0.018351214003387916
0 0.27269060104881 0.3749294184076793 0.01290843081887858 0.010728402032749858
0 0.2833803953206938 0.3756352343308865 0.0052440500201694235 0.011575381140598532
0 0.2964905203711174 0.38198757763975155 0.020976200080677694 0.0220214568040655
0 0.2888261395724082 0.36490683229813664 0.0024203307785397336 0.001411631846414455
0 0.3291649858814038 0.3728119706380576 0.04356595401371521 0.017221908526256352
0 0.35397337636143605 0.3760587238848108 0.004437273093989512 0.009034443817052512
0 0.35962081484469544 0.36561264822134387 0.0028237192416296895 0.002258610954263128
0 0.3775716014521985 0.3760587238848108 0.033884630899556276 0.01355166572557877
0 0.40197660346914077 0.37422360248447206 0.014925373134328358 0.01383399209486166
0 0.4372730939895119 0.3753529079616036 0.023396530859217425 0.011575381140598532
0 0.45885437676482455 0.37365894974590624 0.01573215006050827 0.013269339356295878
0 0.4889068172650262 0.3725296442687747 0.01371520774505849 0.014398644833427442
0 0.509076240419524 0.37238848108413325 0.01936264622831787 0.015810276679841896
0 0.5298507462686567 0.37450592885375494 0.019766034691407825 0.012140033879164314
0 0.545582896329165 0.38085827216261997 0.022993142396127472 0.025409373235460192
0 0.5683743444937475 0.3694240542066629 0.004840661557079467 0.008752117447769622
0 0.5804759983864461 0.3746470920383964 0.016135538523598225 0.01355166572557877
0 0.5976200080677693 0.3743647656691135 0.020572811617587738 0.012987012987012988
0 0.6421944332392093 0.3747882552230378 0.03791851553045583 0.013269339356295878
0 0.6692214602662364 0.37351778656126483 0.02016942315449778 0.014116318464144552
0 0.6655909640984268 0.3654714850367024 0.0024203307785397336 0.001411631846414455
0 0.690399354578459 0.3749294184076793 0.018959257765227916 0.011857707509881422
0 0.7154094392900363 0.3759175607001694 0.031060911657926585 0.012704686617730096
0 0.7388059701492538 0.3756352343308865 0.0060508269463493344 0.011575381140598532
0 0.7442517144009682 0.3654714850367024 0.0024203307785397336 0.001976284584980237
0 0.7549415086728519 0.3759175607001694 0.02218636546994756 0.012704686617730096
0 0.7730939895119 0.38438735177865613 0.02944735780556676 0.02456239412761152
0 0.8146430012101654 0.3740824392998306 0.0326744655102864 0.017504234895539244
0 0.14602662363856395 0.43040654997176736 0.020976200080677694 0.023997741389045736
0 0.16861637757160144 0.4246188594014681 0.020976200080677694 0.012422360248447204
0 0.18616377571601453 0.42207792207792205 0.013311819281968536 0.017504234895539244
0 0.21762807583703106 0.4257481648785997 0.014925373134328358 0.011857707509881422
0 0.2291246470350948 0.42504234895539245 0.004840661557079467 0.011575381140598532
0 0.2436466317063332 0.42391304347826086 0.022589753933037516 0.014398644833427442
0 0.23436869705526422 0.41544325239977414 0.0024203307785397336 0.002540937323546019
0 0.25413473174667206 0.4158667419536985 0.0016135538523598225 0.001129305477131564
0 0.291246470350948 0.42617165443252397 0.03872529245663574 0.026821005081874648
0 0.33219039935457845 0.424901185770751 0.020572811617587738 0.01129305477131564
0 0.3588140379185155 0.42207792207792205 0.02864058087938685 0.01637492941840768
0 0.41064945542557485 0.4244776962168266 0.033884630899556276 0.012140033879164314
0 0.43848325937878174 0.42504234895539245 0.020976200080677694 0.01101072840203275
0 0.4606696248487293 0.4244776962168266 0.01936264622831787 0.012704686617730096
0 0.4759983864461476 0.4309712027103331 0.00645421540943929 0.011575381140598532
0 0.5058491327148044 0.4246188594014681 0.021782977006857603 0.011857707509881422
0 0.5260185558693021 0.42603049124788256 0.01936264622831787 0.011857707509881422
0 0.5415490116982654 0.424901185770751 0.007664380798709157 0.01693958215697346
0 0.5516337232755143 0.4267363071710898 0.0060508269463493344 0.009316770186335404
0 0.5572811617587737 0.41741953698475437 0.0028237192416296895 0.002540937323546019
0 0.5720048406615571 0.4243365330321852 0.026623638563937072 0.01693958215697346
0 0.6145623235175474 0.42405420666290233 0.021379588543767647 0.020327498588368152
0 0.6480435659540137 0.423630717108978 0.0536506655909641 0.018351214003387916
0 0.6833400564743848 0.4298418972332016 0.004840661557079467 0.003105590062111801
0 0.7081484469544171 0.41643139469226426 0.0060508269463493344 0.009034443817052512
0 0.7139975796692215 0.4158667419536985 0.00645421540943929 0.007905138339920948
0 0.7333602258975394 0.42292490118577075 0.02501008471157725 0.018068887634105024
0 0.7531262605889472 0.42518351214003386 0.021782977006857603 0.012987012987012988
0 0.7787414279951593 0.4265951439864483 0.027833803953206938 0.015245623941276116
0 0.1609519967728923 0.4733201581027668 0.053247277127874144 0.012704686617730096
0 0.19705526421944333 0.47360248447204967 0.019766034691407825 0.011575381140598532
0 0.21661960467930616 0.47896668548842464 0.021782977006857603 0.022303783173348392
0 0.25554659136748686 0.47247317899491814 0.019766034691407825 0.016092603049124788
0 0.2700685760387253 0.47571993224167136 0.0052440500201694235 0.010163749294184076
0 0.27611940298507465 0.46485036702428006 0.0028237192416296895 0.001976284584980237
0 0.282170229931424 0.47219085262563526 0.00927793465106898 0.015527950310559006
0 0.28842275110931825 0.4719085262563523 0.009681323114158934 0.016657255787690572
0 0.30153287615974184 0.47346132128740825 0.018152480839048003 0.012987012987012988
0 0.34852763210972165 0.475296442687747 0.04033884630899556 0.012704686617730096
0 0.3807987091569181 0.47571993224167136 0.020976200080677694 0.011857707509881422
0 0.4171036708350141 0.4748729531338227 0.01855586930213796 0.01637492941840768
0 0.43828156514723676 0.4764257481648786 0.018959257765227916 0.012704686617730096
0 0.472569584509883 0.4738848108413326 0.01653892698668818 0.017221908526256352
0 0.4891085114965712 0.4751552795031056 0.02379991932230738 0.01129305477131564
0 0.5108914885034288 0.47374364765669114 0.018959257765227916 0.017504234895539244
0 0.5292456635740218 0.47656691134952006 0.021782977006857603 0.011857707509881422
0 0.5522388059701493 0.47995482778091475 0.00645421540943929 0.003952569169960474
0 0.5576845502218637 0.46852060982495763 0.01573215006050827 0.014398644833427442
0 0.5748285599031868 0.4634387351778656 0.005647438483259379 0.00818746470920384
0 0.5794675272287213 0.46386222473178995 0.0052440500201694235 0.009034443817052512
0 0.6101250504235579 0.4723320158102767 0.024606696248487294 0.01637492941840768
0 0.6306978620411456 0.47557876905702995 0.019766034691407825 0.027385657820440428
0 0.6661960467930618 0.47444946357989837 0.038321903993545785 0.014398644833427442
0 0.6948366276724486 0.47444946357989837 0.021379588543767647 0.01101072840203275
0 0.7135941912061315 0.47444946357989837 0.014521984671238403 0.011575381140598532
0 0.7269060104881 0.474025974025974 0.01855586930213796 0.01355166572557877
0 0.7468737394110528 0.4754376058723885 0.02218636546994756 0.01355166572557877
0 0.7900363049616781 0.4720496894409938 0.02864058087938685 0.025409373235460192
0 0.809197256958451 0.4762845849802372 0.017749092375958047 0.011857707509881422
0 0.81807180314643 0.48122529644268774 0.003227107704719645 0.001976284584980237
0 0.14199273900766438 0.5220214568040655 0.008067769261799113 0.015245623941276116
0 0.16115369100443727 0.5224449463579899 0.0326744655102864 0.016092603049124788
0 0.18858410649455426 0.5239977413890458 0.022993142396127472 0.01637492941840768
0 0.2172246873739411 0.525974025974026 0.03751512706736587 0.011857707509881422
0 0.2446551028640581 0.5271033314511575 0.019766034691407825 0.011857707509881422
0 0.2956837434449375 0.5248447204968945 0.03630496167809601 0.012987012987012988
0 0.32553448971359417 0.5266798418972332 0.02016942315449778 0.01101072840203275
0 0.35962081484469544 0.5230095990965556 0.01573215006050827 0.017221908526256352
0 0.3775716014521985 0.5258328627893846 0.01936264622831787 0.011575381140598532
0 0.4048003227107705 0.5235742518351214 0.0326744655102864 0.018351214003387916
0 0.4519967728922953 0.5245623941276115 0.019766034691407825 0.01129305477131564
0 0.47115772488906815 0.5244212309429701 0.02016942315449778 0.011575381140598532
0 0.49152884227511096 0.5239977413890458 0.018959257765227916 0.015245623941276116
0 0.5480032271077048 0.5265386787125917 0.052843888664784185 0.012987012987012988
0 0.5806776926179911 0.5263975155279503 0.013311819281968536 0.01101072840203275
0 0.5954013715207745 0.5258328627893846 0.01855586930213796 0.01383399209486166
0 0.6345300524405002 0.5244212309429701 0.021782977006857603 0.016657255787690572
0 0.6504638967325534 0.527244494635799 0.0060508269463493344 0.010446075663466968
0 0.6579265832997176 0.5162337662337663 0.0024203307785397336 0.002540937323546019
0 0.664179104477612 0.5235742518351214 0.008471157724889069 0.016092603049124788
0 0.6732553448971359 0.5238565782044043 0.008874546187979023 0.018351214003387916
0 0.7041145623235175 0.5235742518351214 0.014925373134328358 0.018351214003387916
0 0.7311415893505446 0.5247035573122529 0.04235578862444534 0.017786561264822136
0 0.7613957240822913 0.5276679841897233 0.01734570391286809 0.011857707509881422
0 0.7896329164985881 0.5245623941276115 0.014925373134328358 0.015810276679841896
0 0.8075837031060912 0.5247035573122529 0.020976200080677694 0.016657255787690572
0 0.8287615974183138 0.5262563523433089 0.018152480839048003 0.01355166572557877
0 0.15167406212182333 0.581733483907397 0.016942315449778138 0.025691699604743084
0 0.16942315449778136 0.5765104460756635 0.01855586930213796 0.012422360248447204
0 0.18777732956837434 0.5762281197063805 0.01653892698668818 0.011857707509881422
0 0.20935861234368697 0.5765104460756635 0.021782977006857603 0.01129305477131564
0 0.2281161758773699 0.5837097684923772 0.026220250100847116 0.0251270468661773
0 0.2517144009681323 0.5755223037831734 0.017749092375958047 0.012704686617730096
0 0.2845905607099637 0.5752399774138904 0.043162565550625254 0.014963297571993224
0 0.3136345300524405 0.5755223037831734 0.018959257765227916 0.015527950310559006
0 0.3279548204921339 0.5797571993224168 0.0024203307785397336 0.002540937323546019
