0 0.17265026220250101 0.21089779785431959 0.028237192416296894 0.018068887634105024
0 0.2254941508672852 0.2111801242236025 0.03469140782573618 0.018068887634105024
0 0.2880193626462283 0.21470920383963862 0.06776926179911255 0.031338226990400904
0 0.35175473981444133 0.21485036702428006 0.03065752319483663 0.010728402032749858
0 0.41508672851956435 0.21414455110107283 0.06938281565147236 0.021174477696216828
0 0.5050423557886244 0.217673630717109 0.06776926179911255 0.029361942405420668
0 0.5879386849536103 0.21485036702428006 0.07785397337636143 0.026538678712591756
0 0.6728519564340459 0.21597967250141162 0.0645421540943929 0.026538678712591756
0 0.735982250907624 0.20920383963862224 0.04154901169826543 0.020892151326933936
0 0.8112141992739008 0.21315640880858272 0.07018959257765228 0.026538678712591756
0 0.854780153287616 0.2224731789949181 0.004033884630899556 0.006211180124223602
0 0.19060104881000403 0.26101072840203277 0.06010488100040339 0.018351214003387916
0 0.27511093182734975 0.2639751552795031 0.07341670028237192 0.01693958215697346
0 0.3983461073013312 0.26453980801806887 0.12787414279951592 0.01637492941840768
0 0.49213392496974584 0.26341050254093734 0.02501008471157725 0.015245623941276116
0 0.536103267446551 0.26355166572557875 0.035498184751916094 0.016092603049124788
0 0.5919725695845098 0.2627046866177301 0.04800322710770472 0.018351214003387916
0 0.6514723678902783 0.26651609260304915 0.04356595401371521 0.010163749294184076
0 0.6944332392093586 0.26256352343308864 0.024606696248487294 0.019198193111236588
0 0.7599838644614764 0.26566911349520045 0.07583703106091166 0.011857707509881422
0 0.8144413069786204 0.26595143986448333 0.01371520774505849 0.009034443817052512
0 0.863654699475595 0.26341050254093734 0.053247277127874144 0.015810276679841896
0 0.24687373941105284 0.31394692264257484 0.1661960467930617 0.029361942405420668
0 0.3358208955223881 0.31620553359683795 0.01008471157724889 0.009599096555618294
0 0.3828156514723679 0.313382269904009 0.045986284792254944 0.018633540372670808
0 0.45663574021782977 0.3154997176736307 0.07341670028237192 0.021174477696216828
0 0.5304558289632917 0.31719367588932806 0.033884630899556276 0.011575381140598532
0 0.5776522791448164 0.31804065499717676 0.05244050020169423 0.026256352343308864
0 0.6212182331585316 0.31309994353472614 0.03227107704719645 0.019762845849802372
0 0.6623638563937071 0.3191699604743083 0.028237192416296894 0.023997741389045736
0 0.7137958854376765 0.3138057594579334 0.04961678096006454 0.023433088650479956
0 0.781766841468334 0.31832298136645965 0.05405405405405406 0.01383399209486166
0 0.8523598225090763 0.3170525127046866 0.06857603872529246 0.023150762281197064
0 0.17123840258168616 0.36391869000564653 0.043162565550625254 0.015810276679841896
0 0.23376361436062928 0.36462450592885376 0.008471157724889069 0.015527950310559006
0 0.26522791448164584 0.36702428006775834 0.030254134731746672 0.018633540372670808
0 0.30496167809600644 0.36363636363636365 0.03146430012101654 0.020327498588368152
0 0.3553852359822509 0.3675889328063241 0.021782977006857603 0.028797289666854884
0 0.4017749092375958 0.36307171089779783 0.02501008471157725 0.018633540372670808
0 0.4320290439693425 0.36575381140598534 0.02016942315449778 0.01948051948051948
0 0.4705526421944332 0.36801242236024845 0.022993142396127472 0.026256352343308864
0 0.5108914885034288 0.3644833427442123 0.02379991932230738 0.017504234895539244
0 0.5399354578459056 0.36391869000564653 0.02944735780556676 0.019762845849802372
0 0.5951996772892295 0.36335403726708076 0.052843888664784185 0.021456804065499716
0 0.653892698668818 0.3650479954827781 0.03469140782573618 0.025974025974025976
0 0.7012908430818878 0.3610954263128176 0.03993545784590561 0.0220214568040655
0 0.7476805163372328 0.3620835686053077 0.03428801936264623 0.020045172219085264
0 0.8154497781363453 0.36716544325239975 0.06655909640984267 0.014398644833427442
0 0.8590157321500606 0.36645962732919257 0.026220250100847116 0.011857707509881422
0 0.8955223880597015 0.36278938452851495 0.026623638563937072 0.018068887634105024
0 0.9122630092779347 0.36335403726708076 0.014925373134328358 0.018633540372670808
0 0.918918918918919 0.37450592885375494 0.010488100040338847 0.007622811970638058
0 0.163574021782977 0.41459627329192544 0.0391286809197257 0.021174477696216828
0 0.20976200080677693 0.4153020892151327 0.02016942315449778 0.019762845849802372
0 0.25574828559903184 0.41770186335403725 0.029043969342476807 0.031338226990400904
0 0.3172650262202501 0.4138904573687182 0.051230334812424366 0.020892151326933936
0 0.3481242436466317 0.42165443252399776 0.0024203307785397336 0.002540937323546019
