0 0.15248083904800322 0.21880293619424054 0.016135538523598225 0.025974025974025976
0 0.17305365066559097 0.22811970638057594 0.017749092375958047 0.011857707509881422
0 0.1891891891891892 0.22346132128740825 0.015328761597418314 0.023997741389045736
0 0.23154497781363453 0.22402597402597402 0.009681323114158934 0.023433088650479956
0 0.2444534086325131 0.22416713721061546 0.010488100040338847 0.02258610954263128
0 0.2563533682936668 0.22261434217955958 0.003630496167809601 0.001976284584980237
0 0.25675675675675674 0.23080180688876342 0.0028237192416296895 0.009316770186335404
0 0.2678499394917305 0.23037831733483907 0.007260992335619202 0.012422360248447204
0 0.31242436466317064 0.23376623376623376 0.013311819281968536 0.021456804065499716
0 0.3225090762404195 0.22035573122529645 0.002016942315449778 0.001976284584980237
0 0.3229124647035095 0.22924901185770752 0.002016942315449778 0.009034443817052512
0 0.3354175070592981 0.22924901185770752 0.01008471157724889 0.01129305477131564
0 0.3469140782573618 0.22967250141163184 0.008874546187979023 0.011575381140598532
0 0.3610326744655103 0.22924901185770752 0.014521984671238403 0.01129305477131564
0 0.41589350544574427 0.23037831733483907 0.016942315449778138 0.009599096555618294
0 0.43384429205324726 0.22444946357989837 0.01653892698668818 0.021456804065499716
0 0.4826542960871319 0.22628458498023715 0.012505042355788625 0.023433088650479956
0 0.49737797498991526 0.23122529644268774 0.01371520774505849 0.010163749294184076
0 0.5151270673658733 0.2289666854884246 0.009681323114158934 0.009599096555618294
0 0.5314643001210165 0.22557876905702992 0.014925373134328358 0.02258610954263128
0 0.5508269463493344 0.2264257481648786 0.014925373134328358 0.021456804065499716
0 0.5665590964098427 0.23066064370412195 0.013311819281968536 0.010163749294184076
0 0.5835014118596208 0.23080180688876342 0.014118596208148447 0.010446075663466968
0 0.6010488100040339 0.22924901185770752 0.009681323114158934 0.010163749294184076
0 0.618596208148447 0.2248729531338227 0.01573215006050827 0.020045172219085264
0 0.6676079064138766 0.22967250141163184 0.007260992335619202 0.011575381140598532
0 0.6803146430012101 0.2305194805194805 0.013311819281968536 0.010446075663466968
0 0.7204517950786608 0.2264257481648786 0.01290843081887858 0.023715415019762844
0 0.7386042759177087 0.22628458498023715 0.01371520774505849 0.01948051948051948
0 0.754134731746672 0.23277809147374365 0.012505042355788625 0.008752117447769622
0 0.7686567164179104 0.22755505364201017 0.012505042355788625 0.024280067758328628
0 0.8061718434852764 0.22162619988706944 0.004437273093989512 0.00282326369282891
0 0.809197256958451 0.2316487859966121 0.003227107704719645 0.009316770186335404
0 0.8233158531665994 0.2264257481648786 0.015328761597418314 0.020892151326933936
0 0.1510689794271884 0.26990400903444384 0.01008471157724889 0.0220214568040655
0 0.1619604679306172 0.26990400903444384 0.002016942315449778 0.001129305477131564
0 0.16296893908834206 0.277244494635799 0.0024203307785397336 0.009599096555618294
0 0.17386042759177087 0.27343308865047994 0.010488100040338847 0.022303783173348392
0 0.1899959661153691 0.27653867871259175 0.007260992335619202 0.013269339356295878
0 0.23860427591770875 0.27865612648221344 0.014925373134328358 0.012422360248447204
0 0.25756353368293666 0.28063241106719367 0.012505042355788625 0.018068887634105024
0 0.3007260992335619 0.27837380011293056 0.013311819281968536 0.010728402032749858
0 0.3172650262202501 0.2857142857142857 0.013311819281968536 0.020892151326933936
0 0.3346107301331182 0.279785431959345 0.01573215006050827 0.010728402032749858
0 0.3483259378781767 0.2694805194805195 0.0028237192416296895 0.001411631846414455
0 0.34953610326744655 0.2790796160361378 0.0028237192416296895 0.009316770186335404
0 0.3622428398547802 0.2787972896668549 0.01371520774505849 0.009316770186335404
0 0.37918515530455826 0.2779503105590062 0.00645421540943929 0.011575381140598532
0 0.3918918918918919 0.2727272727272727 0.014925373134328358 0.018068887634105024
0 0.4354578459056071 0.27555053642010163 0.013311819281968536 0.020327498588368152
0 0.4530052440500202 0.27540937323546016 0.01290843081887858 0.017221908526256352
0 0.46974586526825335 0.279785431959345 0.010891488503428802 0.010163749294184076
0 0.5157321500605083 0.275974025974026 0.01734570391286809 0.023433088650479956
0 0.5294473578055667 0.28176171654432525 0.008471157724889069 0.010163749294184076
0 0.5443727309398951 0.281055900621118 0.014118596208148447 0.009881422924901186
0 0.5611133521581283 0.2816205533596838 0.01371520774505849 0.01101072840203275
0 0.5756353368293666 0.27780914737436474 0.010488100040338847 0.017504234895539244
0 0.6210165389269867 0.2756916996047431 0.0028237192416296895 0.01948051948051948
0 0.6313029447357805 0.27992659514398643 0.011294876966518758 0.012140033879164314
0 0.6464300121016539 0.2881140598531903 0.013311819281968536 0.023997741389045736
0 0.663372327551432 0.28077357425183513 0.00927793465106898 0.01383399209486166
0 0.7119806373537717 0.27992659514398643 0.016942315449778138 0.010446075663466968
0 0.7256958450988302 0.27498588368153587 0.010488100040338847 0.018068887634105024
0 0.7644211375554659 0.2758328627893845 0.014521984671238403 0.020327498588368152
0 0.781363453005244 0.2756916996047431 0.01371520774505849 0.018351214003387916
0 0.7974989915288423 0.2795031055900621 0.010488100040338847 0.014116318464144552
0 0.1536910044372731 0.3274985883681536 0.010488100040338847 0.012422360248447204
0 0.1690197660346914 0.32171089779785433 0.014521984671238403 0.021174477696216828
0 0.18616377571601453 0.3300395256916996 0.014925373134328358 0.010163749294184076
0 0.20250100847115773 0.32171089779785433 0.003227107704719645 0.001976284584980237
0 0.20229931423961275 0.3306041784302654 0.002016942315449778 0.009034443817052512
0 0.21500605082694635 0.3294748729531338 0.010488100040338847 0.010163749294184076
0 0.2265026220250101 0.3334274421230943 0.002016942315449778 0.001129305477131564
0 0.2490923759580476 0.31394692264257484 0.022993142396127472 0.002258610954263128
0 0.2507059298104074 0.325098814229249 0.0028237192416296895 0.020609824957651044
0 0.2700685760387253 0.32580463015245625 0.014118596208148447 0.018068887634105024
0 0.2902379991932231 0.3296160361377753 0.011698265429608713 0.013269339356295878
0 0.3392496974586527 0.33173348390739693 0.011294876966518758 0.01355166572557877
0 0.35417507059298103 0.3308865047995483 0.011294876966518758 0.012422360248447204
0 0.3676885841064946 0.33243929983060416 0.011698265429608713 0.010446075663466968
0 0.38664784187172246 0.32806324110671936 0.010891488503428802 0.020892151326933936
0 0.43707139975796694 0.3286278938452851 0.012505042355788625 0.014116318464144552
0 0.44876966518757566 0.32820440429136083 0.01008471157724889 0.011575381140598532
0 0.4594594594594595 0.32806324110671936 0.00645421540943929 0.012422360248447204
0 0.4735780556676079 0.32495765104460755 0.011294876966518758 0.018633540372670808
0 0.4872932634126664 0.32891022021456806 0.011294876966518758 0.01637492941840768
0 0.5387252924566357 0.3296160361377753 0.01573215006050827 0.012140033879164314
0 0.5528438886647842 0.33116883116883117 0.00927793465106898 0.011857707509881422
0 0.5653489310205728 0.33130999435347264 0.01008471157724889 0.010446075663466968
0 0.5800726099233562 0.33243929983060416 0.01371520774505849 0.009316770186335404
0 0.5943929003630496 0.33116883116883117 0.006857603872529245 0.011857707509881422
0 0.6064945542557483 0.3306041784302654 0.007664380798709157 0.01129305477131564
0 0.6425978217022993 0.3256634669678148 0.014521984671238403 0.017786561264822136
0 0.6609519967728923 0.32580463015245625 0.011698265429608713 0.01637492941840768
0 0.6746672045179508 0.33145115753811405 0.011698265429608713 0.012987012987012988
0 0.7099636950383219 0.3308865047995483 0.011294876966518758 0.012422360248447204
0 0.7248890681726503 0.33483907396950874 0.011294876966518758 0.018068887634105024
0 0.7398144413069786 0.3351214003387916 0.012101653892698669 0.019198193111236588
0 0.7559499798305769 0.33173348390739693 0.010488100040338847 0.011857707509881422
0 0.7710770471964502 0.33032185206098247 0.008471157724889069 0.012987012987012988
0 0.800322710770472 0.32707509881422925 0.014521984671238403 0.020045172219085264
0 0.8200887454618798 0.32933370976849236 0.014521984671238403 0.011575381140598532
0 0.836829366680113 0.3300395256916996 0.012505042355788625 0.010163749294184076
0 0.15207745058491326 0.37704686617730093 0.008067769261799113 0.012704686617730096
0 0.16579265832997175 0.3780350084697911 0.008874546187979023 0.010728402032749858
0 0.18192819685356998 0.37972896668548844 0.01371520774505849 0.00846979107848673
0 0.19705526421944333 0.3804347826086957 0.007664380798709157 0.012704686617730096
0 0.21198063735377168 0.38085827216261997 0.0060508269463493344 0.012987012987012988
0 0.26220250100847114 0.38099943534726144 0.014521984671238403 0.018351214003387916
0 0.25756353368293666 0.3771880293619424 0.0012101653892698668 0.001129305477131564
0 0.27490923759580477 0.37111801242236025 0.004437273093989512 0.001976284584980237
0 0.2757160145219847 0.3800112930547713 0.002016942315449778 0.009599096555618294
0 0.2878176684146833 0.3794466403162055 0.010891488503428802 0.012987012987012988
0 0.30334812424364666 0.37859966120835686 0.010488100040338847 0.012987012987012988
0 0.31585316659943524 0.3784584980237154 0.015328761597418314 0.012704686617730096
0 0.3299717628075837 0.37859966120835686 0.008874546187979023 0.015810276679841896
0 0.38019362646228316 0.37859966120835686 0.012505042355788625 0.01129305477131564
0 0.39774102460669625 0.37859966120835686 0.012101653892698669 0.010163749294184076
0 0.4173053650665591 0.3750705815923207 0.01653892698668818 0.01948051948051948
0 0.4681323114158935 0.3719649915302089 0.003630496167809601 0.001411631846414455
0 0.46994755949979833 0.38015245623941274 0.0024203307785397336 0.00818746470920384
0 0.48204921339249696 0.3802936194240542 0.008067769261799113 0.012987012987012988
0 0.5292456635740218 0.3802936194240542 0.021782977006857603 0.010163749294184076
0 0.5486083098023397 0.38283455674760025 0.015328761597418314 0.010728402032749858
0 0.5675675675675675 0.3784584980237154 0.01371520774505849 0.018351214003387916
0 0.5877369907220653 0.3804347826086957 0.011294876966518758 0.011575381140598532
0 0.6389673255344898 0.38099943534726144 0.015328761597418314 0.009316770186335404
0 0.6563130294473578 0.3771880293619424 0.014521984671238403 0.01693958215697346
0 0.7035094796288827 0.3753529079616036 0.008067769261799113 0.017221908526256352
0 0.7162162162162162 0.3738001129305477 0.008471157724889069 0.025409373235460192
0 0.7281161758773699 0.3784584980237154 0.01290843081887858 0.01383399209486166
0 0.7565550625252118 0.3839638622247318 0.0028237192416296895 0.009034443817052512
0 0.7567567567567568 0.3752117447769622 0.0024203307785397336 0.00282326369282891
0 0.7702702702702703 0.38297571993224166 0.014118596208148447 0.009881422924901186
0 0.781565147236789 0.38636363636363635 0.002016942315449778 0.001976284584980237
0 0.8065752319483662 0.383399209486166 0.014118596208148447 0.020892151326933936
0 0.8208955223880597 0.37634105025409376 0.003227107704719645 0.01693958215697346
0 0.8285599031867689 0.38636363636363635 0.01290843081887858 0.021739130434782608
0 0.8261395724082291 0.3814229249011858 0.0024203307785397336 0.009034443817052512
0 0.844695441710367 0.3825522303783173 0.015328761597418314 0.012987012987012988
0 0.8622428398547801 0.3826933935629588 0.010891488503428802 0.01101072840203275
0 0.8735377168212989 0.3848108413325805 0.008471157724889069 0.009599096555618294
0 0.8854376764824526 0.3794466403162055 0.012101653892698669 0.023715415019762844
0 0.14804356595401372 0.43562958780350086 0.01290843081887858 0.02258610954263128
0 0.16216216216216217 0.42419536984754375 0.003227107704719645 0.020045172219085264
0 0.17325534489713595 0.4289949181253529 0.012505042355788625 0.010446075663466968
0 0.19281968535699878 0.4298418972332016 0.009681323114158934 0.012704686617730096
0 0.2063331988705123 0.43266516092603047 0.012505042355788625 0.010446075663466968
0 0.21419927390076643 0.4243365330321852 0.0024203307785397336 0.018068887634105024
0 0.2615974183138362 0.4323828345567476 0.014925373134328358 0.012140033879164314
0 0.2789431222267043 0.4321005081874647 0.014118596208148447 0.010446075663466968
0 0.2974989915288423 0.4254658385093168 0.012505042355788625 0.02258610954263128
0 0.3537716821298911 0.43464144551101075 0.012101653892698669 0.023433088650479956
0 0.36950383219039934 0.43266516092603047 0.01290843081887858 0.01101072840203275
0 0.3854376764824526 0.4313946922642575 0.012505042355788625 0.010728402032749858
0 0.3989511899959661 0.43125352907961606 0.009681323114158934 0.012704686617730096
0 0.41064945542557485 0.4257481648785997 0.004840661557079467 0.020892151326933936
0 0.44917305365066557 0.43351214003387917 0.01653892698668818 0.020045172219085264
0 0.46208148446954417 0.43195934500282324 0.002016942315449778 0.010163749294184076
0 0.463896732553449 0.4225014116318464 0.004033884630899556 0.001976284584980237
0 0.4764017749092376 0.43125352907961606 0.01290843081887858 0.010446075663466968
0 0.49415086728519564 0.43040654997176736 0.01371520774505849 0.012140033879164314
0 0.509883017345704 0.43125352907961606 0.010488100040338847 0.012704686617730096
0 0.5242033077853974 0.42871259175607 0.014118596208148447 0.01948051948051948
0 0.5780556676079064 0.42179559570863917 0.0024203307785397336 0.002258610954263128
0 0.5796692214602662 0.43266516092603047 0.0024203307785397336 0.007058159232072276
0 0.5931827349737797 0.43280632411067194 0.01573215006050827 0.009034443817052512
0 0.6407825736183945 0.435347261434218 0.01573215006050827 0.02258610954263128
0 0.6567164179104478 0.43407679277244493 0.015328761597418314 0.011575381140598532
0 0.6750705929810408 0.43379446640316205 0.007664380798709157 0.012140033879164314
0 0.6829366680112948 0.4332298136645963 0.003227107704719645 0.009881422924901186
0 0.6829366680112948 0.4243365330321852 0.0024203307785397336 0.002258610954263128
0 0.6976603469140783 0.4289949181253529 0.014925373134328358 0.020609824957651044
0 0.7115772488906817 0.43266516092603047 0.0024203307785397336 0.00818746470920384
0 0.7129891085114965 0.423630717108978 0.0028237192416296895 0.003105590062111801
0 0.7289229528035498 0.4318181818181818 0.014521984671238403 0.009316770186335404
0 0.7468737394110528 0.43252399774138905 0.014925373134328358 0.012987012987012988
0 0.7611940298507462 0.4408526256352343 0.004840661557079467 0.007058159232072276
0 0.7783380395320694 0.4345002823263693 0.018959257765227916 0.01129305477131564
0 0.7991125453812021 0.43252399774138905 0.011294876966518758 0.012987012987012988
0 0.8142396127470755 0.43351214003387917 0.013311819281968536 0.01101072840203275
0 0.8303751512706736 0.43351214003387917 0.0052440500201694235 0.014963297571993224
0 0.8436869705526422 0.43379446640316205 0.011698265429608713 0.012704686617730096
0 0.8576038725292456 0.43125352907961606 0.007260992335619202 0.011575381140598532
0 0.8684953610326744 0.4329474872953134 0.012101653892698669 0.01383399209486166
0 0.8856393707139976 0.4329474872953134 0.01734570391286809 0.01101072840203275
0 0.9048003227107705 0.43280632411067194 0.009681323114158934 0.01355166572557877
0 0.9215409439290037 0.4332298136645963 0.013311819281968536 0.010446075663466968
0 0.936062928600242 0.42857142857142855 0.012505042355788625 0.0220214568040655
0 0.9503832190399355 0.4345002823263693 0.008874546187979023 0.015810276679841896
0 0.14683340056474384 0.47261434217955955 0.01290843081887858 0.024844720496894408
0 0.16498588140379186 0.4792490118577075 0.01936264622831787 0.01383399209486166
0 0.1708350141185962 0.47148503670242803 0.003630496167809601 0.00282326369282891
0 0.1865671641791045 0.47811970638057594 0.013311819281968536 0.009316770186335404
0 0.2055264219443324 0.48461321287408243 0.01573215006050827 0.02456239412761152
0 0.263614360629286 0.4764257481648786 0.013311819281968536 0.022303783173348392
0 0.2827753126260589 0.4816487859966121 0.015328761597418314 0.012422360248447204
0 0.3007260992335619 0.4772727272727273 0.008471157724889069 0.018351214003387916
0 0.30496167809600644 0.48404856013551667 0.004840661557079467 0.004234895539243365
0 0.31787010891488504 0.4810841332580463 0.010488100040338847 0.012987012987012988
0 0.3382412263009278 0.4817899491812535 0.014925373134328358 0.01101072840203275
0 0.39128680919725695 0.47444946357989837 0.017749092375958047 0.023433088650479956
0 0.4056070996369504 0.4733201581027668 0.003630496167809601 0.001411631846414455
0 0.4062121823315853 0.48122529644268774 0.003227107704719645 0.007622811970638058
0 0.4213392496974587 0.4795313382269904 0.008471157724889069 0.01101072840203275
0 0.4342476805163372 0.4810841332580463 0.012505042355788625 0.012987012987012988
0 0.445139169019766 0.4813664596273292 0.007664380798709157 0.010728402032749858
0 0.4570391286809197 0.4784020327498588 0.009681323114158934 0.021174477696216828
0 0.46954417103670837 0.4784020327498588 0.003227107704719645 0.018351214003387916
0 0.4846712384025817 0.4860248447204969 0.01734570391286809 0.020045172219085264
0 0.5387252924566357 0.4764257481648786 0.02379991932230738 0.023433088650479956
0 0.5512303348124243 0.4829192546583851 0.00927793465106898 0.009881422924901186
0 0.5675675675675675 0.48306041784302656 0.01290843081887858 0.009599096555618294
0 0.5887454618797903 0.4826369282891022 0.020572811617587738 0.009316770186335404
0 0.6387656313029447 0.47939017504234893 0.024606696248487294 0.024280067758328628
0 0.6573215006050827 0.47656691134952006 0.012505042355788625 0.019762845849802372
0 0.6760790641387656 0.4829192546583851 0.012101653892698669 0.012140033879164314
0 0.7281161758773699 0.481931112365895 0.016942315449778138 0.010163749294184076
0 0.7482855990318676 0.4817899491812535 0.01290843081887858 0.009881422924901186
0 0.7652279144816458 0.4823546019198193 0.008874546187979023 0.012704686617730096
0 0.7831787010891489 0.47896668548842464 0.011698265429608713 0.01948051948051948
0 0.7989108511496571 0.4894127611518916 0.003630496167809601 0.001411631846414455
0 0.8259378781766842 0.47684923771880294 0.018959257765227916 0.02258610954263128
0 0.837232755143203 0.48249576510446074 0.002016942315449778 0.006775832862789385
0 0.8384429205324728 0.4748729531338227 0.0028237192416296895 0.00282326369282891
0 0.8503428801936265 0.4891304347826087 0.014521984671238403 0.02456239412761152
0 0.8668818071803146 0.48771880293619424 0.0016135538523598225 0.001411631846414455
0 0.8864461476401775 0.48009599096555616 0.014118596208148447 0.018351214003387916
0 0.13775716014521985 0.5283738001129306 0.006857603872529245 0.014398644833427442
0 0.15167406212182333 0.5230095990965556 0.014521984671238403 0.023997741389045736
0 0.16659943525615167 0.5309147374364765 0.012101653892698669 0.012140033879164314
0 0.1853569987898346 0.5324675324675324 0.021379588543767647 0.011857707509881422
0 0.2063331988705123 0.5311970638057595 0.006857603872529245 0.014963297571993224
0 0.25413473174667206 0.5282326369282891 0.024203307785397338 0.023150762281197064
0 0.2734973779749899 0.5268210050818747 0.01290843081887858 0.021456804065499716
0 0.28943122226704315 0.5307735742518351 0.010891488503428802 0.014116318464144552
0 0.33400564743848327 0.525691699604743 0.017749092375958047 0.02766798418972332
0 0.34630899556272693 0.5319028797289667 0.00927793465106898 0.011857707509881422
0 0.36042759177087536 0.5337380011293055 0.012505042355788625 0.010446075663466968
0 0.37777329568374346 0.5334556747600225 0.021379588543767647 0.010446075663466968
0 0.4015732150060508 0.5333145115753811 0.012505042355788625 0.014116318464144552
0 0.4233561920129084 0.5335968379446641 0.020572811617587738 0.012422360248447204
0 0.4443323920935861 0.5331733483907397 0.014925373134328358 0.012140033879164314
0 0.4598628479225494 0.5327498588368154 0.009681323114158934 0.015245623941276116
0 0.4757966922146027 0.5307735742518351 0.012505042355788625 0.019198193111236588
0 0.5278338039532069 0.5276679841897233 0.030254134731746672 0.023150762281197064
0 0.5498184751916095 0.5334556747600225 0.009681323114158934 0.01101072840203275
0 0.5917708753529649 0.5276679841897233 0.01855586930213796 0.023715415019762844
0 0.6111335215812828 0.527244494635799 0.014521984671238403 0.021739130434782608
0 0.627269060104881 0.5324675324675324 0.012101653892698669 0.012987012987012988
0 0.6829366680112948 0.5235742518351214 0.01290843081887858 0.026256352343308864
0 0.699677289229528 0.5331733483907397 0.01734570391286809 0.012140033879164314
0 0.7192416296893909 0.5328910220214568 0.010488100040338847 0.01383399209486166
0 0.7335619201290843 0.5290796160361377 0.012505042355788625 0.020892151326933936
0 0.7775312626058895 0.5337380011293055 0.020572811617587738 0.01101072840203275
0 0.7968939088342073 0.5280914737436476 0.01573215006050827 0.020609824957651044
0 0.8102057281161759 0.5265386787125917 0.0028237192416296895 0.002258610954263128
0 0.8116175877369908 0.5347261434217956 0.0024203307785397336 0.010163749294184076
0 0.8233158531665994 0.5341614906832298 0.008067769261799113 0.01129305477131564
0 0.8398547801532876 0.5289384528514963 0.015328761597418314 0.023997741389045736
0 0.13916901976603469 0.5705815923207228 0.0024203307785397336 0.0033879164313946925
0 0.14037918515530456 0.5806041784302653 0.0024203307785397336 0.010446075663466968
0 0.15046389673255345 0.5796160361377752 0.008067769261799113 0.014680971202710334
0 0.20250100847115773 0.5830039525691699 0.024203307785397338 0.011857707509881422
0 0.2254941508672852 0.5852625635234331 0.015328761597418314 0.010728402032749858
0 0.24485679709560307 0.5800395256916996 0.01371520774505849 0.021739130434782608
0 0.26502622025010086 0.5834274421230943 0.010488100040338847 0.01383399209486166
0 0.3160548608309802 0.5784867306606437 0.018959257765227916 0.025974025974025976
0 0.3283582089552239 0.584274421230943 0.011294876966518758 0.011575381140598532
0 0.34207341670028235 0.5844155844155844 0.01371520774505849 0.010728402032749858
0 0.3628479225494151 0.58399209486166 0.019766034691407825 0.010446075663466968
0 0.4124647035094796 0.5798983625070582 0.008471157724889069 0.015810276679841896
0 0.4461476401774909 0.5780632411067194 0.007260992335619202 0.014398644833427442
0 0.4598628479225494 0.5741106719367589 0.008874546187979023 0.023997741389045736
0 0.46853569987898347 0.5749576510446076 0.011698265429608713 0.010446075663466968
0 0.4764017749092376 0.5782044042913608 0.004840661557079467 0.018633540372670808
0 0.5040338846308996 0.5762281197063805 0.002016942315449778 0.002258610954263128
0 0.5046389673255345 0.5834274421230943 0.0024203307785397336 0.007622811970638058
0 0.518152480839048 0.584274421230943 0.01734570391286809 0.011575381140598532
0 0.5296490520371118 0.5890739695087521 0.0024203307785397336 0.001411631846414455
0 0.5601048810004033 0.5800395256916996 0.012505042355788625 0.020609824957651044
0 0.5748285599031868 0.5878035008469791 0.014521984671238403 0.021456804065499716
0 0.6278741427995159 0.5796160361377752 0.00927793465106898 0.015810276679841896
0 0.6425978217022993 0.5748164878599661 0.008067769261799113 0.023715415019762844
0 0.6561113352158128 0.5807453416149069 0.01573215006050827 0.014680971202710334
0 0.681726502622025 0.575098814229249 0.0016135538523598225 0.00282326369282891
0 0.6837434449374747 0.5830039525691699 0.0024203307785397336 0.010728402032749858
0 0.6970552642194433 0.5837097684923772 0.01290843081887858 0.01101072840203275
0 0.7101653892698668 0.5902032749858837 0.0028237192416296895 0.001976284584980237
0 0.7331585316659943 0.5796160361377752 0.018152480839048003 0.02258610954263128
0 0.7505042355788625 0.5846979107848673 0.0028237192416296895 0.00846979107848673
0 0.7517144009681324 0.5770750988142292 0.0028237192416296895 0.00282326369282891
0 0.7688584106494554 0.5835686053077357 0.022589753933037516 0.007340485601355167
0 0.7930617184348527 0.5793337097684924 0.014521984671238403 0.020327498588368152
0 0.8069786204114562 0.5844155844155844 0.01008471157724889 0.012987012987012988
0 0.8255344897135942 0.5827216261998871 0.012505042355788625 0.012987012987012988
