0 0.13231141589350545 0.221485036702428 0.003227107704719645 0.016092603049124788
0 0.1409842678499395 0.22120271033314512 0.00927793465106898 0.020045172219085264
0 0.17426381605486083 0.23729531338226992 0.012101653892698669 0.026256352343308864
0 0.1843485276321097 0.23023715415019763 0.009681323114158934 0.007058159232072276
0 0.1972569584509883 0.23023715415019763 0.010488100040338847 0.006493506493506494
0 0.2252924566357402 0.221485036702428 0.007664380798709157 0.021739130434782608
0 0.2345703912868092 0.22924901185770752 0.010891488503428802 0.00846979107848673
0 0.2843888664784187 0.22910784867306608 0.02743041549011698 0.01101072840203275
0 0.3382412263009278 0.22092038396386224 0.02218636546994756 0.023997741389045736
0 0.3527632109721662 0.2279785431959345 0.006857603872529245 0.007058159232072276
0 0.36264622831787013 0.22783738001129306 0.009681323114158934 0.009599096555618294
0 0.4048003227107705 0.22868435911914173 0.011698265429608713 0.007340485601355167
0 0.43828156514723676 0.2261434217955957 0.011698265429608713 0.007905138339920948
0 0.4653085921742638 0.21795595708639187 0.04154901169826543 0.025974025974025976
0 0.49152884227511096 0.2251552795031056 0.010891488503428802 0.009881422924901186
0 0.5264219443323921 0.2186617730095991 0.012101653892698669 0.022303783173348392
0 0.545986284792255 0.220214568040655 0.025413473174667203 0.018068887634105024
0 0.563331988705123 0.22430830039525693 0.007664380798709157 0.008752117447769622
0 0.6016538926986689 0.22571993224167136 0.00927793465106898 0.007622811970638058
0 0.6133521581282775 0.22501411631846416 0.01008471157724889 0.006775832862789385
0 0.654699475594998 0.22430830039525693 0.012101653892698669 0.007622811970638058
0 0.6712384025816862 0.2171089779785432 0.01855586930213796 0.020327498588368152
0 0.6807180314643001 0.2180971202710333 0.002016942315449778 0.002540937323546019
0 0.6879790237999194 0.2245906267645398 0.01008471157724889 0.007058159232072276
0 0.6980637353771683 0.21668548842461885 0.01008471157724889 0.017786561264822136
0 0.7260992335619201 0.22388481084133258 0.005647438483259379 0.010728402032749858
0 0.736789027833804 0.2248729531338227 0.01008471157724889 0.007058159232072276
0 0.7771278741427995 0.2245906267645398 0.01573215006050827 0.007058159232072276
0 0.7894312222670432 0.22289666854884246 0.010488100040338847 0.006493506493506494
0 0.8087938684953611 0.2171089779785432 0.02743041549011698 0.019198193111236588
0 0.8283582089552238 0.2220496894409938 0.011698265429608713 0.00818746470920384
0 0.13957240822912464 0.2795031055900621 0.007260992335619202 0.01129305477131564
0 0.14885034288019364 0.27399774138904576 0.011294876966518758 0.018351214003387916
0 0.1591367486889875 0.27964426877470355 0.007664380798709157 0.009316770186335404
0 0.20411456232351755 0.27992659514398643 0.01855586930213796 0.007622811970638058
0 0.2236789027833804 0.2802089215132693 0.018152480839048003 0.00818746470920384
0 0.23840258168616377 0.27399774138904576 0.007260992335619202 0.0189158667419537
0 0.24687373941105284 0.2707509881422925 0.008874546187979023 0.0220214568040655
0 0.2561516740621218 0.2789384528514963 0.00645421540943929 0.010728402032749858
0 0.2698668818071803 0.28740824392998304 0.0024203307785397336 0.003952569169960474
0 0.2964905203711174 0.27936194240542067 0.028237192416296894 0.00818746470920384
0 0.3160548608309802 0.2728684359119142 0.01008471157724889 0.020045172219085264
0 0.32573618394513915 0.2779503105590062 0.01008471157724889 0.010446075663466968
0 0.3686970552642194 0.2800677583286279 0.01855586930213796 0.007905138339920948
0 0.3979427188382412 0.27060982495765107 0.013311819281968536 0.021739130434782608
0 0.4102460669624849 0.27710333145115756 0.01855586930213796 0.008752117447769622
0 0.42860024203307784 0.27653867871259175 0.01653892698668818 0.00818746470920384
0 0.44231544977813636 0.2768210050818746 0.00927793465106898 0.009316770186335404
0 0.4848729326341267 0.2768210050818746 0.010488100040338847 0.007622811970638058
0 0.4965711980637354 0.2686335403726708 0.011294876966518758 0.020045172219085264
0 0.5280354981847519 0.27625635234330886 0.007260992335619202 0.007622811970638058
0 0.5417507059298104 0.2766798418972332 0.020976200080677694 0.007340485601355167
0 0.554860830980234 0.28486730660643705 0.013311819281968536 0.026538678712591756
0 0.5687777329568374 0.27032749858836813 0.008874546187979023 0.018351214003387916
0 0.6018555869302138 0.2696216826651609 0.008067769261799113 0.020892151326933936
0 0.6139572408229125 0.2751270468661773 0.01290843081887858 0.008752117447769622
0 0.6302944735780557 0.27498588368153587 0.01734570391286809 0.007340485601355167
0 0.6444130697862042 0.26990400903444384 0.007664380798709157 0.019198193111236588
0 0.6534893102057281 0.27428006775832864 0.008874546187979023 0.008752117447769622
0 0.6645824929407019 0.2737154150197628 0.008471157724889069 0.00818746470920384
0 0.7014925373134329 0.27526821005081875 0.01290843081887858 0.006775832862789385
0 0.7119806373537717 0.27498588368153587 0.004033884630899556 0.010163749294184076
0 0.745663574021783 0.2751270468661773 0.006857603872529245 0.009316770186335404
0 0.7595804759983864 0.26877470355731226 0.016942315449778138 0.020327498588368152
0 0.7753126260588947 0.27428006775832864 0.01290843081887858 0.00818746470920384
0 0.7872125857200484 0.2735742518351214 0.00927793465106898 0.006775832862789385
0 0.8204921339249698 0.2738565782044043 0.003227107704719645 0.006775832862789385
0 0.8221056877773296 0.26750423489553926 0.0016135538523598225 0.002540937323546019
0 0.8307785397337636 0.2735742518351214 0.01008471157724889 0.006775832862789385
0 0.1383622428398548 0.32495765104460755 0.008874546187979023 0.01693958215697346
0 0.1472367890278338 0.32622811970638055 0.0024203307785397336 0.002540937323546019
0 0.14743848325937878 0.33201581027667987 0.0028237192416296895 0.00564652738565782
0 0.15389269866881808 0.33921513269339354 0.012505042355788625 0.023433088650479956
0 0.16559096409842677 0.3338509316770186 0.002016942315449778 0.001411631846414455
0 0.17809600645421542 0.32707509881422925 0.012505042355788625 0.017221908526256352
0 0.1918112141992739 0.3346979107848673 0.004437273093989512 0.001411631846414455
0 0.20169423154497781 0.31535855448898925 0.016135538523598225 0.012422360248447204
0 0.20108914885034287 0.3253811405985319 0.003630496167809601 0.022303783173348392
0 0.2146026623638564 0.3201581027667984 0.007260992335619202 0.023715415019762844
0 0.2236789027833804 0.3296160361377753 0.008471157724889069 0.010446075663466968
0 0.27611940298507465 0.3298983625070582 0.03509479628882614 0.00818746470920384
0 0.2928600242033078 0.3231225296442688 0.0024203307785397336 0.001976284584980237
0 0.30133118192819686 0.32919254658385094 0.011294876966518758 0.007340485601355167
0 0.336022589753933 0.3294748729531338 0.0024203307785397336 0.00564652738565782
0 0.33763614360629285 0.3222755505364201 0.0016135538523598225 0.001411631846414455
0 0.34489713594191207 0.32171089779785433 0.007260992335619202 0.021739130434782608
0 0.3535699878983461 0.32792207792207795 0.008471157724889069 0.010446075663466968
0 0.3652682533279548 0.32806324110671936 0.011698265429608713 0.007905138339920948
0 0.40217829770068575 0.32820440429136083 0.0024203307785397336 0.007058159232072276
0 0.40298507462686567 0.32241671372106157 0.0016135538523598225 0.0016939582156973462
0 0.41085114965711983 0.32679277244494637 0.007664380798709157 0.01101072840203275
0 0.44594594594594594 0.32679277244494637 0.018959257765227916 0.010446075663466968
0 0.4899152884227511 0.32086391869000563 0.010891488503428802 0.021174477696216828
0 0.5006050826946349 0.3277809147374365 0.009681323114158934 0.006211180124223602
0 0.49959661153691004 0.3243929983060418 0.0028237192416296895 0.001129305477131564
0 0.5114965711980637 0.3265104460756635 0.008067769261799113 0.008752117447769622
0 0.5205728116175877 0.32594579333709767 0.00927793465106898 0.01101072840203275
0 0.5619201290843082 0.32382834556747603 0.007260992335619202 0.01129305477131564
0 0.5705929810407422 0.31719367588932806 0.008471157724889069 0.021739130434782608
0 0.5796692214602662 0.32580463015245625 0.008874546187979023 0.009599096555618294
0 0.6319080274304155 0.3253811405985319 0.035901573215006054 0.008752117447769622
0 0.6555062525211779 0.32058159232072275 0.008874546187979023 0.017221908526256352
0 0.6645824929407019 0.31620553359683795 0.011698265429608713 0.024280067758328628
0 0.6712384025816862 0.3245341614906832 0.00645421540943929 0.010446075663466968
0 0.7117789431222267 0.3241106719367589 0.0052440500201694235 0.010728402032749858
0 0.7238805970149254 0.3241106719367589 0.018959257765227916 0.01129305477131564
0 0.7390076643807987 0.3245341614906832 0.011294876966518758 0.007058159232072276
0 0.7557482855990318 0.3170525127046866 0.01734570391286809 0.025409373235460192
0 0.7662363856393707 0.31719367588932806 0.002016942315449778 0.001976284584980237
0 0.7732956837434449 0.32368718238283456 0.008874546187979023 0.005928853754940711
0 0.7787414279951593 0.3315923207227555 0.018152480839048003 0.0251270468661773
0 0.8204921339249698 0.32269904009034445 0.011294876966518758 0.007340485601355167
0 0.8291649858814037 0.3241106719367589 0.008471157724889069 0.012987012987012988
0 0.14340459862847924 0.38099943534726144 0.01008471157724889 0.011575381140598532
0 0.15570794675272287 0.38735177865612647 0.015328761597418314 0.023150762281197064
0 0.1508672851956434 0.38226990400903443 0.0024203307785397336 0.006775832862789385
0 0.15248083904800322 0.37634105025409376 0.0024203307785397336 0.002258610954263128
0 0.16700282371924163 0.3814229249011858 0.003227107704719645 0.006211180124223602
0 0.16841468334005646 0.3746470920383964 0.002016942315449778 0.0033879164313946925
0 0.17386042759177087 0.37337662337662336 0.008067769261799113 0.020609824957651044
0 0.21339249697458654 0.3815640880858272 0.010488100040338847 0.007058159232072276
0 0.22166196046793063 0.38114059853190285 0.006857603872529245 0.01129305477131564
0 0.26421944332392094 0.38537549407114624 0.010488100040338847 0.023715415019762844
0 0.27511093182734975 0.37972896668548844 0.009681323114158934 0.007905138339920948
0 0.2823719241629689 0.3794466403162055 0.007260992335619202 0.01129305477131564
0 0.29245663574021785 0.37972896668548844 0.009681323114158934 0.011857707509881422
0 0.2987091569181121 0.38085827216261997 0.003630496167809601 0.006211180124223602
0 0.3017345703912868 0.3725296442687747 0.0024203307785397336 0.001976284584980237
0 0.3075837031060912 0.3738001129305477 0.008471157724889069 0.020892151326933936
0 0.32855990318676886 0.3750705815923207 0.02864058087938685 0.020609824957651044
0 0.35215812827753123 0.38692828910220217 0.003227107704719645 0.004799548277809147
0 0.3697055264219443 0.3694240542066629 0.01734570391286809 0.02456239412761152
0 0.38342073416700284 0.37789384528514963 0.0060508269463493344 0.008752117447769622
0 0.40964098426784995 0.3793054771315641 0.0028237192416296895 0.005928853754940711
0 0.41206131504638965 0.3718238283455675 0.002016942315449778 0.00282326369282891
0 0.4171036708350141 0.37789384528514963 0.007260992335619202 0.011575381140598532
0 0.44372730939895116 0.3794466403162055 0.003227107704719645 0.006775832862789385
0 0.44574425171440096 0.3725296442687747 0.0016135538523598225 0.0008469791078486731
0 0.4495764421137555 0.378317334839074 0.004437273093989512 0.010163749294184076
0 0.48225090762404194 0.3784584980237154 0.01008471157724889 0.007622811970638058
0 0.49394917305365066 0.37775268210050816 0.01008471157724889 0.006211180124223602
0 0.49072206534893104 0.3740824392998306 0.0012101653892698668 0.001129305477131564
0 0.5296490520371118 0.37210615471485037 0.016942315449778138 0.020892151326933936
0 0.5469947559499798 0.37704686617730093 0.015328761597418314 0.010446075663466968
0 0.5625252117789431 0.37676453980801805 0.013311819281968536 0.009881422924901186
0 0.590964098426785 0.38410502540937325 0.015328761597418314 0.026256352343308864
0 0.6034691407825736 0.37732919254658387 0.009681323114158934 0.007622811970638058
0 0.6145623235175474 0.3774703557312253 0.011698265429608713 0.00846979107848673
0 0.6478418717224688 0.37450592885375494 0.015328761597418314 0.009316770186335404
0 0.6575231948366277 0.37577639751552794 0.0024203307785397336 0.007340485601355167
0 0.6601452198467124 0.36914172783738003 0.002016942315449778 0.002540937323546019
0 0.6682129891085115 0.36984754376058726 0.007664380798709157 0.01637492941840768
0 0.6768858410649455 0.36928289102202144 0.008874546187979023 0.01693958215697346
0 0.7018959257765228 0.37027103331451156 0.008874546187979023 0.014963297571993224
0 0.7121823315853166 0.3753529079616036 0.011698265429608713 0.009316770186335404
0 0.754336425978217 0.3709768492377188 0.01936264622831787 0.020327498588368152
0 0.7648245260185559 0.37761151891586675 0.003227107704719645 0.004799548277809147
0 0.7682533279548205 0.370412196499153 0.0012101653892698668 0.0016939582156973462
0 0.7835820895522388 0.36801242236024845 0.02702702702702703 0.021739130434782608
0 0.7989108511496571 0.36617730095990964 0.002016942315449778 0.0016939582156973462
0 0.8033481242436467 0.37337662337662336 0.010891488503428802 0.006493506493506494
0 0.8104074223477209 0.38382269904009036 0.020976200080677694 0.029644268774703556
0 0.14501815248083905 0.43379446640316205 0.014925373134328358 0.00818746470920384
0 0.15691811214199275 0.4322416713721062 0.010488100040338847 0.007905138339920948
0 0.1674062121823316 0.42264257481648787 0.008874546187979023 0.026538678712591756
0 0.21480435659540137 0.43125352907961606 0.007664380798709157 0.009881422924901186
0 0.22428398547801534 0.4234895539243365 0.008874546187979023 0.0220214568040655
0 0.2392093586123437 0.4373235460191982 0.02016942315449778 0.021456804065499716
0 0.25554659136748686 0.43478260869565216 0.00927793465106898 0.018068887634105024
0 0.26421944332392094 0.4302653867871259 0.0024203307785397336 0.00564652738565782
0 0.2662363856393707 0.4246188594014681 0.0016135538523598225 0.002258610954263128
0 0.27490923759580477 0.42970073404856013 0.00927793465106898 0.006775832862789385
0 0.28317870108914883 0.4385940146809712 0.01371520774505849 0.026256352343308864
0 0.3279548204921339 0.4374647092038396 0.012101653892698669 0.027950310559006212
0 0.3444937474788221 0.43040654997176736 0.01855586930213796 0.009316770186335404
0 0.35720048406615573 0.4302653867871259 0.006857603872529245 0.009034443817052512
0 0.39774102460669625 0.42320722755505363 0.01371520774505849 0.0220214568040655
0 0.4060104881000403 0.42264257481648787 0.002016942315449778 0.002258610954263128
0 0.4134731746672045 0.42814793901750425 0.008874546187979023 0.011575381140598532
0 0.42073416700282373 0.42758328627893843 0.007260992335619202 0.012704686617730096
0 0.4308188785800726 0.4227837380011293 0.008874546187979023 0.0189158667419537
0 0.4388866478418717 0.42871259175607 0.008067769261799113 0.009316770186335404
0 0.48406615570794675 0.42814793901750425 0.008874546187979023 0.008752117447769622
0 0.4937474788221057 0.42758328627893843 0.007260992335619202 0.01101072840203275
0 0.5034288019362646 0.42941840767927725 0.011294876966518758 0.007905138339920948
0 0.5096813231141589 0.427442123094297 0.0012101653892698668 0.001129305477131564
0 0.5169423154497781 0.4212309429700734 0.013311819281968536 0.02258610954263128
0 0.5383219039935457 0.43506493506493504 0.0028237192416296895 0.005081874647092038
0 0.5560709963695039 0.43351214003387917 0.021379588543767647 0.018351214003387916
0 0.5705929810407422 0.4278656126482213 0.0052440500201694235 0.009881422924901186
0 0.5772488906817265 0.42913608130999437 0.0024203307785397336 0.005081874647092038
0 0.5790641387656313 0.42207792207792205 0.002016942315449778 0.0016939582156973462
0 0.5865268253327954 0.42193675889328064 0.007260992335619202 0.020609824957651044
0 0.5956030657523195 0.42715979672501414 0.00927793465106898 0.009599096555618294
0 0.609318273497378 0.4280067758328628 0.0060508269463493344 0.001129305477131564
0 0.6216216216216216 0.4209486166007905 0.008874546187979023 0.02258610954263128
0 0.6304961678096006 0.42828910220214567 0.010488100040338847 0.007340485601355167
0 0.6419927390076644 0.4258893280632411 0.012505042355788625 0.007622811970638058
0 0.6536910044372731 0.42603049124788256 0.00927793465106898 0.006211180124223602
0 0.6668011294876967 0.4302653867871259 0.0024203307785397336 0.0016939582156973462
0 0.6789027833803953 0.4212309429700734 0.01371520774505849 0.018633540372670808
0 0.6893908834207342 0.42701863354037267 0.008874546187979023 0.007622811970638058
0 0.6988705123033482 0.4267363071710898 0.006857603872529245 0.007058159232072276
0 0.7258975393303752 0.42701863354037267 0.008471157724889069 0.005928853754940711
0 0.7349737797498992 0.4215132693393563 0.008874546187979023 0.017504234895539244
0 0.7567567567567568 0.4289949181253529 0.03146430012101654 0.016657255787690572
0 0.7801532876159741 0.42518351214003386 0.011294876966518758 0.006775832862789385
0 0.7952803549818476 0.4246188594014681 0.01734570391286809 0.010163749294184076
0 0.8033481242436467 0.4256070016939582 0.011698265429608713 0.012704686617730096
0 0.14360629286002422 0.4741671372106155 0.003227107704719645 0.021739130434782608
0 0.19786204114562322 0.48306041784302656 0.03751512706736587 0.010728402032749858
0 0.23134328358208955 0.48221343873517786 0.020572811617587738 0.00846979107848673
0 0.26058894715611136 0.48122529644268774 0.04033884630899556 0.009316770186335404
0 0.28721258572004843 0.47261434217955955 0.009681323114158934 0.023715415019762844
0 0.3334005647438483 0.47995482778091475 0.010891488503428802 0.00846979107848673
0 0.34409035901573215 0.4808018068887634 0.005647438483259379 0.009599096555618294
0 0.3509479628882614 0.4826369282891022 0.0024203307785397336 0.004799548277809147
0 0.3525615167406212 0.4754376058723885 0.0016135538523598225 0.002258610954263128
0 0.36062928600242034 0.4813664596273292 0.011294876966518758 0.006211180124223602
0 0.36486486486486486 0.4953416149068323 0.003630496167809601 0.008752117447769622
0 0.37131908027430416 0.4902597402597403 0.008471157724889069 0.02456239412761152
0 0.4199273900766438 0.47586109542631283 0.01371520774505849 0.017786561264822136
0 0.43949173053650664 0.4813664596273292 0.019766034691407825 0.00846979107848673
0 0.4485679709560307 0.48856578204404294 0.004840661557079467 0.001976284584980237
0 0.4530052440500202 0.48955392433653305 0.01290843081887858 0.024844720496894408
0 0.46752722872125857 0.47374364765669114 0.009681323114158934 0.018633540372670808
0 0.47761194029850745 0.4779785431959345 0.011294876966518758 0.006775832862789385
0 0.48608309802339655 0.47896668548842464 0.004033884630899556 0.008752117447769622
0 0.5199677289229528 0.47459062676453984 0.01290843081887858 0.017504234895539244
0 0.5312626058894716 0.47360248447204967 0.0024203307785397336 0.001411631846414455
0 0.5308592174263816 0.48009599096555616 0.0016135538523598225 0.003105590062111801
0 0.5383219039935457 0.47939017504234893 0.007664380798709157 0.00846979107848673
0 0.5748285599031868 0.47473178994918125 0.012101653892698669 0.017786561264822136
0 0.5919725695845098 0.47360248447204967 0.010891488503428802 0.017221908526256352
0 0.5990318676885841 0.485742518351214 0.01371520774505849 0.027385657820440428
0 0.6167809600645422 0.47783738001129306 0.012101653892698669 0.009316770186335404
0 0.6311012505042356 0.47783738001129306 0.01653892698668818 0.00818746470920384
0 0.6432029043969343 0.4710615471485037 0.006857603872529245 0.020609824957651044
0 0.6863654699475595 0.47134387351778656 0.030254134731746672 0.018351214003387916
0 0.682129891085115 0.4647092038396386 0.004033884630899556 0.006775832862789385
0 0.7127874142799516 0.4771315640880858 0.021782977006857603 0.006775832862789385
0 0.753731343283582 0.47035573122529645 0.012505042355788625 0.018633540372670808
0 0.7686567164179104 0.475296442687747 0.008471157724889069 0.007058159232072276
0 0.7736990722065349 0.4764257481648786 0.0024203307785397336 0.004799548277809147
0 0.7771278741427995 0.4720496894409938 0.0012101653892698668 0.0016939582156973462
0 0.7839854780153288 0.4748729531338227 0.014118596208148447 0.00846979107848673
0 0.7924566357402179 0.46950875211744775 0.002016942315449778 0.0016939582156973462
0 0.7979023799919323 0.47444946357989837 0.004033884630899556 0.008752117447769622
0 0.8079870915691811 0.4668266516092603 0.008874546187979023 0.021739130434782608
0 0.1438079870915692 0.5258328627893846 0.007664380798709157 0.0189158667419537
0 0.15429608713190804 0.5335968379446641 0.01008471157724889 0.007905138339920948
0 0.15227914481645824 0.5311970638057595 0.0012101653892698668 0.0008469791078486731
0 0.17789431222267044 0.5278091473743648 0.03307785397337636 0.020045172219085264
0 0.19927390076643808 0.5258328627893846 0.007260992335619202 0.021174477696216828
0 0.20754336425978218 0.5330321852060983 0.0028237192416296895 0.007340485601355167
0 0.21077047196450183 0.5265386787125917 0.002016942315449778 0.002258610954263128
0 0.21661960467930616 0.5328910220214568 0.01290843081887858 0.00818746470920384
0 0.21319080274304156 0.5280914737436476 0.002016942315449778 0.002540937323546019
0 0.21803146430012102 0.5311970638057595 0.0012101653892698668 0.0008469791078486731
0 0.22892295280354982 0.534867306606437 0.0028237192416296895 0.001976284584980237
