0 0.16760790641387657 0.2127329192546584 0.043969342476805166 0.023997741389045736
0 0.16760790641387657 0.21583850931677018 0.0060508269463493344 0.020045172219085264
0 0.1964501815248084 0.21964991530208922 0.01371520774505849 0.00846979107848673
0 0.2488906817265026 0.2155561829474873 0.02743041549011698 0.0189158667419537
0 0.2678499394917305 0.22190852625635235 0.003227107704719645 0.005081874647092038
0 0.2682533279548205 0.21428571428571427 0.003227107704719645 0.004517221908526256
0 0.2791448164582493 0.2199322416713721 0.012101653892698669 0.00846979107848673
0 0.2962888261395724 0.21979107848673066 0.020572811617587738 0.009881422924901186
0 0.35074626865671643 0.22106154714850368 0.030254134731746672 0.010728402032749858
0 0.37131908027430416 0.22063805759457933 0.01573215006050827 0.009316770186335404
0 0.4171036708350141 0.22035573122529645 0.016135538523598225 0.008752117447769622
0 0.43404598628479224 0.2204968944099379 0.014521984671238403 0.007340485601355167
0 0.4475594997983058 0.21979107848673066 0.012505042355788625 0.00818746470920384
0 0.4651068979427188 0.21597967250141162 0.015328761597418314 0.01637492941840768
0 0.47196450181524807 0.2124505928853755 0.003227107704719645 0.003105590062111801
0 0.4979830576845502 0.2180971202710333 0.03751512706736587 0.016657255787690572
0 0.48608309802339655 0.217673630717109 0.0024203307785397336 0.002258610954263128
0 0.5514320290439694 0.21386222473178995 0.004033884630899556 0.003105590062111801
0 0.5522388059701493 0.221485036702428 0.003227107704719645 0.007622811970638058
0 0.5713997579669221 0.2171089779785432 0.02944735780556676 0.01637492941840768
0 0.5861234368697055 0.22162619988706944 0.01290843081887858 0.006211180124223602
0 0.627067365873336 0.2165443252399774 0.031060911657926585 0.020892151326933936
0 0.6478418717224688 0.22388481084133258 0.005647438483259379 0.003952569169960474
0 0.6468334005647438 0.2165443252399774 0.0028237192416296895 0.004517221908526256
0 0.6591367486889875 0.22106154714850368 0.012101653892698669 0.009034443817052512
0 0.700282371924163 0.22120271033314512 0.02016942315449778 0.008752117447769622
0 0.7204517950786608 0.21781479390175043 0.015328761597418314 0.015527950310559006
0 0.7611940298507462 0.217673630717109 0.016135538523598225 0.01693958215697346
0 0.7749092375958048 0.2230378317334839 0.011294876966518758 0.006211180124223602
0 0.7952803549818476 0.2186617730095991 0.02379991932230738 0.015527950310559006
0 0.8331988705123033 0.22811970638057594 0.025413473174667203 0.020892151326933936
0 0.16780960064542155 0.2701863354037267 0.016942315449778138 0.010163749294184076
0 0.18313836224283986 0.277244494635799 0.015328761597418314 0.024280067758328628
0 0.200080677692618 0.2715979672501412 0.017749092375958047 0.006775832862789385
0 0.20814844695441712 0.2672219085262564 0.003227107704719645 0.004234895539243365
0 0.21661960467930616 0.2720214568040655 0.009681323114158934 0.006493506493506494
0 0.22952803549818476 0.27004517221908525 0.007260992335619202 0.008752117447769622
0 0.24425171440096813 0.26792772444946356 0.01653892698668818 0.017504234895539244
0 0.2898346107301331 0.26877470355731226 0.02864058087938685 0.020327498588368152
0 0.3130294473578056 0.27300959909655564 0.017749092375958047 0.006211180124223602
0 0.36345300524405 0.2682100508187465 0.015328761597418314 0.018633540372670808
0 0.3844292053247277 0.27216261998870694 0.028237192416296894 0.007340485601355167
0 0.4100443727309399 0.27117447769621683 0.012505042355788625 0.009316770186335404
0 0.4219443323920936 0.27188029361942406 0.008874546187979023 0.005081874647092038
0 0.43787817668414686 0.2713156408808583 0.01573215006050827 0.006211180124223602
0 0.46147640177490923 0.27399774138904576 0.003227107704719645 0.002540937323546019
0 0.5108914885034288 0.26750423489553926 0.022993142396127472 0.015527950310559006
0 0.5385235982250908 0.26877470355731226 0.03146430012101654 0.012987012987012988
0 0.564340459862848 0.2684923771880294 0.012101653892698669 0.012987012987012988
0 0.6079064138765631 0.2691981931112366 0.03065752319483663 0.016092603049124788
0 0.6629689390883421 0.2684923771880294 0.03509479628882614 0.019762845849802372
0 0.6883824122630092 0.2738565782044043 0.014925373134328358 0.007905138339920948
0 0.7353771682129892 0.26905702992659514 0.04033884630899556 0.01637492941840768
0 0.7876159741831383 0.2735742518351214 0.021379588543767647 0.007905138339920948
0 0.8059701492537313 0.27032749858836813 0.012101653892698669 0.012704686617730096
0 0.17668414683340056 0.3222755505364201 0.02016942315449778 0.012140033879164314
0 0.1946349334409036 0.32806324110671936 0.014118596208148447 0.020892151326933936
0 0.20794675272287214 0.3221343873517787 0.012505042355788625 0.006775832862789385
0 0.21863654699475596 0.3177583286278938 0.0024203307785397336 0.0036702428006775835
0 0.21883824122630094 0.3242518351214003 0.0028237192416296895 0.003105590062111801
0 0.2309398951189996 0.32298136645962733 0.00927793465106898 0.006211180124223602
0 0.245461879790238 0.3298983625070582 0.018959257765227916 0.01948051948051948
0 0.2853973376361436 0.3177583286278938 0.030254134731746672 0.016092603049124788
0 0.31323114158935056 0.322557876905703 0.022993142396127472 0.007058159232072276
0 0.3598225090762404 0.3178994918125353 0.014521984671238403 0.014680971202710334
0 0.37373941105284386 0.3235460191981931 0.012505042355788625 0.004517221908526256
0 0.39209358612343687 0.31804065499717676 0.02581686163775716 0.014963297571993224
0 0.4528035498184752 0.3178994918125353 0.030254134731746672 0.01637492941840768
0 0.5034288019362646 0.3186053077357425 0.02581686163775716 0.017786561264822136
0 0.527027027027027 0.3232636928289102 0.019766034691407825 0.00564652738565782
0 0.5657523194836628 0.32269904009034445 0.01008471157724889 0.010163749294184076
0 0.5863251311012505 0.3231225296442688 0.02702702702702703 0.006493506493506494
0 0.609116579265833 0.3221343873517787 0.01290843081887858 0.00564652738565782
0 0.6551028640580879 0.31945228684359117 0.02016942315449778 0.018351214003387916
0 0.663170633319887 0.3169113495200452 0.005647438483259379 0.003105590062111801
0 0.6780960064542154 0.32396950875211744 0.016942315449778138 0.007622811970638058
0 0.6968535699878984 0.3231225296442688 0.01573215006050827 0.006493506493506494
0 0.7531262605889472 0.32368718238283456 0.05647438483259379 0.010446075663466968
0 0.8116175877369908 0.3191699604743083 0.02743041549011698 0.015527950310559006
0 0.8336022589753933 0.32269904009034445 0.01573215006050827 0.00564652738565782
0 0.1734570391286809 0.370412196499153 0.016135538523598225 0.010728402032749858
0 0.19019766034691407 0.36716544325239975 0.012505042355788625 0.017786561264822136
0 0.20532472771278742 0.3675889328063241 0.012101653892698669 0.01637492941840768
0 0.21480435659540137 0.371682665160926 0.014925373134328358 0.008752117447769622
0 0.27611940298507465 0.37012987012987014 0.03993545784590561 0.012987012987012988
0 0.3253327954820492 0.36702428006775834 0.004437273093989512 0.00282326369282891
0 0.32654296087131907 0.37450592885375494 0.0028237192416296895 0.005364201016374929
0 0.3380395320693828 0.37337662337662336 0.010488100040338847 0.00818746470920384
0 0.3830173457039129 0.3685770750988142 0.024606696248487294 0.017786561264822136
0 0.40500201694231547 0.37422360248447206 0.016942315449778138 0.007058159232072276
0 0.4584509883017346 0.37422360248447206 0.01653892698668818 0.009881422924901186
0 0.48124243646631704 0.3728119706380576 0.02581686163775716 0.004799548277809147
0 0.49858814037918514 0.36801242236024845 0.004840661557079467 0.015527950310559006
0 0.5127067365873336 0.3681535855448899 0.012101653892698669 0.012987012987012988
0 0.5290439693424768 0.3719649915302089 0.011698265429608713 0.008752117447769622
0 0.5867285195643405 0.3725296442687747 0.026220250100847116 0.007622811970638058
0 0.6064945542557483 0.36914172783738003 0.011698265429608713 0.014398644833427442
0 0.6474384832593788 0.3660361377752682 0.004033884630899556 0.001976284584980237
0 0.6468334005647438 0.37549407114624506 0.0028237192416296895 0.006211180124223602
0 0.6579265832997176 0.3746470920383964 0.010488100040338847 0.006775832862789385
0 0.6764824526018556 0.3706945228684359 0.026623638563937072 0.015810276679841896
0 0.7337636143606293 0.36984754376058726 0.042759177087535294 0.017504234895539244
0 0.7785397337636144 0.37323546019198195 0.012101653892698669 0.00846979107848673
0 0.790843081887858 0.37323546019198195 0.00927793465106898 0.005081874647092038
0 0.8005244050020169 0.3684359119141728 0.008471157724889069 0.01637492941840768
0 0.8215006050826946 0.3687182382834557 0.02379991932230738 0.01693958215697346
0 0.8426784993949173 0.3730942970073405 0.017749092375958047 0.007622811970638058
0 0.18495361032674465 0.41981931112365894 0.04477611940298507 0.015245623941276116
0 0.25010084711577246 0.424901185770751 0.035498184751916094 0.034443817052512704
0 0.30798709156918114 0.4192546583850932 0.0318676885841065 0.01693958215697346
0 0.3291649858814038 0.4254658385093168 0.004840661557079467 0.002258610954263128
0 0.32876159741831384 0.41854884246188595 0.003227107704719645 0.002540937323546019
0 0.3400564743848326 0.4227837380011293 0.007260992335619202 0.00818746470920384
0 0.3434852763210972 0.4192546583850932 0.002016942315449778 0.001129305477131564
0 0.4005647438483259 0.4295595708639187 0.024203307785397338 0.022868435911914172
0 0.4233561920129084 0.42264257481648787 0.012505042355788625 0.00564652738565782
0 0.4400968132311416 0.4295595708639187 0.01290843081887858 0.018351214003387916
0 0.4572408229124647 0.4222190852625635 0.020572811617587738 0.009881422924901186
0 0.4764017749092376 0.42292490118577075 0.016135538523598225 0.007905138339920948
0 0.5155304558289633 0.41798418972332013 0.008067769261799113 0.0036702428006775835
0 0.5161355385235982 0.42476002258610956 0.0028237192416296895 0.007058159232072276
0 0.5252117789431222 0.4244776962168266 0.012101653892698669 0.008752117447769622
0 0.5629286002420331 0.4192546583850932 0.026220250100847116 0.01637492941840768
0 0.5859217426381605 0.42405420666290233 0.01573215006050827 0.006775832862789385
0 0.627067365873336 0.422360248447205 0.021379588543767647 0.010163749294184076
0 0.6462283178701089 0.4189723320158103 0.016135538523598225 0.01637492941840768
0 0.6575231948366277 0.423630717108978 0.01936264622831787 0.007058159232072276
0 0.673053650665591 0.4227837380011293 0.011698265429608713 0.007622811970638058
0 0.7150060508269463 0.4227837380011293 0.022993142396127472 0.007058159232072276
0 0.7732956837434449 0.4244776962168266 0.042759177087535294 0.028514963297571992
0 0.8013311819281969 0.42292490118577075 0.020572811617587738 0.007905138339920948
0 0.16982654296087132 0.4688029361942405 0.012101653892698669 0.018351214003387916
0 0.1827349737797499 0.4723320158102767 0.01290843081887858 0.007340485601355167
0 0.19564340459862847 0.474025974025974 0.021782977006857603 0.007340485601355167
0 0.21742638160548608 0.4748729531338227 0.01936264622831787 0.00846979107848673
0 0.2382008874546188 0.47501411631846413 0.01734570391286809 0.005928853754940711
0 0.29689390883420735 0.46936758893280633 0.015328761597418314 0.017786561264822136
0 0.3140379185155305 0.4743083003952569 0.024606696248487294 0.006211180124223602
0 0.3372327551432029 0.4730378317334839 0.01855586930213796 0.010446075663466968
0 0.3537716821298911 0.47473178994918125 0.003227107704719645 0.0036702428006775835
0 0.35417507059298103 0.4688029361942405 0.0024203307785397336 0.001411631846414455
0 0.3664784187172247 0.4751552795031056 0.011698265429608713 0.004517221908526256
0 0.37696651875756354 0.481931112365895 0.018152480839048003 0.018633540372670808
0 0.4062121823315853 0.47684923771880294 0.005647438483259379 0.003952569169960474
0 0.4560306575231948 0.468944099378882 0.02379991932230738 0.015810276679841896
0 0.4707543364259782 0.4709203839638622 0.004840661557079467 0.01355166572557877
0 0.481847519160952 0.47501411631846413 0.010891488503428802 0.004799548277809147
0 0.4945542557482856 0.4754376058723885 0.01290843081887858 0.006775832862789385
0 0.5032271077047197 0.4808018068887634 0.010891488503428802 0.010163749294184076
0 0.5471964501815249 0.4731789949181254 0.014118596208148447 0.010163749294184076
0 0.5679709560306575 0.47360248447204967 0.023396530859217425 0.007622811970638058
0 0.5951996772892295 0.472755505364201 0.035901573215006054 0.009316770186335404
0 0.6470350947962888 0.4738848108413326 0.021782977006857603 0.009881422924901186
0 0.6668011294876967 0.4717673630717109 0.01290843081887858 0.015810276679841896
0 0.7089552238805971 0.47571993224167136 0.020572811617587738 0.009599096555618294
0 0.727107704719645 0.47473178994918125 0.013311819281968536 0.007058159232072276
0 0.7414279951593384 0.47007340485601357 0.012101653892698669 0.01637492941840768
0 0.754134731746672 0.4738848108413326 0.013311819281968536 0.005364201016374929
0 0.7807583703106091 0.47374364765669114 0.002016942315449778 0.001129305477131564
0 0.8035498184751916 0.47444946357989837 0.042759177087535294 0.03472614342179559
0 0.8315853166599435 0.47134387351778656 0.010891488503428802 0.014963297571993224
0 0.8477208551835418 0.4774138904573687 0.0028237192416296895 0.002258610954263128
