0 0.17809600645421542 0.21386222473178995 0.06736587333602259 0.023997741389045736
0 0.23497377974989916 0.21527385657820441 0.019766034691407825 0.0189158667419537
0 0.28580072609923357 0.21301524562394128 0.0463896732553449 0.021739130434782608
0 0.3416700282371924 0.21527385657820441 0.05970149253731343 0.01948051948051948
0 0.40439693424768053 0.21640316205533597 0.05203711173860428 0.018351214003387916
0 0.4703509479628883 0.21979107848673066 0.07503025413473174 0.020609824957651044
0 0.5389269866881807 0.217673630717109 0.04759983864461476 0.024280067758328628
0 0.599435256151674 0.21414455110107283 0.05970149253731343 0.021739130434782608
0 0.6595401371520775 0.21781479390175043 0.04679306171843485 0.014398644833427442
0 0.7117789431222267 0.21922642574816487 0.07462686567164178 0.026821005081874648
0 0.7672448567970956 0.2155561829474873 0.023396530859217425 0.014398644833427442
0 0.8281565147236789 0.21357989836250707 0.09197256958450989 0.023433088650479956
0 0.17466720451795079 0.26566911349520045 0.053247277127874144 0.018633540372670808
0 0.24969745865268253 0.26976284584980237 0.07745058491327148 0.023433088650479956
0 0.3293666801129488 0.26750423489553926 0.06333198870512304 0.018351214003387916
0 0.3592174263816055 0.27442123094297005 0.0060508269463493344 0.0016939582156973462
0 0.4035901573215006 0.26453980801806887 0.0681726502622025 0.024280067758328628
0 0.5169423154497781 0.27032749858836813 0.1383622428398548 0.03020892151326934
0 0.6496571198063735 0.27089215132693395 0.14804356595401372 0.028514963297571992
0 0.7509076240419524 0.2649632975719932 0.0318676885841065 0.017221908526256352
0 0.8144413069786204 0.26312817617165446 0.06615570794675273 0.020327498588368152
0 0.21319080274304156 0.31959345002823264 0.15127067365873337 0.03274985883681536
0 0.31686163775716014 0.3167701863354037 0.04477611940298507 0.020327498588368152
0 0.38221056877773296 0.31832298136645965 0.06897942718838242 0.016657255787690572
0 0.4411052843888665 0.322557876905703 0.04154901169826543 0.029079616036137776
0 0.491327148043566 0.3269339356295878 0.041145623235175476 0.023715415019762844
0 0.5597014925373134 0.3166290231507623 0.06655909640984267 0.025691699604743084
0 0.6341266639774102 0.3204404291360813 0.05808793868495361 0.031055900621118012
0 0.6839451391690198 0.3136645962732919 0.026220250100847116 0.020892151326933936
0 0.7200484066155708 0.3154997176736307 0.042759177087535294 0.018351214003387916
0 0.7617991125453812 0.31959345002823264 0.02702702702702703 0.009599096555618294
0 0.8120209762000806 0.31535855448898925 0.04437273093989512 0.017504234895539244
0 0.172851956434046 0.3728119706380576 0.04881000403388463 0.036420101637492944
0 0.2226704316256555 0.3728119706380576 0.03146430012101654 0.029644268774703556
0 0.25978217022993144 0.36829474872953133 0.03469140782573618 0.021174477696216828
0 0.3152480839048003 0.36900056465273856 0.05203711173860428 0.01693958215697346
0 0.3565954013715208 0.37238848108413325 0.035498184751916094 0.030491247882552232
0 0.400363049616781 0.3752117447769622 0.06171843485276321 0.03500846979107849
0 0.46430012101653895 0.3738001129305477 0.04437273093989512 0.03670242800677583
0 0.48225090762404194 0.37888198757763975 0.007664380798709157 0.007340485601355167
0 0.5229931423961275 0.364059853190288 0.05526421944332392 0.027385657820440428
0 0.5772488906817265 0.36674195369847545 0.05808793868495361 0.023715415019762844
0 0.6216216216216216 0.36674195369847545 0.020976200080677694 0.01693958215697346
0 0.6300927793465106 0.36645962732919257 0.01371520774505849 0.01693958215697346
0 0.6569181121419927 0.37676453980801805 0.03428801936264623 0.023997741389045736
0 0.7025010084711577 0.3673066064370412 0.043162565550625254 0.018068887634105024
0 0.7674465510286406 0.36617730095990964 0.06655909640984267 0.019198193111236588
0 0.8293666801129488 0.3699887069452287 0.016942315449778138 0.010446075663466968
0 0.21742638160548608 0.4254658385093168 0.14521984671238403 0.033314511575381144
0 0.31464300121016536 0.41756070016939584 0.026623638563937072 0.018068887634105024
0 0.3622428398547802 0.4189723320158103 0.04437273093989512 0.020327498588368152
0 0.43505445744251714 0.4193958215697346 0.07785397337636143 0.017221908526256352
0 0.5068576038725292 0.42857142857142855 0.058491327148043566 0.026538678712591756
0 0.5736183945139169 0.4191134952004517 0.042759177087535294 0.0189158667419537
0 0.63695038321904 0.4215132693393563 0.08471157724889068 0.025974025974025976
0 0.7018959257765228 0.4181253529079616 0.04195240016135539 0.018068887634105024
0 0.7688584106494554 0.4234895539243365 0.10891488503428802 0.02710333145115754
0 0.8501411859620814 0.41883116883116883 0.025413473174667203 0.018351214003387916
0 0.15954013715207746 0.47063805759457933 0.018152480839048003 0.01355166572557877
0 0.24526018555869303 0.46795595708639187 0.12424364663170634 0.020609824957651044
0 0.36789027833803956 0.47247317899491814 0.09519967728922953 0.028514963297571992
0 0.4594594594594595 0.46809712027103334 0.06696248487293263 0.021456804065499716
0 0.5036304961678096 0.48009599096555616 0.011698265429608713 0.012140033879164314
0 0.5520371117386043 0.47967250141163187 0.06575231948366277 0.03557312252964427
0 0.608713190802743 0.474025974025974 0.01936264622831787 0.01129305477131564
0 0.7043162565550625 0.47656691134952006 0.15248083904800322 0.032185206098249576
0 0.8342073416700282 0.46950875211744775 0.06857603872529246 0.01637492941840768
0 0.16438079870915692 0.5262563523433089 0.04719645018152481 0.03500846979107849
0 0.20976200080677693 0.5200451722190853 0.03307785397337636 0.018068887634105024
0 0.26946349334409037 0.5191981931112366 0.06212182331585317 0.018068887634105024
0 0.3245260185558693 0.5208921513269339 0.0463896732553449 0.018633540372670808
0 0.37152077450584914 0.5204686617730095 0.03469140782573618 0.017786561264822136
0 0.4263816054860831 0.5187747035573123 0.05244050020169423 0.020045172219085264
0 0.5014118596208148 0.5169395821569734 0.07341670028237192 0.024280067758328628
0 0.5683743444937475 0.5223037831733484 0.03711173860427592 0.012987012987012988
0 0.6111335215812828 0.5173630717108978 0.033884630899556276 0.0251270468661773
0 0.7051230334812424 0.5180688876341051 0.12989108511496572 0.021456804065499716
0 0.8138362242839855 0.5182100508187465 0.06655909640984267 0.020045172219085264
0 0.15510286405808793 0.5731225296442688 0.01653892698668818 0.012422360248447204
0 0.23215006050826947 0.5707227555053642 0.10286405808793868 0.021739130434782608
0 0.36789027833803956 0.581451157538114 0.12827753126260588 0.026821005081874648
0 0.5072609923356192 0.5729813664596274 0.12303348124243646 0.027385657820440428
0 0.573013311819282 0.5774985883681536 0.0028237192416296895 0.001976284584980237
