0 0.15893505445744252 0.21626199887069453 0.024203307785397338 0.0220214568040655
0 0.1700282371924163 0.22134387351778656 0.014118596208148447 0.009034443817052512
0 0.18576038725292457 0.22077922077922077 0.012505042355788625 0.009599096555618294
0 0.2101653892698669 0.2204968944099379 0.03146430012101654 0.01129305477131564
0 0.2559499798305768 0.21414455110107283 0.01653892698668818 0.017786561264822136
0 0.2736990722065349 0.2161208356860531 0.014925373134328358 0.021174477696216828
0 0.2878176684146833 0.221485036702428 0.012505042355788625 0.008752117447769622
0 0.33118192819685355 0.21640316205533597 0.02581686163775716 0.017786561264822136
0 0.34509883017345705 0.2199322416713721 0.01573215006050827 0.010163749294184076
0 0.3642597821702299 0.22684923771880294 0.015328761597418314 0.017786561264822136
0 0.399959661153691 0.2224731789949181 0.003630496167809601 0.006775832862789385
0 0.40197660346914077 0.2161208356860531 0.002016942315449778 0.002540937323546019
0 0.41226300927793463 0.2180971202710333 0.014521984671238403 0.0189158667419537
0 0.44937474788221055 0.21485036702428006 0.017749092375958047 0.01637492941840768
0 0.46571198063735375 0.21964991530208922 0.014925373134328358 0.00846979107848673
0 0.4824526018555869 0.21485036702428006 0.011294876966518758 0.014680971202710334
0 0.4925373134328358 0.21908526256352343 0.007260992335619202 0.009034443817052512
0 0.5074626865671642 0.2137210615471485 0.01371520774505849 0.019762845849802372
0 0.527027027027027 0.21880293619424054 0.019766034691407825 0.010728402032749858
0 0.563331988705123 0.22190852625635235 0.003630496167809601 0.007905138339920948
0 0.5720048406615571 0.2121682665160926 0.0016135538523598225 0.002540937323546019
0 0.5806776926179911 0.22219085262563523 0.01734570391286809 0.006211180124223602
0 0.617789431222267 0.21414455110107283 0.01573215006050827 0.017786561264822136
0 0.6313029447357805 0.2134387351778656 0.01290843081887858 0.019762845849802372
0 0.6444130697862042 0.22063805759457933 0.01008471157724889 0.01101072840203275
0 0.6793061718434853 0.22007340485601354 0.01855586930213796 0.009881422924901186
0 0.6926179911254539 0.22501411631846416 0.017749092375958047 0.015810276679841896
0 0.7146026623638564 0.22077922077922077 0.010891488503428802 0.006211180124223602
0 0.7258975393303752 0.22106154714850368 0.004437273093989512 0.007340485601355167
0 0.736385639370714 0.2127329192546584 0.002016942315449778 0.0036702428006775835
0 0.7414279951593384 0.220214568040655 0.011294876966518758 0.007905138339920948
0 0.754336425978217 0.22811970638057594 0.03227107704719645 0.021456804065499716
0 0.15873336022589754 0.2724449463579898 0.018959257765227916 0.010728402032749858
0 0.1518757563533683 0.26693958215697344 0.0012101653892698668 0.001411631846414455
0 0.18414683340056473 0.27343308865047994 0.018959257765227916 0.010446075663466968
0 0.20371117386042759 0.2689158667419537 0.01936264622831787 0.016657255787690572
0 0.21782977006857604 0.2649632975719932 0.0016135538523598225 0.0036702428006775835
0 0.22609923356192013 0.2691981931112366 0.0052440500201694235 0.020045172219085264
0 0.26603469140782576 0.27413890457368717 0.003630496167809601 0.00846979107848673
0 0.27047196450181527 0.2676453980801807 0.0028237192416296895 0.00282326369282891
0 0.28398547801532875 0.2694805194805195 0.015328761597418314 0.017221908526256352
0 0.3235175473981444 0.2728684359119142 0.026623638563937072 0.015527950310559006
0 0.34590560709963697 0.2737154150197628 0.01573215006050827 0.01101072840203275
0 0.3436869705526422 0.2652456239412761 0.0024203307785397336 0.003105590062111801
0 0.35034288019362647 0.27851496329757197 0.0012101653892698668 0.0008469791078486731
0 0.3590157321500605 0.2737154150197628 0.008874546187979023 0.009316770186335404
0 0.3981444130697862 0.2737154150197628 0.005647438483259379 0.010446075663466968
0 0.40863251311012505 0.2627046866177301 0.0016135538523598225 0.003105590062111801
0 0.41952400161355385 0.27300959909655564 0.016135538523598225 0.009034443817052512
0 0.45784590560709965 0.26538678712591757 0.016135538523598225 0.019762845849802372
0 0.4774102460669625 0.26665725578769056 0.022993142396127472 0.021739130434782608
0 0.527228721258572 0.2676453980801807 0.010488100040338847 0.020327498588368152
0 0.5397337636143607 0.27216261998870694 0.014521984671238403 0.010728402032749858
0 0.5623235175473982 0.26679841897233203 0.016942315449778138 0.020327498588368152
0 0.6242436466317063 0.2723037831733484 0.04154901169826543 0.01101072840203275
0 0.6579265832997176 0.2660926030491248 0.017749092375958047 0.01948051948051948
0 0.6756756756756757 0.2723037831733484 0.016942315449778138 0.00818746470920384
0 0.673053650665591 0.2672219085262564 0.0028237192416296895 0.001411631846414455
0 0.6994755949979831 0.2720214568040655 0.022589753933037516 0.008752117447769622
0 0.7218636546994756 0.2723037831733484 0.01734570391286809 0.007058159232072276
0 0.7480839048003227 0.27625635234330886 0.0052440500201694235 0.007622811970638058
0 0.7690601048810004 0.2683512140033879 0.0012101653892698668 0.001411631846414455
0 0.7773295683743445 0.26665725578769056 0.016135538523598225 0.017221908526256352
0 0.7952803549818476 0.26566911349520045 0.014118596208148447 0.019198193111236588
0 0.8136345300524405 0.27089215132693395 0.017749092375958047 0.011575381140598532
0 0.15893505445744252 0.33046301524562394 0.015328761597418314 0.020609824957651044
0 0.17567567567567569 0.3253811405985319 0.010891488503428802 0.007622811970638058
0 0.19140782573618395 0.325098814229249 0.014118596208148447 0.009316770186335404
0 0.20835014118596207 0.32933370976849236 0.013311819281968536 0.01383399209486166
0 0.2244856797095603 0.3241106719367589 0.0052440500201694235 0.006775832862789385
0 0.23215006050826947 0.31437041219649914 0.002016942315449778 0.001411631846414455
0 0.23981444130697863 0.32368718238283456 0.01573215006050827 0.006493506493506494
0 0.25978217022993144 0.3290513833992095 0.03469140782573618 0.021174477696216828
0 0.32331585316659944 0.3243929983060418 0.02944735780556676 0.01129305477131564
0 0.34610730133118195 0.3242518351214003 0.011294876966518758 0.00818746470920384
0 0.3652682533279548 0.3243929983060418 0.01653892698668818 0.007905138339920948
0 0.3864461476401775 0.32058159232072275 0.01855586930213796 0.01383399209486166
0 0.4037918515530456 0.3234048560135517 0.011294876966518758 0.009316770186335404
0 0.40217829770068575 0.31493506493506496 0.004033884630899556 0.001976284584980237
0 0.44876966518757566 0.3242518351214003 0.01573215006050827 0.009316770186335404
0 0.4592577652279145 0.32058159232072275 0.003630496167809601 0.001411631846414455
0 0.4703509479628883 0.3231225296442688 0.017749092375958047 0.008752117447769622
0 0.49717628075837034 0.3191699604743083 0.021379588543767647 0.017221908526256352
0 0.5006050826946349 0.30999435347261434 0.0016135538523598225 0.001129305477131564
0 0.5147236789027834 0.32185206098249575 0.01290843081887858 0.007905138339920948
0 0.5167406212182332 0.31521739130434784 0.00645421540943929 0.001976284584980237
0 0.5290439693424768 0.3234048560135517 0.022993142396127472 0.027385657820440428
0 0.5391286809197257 0.3243929983060418 0.01008471157724889 0.010163749294184076
0 0.5506252521177895 0.32284020327498586 0.014521984671238403 0.009881422924901186
0 0.5484066155707946 0.31408808582721626 0.0028237192416296895 0.001976284584980237
0 0.5609116579265833 0.322557876905703 0.012505042355788625 0.01101072840203275
0 0.5996369503832191 0.3234048560135517 0.0060508269463493344 0.007622811970638058
0 0.6085114965711981 0.3145115753811406 0.002016942315449778 0.0033879164313946925
0 0.6212182331585316 0.31874647092038394 0.023396530859217425 0.019198193111236588
0 0.6230334812424365 0.3085827216261999 0.0012101653892698668 0.001129305477131564
0 0.6676079064138766 0.3211462450592885 0.021782977006857603 0.011575381140598532
0 0.6843485276321097 0.3219932241671372 0.011698265429608713 0.010446075663466968
0 0.7004840661557079 0.32185206098249575 0.008471157724889069 0.007340485601355167
0 0.7166196046793062 0.32142857142857145 0.013311819281968536 0.009316770186335404
0 0.7337636143606293 0.322557876905703 0.010488100040338847 0.007622811970638058
0 0.745865268253328 0.32185206098249575 0.004840661557079467 0.006211180124223602
0 0.7503025413473174 0.3157820440429136 0.0024203307785397336 0.002540937323546019
0 0.7684550221863655 0.32269904009034445 0.02743041549011698 0.031055900621118012
0 0.8154497781363453 0.31733483907396953 0.01734570391286809 0.019198193111236588
0 0.836425978217023 0.3256634669678148 0.01734570391286809 0.014398644833427442
0 0.16034691407825735 0.3739412761151892 0.018152480839048003 0.012140033879164314
0 0.17567567567567569 0.3746470920383964 0.01008471157724889 0.00846979107848673
0 0.18354175070592982 0.3750705815923207 0.00645421540943929 0.009316770186335404
0 0.20431625655506253 0.3699887069452287 0.022993142396127472 0.0189158667419537
0 0.22045179507866075 0.365330321852061 0.004437273093989512 0.003952569169960474
0 0.2319483662767245 0.3749294184076793 0.01855586930213796 0.009599096555618294
0 0.2509076240419524 0.38085827216261997 0.03065752319483663 0.01693958215697346
0 0.3118192819685357 0.3747882552230378 0.011294876966518758 0.00818746470920384
0 0.3301734570391287 0.3705533596837945 0.014925373134328358 0.018351214003387916
0 0.34852763210972165 0.3699887069452287 0.016135538523598225 0.020045172219085264
0 0.35296490520371115 0.35926030491247885 0.0016135538523598225 0.0008469791078486731
0 0.3662767244856797 0.3746470920383964 0.012101653892698669 0.007905138339920948
0 0.3828156514723679 0.3749294184076793 0.011294876966518758 0.007340485601355167
0 0.4247680516337233 0.3747882552230378 0.005647438483259379 0.007058159232072276
0 0.43404598628479224 0.3632128740824393 0.0016135538523598225 0.001976284584980237
0 0.4421137555465914 0.37450592885375494 0.01290843081887858 0.007622811970638058
0 0.43787817668414686 0.3694240542066629 0.0012101653892698668 0.001411631846414455
0 0.4564340459862848 0.37295313382269907 0.010891488503428802 0.009034443817052512
0 0.4701492537313433 0.3739412761151892 0.010891488503428802 0.008752117447769622
0 0.4828559903186769 0.37365894974590624 0.009681323114158934 0.00818746470920384
0 0.5048406615570795 0.36984754376058726 0.02218636546994756 0.018068887634105024
0 0.5274304154901169 0.378317334839074 0.0028237192416296895 0.0016939582156973462
0 0.5804759983864461 0.3706945228684359 0.04356595401371521 0.01637492941840768
0 0.6018555869302138 0.3739412761151892 0.007260992335619202 0.010446075663466968
0 0.6151674062121824 0.3739412761151892 0.01371520774505849 0.009316770186335404
0 0.6103267446551028 0.36307171089779783 0.0016135538523598225 0.002258610954263128
0 0.6321097216619604 0.37450592885375494 0.01371520774505849 0.009316770186335404
0 0.6807180314643001 0.3674477696216827 0.01734570391286809 0.016657255787690572
0 0.6984671238402582 0.36716544325239975 0.01573215006050827 0.020045172219085264
0 0.7067365873336022 0.3730942970073405 0.012101653892698669 0.008752117447769622
0 0.7224687373941105 0.37140033879164314 0.009681323114158934 0.008752117447769622
0 0.7357805566760791 0.3718238283455675 0.016135538523598225 0.00846979107848673
0 0.7563533682936668 0.371682665160926 0.021782977006857603 0.026256352343308864
0 0.7747075433642597 0.3684359119141728 0.01008471157724889 0.018068887634105024
0 0.7805566760790641 0.37337662337662336 0.005647438483259379 0.00818746470920384
0 0.7920532472771279 0.3730942970073405 0.014118596208148447 0.009316770186335404
0 0.7902379991932231 0.36278938452851495 0.0016135538523598225 0.002258610954263128
0 0.8037515127067366 0.37224731789949184 0.011698265429608713 0.009881422924901186
0 0.16821298910851148 0.4244776962168266 0.02743041549011698 0.012704686617730096
0 0.1918112141992739 0.42603049124788256 0.01573215006050827 0.009599096555618294
0 0.20068576038725291 0.4298418972332016 0.0012101653892698668 0.0008469791078486731
0 0.2109721661960468 0.43407679277244493 0.016942315449778138 0.022303783173348392
0 0.25675675675675674 0.4222190852625635 0.013311819281968536 0.017221908526256352
0 0.2583703106091166 0.4127611518915867 0.0012101653892698668 0.001129305477131564
0 0.27148043565954016 0.4268774703557312 0.015328761597418314 0.01129305477131564
0 0.31867688584106496 0.42603049124788256 0.01371520774505849 0.01129305477131564
0 0.32109721661960466 0.4309712027103331 0.0016135538523598225 0.0008469791078486731
0 0.3348124243646632 0.42504234895539245 0.008874546187979023 0.007058159232072276
0 0.35215812827753123 0.42631281761716544 0.011294876966518758 0.010728402032749858
0 0.36506655909640984 0.4265951439864483 0.011294876966518758 0.009599096555618294
0 0.381807180314643 0.4265951439864483 0.014925373134328358 0.009034443817052512
0 0.40863251311012505 0.4267363071710898 0.02743041549011698 0.00818746470920384
0 0.4332392093586123 0.42631281761716544 0.012101653892698669 0.007905138339920948
0 0.4530052440500202 0.42405420666290233 0.02501008471157725 0.01355166572557877
0 0.5008067769261799 0.4254658385093168 0.01734570391286809 0.007905138339920948
0 0.5197660346914078 0.4215132693393563 0.014925373134328358 0.01693958215697346
0 0.5524405002016942 0.4258893280632411 0.010891488503428802 0.009881422924901186
0 0.5701895925776522 0.4256070016939582 0.01573215006050827 0.008752117447769622
0 0.5875352964905204 0.42617165443252397 0.013311819281968536 0.009316770186335404
0 0.6341266639774102 0.4254658385093168 0.014521984671238403 0.011857707509881422
0 0.6494554255748286 0.4257481648785997 0.007260992335619202 0.006211180124223602
0 0.654901169826543 0.4162902315076228 0.0028237192416296895 0.001976284584980237
0 0.6663977410246067 0.41981931112365894 0.016942315449778138 0.01693958215697346
0 0.682129891085115 0.4234895539243365 0.00645421540943929 0.007340485601355167
0 0.6901976603469141 0.41431394692264256 0.003227107704719645 0.002540937323546019
0 0.6976603469140783 0.42391304347826086 0.014118596208148447 0.007622811970638058
0 0.7063331988705123 0.43252399774138905 0.03065752319483663 0.021456804065499716
0 0.7849939491730537 0.4212309429700734 0.0790641387656313 0.01637492941840768
0 0.754739814441307 0.4222190852625635 0.005647438483259379 0.005364201016374929
0 0.15893505445744252 0.4730378317334839 0.01290843081887858 0.022303783173348392
0 0.17607906413876562 0.47289666854884244 0.01653892698668818 0.023150762281197064
0 0.1782977006857604 0.4601919819311124 0.0024203307785397336 0.0016939582156973462
0 0.1936264622831787 0.47684923771880294 0.014521984671238403 0.009599096555618294
0 0.25756353368293666 0.4771315640880858 0.04154901169826543 0.02710333145115754
0 0.2539330375151271 0.47007340485601357 0.0012101653892698668 0.001129305477131564
0 0.28600242033077855 0.47247317899491814 0.011294876966518758 0.018351214003387916
0 0.29588543767648245 0.4719085262563523 0.007664380798709157 0.014963297571993224
0 0.30899556272690604 0.4836250705815923 0.016942315449778138 0.020892151326933936
0 0.3598225090762404 0.47586109542631283 0.016135538523598225 0.008752117447769622
0 0.40318676885841065 0.47134387351778656 0.06333198870512304 0.018351214003387916
0 0.4411052843888665 0.4717673630717109 0.018152480839048003 0.018068887634105024
0 0.46752722872125857 0.48320158102766797 0.005647438483259379 0.008752117447769622
0 0.4701492537313433 0.4775550536420102 0.002016942315449778 0.001411631846414455
0 0.5038321903993546 0.47261434217955955 0.015328761597418314 0.01637492941840768
0 0.5354981847519161 0.46612083568605306 0.014118596208148447 0.007340485601355167
0 0.5473981444130698 0.4707792207792208 0.01290843081887858 0.014398644833427442
0 0.5607099636950383 0.4764257481648786 0.016942315449778138 0.01383399209486166
0 0.5901573215006051 0.47459062676453984 0.01290843081887858 0.001129305477131564
0 0.608914885034288 0.47501411631846413 0.0052440500201694235 0.00818746470920384
0 0.6117386042759178 0.4699322416713721 0.002016942315449778 0.001411631846414455
0 0.618596208148447 0.4642857142857143 0.002016942315449778 0.002540937323546019
0 0.6260588947156112 0.47374364765669114 0.015328761597418314 0.012422360248447204
0 0.6464300121016539 0.47896668548842464 0.0028237192416296895 0.001411631846414455
0 0.6643807987091569 0.4738848108413326 0.016942315449778138 0.002540937323546019
0 0.6952400161355385 0.46922642574816487 0.013311819281968536 0.0220214568040655
0 0.7049213392496975 0.4748729531338227 0.00927793465106898 0.009599096555618294
0 0.7244856797095603 0.4754376058723885 0.015328761597418314 0.009599096555618294
0 0.7365873336022589 0.4815076228119706 0.01936264622831787 0.020609824957651044
0 0.7801532876159741 0.47247317899491814 0.007260992335619202 0.008752117447769622
0 0.790439693424768 0.4642857142857143 0.002016942315449778 0.0036702428006775835
0 0.7979023799919323 0.4731789949181254 0.01371520774505849 0.009599096555618294
0 0.8112141992739008 0.47289666854884244 0.012101653892698669 0.010728402032749858
0 0.8253327954820492 0.4720496894409938 0.012101653892698669 0.009599096555618294
0 0.8378378378378378 0.47261434217955955 0.009681323114158934 0.007905138339920948
0 0.8576038725292456 0.46612083568605306 0.01855586930213796 0.01637492941840768
0 0.8602258975393303 0.4816487859966121 0.008471157724889069 0.007905138339920948
0 0.15893505445744252 0.5263975155279503 0.004840661557079467 0.00818746470920384
0 0.1680112948769665 0.5252682100508187 0.01008471157724889 0.007058159232072276
0 0.16861637757160144 0.5179277244494636 0.00645421540943929 0.003105590062111801
0 0.17406212182331585 0.5224449463579899 0.003630496167809601 0.0008469791078486731
0 0.21903993545784592 0.5273856578204404 0.02016942315449778 0.00846979107848673
0 0.24505849132714805 0.5215979672501412 0.014925373134328358 0.018351214003387916
0 0.26119402985074625 0.5200451722190853 0.010891488503428802 0.017504234895539244
0 0.272488906817265 0.5269621682665161 0.019766034691407825 0.010446075663466968
0 0.33420734167002825 0.5221626199887069 0.024606696248487294 0.017786561264822136
0 0.390883420734167 0.5231507622811971 0.02501008471157725 0.019762845849802372
0 0.4102460669624849 0.5278091473743648 0.014521984671238403 0.008752117447769622
0 0.4267849939491731 0.5276679841897233 0.015328761597418314 0.009034443817052512
0 0.4421137555465914 0.5334556747600225 0.021782977006857603 0.020045172219085264
0 0.48951189995966116 0.5275268210050819 0.02218636546994756 0.007058159232072276
0 0.536708350141186 0.527244494635799 0.031060911657926585 0.026256352343308864
0 0.5582896329164986 0.5173630717108978 0.0016135538523598225 0.001976284584980237
0 0.5627269060104881 0.5252682100508187 0.009681323114158934 0.006493506493506494
0 0.5885437676482452 0.5275268210050819 0.03146430012101654 0.007622811970638058
0 0.645018152480839 0.5207509881422925 0.016942315449778138 0.0189158667419537
0 0.663170633319887 0.5271033314511575 0.011294876966518758 0.010163749294184076
0 0.6803146430012101 0.5204686617730095 0.013311819281968536 0.017221908526256352
0 0.6940298507462687 0.5207509881422925 0.031060911657926585 0.017786561264822136
0 0.699273900766438 0.5232919254658385 0.010891488503428802 0.013269339356295878
0 0.7323517547398144 0.5261151891586674 0.007664380798709157 0.007622811970638058
0 0.7382008874546188 0.5227272727272727 0.004033884630899556 0.003105590062111801
0 0.7509076240419524 0.5263975155279503 0.018152480839048003 0.005928853754940711
0 0.7920532472771279 0.5237154150197628 0.010891488503428802 0.007340485601355167
0 0.8106091165792658 0.5248447204968945 0.01734570391286809 0.006775832862789385
0 0.8317870108914885 0.525691699604743 0.02016942315449778 0.00846979107848673
0 0.15954013715207746 0.584274421230943 0.01573215006050827 0.020609824957651044
0 0.1799112545381202 0.5786278938452851 0.007260992335619202 0.007622811970638058
0 0.18515530455828963 0.5770750988142292 0.0024203307785397336 0.001129305477131564
0 0.19786204114562322 0.5794748729531338 0.014118596208148447 0.009881422924901186
0 0.21399757966922145 0.5789102202145681 0.014118596208148447 0.00818746470920384
0 0.22791448164582492 0.5789102202145681 0.01371520774505849 0.010446075663466968
0 0.2490923759580476 0.5718520609824957 0.01734570391286809 0.021174477696216828
0 0.2658329971762808 0.577639751552795 0.008874546187979023 0.007340485601355167
0 0.2789431222267043 0.5837097684923772 0.01734570391286809 0.0189158667419537
0 0.29386849536103266 0.58399209486166 0.01653892698668818 0.017786561264822136
0 0.3100040338846309 0.577922077922078 0.011698265429608713 0.009599096555618294
0 0.3283582089552239 0.5773574251835122 0.014521984671238403 0.006775832862789385
0 0.3763614360629286 0.5780632411067194 0.02743041549011698 0.010446075663466968
0 0.4025816861637757 0.5715697346132129 0.01855586930213796 0.021174477696216828
0 0.41488503428801937 0.5789102202145681 0.0052440500201694235 0.004234895539243365
0 0.41609519967728925 0.5756634669678148 0.0028237192416296895 0.0016939582156973462
0 0.4233561920129084 0.5694522868435912 0.002016942315449778 0.003952569169960474
0 0.42940701895925776 0.5701581027667985 0.007664380798709157 0.016092603049124788
0 0.4352561516740621 0.5765104460756635 0.01290843081887858 0.010163749294184076
0 0.4794271883824123 0.5763692828910221 0.01653892698668818 0.01101072840203275
0 0.49737797498991526 0.5766516092603049 0.01371520774505849 0.00818746470920384
0 0.5205728116175877 0.5729813664596274 0.021379588543767647 0.018351214003387916
0 0.5381202097620008 0.5680406549971767 0.003227107704719645 0.002258610954263128
0 0.5471964501815249 0.5770750988142292 0.019766034691407825 0.007905138339920948
0 0.5558693021379588 0.5876623376623377 0.021782977006857603 0.02456239412761152
0 0.6034691407825736 0.5760869565217391 0.01936264622831787 0.007622811970638058
0 0.6248487293263413 0.5767927724449463 0.016942315449778138 0.00846979107848673
0 0.6430012101653892 0.5770750988142292 0.011294876966518758 0.007905138339920948
0 0.6621621621621622 0.5717108977978543 0.01734570391286809 0.01637492941840768
0 0.6791044776119403 0.5728402032749859 0.014925373134328358 0.01637492941840768
0 0.7071399757966922 0.5741106719367589 0.03872529245663574 0.009316770186335404
0 0.7388059701492538 0.5793337097684924 0.0052440500201694235 0.002258610954263128
0 0.16276724485679708 0.6243647656691135 0.027833803953206938 0.016657255787690572
0 0.18354175070592982 0.6280350084697911 0.016942315449778138 0.010446075663466968
0 0.19705526421944333 0.6285996612083569 0.010891488503428802 0.008752117447769622
0 0.2109721661960468 0.6278938452851497 0.014521984671238403 0.009034443817052512
0 0.22952803549818476 0.6284584980237155 0.01371520774505849 0.006775832862789385
0 0.25312626058894716 0.6247882552230378 0.02944735780556676 0.012987012987012988
0 0.27269060104881 0.620694522868436 0.0024203307785397336 0.001411631846414455
0 0.29144816458249295 0.6348108413325805 0.03670835014118596 0.0189158667419537
0 0.3509479628882614 0.6236589497459063 0.023396530859217425 0.015810276679841896
0 0.409035901573215 0.6257763975155279 0.017749092375958047 0.016657255787690572
0 0.42416296893908834 0.6280350084697911 0.011698265429608713 0.006493506493506494
0 0.43606292860024204 0.6309994353472614 0.004033884630899556 0.0016939582156973462
0 0.48225090762404194 0.6216826651609261 0.03751512706736587 0.019198193111236588
0 0.509883017345704 0.626764539808018 0.015328761597418314 0.010163749294184076
0 0.5256151674062122 0.627046866177301 0.012101653892698669 0.010728402032749858
0 0.5645421540943929 0.6259175607001694 0.00927793465106898 0.010728402032749858
0 0.5758370310609117 0.6215415019762845 0.018959257765227916 0.017786561264822136
0 0.5923759580475998 0.6266233766233766 0.019766034691407825 0.010446075663466968
0 0.6064945542557483 0.6260587238848109 0.007664380798709157 0.007058159232072276
0 0.6290843081887858 0.6259175607001694 0.031060911657926585 0.010163749294184076
0 0.6187979023799919 0.6168831168831169 0.0024203307785397336 0.002258610954263128
0 0.6762807583703107 0.6273291925465838 0.004437273093989512 0.006211180124223602
0 0.6956434045986285 0.6277526821005082 0.024606696248487294 0.00818746470920384
0 0.6873739411052844 0.617871259175607 0.0016135538523598225 0.003105590062111801
0 0.7343686970552642 0.6146245059288538 0.00927793465106898 0.005081874647092038
0 0.7690601048810004 0.622953133822699 0.033481242436466316 0.016657255787690572
0 0.799717628075837 0.6269057029926595 0.018152480839048003 0.00818746470920384
0 0.8112141992739008 0.6339638622247318 0.016942315449778138 0.0189158667419537
0 0.8430818878580073 0.6278938452851497 0.014521984671238403 0.002258610954263128
0 0.1581282775312626 0.6736307171089779 0.015328761597418314 0.017504234895539244
0 0.1536910044372731 0.6640316205533597 0.0024203307785397336 0.0016939582156973462
0 0.17708753529649052 0.6767363071710898 0.009681323114158934 0.010163749294184076
0 0.20169423154497781 0.6771597967250141 0.028237192416296894 0.010446075663466968
0 0.2236789027833804 0.6765951439864484 0.01008471157724889 0.009881422924901186
0 0.23981444130697863 0.6736307171089779 0.01734570391286809 0.015245623941276116
0 0.2400161355385236 0.6645962732919255 0.004033884630899556 0.00282326369282891
0 0.2593787817668415 0.6773009599096556 0.008067769261799113 0.00564652738565782
0 0.27228721258572003 0.6773009599096556 0.012101653892698669 0.00846979107848673
0 0.28842275110931825 0.6777244494635799 0.008067769261799113 0.009316770186335404
0 0.3007260992335619 0.6726425748164878 0.013311819281968536 0.0189158667419537
0 0.318273497377975 0.6773009599096556 0.009681323114158934 0.01129305477131564
0 0.3325937878176684 0.6782891022021457 0.014925373134328358 0.009881422924901186
0 0.35599031867688585 0.665725578769057 0.011698265429608713 0.005081874647092038
0 0.3935054457442517 0.676171654432524 0.012505042355788625 0.01637492941840768
0 0.40116982654296085 0.6696781479390175 0.004437273093989512 0.005081874647092038
0 0.4263816054860831 0.6754658385093167 0.01936264622831787 0.017221908526256352
0 0.4419120613150464 0.6778656126482213 0.0060508269463493344 0.007905138339920948
0 0.4526018555869302 0.6782891022021457 0.015328761597418314 0.01101072840203275
0 0.45018152480839047 0.6672783738001129 0.0016135538523598225 0.001976284584980237
0 0.5080677692617991 0.6751835121400339 0.04881000403388463 0.0189158667419537
0 0.5340863251311012 0.6768774703557312 0.04033884630899556 0.011575381140598532
0 0.5619201290843082 0.6775832862789385 0.014521984671238403 0.009599096555618294
0 0.609116579265833 0.6727837380011293 0.023396530859217425 0.018633540372670808
0 0.6250504235578862 0.6780067758328628 0.011698265429608713 0.007058159232072276
0 0.6389673255344898 0.6770186335403726 0.01290843081887858 0.009599096555618294
0 0.6597418313836224 0.6709486166007905 0.01573215006050827 0.023997741389045736
0 0.6793061718434853 0.6777244494635799 0.026623638563937072 0.007622811970638058
0 0.7222670431625655 0.6739130434782609 0.01008471157724889 0.01355166572557877
0 0.7299314239612748 0.6737718802936195 0.018152480839048003 0.01948051948051948
0 0.7466720451795079 0.677442123094297 0.012101653892698669 0.007622811970638058
0 0.754134731746672 0.6677018633540373 0.013311819281968536 0.0033879164313946925
0 0.7617991125453812 0.6756070016939583 0.007664380798709157 0.007340485601355167
0 0.7751109318273497 0.6732072275550537 0.01008471157724889 0.017221908526256352
0 0.7948769665187576 0.6775832862789385 0.02702702702702703 0.009034443817052512
0 0.81847519160952 0.6777244494635799 0.022589753933037516 0.00818746470920384
0 0.8327954820492134 0.6702428006775832 0.002016942315449778 0.0016939582156973462
0 0.8513513513513513 0.6835121400338792 0.006857603872529245 0.010728402032749858
0 0.15933844292053248 0.7254376058723885 0.02016942315449778 0.01383399209486166
0 0.18192819685356998 0.7260022586109542 0.01290843081887858 0.015527950310559006
0 0.20068576038725291 0.7272727272727273 0.013311819281968536 0.011857707509881422
0 0.21157724889068172 0.7200734048560136 0.014925373134328358 0.001976284584980237
0 0.22872125857200484 0.7254376058723885 0.017749092375958047 0.015527950310559006
0 0.2525211778943122 0.7262845849802372 0.014521984671238403 0.0251270468661773
0 0.26643807987091567 0.735742518351214 0.006857603872529245 0.009034443817052512
0 0.29810407422347723 0.7285431959345002 0.0016135538523598225 0.001976284584980237
0 0.3055667607906414 0.7264257481648786 0.012505042355788625 0.018633540372670808
0 0.32109721661960466 0.7264257481648786 0.016135538523598225 0.019198193111236588
0 0.3237192416296894 0.7158385093167702 0.002016942315449778 0.0008469791078486731
0 0.34066155707946755 0.7302371541501976 0.01573215006050827 0.009881422924901186
0 0.3810004033884631 0.7358836815358555 0.022993142396127472 0.020045172219085264
0 0.4025816861637757 0.7309429700734048 0.010488100040338847 0.00564652738565782
0 0.4201290843081888 0.7309429700734048 0.01653892698668818 0.009599096555618294
0 0.43929003630496166 0.7365894974590627 0.015328761597418314 0.015245623941276116
0 0.45482049213392495 0.7317899491812535 0.007664380798709157 0.007340485601355167
0 0.48325937878176684 0.7375776397515528 0.04195240016135539 0.020609824957651044
0 0.4647035094796289 0.721485036702428 0.0016135538523598225 0.0008469791078486731
0 0.5052440500201695 0.7288255223037832 0.0012101653892698668 0.0008469791078486731
0 0.536506655909641 0.7284020327498588 0.028237192416296894 0.011857707509881422
0 0.5623235175473982 0.7298136645962733 0.014521984671238403 0.009034443817052512
0 0.5847115772488907 0.7302371541501976 0.018959257765227916 0.007058159232072276
0 0.6068979427188382 0.7237436476566911 0.021379588543767647 0.014963297571993224
0 0.6048810004033884 0.7206380575945793 0.002016942315449778 0.001411631846414455
0 0.626663977410246 0.7274138904573687 0.012505042355788625 0.013269339356295878
0 0.6645824929407019 0.7284020327498588 0.008471157724889069 0.009034443817052512
0 0.6784993949173054 0.7299548277809147 0.01290843081887858 0.010446075663466968
0 0.6778943122226704 0.7195087521174478 0.002016942315449778 0.003105590062111801
0 0.7232755143202905 0.7231789949181253 0.02743041549011698 0.023433088650479956
0 0.745260185558693 0.7267080745341615 0.014925373134328358 0.009034443817052512
0 0.7605889471561114 0.7279785431959345 0.01008471157724889 0.00818746470920384
0 0.7769261799112546 0.7238848108413326 0.021782977006857603 0.018068887634105024
0 0.7948769665187576 0.7275550536420101 0.004437273093989512 0.00564652738565782
0 0.8049616780960065 0.7190852625635235 0.002016942315449778 0.002258610954263128
0 0.8154497781363453 0.7272727272727273 0.01573215006050827 0.009034443817052512
0 0.8382412263009278 0.7343308865047995 0.041145623235175476 0.019198193111236588
0 0.16498588140379186 0.7807735742518351 0.017749092375958047 0.01383399209486166
0 0.18394513916901978 0.7819028797289667 0.010488100040338847 0.009316770186335404
0 0.20068576038725291 0.7828910220214568 0.012505042355788625 0.007905138339920948
0 0.218233158531666 0.7766798418972332 0.01290843081887858 0.018068887634105024
0 0.23336022589753933 0.7771033314511575 0.014118596208148447 0.021174477696216828
0 0.23315853166599435 0.7659514398644833 0.0016135538523598225 0.001129305477131564
0 0.2571601452198467 0.7820440429136082 0.02379991932230738 0.009034443817052512
0 0.24808390480032272 0.778514963297572 0.0024203307785397336 0.001976284584980237
0 0.27833803953206937 0.7821852060982496 0.014521984671238403 0.01101072840203275
0 0.2934651068979427 0.7821852060982496 0.00927793465106898 0.005928853754940711
0 0.3116175877369907 0.7780914737436476 0.025413473174667203 0.017504234895539244
0 0.32855990318676886 0.7786561264822134 0.012505042355788625 0.01129305477131564
0 0.34227511093182733 0.7845849802371542 0.003630496167809601 0.0016939582156973462
