0 0.163574021782977 0.21823828345567475 0.025413473174667203 0.015245623941276116
0 0.1837434449374748 0.2236024844720497 0.03670835014118596 0.007340485601355167
0 0.2317466720451795 0.21823828345567475 0.057684550221863654 0.01637492941840768
0 0.27732956837434447 0.22092038396386224 0.010891488503428802 0.001976284584980237
0 0.3215006050826946 0.22586109542631283 0.060508269463493344 0.030491247882552232
0 0.3971359419120613 0.22317899491812535 0.06171843485276321 0.0251270468661773
0 0.4651068979427188 0.22346132128740825 0.050826946349334406 0.008752117447769622
0 0.5524405002016942 0.21795595708639187 0.09318273497377975 0.01693958215697346
0 0.6472367890278338 0.21979107848673066 0.07059298104074223 0.025691699604743084
0 0.6504638967325534 0.21188594014680973 0.003630496167809601 0.001976284584980237
0 0.672246873739411 0.2134387351778656 0.0028237192416296895 0.002258610954263128
0 0.7162162162162162 0.21626199887069453 0.06333198870512304 0.018633540372670808
0 0.7519160951996773 0.22868435911914173 0.007260992335619202 0.006211180124223602
0 0.7946752722872126 0.21753246753246752 0.048406615570794675 0.017221908526256352
0 0.17486889874949577 0.27103331451157536 0.04961678096006454 0.015810276679841896
0 0.23618394513916902 0.2779503105590062 0.06171843485276321 0.029079616036137776
0 0.32230738200887454 0.2776679841897233 0.07987091569181122 0.03472614342179559
0 0.326946349334409 0.26468097120271034 0.006857603872529245 0.004234895539243365
0 0.3852359822509076 0.27442123094297005 0.016135538523598225 0.006211180124223602
0 0.4037918515530456 0.2735742518351214 0.021782977006857603 0.006775832862789385
0 0.481444130697862 0.2751270468661773 0.10528438886647842 0.03190287972896669
0 0.5121016538926987 0.264257481648786 0.004437273093989512 0.0033879164313946925
0 0.5869302137958854 0.26877470355731226 0.0782573618394514 0.01637492941840768
0 0.6595401371520775 0.2724449463579898 0.053247277127874144 0.006775832862789385
0 0.7240822912464704 0.2725861095426313 0.05163372327551432 0.007058159232072276
0 0.7767244856797095 0.2720214568040655 0.04961678096006454 0.006493506493506494
0 0.7706736587333602 0.2632693393562959 0.006857603872529245 0.002540937323546019
0 0.8311819281968535 0.26792772444946356 0.04235578862444534 0.015810276679841896
0 0.16700282371924163 0.32622811970638055 0.04195240016135539 0.00818746470920384
0 0.20209762000806777 0.31931112365894976 0.02501008471157725 0.018068887634105024
0 0.21621621621621623 0.32834556747600224 0.0024203307785397336 0.0016939582156973462
0 0.2472771278741428 0.3221343873517787 0.033884630899556276 0.014680971202710334
0 0.26643807987091567 0.32142857142857145 0.038321903993545785 0.016657255787690572
0 0.33662767244856795 0.32481648785996614 0.07382008874546188 0.029644268774703556
0 0.4237595804759984 0.32396950875211744 0.07301331181928197 0.00818746470920384
0 0.4225494150867285 0.3147939017504235 0.004437273093989512 0.00282326369282891
0 0.5237999193223074 0.3177583286278938 0.08108108108108109 0.0189158667419537
0 0.6056877773295684 0.32142857142857145 0.05203711173860428 0.025691699604743084
0 0.7018959257765228 0.31747600225861095 0.10568777732956837 0.018351214003387916
0 0.8021379588543768 0.31959345002823264 0.07462686567164178 0.012987012987012988
0 0.15873336022589754 0.37662337662337664 0.018959257765227916 0.00846979107848673
0 0.1990722065348931 0.3746470920383964 0.0681726502622025 0.028797289666854884
0 0.254538120209762 0.37662337662337664 0.01855586930213796 0.007905138339920948
0 0.32129891085114964 0.3771880293619424 0.11577248890681727 0.03670242800677583
0 0.3467123840258169 0.3651891586674195 0.007664380798709157 0.003105590062111801
0 0.4017749092375958 0.37972896668548844 0.005647438483259379 0.006211180124223602
0 0.48608309802339655 0.37450592885375494 0.12505042355788623 0.034161490683229816
0 0.5945945945945946 0.37789384528514963 0.06131504638967326 0.03472614342179559
0 0.6682129891085115 0.37351778656126483 0.056070996369503835 0.00846979107848673
0 0.7194433239209359 0.3747882552230378 0.01653892698668818 0.005928853754940711
0 0.7579669221460267 0.3687182382834557 0.06131504638967326 0.01637492941840768
0 0.7577652279144816 0.3642010163749294 0.0028237192416296895 0.0016939582156973462
0 0.21964501815248083 0.4321005081874647 0.1464300121016539 0.018351214003387916
0 0.2593787817668415 0.4181253529079616 0.003227107704719645 0.0016939582156973462
0 0.3481242436466317 0.422360248447205 0.07664380798709157 0.01693958215697346
0 0.40500201694231547 0.4253246753246753 0.014521984671238403 0.005364201016374929
0 0.44473578055667606 0.4202428006775833 0.06333198870512304 0.016657255787690572
0 0.44130697862041146 0.4171372106154715 0.003227107704719645 0.001976284584980237
0 0.5237999193223074 0.427442123094297 0.06171843485276321 0.029361942405420668
0 0.5893505445744252 0.4213721061547149 0.05244050020169423 0.01383399209486166
0 0.6196046793061718 0.4227837380011293 0.007260992335619202 0.002540937323546019
0 0.6522791448164582 0.41826651609260307 0.0572811617587737 0.017786561264822136
0 0.6885841064945543 0.4265951439864483 0.0024203307785397336 0.0016939582156973462
0 0.7119806373537717 0.42193675889328064 0.01936264622831787 0.012704686617730096
0 0.7291246470350948 0.42419536984754375 0.026220250100847116 0.007058159232072276
0 0.7884227511093183 0.4191134952004517 0.05929810407422348 0.017786561264822136
0 0.191004437273094 0.47261434217955955 0.08430818878580072 0.020892151326933936
0 0.30133118192819686 0.47148503670242803 0.09762000806776926 0.018633540372670808
0 0.36264622831787013 0.48306041784302656 0.004840661557079467 0.005081874647092038
0 0.42416296893908834 0.4712027103331451 0.08672851956434045 0.019198193111236588
0 0.5008067769261799 0.4762845849802372 0.027833803953206938 0.006775832862789385
0 0.5 0.46710897797854317 0.003630496167809601 0.001976284584980237
0 0.5778539733763615 0.4776962168266516 0.09560306575231949 0.03274985883681536
0 0.6619604679306171 0.47586109542631283 0.04033884630899556 0.00818746470920384
0 0.781766841468334 0.4738848108413326 0.17587736990722067 0.025691699604743084
0 0.17063331988705124 0.5262563523433089 0.048406615570794675 0.025974025974025976
0 0.2317466720451795 0.5215979672501412 0.05526421944332392 0.020045172219085264
0 0.32654296087131907 0.5289384528514963 0.1044776119402985 0.031338226990400904
0 0.399959661153691 0.5273856578204404 0.01653892698668818 0.006775832862789385
0 0.436668011294877 0.5268210050818747 0.05445744251714401 0.007340485601355167
0 0.42759177087535294 0.515527950310559 0.004033884630899556 0.002258610954263128
0 0.47761194029850745 0.5316205533596838 0.00645421540943929 0.006775832862789385
0 0.5050423557886244 0.5269621682665161 0.016135538523598225 0.007058159232072276
0 0.527632109721662 0.5262563523433089 0.022589753933037516 0.006775832862789385
0 0.5867285195643405 0.5287972896668549 0.06736587333602259 0.03387916431394692
0 0.6744655102864058 0.5200451722190853 0.07583703106091166 0.01693958215697346
0 0.7609923356192013 0.519621682665161 0.06010488100040339 0.017786561264822136
0 0.21702299314239612 0.5728402032749859 0.12827753126260588 0.019198193111236588
0 0.22206534893102056 0.567476002258611 0.0028237192416296895 0.002258610954263128
0 0.38584106494554254 0.577922077922078 0.17708753529649052 0.03162055335968379
0 0.5118999596611536 0.5742518351214003 0.03953206938281565 0.025974025974025976
0 0.5750302541347317 0.5793337097684924 0.08027430415490117 0.03274985883681536
0 0.5778539733763615 0.5690287972896668 0.004437273093989512 0.001976284584980237
0 0.6591367486889875 0.5714285714285714 0.05647438483259379 0.018068887634105024
0 0.7373941105284388 0.5790513833992095 0.07664380798709157 0.02766798418972332
0 0.15994352561516742 0.6305759457933371 0.01573215006050827 0.007058159232072276
0 0.22428398547801534 0.6239412761151891 0.10972166196046793 0.018633540372670808
0 0.20028237192416296 0.620694522868436 0.003630496167809601 0.001976284584980237
0 0.3701089148850343 0.6246470920383964 0.1464300121016539 0.016657255787690572
0 0.390681726502622 0.6198475437605873 0.003630496167809601 0.001976284584980237
0 0.5256151674062122 0.6230942970073405 0.13876563130294473 0.018068887634105024
0 0.5229931423961275 0.61914172783738 0.0028237192416296895 0.002258610954263128
0 0.6294876966518758 0.6288819875776398 0.03751512706736587 0.006493506493506494
0 0.6300927793465106 0.6173066064370413 0.005647438483259379 0.002540937323546019
0 0.6734570391286809 0.6322699040090345 0.019766034691407825 0.014398644833427442
0 0.7450584913271481 0.6269057029926595 0.1218233158531666 0.027385657820440428
0 0.7791448164582493 0.6136363636363636 0.003630496167809601 0.001976284584980237
0 0.1744655102864058 0.6764539808018069 0.04477611940298507 0.026538678712591756
0 0.2571601452198467 0.6816770186335404 0.08592174263816055 0.034161490683229816
0 0.263412666397741 0.6686900056465274 0.004840661557079467 0.001976284584980237
0 0.3555869302137959 0.6804065499717674 0.08188785800726099 0.03274985883681536
0 0.4626865671641791 0.6780067758328628 0.09762000806776926 0.0251270468661773
0 0.5250100847115773 0.6801242236024845 0.002016942315449778 0.001129305477131564
