0 0.15409439290036306 0.21583850931677018 0.005647438483259379 0.006493506493506494
0 0.1581282775312626 0.21795595708639187 0.0016135538523598225 0.0016939582156973462
0 0.16276724485679708 0.2127329192546584 0.0012101653892698668 0.001411631846414455
0 0.1680112948769665 0.21668548842461885 0.007664380798709157 0.004799548277809147
0 0.18334005647438484 0.2165443252399774 0.01573215006050827 0.01129305477131564
0 0.18414683340056473 0.2171089779785432 0.002016942315449778 0.001129305477131564
0 0.22025010084711577 0.21188594014680973 0.0016135538523598225 0.001976284584980237
0 0.22327551432029044 0.2165443252399774 0.007664380798709157 0.006775832862789385
0 0.2291246470350948 0.21725014116318464 0.003227107704719645 0.003105590062111801
0 0.24021782977006859 0.2171089779785432 0.018152480839048003 0.006211180124223602
0 0.2571601452198467 0.21936758893280633 0.006857603872529245 0.003952569169960474
0 0.26744655102864057 0.2180971202710333 0.01290843081887858 0.005364201016374929
0 0.32674465510286405 0.22233201581027667 0.028237192416296894 0.006493506493506494
0 0.34973779749899153 0.217673630717109 0.007260992335619202 0.014116318464144552
0 0.37797498991528844 0.2230378317334839 0.008874546187979023 0.007340485601355167
0 0.38321903993545786 0.2316487859966121 0.009681323114158934 0.01101072840203275
0 0.39552238805970147 0.2274138904573687 0.007664380798709157 0.0036702428006775835
0 0.3947156111335216 0.22402597402597402 0.0028237192416296895 0.0008469791078486731
0 0.40782573618394513 0.2220496894409938 0.008067769261799113 0.011575381140598532
0 0.46228317870108915 0.22289666854884246 0.029850746268656716 0.005364201016374929
0 0.49939491730536506 0.22134387351778656 0.029043969342476807 0.009034443817052512
0 0.5151270673658733 0.2245906267645398 0.0016135538523598225 0.0008469791078486731
0 0.5185558693021379 0.22416713721061546 0.004437273093989512 0.003952569169960474
0 0.5250100847115773 0.22233201581027667 0.00927793465106898 0.010446075663466968
0 0.5641387656313029 0.2279785431959345 0.0012101653892698668 0.001411631846414455
0 0.5744251714400969 0.22106154714850368 0.01855586930213796 0.017504234895539244
0 0.5917708753529649 0.22430830039525693 0.015328761597418314 0.007622811970638058
0 0.6298910851149657 0.22444946357989837 0.010891488503428802 0.007340485601355167
0 0.6478418717224688 0.22063805759457933 0.016942315449778138 0.012140033879164314
0 0.6680112948769665 0.22868435911914173 0.020976200080677694 0.014116318464144552
0 0.7156111335215812 0.2217673630717109 0.017749092375958047 0.01101072840203275
0 0.7575635336829367 0.22233201581027667 0.009681323114158934 0.011575381140598532
0 0.77269060104881 0.22317899491812535 0.014925373134328358 0.004799548277809147
0 0.7944735780556677 0.22162619988706944 0.0318676885841065 0.011857707509881422
0 0.7972972972972973 0.2183794466403162 0.0012101653892698668 0.0008469791078486731
0 0.818273497377975 0.221485036702428 0.01573215006050827 0.008752117447769622
0 0.17043162565550626 0.2714568040654997 0.020572811617587738 0.005928853754940711
0 0.21319080274304156 0.2672219085262564 0.051230334812424366 0.014963297571993224
0 0.27974989915288423 0.2701863354037267 0.00927793465106898 0.014116318464144552
0 0.29043969342476805 0.26750423489553926 0.00645421540943929 0.001411631846414455
0 0.2952803549818475 0.2670807453416149 0.0024203307785397336 0.001129305477131564
0 0.30052440500201694 0.2720214568040655 0.011294876966518758 0.008752117447769622
0 0.3009277934651069 0.26693958215697344 0.0024203307785397336 0.0008469791078486731
0 0.3424768051633723 0.28063241106719367 0.008067769261799113 0.01129305477131564
0 0.3590157321500605 0.2751270468661773 0.01855586930213796 0.007622811970638058
0 0.3935054457442517 0.27639751552795033 0.03509479628882614 0.003952569169960474
0 0.43263412666397744 0.277244494635799 0.0060508269463493344 0.00282326369282891
0 0.4443323920935861 0.27540937323546016 0.022993142396127472 0.005364201016374929
0 0.4945542557482856 0.27540937323546016 0.022589753933037516 0.006493506493506494
0 0.5175473981444131 0.27936194240542067 0.02581686163775716 0.012704686617730096
0 0.5369100443727309 0.2795031055900621 0.01936264622831787 0.012422360248447204
0 0.5284388866478419 0.2845849802371542 0.0024203307785397336 0.001129305477131564
0 0.5586930213795885 0.2720214568040655 0.015328761597418314 0.012140033879164314
0 0.5943929003630496 0.2769621682665161 0.003630496167809601 0.005081874647092038
0 0.5956030657523195 0.26905702992659514 0.0052440500201694235 0.003952569169960474
0 0.6030657523194837 0.2738565782044043 0.008874546187979023 0.006211180124223602
0 0.635538523598225 0.2768210050818746 0.01008471157724889 0.00818746470920384
0 0.6480435659540137 0.2789384528514963 0.00927793465106898 0.011857707509881422
0 0.6676079064138766 0.2748447204968944 0.024203307785397338 0.005364201016374929
0 0.6968535699878984 0.2725861095426313 0.018152480839048003 0.006493506493506494
0 0.6972569584509883 0.2683512140033879 0.0028237192416296895 0.001411631846414455
0 0.7075433642597821 0.2707509881422925 0.004033884630899556 0.00282326369282891
0 0.7152077450584913 0.28063241106719367 0.010488100040338847 0.012422360248447204
0 0.7559499798305769 0.2723037831733484 0.004840661557079467 0.007622811970638058
0 0.7577652279144816 0.2676453980801807 0.0012101653892698668 0.001129305477131564
0 0.7624041952400161 0.281055900621118 0.003227107704719645 0.005928853754940711
0 0.7791448164582493 0.27428006775832864 0.014925373134328358 0.011575381140598532
0 0.800322710770472 0.27526821005081875 0.017749092375958047 0.007905138339920948
0 0.836627672448568 0.2745623941276115 0.01371520774505849 0.012140033879164314
0 0.8521581282775312 0.27653867871259175 0.010891488503428802 0.004234895539243365
0 0.86304961678096 0.2780914737436477 0.008471157724889069 0.007340485601355167
0 0.16296893908834206 0.32368718238283456 0.009681323114158934 0.007622811970638058
0 0.17224687373941105 0.3245341614906832 0.008067769261799113 0.016092603049124788
0 0.21036708350141187 0.3232636928289102 0.011698265429608713 0.012422360248447204
0 0.22408229124647036 0.3242518351214003 0.012505042355788625 0.013269339356295878
0 0.245663574021783 0.3243929983060418 0.016135538523598225 0.014116318464144552
0 0.2781363453005244 0.3286278938452851 0.02218636546994756 0.005081874647092038
0 0.2920532472771279 0.3294748729531338 0.0016135538523598225 0.001129305477131564
0 0.2964905203711174 0.3287690570299266 0.005647438483259379 0.003105590062111801
0 0.3051633723275514 0.3253811405985319 0.008471157724889069 0.009316770186335404
0 0.3402581686163776 0.32608695652173914 0.020572811617587738 0.019198193111236588
0 0.3565954013715208 0.3269339356295878 0.011294876966518758 0.004517221908526256
0 0.3711173860427592 0.3256634669678148 0.004033884630899556 0.00818746470920384
0 0.39411052843888666 0.32707509881422925 0.005647438483259379 0.00818746470920384
0 0.40197660346914077 0.327639751552795 0.014118596208148447 0.006493506493506494
0 0.4082291246470351 0.32086391869000563 0.0024203307785397336 0.001976284584980237
0 0.4171036708350141 0.326369282891022 0.004033884630899556 0.010728402032749858
0 0.4376764824526019 0.3287690570299266 0.008067769261799113 0.006493506493506494
0 0.4398951189995966 0.3265104460756635 0.0028237192416296895 0.0036702428006775835
0 0.4409035901573215 0.3290513833992095 0.0016135538523598225 0.0008469791078486731
0 0.46248487293263413 0.3266516092603049 0.0326744655102864 0.007340485601355167
0 0.5014118596208148 0.32481648785996614 0.01371520774505849 0.008752117447769622
0 0.5256151674062122 0.32622811970638055 0.029850746268656716 0.004234895539243365
0 0.5369100443727309 0.32128740824393 0.004033884630899556 0.00282326369282891
0 0.5431625655506253 0.32368718238283456 0.004437273093989512 0.008752117447769622
0 0.553852359822509 0.32396950875211744 0.012101653892698669 0.010446075663466968
0 0.5615167406212183 0.3211462450592885 0.0024203307785397336 0.001976284584980237
0 0.5691811214199274 0.3265104460756635 0.005647438483259379 0.004799548277809147
0 0.5701895925776522 0.3242518351214003 0.0028237192416296895 0.001976284584980237
0 0.5845098830173457 0.3265104460756635 0.015328761597418314 0.0036702428006775835
0 0.6278741427995159 0.326369282891022 0.012505042355788625 0.005081874647092038
0 0.6409842678499394 0.3266516092603049 0.010488100040338847 0.00564652738565782
0 0.6659943525615167 0.3253811405985319 0.02743041549011698 0.004799548277809147
0 0.7198467123840259 0.32679277244494637 0.01653892698668818 0.007058159232072276
0 0.7581686163775716 0.3286278938452851 0.013311819281968536 0.006775832862789385
0 0.7829770068576039 0.3245341614906832 0.029850746268656716 0.009316770186335404
0 0.7708753529649052 0.3186053077357425 0.0016135538523598225 0.0008469791078486731
0 0.1680112948769665 0.37267080745341613 0.0326744655102864 0.010728402032749858
0 0.2252924566357402 0.37549407114624506 0.0318676885841065 0.00564652738565782
0 0.24425171440096813 0.37365894974590624 0.014118596208148447 0.012704686617730096
0 0.25978217022993144 0.3738001129305477 0.016135538523598225 0.01129305477131564
0 0.26502622025010086 0.3725296442687747 0.0016135538523598225 0.001411631846414455
0 0.27390076643807987 0.3790231507622812 0.004840661557079467 0.004234895539243365
0 0.2745058491327148 0.3759175607001694 0.004437273093989512 0.001411631846414455
0 0.27732956837434447 0.37775268210050816 0.004437273093989512 0.00282326369282891
0 0.2866075030254135 0.3791643139469226 0.011698265429608713 0.005081874647092038
0 0.3323920935861234 0.37859966120835686 0.011294876966518758 0.006211180124223602
0 0.34530052440500203 0.3784584980237154 0.008067769261799113 0.005364201016374929
0 0.3666801129487697 0.37732919254658387 0.024203307785397338 0.004234895539243365
0 0.40923759580476 0.3784584980237154 0.006857603872529245 0.004799548277809147
0 0.41629689390883423 0.37859966120835686 0.003227107704719645 0.0016939582156973462
0 0.4156918112141993 0.37676453980801805 0.0012101653892698668 0.0008469791078486731
0 0.4300121016538927 0.37775268210050816 0.014521984671238403 0.003952569169960474
0 0.46409842678499397 0.3790231507622812 0.0052440500201694235 0.007058159232072276
0 0.46873739411052845 0.37676453980801805 0.003227107704719645 0.001976284584980237
0 0.47519160951996775 0.3815640880858272 0.008874546187979023 0.012140033879164314
0 0.4856797095603066 0.37775268210050816 0.004840661557079467 0.003952569169960474
0 0.4989915288422751 0.38170525127046867 0.01855586930213796 0.012422360248447204
0 0.5141185962081485 0.3793054771315641 0.006857603872529245 0.004799548277809147
0 0.5145219846712384 0.37732919254658387 0.002016942315449778 0.001411631846414455
0 0.5314643001210165 0.3756352343308865 0.013311819281968536 0.007058159232072276
0 0.5778539733763615 0.3793054771315641 0.018152480839048003 0.005364201016374929
0 0.5847115772488907 0.3730942970073405 0.0028237192416296895 0.001976284584980237
0 0.6014521984671238 0.3756352343308865 0.020976200080677694 0.009316770186335404
0 0.6411859620814845 0.37859966120835686 0.014925373134328358 0.006211180124223602
0 0.654699475594998 0.3743647656691135 0.012101653892698669 0.01129305477131564
0 0.6617587736990722 0.37323546019198195 0.007664380798709157 0.00564652738565782
0 0.6692214602662364 0.37704686617730093 0.00645421540943929 0.0036702428006775835
0 0.6780960064542154 0.37549407114624506 0.00645421540943929 0.010163749294184076
0 0.6893908834207342 0.37634105025409376 0.011294876966518758 0.00564652738565782
0 0.6920129084308189 0.371682665160926 0.0028237192416296895 0.002540937323546019
0 0.7049213392496975 0.3771880293619424 0.008471157724889069 0.00282326369282891
0 0.719039935457846 0.3761998870694523 0.010891488503428802 0.004234895539243365
0 0.7305365066559096 0.3818464144551101 0.0024203307785397336 0.0036702428006775835
0 0.7829770068576039 0.3760587238848108 0.03146430012101654 0.011857707509881422
0 0.8313836224283986 0.3805759457933371 0.022589753933037516 0.012987012987012988
0 0.8505445744251714 0.3791643139469226 0.011698265429608713 0.00564652738565782
0 0.8703106091165793 0.379587803500847 0.00927793465106898 0.001976284584980237
0 0.1591367486889875 0.4253246753246753 0.027833803953206938 0.007058159232072276
0 0.17063331988705124 0.4181253529079616 0.004033884630899556 0.0016939582156973462
0 0.19927390076643808 0.422360248447205 0.04517950786607503 0.010163749294184076
0 0.2265026220250101 0.4257481648785997 0.007664380798709157 0.004517221908526256
0 0.27047196450181527 0.42730095990965555 0.006857603872529245 0.004799548277809147
0 0.28418717224687373 0.42320722755505363 0.022993142396127472 0.011857707509881422
0 0.30395320693828154 0.4267363071710898 0.0052440500201694235 0.004799548277809147
0 0.32008874546187976 0.42617165443252397 0.014925373134328358 0.004799548277809147
0 0.32553448971359417 0.4203839638622247 0.0016135538523598225 0.001129305477131564
0 0.34288019362646227 0.4246188594014681 0.022589753933037516 0.010728402032749858
0 0.36163775716014523 0.42391304347826086 0.012505042355788625 0.01101072840203275
0 0.3949173053650666 0.4265951439864483 0.007260992335619202 0.006211180124223602
0 0.41064945542557485 0.42715979672501414 0.024203307785397338 0.004517221908526256
0 0.39975796692214605 0.4246188594014681 0.0016135538523598225 0.002258610954263128
0 0.4173053650665591 0.42504234895539245 0.003630496167809601 0.002540937323546019
0 0.4475594997983058 0.42857142857142855 0.00927793465106898 0.006775832862789385
0 0.46208148446954417 0.4308300395256917 0.01008471157724889 0.010728402032749858
0 0.463493344090359 0.43040654997176736 0.0016135538523598225 0.0008469791078486731
0 0.48406615570794675 0.4333709768492377 0.029043969342476807 0.014116318464144552
0 0.5050423557886244 0.42970073404856013 0.008874546187979023 0.00564652738565782
0 0.5153287615974184 0.4295595708639187 0.0012101653892698668 0.0008469791078486731
0 0.5237999193223074 0.42518351214003386 0.014925373134328358 0.009599096555618294
0 0.5631302944735781 0.42871259175607 0.010488100040338847 0.005928853754940711
0 0.5744251714400969 0.42814793901750425 0.005647438483259379 0.002540937323546019
0 0.5881403791851553 0.42715979672501414 0.020976200080677694 0.004517221908526256
0 0.6353368293666801 0.4289949181253529 0.011294876966518758 0.003105590062111801
0 0.6442113755546591 0.4302653867871259 0.007260992335619202 0.00564652738565782
0 0.6875756353368294 0.42518351214003386 0.010891488503428802 0.007905138339920948
0 0.6974586526825333 0.4278656126482213 0.007260992335619202 0.004799548277809147
0 0.7099636950383219 0.42419536984754375 0.012101653892698669 0.010446075663466968
0 0.7146026623638564 0.42843026538678713 0.0012101653892698668 0.0008469791078486731
0 0.7299314239612748 0.42814793901750425 0.01653892698668818 0.004234895539243365
0 0.7450584913271481 0.424901185770751 0.004840661557079467 0.007905138339920948
0 0.7581686163775716 0.4292772444946358 0.019766034691407825 0.016657255787690572
0 0.7987091569181122 0.42758328627893843 0.014521984671238403 0.005364201016374929
0 0.8122226704316257 0.427442123094297 0.008471157724889069 0.00282326369282891
0 0.8249294070189592 0.4258893280632411 0.011294876966518758 0.012140033879164314
0 0.8303751512706736 0.4264539808018069 0.0012101653892698668 0.0008469791078486731
0 0.8674868898749496 0.4268774703557312 0.04154901169826543 0.012422360248447204
0 0.16599435256151673 0.4730378317334839 0.03670835014118596 0.013269339356295878
0 0.22589753933037515 0.4785431959345003 0.009681323114158934 0.007905138339920948
0 0.245663574021783 0.4751552795031056 0.02743041549011698 0.01129305477131564
0 0.27591770875352967 0.47501411631846413 0.02016942315449778 0.008752117447769622
0 0.27874142799515933 0.46950875211744775 0.0016135538523598225 0.0016939582156973462
0 0.3194836627672449 0.47896668548842464 0.008067769261799113 0.006493506493506494
0 0.32977006857603874 0.4785431959345003 0.006857603872529245 0.014116318464144552
0 0.3325937878176684 0.4697910784867307 0.0028237192416296895 0.002258610954263128
0 0.33400564743848327 0.47910784867306605 0.0016135538523598225 0.001129305477131564
0 0.3358208955223881 0.47896668548842464 0.0012101653892698668 0.0008469791078486731
0 0.3618394513916902 0.4817899491812535 0.008067769261799113 0.004799548277809147
0 0.3662767244856797 0.47967250141163187 0.00645421540943929 0.004517221908526256
0 0.38321903993545786 0.48009599096555616 0.023396530859217425 0.003105590062111801
0 0.3989511899959661 0.47699040090344436 0.004033884630899556 0.008752117447769622
0 0.4037918515530456 0.47684923771880294 0.003227107704719645 0.009034443817052512
0 0.4427188382412263 0.4847543760587239 0.020572811617587738 0.012987012987012988
0 0.45482049213392495 0.48009599096555616 0.0028237192416296895 0.003105590062111801
0 0.47236789027833803 0.4798136645962733 0.02501008471157725 0.004799548277809147
0 0.5157321500605083 0.4775550536420102 0.004437273093989512 0.002540937323546019
0 0.5203711173860428 0.47783738001129306 0.004033884630899556 0.001976284584980237
0 0.5282371924162969 0.47783738001129306 0.00927793465106898 0.003105590062111801
0 0.5340863251311012 0.4779785431959345 0.0016135538523598225 0.001129305477131564
0 0.5411456232351755 0.475296442687747 0.010891488503428802 0.007622811970638058
0 0.5447761194029851 0.4704968944099379 0.003630496167809601 0.002540937323546019
0 0.5837031060911658 0.47656691134952006 0.017749092375958047 0.00846979107848673
0 0.5972166196046793 0.47699040090344436 0.011698265429608713 0.00818746470920384
0 0.618192819685357 0.4761434217955957 0.02218636546994756 0.01101072840203275
0 0.6565147236789027 0.47967250141163187 0.007664380798709157 0.0033879164313946925
0 0.673053650665591 0.4764257481648786 0.02218636546994756 0.01101072840203275
0 0.6857603872529245 0.480660643704122 0.0024203307785397336 0.001411631846414455
0 0.6956434045986285 0.4771315640880858 0.010891488503428802 0.010163749294184076
0 0.7375958047599839 0.4829192546583851 0.025413473174667203 0.016657255787690572
0 0.7553448971359419 0.4810841332580463 0.002016942315449778 0.0016939582156973462
0 0.7642194433239209 0.48094297007340486 0.01653892698668818 0.0036702428006775835
0 0.8027430415490117 0.4792490118577075 0.0024203307785397336 0.004234895539243365
0 0.8029447357805567 0.4719085262563523 0.0012101653892698668 0.001411631846414455
0 0.8106091165792658 0.4776962168266516 0.012505042355788625 0.006211180124223602
0 0.8267446551028641 0.4775550536420102 0.012505042355788625 0.005928853754940711
0 0.8398547801532876 0.4775550536420102 0.00645421540943929 0.004799548277809147
0 0.8511496571198064 0.475296442687747 0.012101653892698669 0.008752117447769622
0 0.8567970956030657 0.470214568040655 0.0024203307785397336 0.001976284584980237
0 0.8684953610326744 0.4771315640880858 0.009681323114158934 0.0016939582156973462
0 0.14743848325937878 0.5289384528514963 0.0052440500201694235 0.001976284584980237
0 0.15792658329971762 0.5279503105590062 0.013311819281968536 0.004517221908526256
0 0.16296893908834206 0.5227272727272727 0.0024203307785397336 0.001976284584980237
0 0.17466720451795079 0.5286561264822134 0.007260992335619202 0.004234895539243365
0 0.18757563533682936 0.5263975155279503 0.016135538523598225 0.009316770186335404
0 0.18212989108511496 0.5203274985883681 0.002016942315449778 0.001129305477131564
0 0.23295683743444937 0.5328910220214568 0.010891488503428802 0.015527950310559006
0 0.24687373941105284 0.529785431959345 0.023396530859217425 0.006493506493506494
0 0.25655506252521176 0.5237154150197628 0.004840661557079467 0.0033879164313946925
0 0.2702702702702703 0.5287972896668549 0.015328761597418314 0.006211180124223602
0 0.290843081887858 0.5286561264822134 0.01855586930213796 0.004234895539243365
0 0.29850746268656714 0.5251270468661773 0.004033884630899556 0.003952569169960474
0 0.3083904800322711 0.5324675324675324 0.012505042355788625 0.010728402032749858
0 0.32855990318676886 0.5304912478825522 0.0028237192416296895 0.0016939582156973462
