0 0.18313836224283986 0.2012987012987013 0.08390480032271078 0.03670242800677583
0 0.2710770471964502 0.20242800677583286 0.05486083098023396 0.028797289666854884
0 0.3565954013715208 0.2069452286843591 0.06212182331585317 0.02258610954263128
0 0.4471561113352158 0.2183794466403162 0.06010488100040339 0.028514963297571992
0 0.5655506252521177 0.21287408243929984 0.12989108511496572 0.059853190287972896
0 0.7055264219443323 0.2090626764539808 0.12101653892698669 0.0251270468661773
0 0.7946752722872126 0.21033314511575382 0.02581686163775716 0.019762845849802372
0 0.209156918112142 0.2737154150197628 0.1827349737797499 0.052795031055900624
0 0.3261395724082291 0.2621400338791643 0.01573215006050827 0.016092603049124788
0 0.3662767244856797 0.26242236024844723 0.024203307785397338 0.016657255787690572
0 0.43807987091569184 0.2636928289102202 0.07503025413473174 0.017504234895539244
0 0.5062525211778943 0.2621400338791643 0.06131504638967326 0.05223037831733484
0 0.5839048003227107 0.2608695652173913 0.08188785800726099 0.02258610954263128
0 0.6770875352964906 0.26030491247882553 0.05929810407422348 0.019198193111236588
0 0.7539330375151271 0.2641163184641446 0.04679306171843485 0.014398644833427442
0 0.817466720451795 0.2618577075098814 0.045582896329164985 0.0189158667419537
0 0.17043162565550626 0.3154997176736307 0.035901573215006054 0.011575381140598532
0 0.22892295280354982 0.31535855448898925 0.0391286809197257 0.009034443817052512
0 0.27934651068979427 0.32269904009034445 0.07059298104074223 0.033314511575381144
0 0.372932634126664 0.31281761716544326 0.08350141185962082 0.019198193111236588
0 0.4608713190802743 0.31281761716544326 0.06171843485276321 0.021456804065499716
0 0.5278338039532069 0.31846414455110106 0.06736587333602259 0.01129305477131564
0 0.5903590157321501 0.3135234330886505 0.02864058087938685 0.023433088650479956
0 0.6278741427995159 0.3138057594579334 0.022993142396127472 0.016657255787690572
0 0.6708350141185963 0.31197063805759456 0.03953206938281565 0.025409373235460192
0 0.7323517547398144 0.313382269904009 0.06333198870512304 0.0220214568040655
0 0.8116175877369908 0.325098814229249 0.09762000806776926 0.04432523997741389
0 0.21218233158531666 0.36236589497459065 0.11375554659136748 0.026821005081874648
0 0.32210568777732956 0.3606719367588933 0.07059298104074223 0.02456239412761152
0 0.37474788221056876 0.3643421795595709 0.020976200080677694 0.018351214003387916
0 0.43949173053650664 0.3616600790513834 0.08188785800726099 0.024280067758328628
0 0.5260185558693021 0.3740824392998306 0.09439290036304962 0.05194805194805195
0 0.6022589753933038 0.3629305477131564 0.01936264622831787 0.021739130434782608
0 0.6068979427188382 0.36490683229813664 0.01653892698668818 0.017786561264822136
0 0.6315046389673256 0.3650479954827781 0.01653892698668818 0.020327498588368152
0 0.6809197256958451 0.3642010163749294 0.06292860024203308 0.021456804065499716
0 0.7384025816861638 0.36801242236024845 0.021379588543767647 0.009881422924901186
0 0.7773295683743445 0.3608130999435347 0.04356595401371521 0.02710333145115754
0 0.8313836224283986 0.36575381140598534 0.05889471561113352 0.016092603049124788
0 0.8664784187172246 0.37224731789949184 0.0024203307785397336 0.001976284584980237
0 0.15570794675272287 0.4138904573687182 0.03065752319483663 0.024844720496894408
0 0.18697055264219442 0.4138904573687182 0.018959257765227916 0.01637492941840768
0 0.23658733360225898 0.4153020892151327 0.04881000403388463 0.020892151326933936
0 0.28479225494150867 0.41826651609260307 0.028237192416296894 0.007622811970638058
0 0.3408632513110125 0.42715979672501414 0.05647438483259379 0.02710333145115754
0 0.43061718434852764 0.41854884246188595 0.09156918112141993 0.025691699604743084
0 0.5096813231141589 0.41883116883116883 0.04719645018152481 0.013269339356295878
0 0.5570794675272287 0.41967814793901753 0.03872529245663574 0.03867871259175607
0 0.5556676079064139 0.411914172783738 0.003630496167809601 0.006775832862789385
0 0.6103267446551028 0.42377188029361945 0.09762000806776926 0.04178430265386787
0 0.6887858007260992 0.4150197628458498 0.02379991932230738 0.020892151326933936
0 0.7414279951593384 0.41544325239977414 0.05889471561113352 0.018351214003387916
0 0.8049616780960065 0.41417278373800115 0.022993142396127472 0.018633540372670808
0 0.18797902379991932 0.4632975719932242 0.08632513110125051 0.0220214568040655
0 0.2702702702702703 0.46357989836250707 0.02501008471157725 0.018633540372670808
0 0.3172650262202501 0.4655561829474873 0.04477611940298507 0.020327498588368152
0 0.3610326744655103 0.47063805759457933 0.022589753933037516 0.014680971202710334
0 0.40419524001613555 0.4678147939017504 0.035498184751916094 0.020327498588368152
0 0.4515933844292053 0.4645680406549972 0.040742234772085516 0.027385657820440428
0 0.5159338442920532 0.46513269339356295 0.05647438483259379 0.023433088650479956
0 0.5740217829770069 0.4644268774703557 0.050826946349334406 0.045736871823828344
0 0.7085518354175071 0.46287408243929984 0.2101653892698669 0.04432523997741389
0 0.1661960467930617 0.5146809712027103 0.03469140782573618 0.017504234895539244
0 0.22710770471964503 0.5191981931112366 0.04921339249697459 0.010728402032749858
0 0.27954820492133925 0.5215979672501412 0.020976200080677694 0.009881422924901186
0 0.3174667204517951 0.5163749294184077 0.03307785397337636 0.019198193111236588
0 0.3676885841064946 0.5268210050818747 0.045582896329164985 0.02710333145115754
0 0.4173053650665591 0.5163749294184077 0.021379588543767647 0.018068887634105024
0 0.4790237999193223 0.5141163184641445 0.06575231948366277 0.0220214568040655
0 0.5447761194029851 0.5117165443252399 0.0463896732553449 0.041501976284584984
0 0.5592981040742234 0.5199040090344438 0.022993142396127472 0.009316770186335404
0 0.6411859620814845 0.5296442687747036 0.118192819685357 0.044042913608131
0 0.7593787817668415 0.5170807453416149 0.09318273497377975 0.020045172219085264
0 0.8138362242839855 0.5262563523433089 0.003630496167809601 0.00282326369282891
