0 0.19302137958854376 0.20638057594579334 0.030254134731746672 0.028232636928289104
0 0.1863654699475595 0.21414455110107283 0.004840661557079467 0.013269339356295878
0 0.2200484066155708 0.217673630717109 0.013311819281968536 0.006211180124223602
0 0.23557886244453408 0.21696781479390176 0.007260992335619202 0.007622811970638058
0 0.28035498184751917 0.20990965556182947 0.01855586930213796 0.021174477696216828
0 0.31020572811617586 0.2171089779785432 0.03791851553045583 0.009034443817052512
0 0.3327954820492134 0.21936758893280633 0.003227107704719645 0.00282326369282891
0 0.3380395320693828 0.2106154714850367 0.003227107704719645 0.0016939582156973462
0 0.35034288019362647 0.2285431959345003 0.014118596208148447 0.021739130434782608
0 0.40318676885841065 0.20638057594579334 0.027833803953206938 0.028797289666854884
0 0.4292053247277128 0.21541501976284586 0.01371520774505849 0.007340485601355167
0 0.4715611133521581 0.208498023715415 0.014521984671238403 0.018351214003387916
0 0.508471157724889 0.2080745341614907 0.018152480839048003 0.019198193111236588
0 0.5359015732150061 0.2149915302089215 0.031060911657926585 0.00818746470920384
0 0.6052843888664784 0.2171089779785432 0.05687777329568374 0.00846979107848673
0 0.6486486486486487 0.21950875211744778 0.023396530859217425 0.007058159232072276
0 0.6958450988301734 0.2121682665160926 0.022589753933037516 0.017221908526256352
0 0.7263009277934651 0.21753246753246752 0.026220250100847116 0.007058159232072276
0 0.7609923356192013 0.21725014116318464 0.0326744655102864 0.005928853754940711
0 0.7807583703106091 0.21230942970073405 0.0028237192416296895 0.002258610954263128
0 0.7977006857603872 0.22769621682665162 0.02944735780556676 0.017786561264822136
0 0.1899959661153691 0.27315076228119706 0.016135538523598225 0.018351214003387916
0 0.20411456232351755 0.26750423489553926 0.012101653892698669 0.009881422924901186
0 0.22226704316256554 0.2663749294184077 0.02016942315449778 0.005928853754940711
0 0.2607906413876563 0.26750423489553926 0.010891488503428802 0.008752117447769622
0 0.2888261395724082 0.2672219085262564 0.03711173860427592 0.007622811970638058
0 0.34227511093182733 0.27399774138904576 0.00927793465106898 0.01948051948051948
0 0.36708350141185964 0.2608695652173913 0.024203307785397338 0.019762845849802372
0 0.39592577652279143 0.2628458498023715 0.026220250100847116 0.01637492941840768
0 0.41972569584509883 0.2658102766798419 0.01008471157724889 0.005928853754940711
0 0.43283582089552236 0.2676453980801807 0.011294876966518758 0.006775832862789385
0 0.44776119402985076 0.26990400903444384 0.012101653892698669 0.025974025974025976
0 0.48063735377168215 0.2618577075098814 0.043969342476805166 0.021739130434782608
0 0.517345703912868 0.27399774138904576 0.0028237192416296895 0.005928853754940711
0 0.5498184751916095 0.27442123094297005 0.017749092375958047 0.021456804065499716
0 0.5635336829366681 0.26990400903444384 0.012101653892698669 0.00846979107848673
0 0.5869302137958854 0.26877470355731226 0.029850746268656716 0.007905138339920948
0 0.6284792254941509 0.2676453980801807 0.011294876966518758 0.006775832862789385
0 0.6613553852359823 0.26792772444946356 0.0463896732553449 0.007340485601355167
0 0.7160145219846712 0.2737154150197628 0.008874546187979023 0.018351214003387916
0 0.7317466720451795 0.2673630717108978 0.012101653892698669 0.007905138339920948
0 0.7478822105687777 0.27413890457368717 0.015328761597418314 0.01693958215697346
0 0.7670431625655506 0.27004517221908525 0.011698265429608713 0.00818746470920384
0 0.7843888664784188 0.26341050254093734 0.011698265429608713 0.01637492941840768
0 0.7970956030657523 0.27032749858836813 0.009681323114158934 0.005364201016374929
0 0.8134328358208955 0.26665725578769056 0.01653892698668818 0.017786561264822136
0 0.8344090359015732 0.27865612648221344 0.01573215006050827 0.019762845849802372
0 0.8465106897942719 0.26242236024844723 0.0028237192416296895 0.003105590062111801
0 0.8551835417507059 0.27216261998870694 0.005647438483259379 0.009034443817052512
0 0.8697055264219443 0.2648221343873518 0.008067769261799113 0.023150762281197064
0 0.19302137958854376 0.3157820440429136 0.02379991932230738 0.007058159232072276
0 0.21661960467930616 0.3125352907961604 0.017749092375958047 0.015245623941276116
0 0.2710770471964502 0.32495765104460755 0.01371520774505849 0.017504234895539244
0 0.2880193626462283 0.3186053077357425 0.012101653892698669 0.00818746470920384
0 0.30576845502218636 0.3170525127046866 0.01936264622831787 0.00846979107848673
0 0.34872932634126663 0.3176171654432524 0.012505042355788625 0.006775832862789385
0 0.3783783783783784 0.31747600225861095 0.03630496167809601 0.007622811970638058
0 0.44352561516740624 0.3111236589497459 0.03428801936264623 0.020892151326933936
0 0.49939491730536506 0.31281761716544326 0.06131504638967326 0.020327498588368152
0 0.545986284792255 0.32298136645962733 0.002016942315449778 0.001129305477131564
0 0.5901573215006051 0.3123941276115189 0.021782977006857603 0.018351214003387916
0 0.600847115772489 0.31846414455110106 0.01008471157724889 0.006775832862789385
0 0.6175877369907221 0.3176171654432524 0.01290843081887858 0.004517221908526256
0 0.6597418313836224 0.3190287972896669 0.02218636546994756 0.007340485601355167
0 0.6865671641791045 0.3123941276115189 0.021782977006857603 0.018351214003387916
0 0.7496974586526826 0.3135234330886505 0.03993545784590561 0.020045172219085264
0 0.8215006050826946 0.3135234330886505 0.038321903993545785 0.017786561264822136
0 0.18394513916901978 0.3684359119141728 0.011294876966518758 0.007340485601355167
0 0.2626058894715611 0.36829474872953133 0.035498184751916094 0.007622811970638058
0 0.2902379991932231 0.3643421795595709 0.008471157724889069 0.014963297571993224
0 0.29810407422347723 0.36490683229813664 0.008874546187979023 0.017786561264822136
0 0.3160548608309802 0.36914172783738003 0.008471157724889069 0.001976284584980237
0 0.3412666397741025 0.3681535855448899 0.02016942315449778 0.009599096555618294
0 0.3654699475594998 0.36335403726708076 0.011294876966518758 0.020892151326933936
0 0.37777329568374346 0.36900056465273856 0.014925373134328358 0.006211180124223602
0 0.39774102460669625 0.36335403726708076 0.016135538523598225 0.018068887634105024
0 0.418313836224284 0.3609542631281762 0.016135538523598225 0.020609824957651044
0 0.4310205728116176 0.35841332580463015 0.0028237192416296895 0.001976284584980237
0 0.436466317063332 0.3674477696216827 0.00645421540943929 0.005364201016374929
0 0.45966115369100446 0.35968379446640314 0.024606696248487294 0.019762845849802372
0 0.48204921339249696 0.36264822134387353 0.017749092375958047 0.016657255787690572
0 0.5752319483662768 0.36363636363636365 0.09923356192012908 0.020892151326933936
0 0.6611536910044373 0.3709768492377188 0.02501008471157725 0.006211180124223602
0 0.6827349737797499 0.3681535855448899 0.01653892698668818 0.014116318464144552
0 0.7468737394110528 0.36462450592885376 0.0463896732553449 0.01948051948051948
0 0.8053650665590965 0.37224731789949184 0.018959257765227916 0.00818746470920384
0 0.8329971762807584 0.3725296442687747 0.02016942315449778 0.006493506493506494
0 0.8582089552238806 0.3687182382834557 0.007664380798709157 0.014116318464144552
0 0.8739411052843888 0.3675889328063241 0.025413473174667203 0.015810276679841896
0 0.18838241226300928 0.4181253529079616 0.026623638563937072 0.009599096555618294
0 0.21480435659540137 0.41360813099943533 0.018959257765227916 0.018633540372670808
0 0.27208551835417505 0.41304347826086957 0.02379991932230738 0.019198193111236588
0 0.3174667204517951 0.41854884246188595 0.009681323114158934 0.007058159232072276
0 0.3346107301331182 0.4140316205533597 0.0052440500201694235 0.01948051948051948
0 0.3656716417910448 0.42871259175607 0.014925373134328358 0.021739130434782608
0 0.3840258168616378 0.4213721061547149 0.01371520774505849 0.008752117447769622
0 0.4058087938684954 0.4209486166007905 0.028237192416296894 0.005081874647092038
0 0.45865268253327957 0.41741953698475437 0.03469140782573618 0.04319593450028233
0 0.48870512303348124 0.4097967250141163 0.012505042355788625 0.021739130434782608
0 0.5052440500201695 0.42108977978543194 0.002016942315449778 0.001411631846414455
0 0.5570794675272287 0.4161490683229814 0.017749092375958047 0.025974025974025976
0 0.5711980637353772 0.4126199887069452 0.00645421540943929 0.021174477696216828
0 0.5877369907220653 0.4129023150762281 0.022589753933037516 0.022303783173348392
0 0.6159741831383623 0.4199604743083004 0.02743041549011698 0.00818746470920384
0 0.6302944735780557 0.4302653867871259 0.00927793465106898 0.0220214568040655
0 0.645018152480839 0.410643704121965 0.01371520774505849 0.023433088650479956
0 0.6968535699878984 0.415725578769057 0.038321903993545785 0.018351214003387916
0 0.7613957240822913 0.4202428006775833 0.02218636546994756 0.00818746470920384
0 0.781363453005244 0.4215132693393563 0.008874546187979023 0.00564652738565782
0 0.8130294473578056 0.41699604743083 0.043969342476805166 0.01637492941840768
0 0.17305365066559097 0.4601919819311124 0.00645421540943929 0.006211180124223602
0 0.20814844695441712 0.4675324675324675 0.03146430012101654 0.006775832862789385
0 0.2291246470350948 0.46047430830039526 0.0024203307785397336 0.0016939582156973462
0 0.2434449374747882 0.46922642574816487 0.01734570391286809 0.004517221908526256
0 0.26421944332392094 0.4645680406549972 0.016942315449778138 0.014963297571993224
0 0.2898346107301331 0.4544042913608131 0.006857603872529245 0.004799548277809147
0 0.3471157724889068 0.4618859401468097 0.013311819281968536 0.019762845849802372
0 0.3612343686970553 0.4683794466403162 0.00927793465106898 0.006211180124223602
0 0.37333602258975396 0.46936758893280633 0.006857603872529245 0.007058159232072276
0 0.4225494150867285 0.47684923771880294 0.018152480839048003 0.020892151326933936
0 0.43384429205324726 0.46075663466967814 0.002016942315449778 0.00282326369282891
0 0.46147640177490923 0.4707792207792208 0.0500201694231545 0.00818746470920384
0 0.5324727712787414 0.4696499153020892 0.016135538523598225 0.00818746470920384
0 0.5441710367083501 0.461038961038961 0.005647438483259379 0.005081874647092038
0 0.5592981040742234 0.47035573122529645 0.02702702702702703 0.007340485601355167
0 0.6056877773295684 0.46386222473178995 0.018959257765227916 0.017504234895539244
0 0.6680112948769665 0.46725014116318464 0.04517950786607503 0.01693958215697346
0 0.7004840661557079 0.4673913043478261 0.018959257765227916 0.016657255787690572
0 0.7160145219846712 0.47360248447204967 0.009681323114158934 0.007622811970638058
0 0.7254941508672852 0.4738848108413326 0.008471157724889069 0.00818746470920384
0 0.16962484872932634 0.5189158667419537 0.008471157724889069 0.009034443817052512
0 0.19443323920935862 0.5183512140033879 0.029850746268656716 0.007905138339920948
0 0.2382008874546188 0.5138339920948617 0.0326744655102864 0.019762845849802372
0 0.28721258572004843 0.5176453980801807 0.050826946349334406 0.008752117447769622
0 0.3293666801129488 0.5249858836815359 0.019766034691407825 0.017786561264822136
0 0.39552238805970147 0.5190570299265952 0.0326744655102864 0.007622811970638058
0 0.42759177087535294 0.5290796160361377 0.01371520774505849 0.025409373235460192
0 0.47882210568777733 0.525974025974026 0.008067769261799113 0.01637492941840768
0 0.5 0.5139751552795031 0.024606696248487294 0.021174477696216828
0 0.518354175070593 0.5086109542631282 0.008067769261799113 0.002540937323546019
0 0.5308592174263816 0.5153867871259176 0.01936264622831787 0.018351214003387916
0 0.5534489713594192 0.5203274985883681 0.00645421540943929 0.005081874647092038
0 0.5738200887454619 0.5252682100508187 0.02218636546994756 0.022868435911914172
0 0.6157724889068172 0.5172219085262564 0.050423557886244454 0.0220214568040655
0 0.6811214199273901 0.5238565782044043 0.013311819281968536 0.005364201016374929
0 0.7057281161758774 0.5201863354037267 0.020572811617587738 0.016092603049124788
0 0.7599838644614764 0.5276679841897233 0.008067769261799113 0.020327498588368152
0 0.7777329568374345 0.5227272727272727 0.011294876966518758 0.008752117447769622
0 0.7954820492133925 0.5306324110671937 0.014521984671238403 0.021174477696216828
0 0.8150463896732554 0.5213156408808582 0.01008471157724889 0.00818746470920384
0 0.8315853166599435 0.514257481648786 0.012505042355788625 0.020045172219085264
0 0.845703912868092 0.5230095990965556 0.010891488503428802 0.006493506493506494
0 0.8662767244856797 0.5220214568040655 0.011698265429608713 0.002258610954263128
0 0.18293666801129488 0.5653585544889893 0.014925373134328358 0.017786561264822136
0 0.20814844695441712 0.5782044042913608 0.022589753933037516 0.019198193111236588
0 0.21863654699475596 0.5628176171654432 0.0024203307785397336 0.001411631846414455
0 0.23013311819281967 0.5715697346132129 0.007664380798709157 0.009316770186335404
0 0.24586526825332797 0.5662055335968379 0.00927793465106898 0.022868435911914172
0 0.26058894715611136 0.5708639186900056 0.014521984671238403 0.009034443817052512
0 0.28136345300524407 0.5790513833992095 0.003630496167809601 0.010728402032749858
0 0.3436869705526422 0.5714285714285714 0.05486083098023396 0.007905138339920948
0 0.3838241226300928 0.580180688876341 0.018959257765227916 0.017504234895539244
0 0.436264622831787 0.5707227555053642 0.01008471157724889 0.005928853754940711
0 0.454417103670835 0.5704404291360813 0.01573215006050827 0.031338226990400904
0 0.5108914885034288 0.5708639186900056 0.021379588543767647 0.012422360248447204
0 0.5340863251311012 0.5657820440429137 0.014521984671238403 0.0220214568040655
0 0.5621218233158531 0.5746753246753247 0.033481242436466316 0.006493506493506494
0 0.6234368697055265 0.5735460191981931 0.018959257765227916 0.007058159232072276
0 0.653892698668818 0.5728402032749859 0.03146430012101654 0.006775832862789385
0 0.6793061718434853 0.5697346132128741 0.008874546187979023 0.015245623941276116
0 0.6976603469140783 0.5690287972896668 0.024606696248487294 0.016092603049124788
0 0.7386042759177087 0.5691699604743083 0.015328761597418314 0.019762845849802372
0 0.7658329971762807 0.5678994918125353 0.022993142396127472 0.021739130434782608
0 0.8190802743041549 0.5693111236589498 0.024606696248487294 0.016092603049124788
0 0.18616377571601453 0.6228119706380576 0.010891488503428802 0.00846979107848673
0 0.2045179507866075 0.6149068322981367 0.009681323114158934 0.020892151326933936
0 0.22045179507866075 0.6202710333145116 0.007664380798709157 0.006211180124223602
0 0.23699072206534894 0.6150479954827781 0.01734570391286809 0.01948051948051948
0 0.2472771278741428 0.6112365894974591 0.004033884630899556 0.00282326369282891
0 0.25413473174667206 0.6216826651609261 0.00645421540943929 0.005081874647092038
0 0.2710770471964502 0.614059853190288 0.012101653892698669 0.020892151326933936
0 0.31807180314643 0.6199887069452287 0.0028237192416296895 0.005081874647092038
0 0.3307785397337636 0.612789384528515 0.022589753933037516 0.021174477696216828
0 0.3838241226300928 0.6199887069452287 0.022993142396127472 0.03613777526821005
0 0.417910447761194 0.6218238283455675 0.05163372327551432 0.00818746470920384
0 0.5032271077047197 0.6146245059288538 0.03509479628882614 0.020327498588368152
0 0.5734167002823719 0.6171654432523997 0.02864058087938685 0.01693958215697346
0 0.590560709963695 0.616600790513834 0.003227107704719645 0.002258610954263128
0 0.6095199677289229 0.6157538114059853 0.03146430012101654 0.02258610954263128
0 0.6296893908834207 0.6149068322981367 0.0024203307785397336 0.0016939582156973462
0 0.6438079870915692 0.6223884810841332 0.011294876966518758 0.004799548277809147
0 0.6930213795885438 0.6235177865612648 0.07583703106091166 0.015527950310559006
0 0.7523194836627672 0.6305759457933371 0.004033884630899556 0.006493506493506494
0 0.7970956030657523 0.6243647656691135 0.020976200080677694 0.004799548277809147
0 0.8249294070189592 0.6242236024844721 0.02581686163775716 0.006775832862789385
0 0.8519564340459863 0.6185770750988142 0.011294876966518758 0.018633540372670808
0 0.19402985074626866 0.6719367588932806 0.007260992335619202 0.006775832862789385
0 0.21238402581686164 0.6686900056465274 0.014925373134328358 0.031338226990400904
0 0.27410246066962485 0.668266516092603 0.019766034691407825 0.007905138339920948
0 0.29487696651875756 0.669819311123659 0.008874546187979023 0.009316770186335404
0 0.35720048406615573 0.6715132693393563 0.008471157724889069 0.007058159232072276
0 0.37898346107301334 0.6688311688311688 0.02218636546994756 0.018068887634105024
0 0.4062121823315853 0.6647374364765669 0.01290843081887858 0.01948051948051948
0 0.41528842275110933 0.6573969508752118 0.0028237192416296895 0.001976284584980237
0 0.42860024203307784 0.6716544325239977 0.014925373134328358 0.002258610954263128
0 0.44594594594594594 0.6705251270468662 0.014118596208148447 0.007340485601355167
0 0.4701492537313433 0.6645962732919255 0.022993142396127472 0.019198193111236588
0 0.49072206534893104 0.6643139469226426 0.008471157724889069 0.020892151326933936
0 0.5010084711577248 0.682523997741389 0.02581686163775716 0.02456239412761152
0 0.5613150463896732 0.6795595708639187 0.011698265429608713 0.02258610954263128
0 0.5766438079870916 0.6717955957086392 0.010891488503428802 0.010446075663466968
0 0.6153691004437273 0.6726425748164878 0.01008471157724889 0.006493506493506494
0 0.6335215812827754 0.672077922077922 0.01573215006050827 0.005928853754940711
0 0.6811214199273901 0.6730660643704122 0.018959257765227916 0.007340485601355167
0 0.7069382815651473 0.6741953698475438 0.02218636546994756 0.007905138339920948
0 0.7208551835417507 0.6630434782608695 0.0024203307785397336 0.003105590062111801
0 0.7339653085921742 0.6870412196499153 0.021379588543767647 0.029079616036137776
0 0.7771278741427995 0.6709486166007905 0.004437273093989512 0.007058159232072276
0 0.7920532472771279 0.6651609260304913 0.01734570391286809 0.023150762281197064
0 0.8116175877369908 0.677442123094297 0.0024203307785397336 0.001411631846414455
