0 0.18797902379991932 0.21823828345567475 0.07018959257765228 0.026538678712591756
0 0.25978217022993144 0.22473178994918125 0.04679306171843485 0.01129305477131564
0 0.33501411859620817 0.2274138904573687 0.06494554255748286 0.012140033879164314
0 0.4164985881403792 0.2295313382269904 0.06736587333602259 0.026538678712591756
0 0.5110931827349737 0.22924901185770752 0.11214199273900767 0.044042913608131
0 0.6085114965711981 0.23249576510446077 0.052843888664784185 0.023433088650479956
0 0.7293263412666398 0.22162619988706944 0.15732150060508268 0.018633540372670808
0 0.8602258975393303 0.22063805759457933 0.06575231948366277 0.021174477696216828
0 0.15933844292053248 0.2800677583286279 0.03065752319483663 0.023150762281197064
0 0.2063331988705123 0.27442123094297005 0.06413876563130294 0.02258610954263128
0 0.17870108914885036 0.2639751552795031 0.0016135538523598225 0.0016939582156973462
0 0.2882210568777733 0.27865612648221344 0.035901573215006054 0.039525691699604744
0 0.3370310609116579 0.2732919254658385 0.045582896329164985 0.020327498588368152
0 0.36708350141185964 0.2766798418972332 0.01371520774505849 0.007340485601355167
0 0.36304961678096004 0.26905702992659514 0.004840661557079467 0.00564652738565782
0 0.40197660346914077 0.2824675324675325 0.004437273093989512 0.005364201016374929
0 0.4058087938684954 0.2826086956521739 0.004840661557079467 0.005081874647092038
0 0.4530052440500202 0.2715979672501412 0.08148446954417103 0.019762845849802372
0 0.4844695441710367 0.26566911349520045 0.0024203307785397336 0.0016939582156973462
0 0.5078660750302542 0.26538678712591757 0.003227107704719645 0.00564652738565782
0 0.509883017345704 0.2670807453416149 0.004840661557079467 0.004517221908526256
0 0.5409439290036305 0.2795031055900621 0.03227107704719645 0.037267080745341616
0 0.5903590157321501 0.27315076228119706 0.051230334812424366 0.021174477696216828
0 0.68152480839048 0.2745623941276115 0.11254538120209762 0.0189158667419537
0 0.8239209358612344 0.27343308865047994 0.15046389673255345 0.027385657820440428
0 0.9037918515530455 0.2769621682665161 0.010891488503428802 0.007340485601355167
0 0.917507059298104 0.28049124788255225 0.002016942315449778 0.001411631846414455
0 0.9227511093182735 0.27004517221908525 0.007664380798709157 0.014963297571993224
0 0.1619604679306172 0.31493506493506496 0.019766034691407825 0.006493506493506494
0 0.17708753529649052 0.3219932241671372 0.045986284792254944 0.020609824957651044
0 0.25030254134731744 0.32622811970638055 0.07946752722872126 0.029644268774703556
0 0.2936668011294877 0.3188876341050254 0.0024203307785397336 0.003105590062111801
0 0.3239209358612344 0.32495765104460755 0.060508269463493344 0.015810276679841896
0 0.32029043969342474 0.3188876341050254 0.005647438483259379 0.005928853754940711
0 0.41427995159338443 0.3210050818746471 0.08390480032271078 0.020892151326933936
0 0.49314239612747074 0.3272162619988707 0.038321903993545785 0.010728402032749858
0 0.5711980637353772 0.32580463015245625 0.10810810810810811 0.015810276679841896
0 0.6746672045179508 0.3245341614906832 0.07785397337636143 0.01383399209486166
0 0.7420330778539733 0.32241671372106157 0.056070996369503835 0.019762845849802372
0 0.8031464300121016 0.33046301524562394 0.0645421540943929 0.03698475437605872
0 0.8844292053247277 0.325098814229249 0.0754336425978217 0.017221908526256352
0 0.9138765631302945 0.34076792772444947 0.006857603872529245 0.006211180124223602
0 0.16559096409842677 0.37704686617730093 0.035901573215006054 0.013269339356295878
0 0.20028237192416296 0.37422360248447206 0.038321903993545785 0.020609824957651044
0 0.1863654699475595 0.367871259175607 0.004033884630899556 0.005081874647092038
0 0.2644211375554659 0.37337662337662336 0.056070996369503835 0.021739130434782608
0 0.3537716821298911 0.37295313382269907 0.07987091569181122 0.01693958215697346
0 0.40197660346914077 0.378317334839074 0.021379588543767647 0.007905138339920948
0 0.39572408229124645 0.36801242236024845 0.003227107704719645 0.001976284584980237
0 0.47398144413069787 0.37972896668548844 0.08955223880597014 0.028797289666854884
0 0.5221863654699476 0.38608130999435347 0.002016942315449778 0.004234895539243365
0 0.5566760790641387 0.3804347826086957 0.03227107704719645 0.008752117447769622
0 0.5564743848325938 0.3705533596837945 0.003630496167809601 0.005928853754940711
0 0.6345300524405002 0.3865047995482778 0.08148446954417103 0.024280067758328628
0 0.6187979023799919 0.3695652173913043 0.0024203307785397336 0.0016939582156973462
0 0.6427995159338443 0.3695652173913043 0.002016942315449778 0.00282326369282891
0 0.6847519160951997 0.37761151891586675 0.00927793465106898 0.008752117447769622
0 0.7315449778136345 0.37224731789949184 0.06897942718838242 0.01948051948051948
0 0.7977006857603872 0.37704686617730093 0.038321903993545785 0.011575381140598532
0 0.8285599031867689 0.3747882552230378 0.022589753933037516 0.014963297571993224
0 0.9126663977410246 0.378317334839074 0.118192819685357 0.020892151326933936
0 0.9300121016538927 0.37323546019198195 0.002016942315449778 0.0033879164313946925
0 0.1645824929407019 0.4322416713721062 0.03146430012101654 0.020892151326933936
0 0.1827349737797499 0.4193958215697346 0.0024203307785397336 0.001976284584980237
0 0.21782977006857604 0.42419536984754375 0.07018959257765228 0.018351214003387916
0 0.2845905607099637 0.42758328627893843 0.02702702702702703 0.03190287972896669
0 0.3402581686163776 0.42320722755505363 0.0536506655909641 0.020327498588368152
0 0.4344493747478822 0.42080745341614906 0.08471157724889068 0.0189158667419537
0 0.46793061718434853 0.4181253529079616 0.004033884630899556 0.00282326369282891
0 0.5161355385235982 0.4277244494635799 0.0326744655102864 0.028797289666854884
0 0.5756353368293666 0.42518351214003386 0.07341670028237192 0.019198193111236588
0 0.6845502218636547 0.42758328627893843 0.09923356192012908 0.014398644833427442
0 0.754336425978217 0.4265951439864483 0.033884630899556276 0.014680971202710334
0 0.7422347720855184 0.4233483907396951 0.003227107704719645 0.0036702428006775835
0 0.8668818071803146 0.4264539808018069 0.16780960064542155 0.025691699604743084
0 0.16478418717224688 0.4767080745341615 0.02944735780556676 0.01101072840203275
0 0.2702702702702703 0.4733201581027668 0.13392496974586526 0.022868435911914172
0 0.290843081887858 0.47148503670242803 0.0024203307785397336 0.002258610954263128
0 0.3656716417910448 0.4784020327498588 0.014925373134328358 0.007058159232072276
0 0.40863251311012505 0.47557876905702995 0.06696248487293263 0.0189158667419537
0 0.41306978620411455 0.4707792207792208 0.0024203307785397336 0.002540937323546019
0 0.4465510286405809 0.48546019198193113 0.005647438483259379 0.007058159232072276
0 0.5582896329164986 0.48461321287408243 0.1791044776119403 0.032467532467532464
0 0.6020572811617588 0.4710615471485037 0.002016942315449778 0.002540937323546019
0 0.6530859217426381 0.48771880293619424 0.00645421540943929 0.009316770186335404
0 0.7063331988705123 0.4743083003952569 0.055667607906413875 0.018068887634105024
0 0.8317870108914885 0.47360248447204967 0.15328761597418314 0.023433088650479956
0 0.8626462283178701 0.4731789949181254 0.002016942315449778 0.0016939582156973462
0 0.9380798709156918 0.48009599096555616 0.02944735780556676 0.027385657820440428
0 0.18293666801129488 0.5365612648221344 0.0681726502622025 0.027950310559006212
0 0.25534489713594194 0.5269621682665161 0.04033884630899556 0.009881422924901186
0 0.2855990318676886 0.5232919254658385 0.01855586930213796 0.016092603049124788
0 0.32311415893505446 0.5279503105590062 0.03146430012101654 0.009034443817052512
0 0.36809197256958454 0.5292207792207793 0.02944735780556676 0.007622811970638058
0 0.39108511496571197 0.5334556747600225 0.002016942315449778 0.001976284584980237
0 0.4312222670431626 0.5235742518351214 0.03711173860427592 0.01948051948051948
0 0.4774102460669625 0.5224449463579899 0.06655909640984267 0.021174477696216828
0 0.5469947559499798 0.5237154150197628 0.05163372327551432 0.019762845849802372
0 0.6615570794675272 0.5317617165443252 0.15248083904800322 0.034161490683229816
0 0.7767244856797095 0.532608695652174 0.04235578862444534 0.03020892151326934
0 0.8265429608713191 0.5289384528514963 0.022589753933037516 0.01383399209486166
0 0.8759580475998386 0.5320440429136082 0.035901573215006054 0.007622811970638058
0 0.872932634126664 0.5235742518351214 0.003227107704719645 0.002540937323546019
0 0.9205324727712787 0.528514963297572 0.03307785397337636 0.01637492941840768
0 0.9195240016135539 0.5242800677583286 0.0052440500201694235 0.004517221908526256
0 0.191004437273094 0.5745341614906833 0.07946752722872126 0.0220214568040655
0 0.24203307785397338 0.5770750988142292 0.02743041549011698 0.010728402032749858
0 0.2373941105284389 0.5680406549971767 0.0028237192416296895 0.002258610954263128
0 0.30597014925373134 0.5780632411067194 0.033481242436466316 0.037549407114624504
0 0.34308188785800725 0.5844155844155844 0.004437273093989512 0.005081874647092038
0 0.3467123840258169 0.5848390739695087 0.0028237192416296895 0.003105590062111801
0 0.3993545784590561 0.5769339356295878 0.09116579265832997 0.016092603049124788
0 0.4070189592577652 0.5667701863354038 0.003227107704719645 0.002540937323546019
0 0.44937474788221055 0.5676171654432524 0.003227107704719645 0.004234895539243365
0 0.4519967728922953 0.5691699604743083 0.003630496167809601 0.00564652738565782
0 0.46107301331181927 0.5748164878599661 0.009681323114158934 0.01355166572557877
0 0.45784590560709965 0.5866741953698476 0.0024203307785397336 0.0016939582156973462
0 0.5322710770471965 0.5743929983060417 0.0463896732553449 0.016657255787690572
0 0.6050826946349335 0.5739695087521175 0.0782573618394514 0.0220214568040655
0 0.682533279548205 0.5899209486166008 0.0500201694231545 0.0251270468661773
0 0.7924566357402179 0.5762281197063805 0.13513513513513514 0.017504234895539244
0 0.7918515530455829 0.572557876905703 0.0016135538523598225 0.002258610954263128
0 0.9025816861637758 0.5807453416149069 0.051230334812424366 0.009599096555618294
0 0.9433239209358613 0.5789102202145681 0.02944735780556676 0.014963297571993224
0 0.9350544574425171 0.5721343873517787 0.004033884630899556 0.003105590062111801
0 0.1708350141185962 0.6300112930547713 0.027833803953206938 0.03472614342179559
0 0.2210568777732957 0.6298701298701299 0.041145623235175476 0.009034443817052512
0 0.2644211375554659 0.626764539808018 0.043162565550625254 0.015245623941276116
0 0.245461879790238 0.6194240542066629 0.003630496167809601 0.0033879164313946925
0 0.34045986284792257 0.6243647656691135 0.06938281565147236 0.022303783173348392
0 0.36042759177087536 0.6175889328063241 0.0052440500201694235 0.004234895539243365
0 0.40923759580476 0.6297289666854884 0.024606696248487294 0.015527950310559006
0 0.46228317870108915 0.6283173348390739 0.050826946349334406 0.018351214003387916
0 0.5605082694634933 0.6277526821005082 0.0899556272690601 0.016657255787690572
0 0.6456232351754739 0.632128740824393 0.038321903993545785 0.03670242800677583
0 0.7285195643404598 0.626764539808018 0.10568777732956837 0.01637492941840768
0 0.8065752319483662 0.6350931677018633 0.0028237192416296895 0.001976284584980237
0 0.8144413069786204 0.6208356860530774 0.01290843081887858 0.014116318464144552
