0 0.1718434852763211 0.21922642574816487 0.060508269463493344 0.022303783173348392
0 0.2599838644614764 0.22939017504234896 0.08834207341670028 0.039243365330321855
0 0.3989511899959661 0.22162619988706944 0.14764017749092376 0.023150762281197064
0 0.5387252924566357 0.22571993224167136 0.07624041952400161 0.017221908526256352
0 0.6688180718031465 0.22939017504234896 0.16377571601452198 0.029079616036137776
0 0.7926583299717628 0.22995482778091475 0.04759983864461476 0.028514963297571992
0 0.17849939491730538 0.27315076228119706 0.06010488100040339 0.022868435911914172
0 0.3444937474788221 0.2787972896668549 0.1863654699475595 0.03698475437605872
0 0.4517950786607503 0.28613777526821005 0.008067769261799113 0.007622811970638058
0 0.5312626058894716 0.27343308865047994 0.08955223880597014 0.022868435911914172
0 0.6113352158128278 0.2766798418972332 0.04477611940298507 0.017504234895539244
0 0.7067365873336022 0.274703557312253 0.11617587736990723 0.019762845849802372
0 0.7708753529649052 0.2868435911914173 0.007260992335619202 0.00564652738565782
0 0.8223073820088745 0.2789384528514963 0.0681726502622025 0.018068887634105024
0 0.8565954013715208 0.2862789384528515 0.0060508269463493344 0.006775832862789385
0 0.21661960467930616 0.3255223037831734 0.13231141589350545 0.033314511575381144
0 0.3338039532069383 0.32396950875211744 0.07704719645018153 0.021739130434782608
0 0.39128680919725695 0.33328627893845286 0.060508269463493344 0.04319593450028233
0 0.4651068979427188 0.3306041784302654 0.041145623235175476 0.007905138339920948
0 0.5790641387656313 0.3370976849237719 0.14965711980637353 0.038396386222473176
0 0.7557482855990318 0.3306041784302654 0.1553045582896329 0.00846979107848673
0 0.17668414683340056 0.3774703557312253 0.04517950786607503 0.025974025974025976
0 0.2117789431222267 0.37450592885375494 0.03630496167809601 0.020045172219085264
0 0.30576845502218636 0.3784584980237154 0.13150463896732553 0.026256352343308864
0 0.43041549011698266 0.3805759457933371 0.05163372327551432 0.029361942405420668
0 0.4856797095603066 0.38114059853190285 0.06131504638967326 0.009034443817052512
0 0.5822912464703509 0.37676453980801805 0.07301331181928197 0.015527950310559006
0 0.6674062121823315 0.38170525127046867 0.09883017345703912 0.006775832862789385
0 0.790439693424768 0.3865047995482778 0.118192819685357 0.03387916431394692
0 0.17265026220250101 0.43195934500282324 0.03711173860427592 0.009034443817052512
0 0.27289229528035497 0.43252399774138905 0.1189995966115369 0.03387916431394692
0 0.372932634126664 0.42730095990965555 0.038321903993545785 0.016657255787690572
0 0.4937474788221057 0.42617165443252397 0.1653892698668818 0.0189158667419537
0 0.6226300927793466 0.42631281761716544 0.0754336425978217 0.020892151326933936
0 0.6849536103267446 0.42617165443252397 0.07099636950383219 0.018351214003387916
0 0.7474788221056877 0.43280632411067194 0.02016942315449778 0.007340485601355167
0 0.817466720451795 0.4364765669113495 0.0891488503428802 0.03274985883681536
0 0.20048406615570794 0.4767080745341615 0.10084711577248891 0.022303783173348392
0 0.30052440500201694 0.4826369282891022 0.04437273093989512 0.006493506493506494
0 0.3672851956434046 0.4762845849802372 0.043969342476805166 0.0220214568040655
0 0.44332392093586126 0.4808018068887634 0.09197256958450989 0.03274985883681536
0 0.526825332795482 0.4813664596273292 0.05647438483259379 0.03274985883681536
0 0.5659540137152077 0.47699040090344436 0.055667607906413875 0.0189158667419537
0 0.6811214199273901 0.4785431959345003 0.16498588140379186 0.018068887634105024
0 0.7843888664784188 0.4826369282891022 0.07301331181928197 0.03472614342179559
0 0.2319483662767245 0.5273856578204404 0.15974183138362244 0.021456804065499716
0 0.3799919322307382 0.5269621682665161 0.10810810810810811 0.01948051948051948
0 0.517345703912868 0.5269621682665161 0.1254538120209762 0.020609824957651044
0 0.6686163775716014 0.544042913608131 0.16256555062525213 0.044607566346696784
0 0.7851956434045986 0.5410784867306606 0.10931827349737798 0.025691699604743084
0 0.18313836224283986 0.5790513833992095 0.06615570794675273 0.015245623941276116
0 0.27047196450181527 0.5849802371541502 0.09560306575231949 0.007340485601355167
0 0.3574021782977007 0.5851214003387917 0.06615570794675273 0.027950310559006212
0 0.42940701895925776 0.5835686053077357 0.06575231948366277 0.02710333145115754
0 0.4963695038321904 0.573828345567476 0.003630496167809601 0.001976284584980237
0 0.5756353368293666 0.5798983625070582 0.19846712384025816 0.020327498588368152
0 0.7111738604275918 0.580180688876341 0.07099636950383219 0.014116318464144552
0 0.7807583703106091 0.5832862789384529 0.07704719645018153 0.009034443817052512
0 0.2319483662767245 0.6342461885940147 0.16780960064542155 0.03359683794466403
0 0.40742234772085517 0.6350931677018633 0.16942315449778136 0.022303783173348392
0 0.545179507866075 0.6325522303783173 0.06494554255748286 0.03020892151326934
0 0.6504638967325534 0.6350931677018633 0.18596208148446955 0.03472614342179559
0 0.7964905203711173 0.6312817617165444 0.07624041952400161 0.02766798418972332
0 0.20713997579669222 0.682806324110672 0.10044372730939895 0.029644268774703556
0 0.2734973779749899 0.6901468097120271 0.008067769261799113 0.007622811970638058
0 0.3483259378781767 0.6798418972332015 0.11496571198063735 0.019198193111236588
0 0.46793061718434853 0.6801242236024845 0.0782573618394514 0.014680971202710334
0 0.6317063331988705 0.6802653867871259 0.25413473174667206 0.017786561264822136
0 0.7962888261395724 0.6801242236024845 0.11698265429608713 0.018633540372670808
0 0.16377571601452198 0.730660643704122 0.05808793868495361 0.024844720496894408
0 0.25534489713594194 0.7295313382269905 0.10165389269866881 0.020327498588368152
0 0.3828156514723679 0.7299548277809147 0.09035901573215006 0.023433088650479956
0 0.47882210568777733 0.735742518351214 0.06696248487293263 0.007905138339920948
0 0.6127470754336426 0.7326369282891022 0.14521984671238403 0.018068887634105024
0 0.6887858007260992 0.7385657820440429 0.0060508269463493344 0.002258610954263128
