0 0.16397741024606696 0.21725014116318464 0.035901573215006054 0.029644268774703556
0 0.15611133521581283 0.22035573122529645 0.01290843081887858 0.027385657820440428
0 0.21157724889068172 0.2180971202710333 0.03428801936264623 0.031338226990400904
0 0.24062121823315852 0.21964991530208922 0.018959257765227916 0.028797289666854884
0 0.2682533279548205 0.21894409937888198 0.02016942315449778 0.028514963297571992
0 0.2827753126260589 0.22967250141163184 0.03711173860427592 0.010446075663466968
0 0.30879386849536106 0.22939017504234896 0.014118596208148447 0.008752117447769622
0 0.32573618394513915 0.2183794466403162 0.011698265429608713 0.031338226990400904
0 0.3323920935861234 0.237012987012987 0.004840661557079467 0.008752117447769622
0 0.3555869302137959 0.21795595708639187 0.018959257765227916 0.029926595143986448
0 0.3745461879790238 0.22981366459627328 0.02864058087938685 0.011857707509881422
0 0.39753933037515127 0.23094297007340486 0.01734570391286809 0.009599096555618294
0 0.39209358612343687 0.21725014116318464 0.0016135538523598225 0.0008469791078486731
0 0.4100443727309399 0.23687182382834557 0.014118596208148447 0.020327498588368152
0 0.4114562323517547 0.2289666854884246 0.005647438483259379 0.007340485601355167
0 0.43586123436869706 0.22981366459627328 0.013311819281968536 0.010163749294184076
0 0.4519967728922953 0.21908526256352343 0.019766034691407825 0.030491247882552232
0 0.47398144413069787 0.22063805759457933 0.02016942315449778 0.029079616036137776
0 0.49213392496974584 0.2289666854884246 0.009681323114158934 0.00846979107848673
0 0.49072206534893104 0.21823828345567475 0.0012101653892698668 0.0016939582156973462
0 0.5048406615570795 0.22035573122529645 0.018152480839048003 0.026256352343308864
0 0.5387252924566357 0.22063805759457933 0.03509479628882614 0.028514963297571992
0 0.572609923356192 0.22981366459627328 0.020572811617587738 0.010728402032749858
0 0.5958047599838645 0.23404856013551667 0.03791851553045583 0.019762845849802372
0 0.6238402581686163 0.21908526256352343 0.013311819281968536 0.02766798418972332
0 0.6494554255748286 0.2279785431959345 0.023396530859217425 0.011575381140598532
0 0.6837434449374747 0.2080745341614907 0.007260992335619202 0.00564652738565782
0 0.7037111738604276 0.21033314511575382 0.024606696248487294 0.014116318464144552
0 0.7018959257765228 0.21936758893280633 0.01371520774505849 0.028232636928289104
0 0.7137958854376765 0.2204968944099379 0.02218636546994756 0.028232636928289104
0 0.7523194836627672 0.22106154714850368 0.03953206938281565 0.025409373235460192
0 0.7876159741831383 0.22134387351778656 0.02864058087938685 0.02766798418972332
0 0.8265429608713191 0.23207227555053642 0.026623638563937072 0.009599096555618294
0 0.8436869705526422 0.23362507058159232 0.0060508269463493344 0.00818746470920384
0 0.854780153287616 0.22473178994918125 0.012101653892698669 0.024844720496894408
0 0.1500605082694635 0.26877470355731226 0.011294876966518758 0.02710333145115754
0 0.15832997176280758 0.26877470355731226 0.012505042355788625 0.029926595143986448
0 0.1680112948769665 0.27625635234330886 0.008471157724889069 0.010446075663466968
0 0.1952400161355385 0.26750423489553926 0.04679306171843485 0.03077357425183512
0 0.20976200080677693 0.27865612648221344 0.004840661557079467 0.00846979107848673
0 0.22710770471964503 0.2790796160361378 0.008874546187979023 0.009881422924901186
0 0.23678902783380396 0.27625635234330886 0.024203307785397338 0.03980801806888763
0 0.2624041952400161 0.27004517221908525 0.025413473174667203 0.029079616036137776
0 0.28378378378378377 0.2707509881422925 0.01573215006050827 0.028232636928289104
0 0.2989108511496571 0.2803500846979108 0.02016942315449778 0.009599096555618294
0 0.3217022993142396 0.2704686617730096 0.018959257765227916 0.028797289666854884
0 0.3612343686970553 0.27216261998870694 0.03670835014118596 0.026538678712591756
0 0.39511899959661156 0.269339356295878 0.030254134731746672 0.03274985883681536
0 0.4156918112141993 0.28077357425183513 0.012505042355788625 0.007058159232072276
0 0.43283582089552236 0.2595990965556183 0.004033884630899556 0.009316770186335404
0 0.43787817668414686 0.26129305477131565 0.0028237192416296895 0.005364201016374929
0 0.4310205728116176 0.2899491812535291 0.003630496167809601 0.006211180124223602
0 0.4592577652279145 0.2790796160361378 0.026220250100847116 0.009316770186335404
0 0.47761194029850745 0.27936194240542067 0.00645421540943929 0.007622811970638058
0 0.4858814037918516 0.2704686617730096 0.01008471157724889 0.025974025974025976
0 0.5199677289229528 0.27089215132693395 0.021782977006857603 0.029079616036137776
0 0.5326744655102864 0.2795031055900621 0.0052440500201694235 0.009034443817052512
0 0.5433642597821702 0.2802089215132693 0.02016942315449778 0.009316770186335404
0 0.5558693021379588 0.2881140598531903 0.016942315449778138 0.021739130434782608
0 0.5590964098426785 0.27964426877470355 0.008067769261799113 0.009881422924901186
0 0.5847115772488907 0.2811970638057595 0.01734570391286809 0.011857707509881422
0 0.5986284792254941 0.28063241106719367 0.010488100040338847 0.009599096555618294
0 0.6187979023799919 0.27032749858836813 0.02016942315449778 0.03303218520609825
0 0.6306978620411456 0.28176171654432525 0.014118596208148447 0.007905138339920948
0 0.6460266236385639 0.274703557312253 0.031060911657926585 0.040654997176736304
0 0.663775716014522 0.27936194240542067 0.00927793465106898 0.009316770186335404
0 0.6776926179911255 0.27103331451157536 0.01936264622831787 0.026538678712591756
0 0.7162162162162162 0.2704686617730096 0.0326744655102864 0.031055900621118012
0 0.7297297297297297 0.27964426877470355 0.008874546187979023 0.009316770186335404
0 0.7343686970552642 0.279785431959345 0.0052440500201694235 0.009034443817052512
0 0.7460669624848729 0.27117447769621683 0.01734570391286809 0.026256352343308864
0 0.781565147236789 0.27216261998870694 0.03751512706736587 0.028797289666854884
0 0.8259378781766842 0.2831733483907397 0.02702702702702703 0.009599096555618294
0 0.8459056070996369 0.2824675324675325 0.01290843081887858 0.008752117447769622
0 0.8656716417910447 0.2714568040654997 0.02581686163775716 0.029644268774703556
0 0.8842275110931828 0.283596837944664 0.01290843081887858 0.007058159232072276
0 0.14743848325937878 0.33046301524562394 0.014118596208148447 0.012704686617730096
0 0.16478418717224688 0.32919254658385094 0.019766034691407825 0.01129305477131564
0 0.18495361032674465 0.3284867306606437 0.018959257765227916 0.010446075663466968
0 0.17930617184348527 0.3166290231507623 0.002016942315449778 0.001411631846414455
0 0.20129084308188785 0.3207227555053642 0.016135538523598225 0.025974025974025976
0 0.24606696248487292 0.3297571993224167 0.03630496167809601 0.01129305477131564
0 0.28963291649858813 0.3300395256916996 0.010488100040338847 0.010728402032749858
0 0.30233965308592176 0.32481648785996614 0.026220250100847116 0.042631281761716544
0 0.35841064945542556 0.3310276679841897 0.056070996369503835 0.014398644833427442
0 0.3937071399757967 0.3308865047995483 0.008067769261799113 0.009599096555618294
0 0.40883420734167003 0.3243929983060418 0.021379588543767647 0.024280067758328628
0 0.43848325937878174 0.322557876905703 0.03469140782573618 0.028514963297571992
0 0.463493344090359 0.3219932241671372 0.01936264622831787 0.027950310559006212
0 0.4947559499798306 0.33229813664596275 0.027833803953206938 0.010728402032749858
0 0.4991932230738201 0.30872388481084134 0.0012101653892698668 0.0008469791078486731
0 0.5256151674062122 0.33667419536984755 0.04517950786607503 0.0189158667419537
0 0.5369100443727309 0.3306041784302654 0.003227107704719645 0.001129305477131564
0 0.563735377168213 0.3210050818746471 0.024606696248487294 0.029361942405420668
0 0.5665590964098427 0.3300395256916996 0.008471157724889069 0.009599096555618294
0 0.5796692214602662 0.33018068887634106 0.022589753933037516 0.008752117447769622
0 0.599838644614764 0.3310276679841897 0.016942315449778138 0.009316770186335404
0 0.6405808793868495 0.3201581027667984 0.01936264622831787 0.029926595143986448
0 0.6444130697862042 0.3294748729531338 0.013311819281968536 0.011857707509881422
0 0.6881807180314643 0.3234048560135517 0.03227107704719645 0.029079616036137776
0 0.727914481645825 0.3300395256916996 0.014118596208148447 0.010728402032749858
0 0.7466720451795079 0.3197346132128741 0.020976200080677694 0.03303218520609825
0 0.7795482049213392 0.33145115753811405 0.058491327148043566 0.009599096555618294
0 0.7617991125453812 0.31535855448898925 0.0012101653892698668 0.001129305477131564
0 0.8396530859217426 0.3234048560135517 0.038321903993545785 0.040372670807453416
0 0.15994352561516742 0.3681535855448899 0.026220250100847116 0.030491247882552232
0 0.1736587333602259 0.3685770750988142 0.025413473174667203 0.03020892151326934
0 0.1653892698668818 0.3725296442687747 0.0016135538523598225 0.0008469791078486731
0 0.172851956434046 0.37859966120835686 0.008471157724889069 0.00846979107848673
0 0.18212989108511496 0.3800112930547713 0.01653892698668818 0.00846979107848673
0 0.20713997579669222 0.38636363636363635 0.0463896732553449 0.021739130434782608
0 0.25433642597821704 0.3815640880858272 0.006857603872529245 0.008752117447769622
0 0.2672448567970956 0.3818464144551101 0.02218636546994756 0.009881422924901186
0 0.28136345300524407 0.3824110671936759 0.0060508269463493344 0.00818746470920384
0 0.29164985881403793 0.3709768492377188 0.012101653892698669 0.024844720496894408
0 0.3219039935457846 0.3784584980237154 0.016942315449778138 0.012704686617730096
0 0.3336022589753933 0.3791643139469226 0.00645421540943929 0.009599096555618294
0 0.345703912868092 0.37987012987012986 0.021782977006857603 0.008752117447769622
0 0.3709156918112142 0.3790231507622812 0.022993142396127472 0.009316770186335404
0 0.3937071399757967 0.36984754376058726 0.01936264622831787 0.028797289666854884
0 0.41306978620411455 0.3694240542066629 0.02016942315449778 0.029079616036137776
0 0.4550221863654699 0.37732919254658387 0.04195240016135539 0.036420101637492944
0 0.49616780960064544 0.37267080745341613 0.03711173860427592 0.02710333145115754
0 0.5467930617184349 0.370412196499153 0.038321903993545785 0.03162055335968379
0 0.5808793868495361 0.3804347826086957 0.028237192416296894 0.03811405985319029
0 0.6032674465510286 0.3880575945793337 0.0052440500201694235 0.00818746470920384
0 0.6308995562726906 0.3805759457933371 0.020976200080677694 0.010728402032749858
0 0.6476401774909237 0.37111801242236025 0.014118596208148447 0.026256352343308864
0 0.6672045179507866 0.3812817617165443 0.008067769261799113 0.010446075663466968
0 0.6805163372327552 0.3812817617165443 0.022589753933037516 0.008752117447769622
0 0.7226704316256555 0.383399209486166 0.021379588543767647 0.009034443817052512
0 0.745461879790238 0.3761998870694523 0.03146430012101654 0.040372670807453416
0 0.7307382008874547 0.3589779785431959 0.0012101653892698668 0.0008469791078486731
0 0.7763210972166196 0.3824110671936759 0.027833803953206938 0.00818746470920384
0 0.8100040338846309 0.37125917560700167 0.03307785397337636 0.030491247882552232
0 0.16397741024606696 0.4295595708639187 0.0391286809197257 0.01101072840203275
0 0.20108914885034287 0.4313946922642575 0.0326744655102864 0.00846979107848673
0 0.22246873739411052 0.41699604743083 0.0012101653892698668 0.0016939582156973462
0 0.23275514320290439 0.42292490118577075 0.021782977006857603 0.026538678712591756
0 0.24788221056877774 0.4308300395256917 0.01734570391286809 0.011857707509881422
0 0.27954820492133925 0.43153585544889894 0.024203307785397338 0.010446075663466968
0 0.3017345703912868 0.43690005646527386 0.03711173860427592 0.020609824957651044
0 0.32876159741831384 0.43125352907961606 0.014521984671238403 0.007622811970638058
0 0.34872932634126663 0.43125352907961606 0.02379991932230738 0.009881422924901186
0 0.37232755143202906 0.4225014116318464 0.017749092375958047 0.029644268774703556
0 0.3781766841468334 0.43125352907961606 0.01008471157724889 0.01101072840203275
0 0.3973376361436063 0.4213721061547149 0.021782977006857603 0.029644268774703556
0 0.41427995159338443 0.43153585544889894 0.01371520774505849 0.009316770186335404
0 0.4146833400564744 0.4137492941840768 0.003227107704719645 0.001976284584980237
0 0.42517144009681324 0.4311123658949746 0.010488100040338847 0.01129305477131564
0 0.45562726906010487 0.4323828345567476 0.011698265429608713 0.01101072840203275
0 0.46772892295280355 0.4265951439864483 0.02944735780556676 0.04178430265386787
0 0.49616780960064544 0.42320722755505363 0.022589753933037516 0.029361942405420668
0 0.5147236789027834 0.4244776962168266 0.01936264622831787 0.0251270468661773
0 0.536506655909641 0.43252399774138905 0.01936264622831787 0.010163749294184076
0 0.5415490116982654 0.4126199887069452 0.0012101653892698668 0.0008469791078486731
0 0.5744251714400969 0.4373235460191982 0.04437273093989512 0.020327498588368152
0 0.6105284388866479 0.42292490118577075 0.02218636546994756 0.02710333145115754
0 0.6300927793465106 0.43195934500282324 0.02501008471157725 0.010728402032749858
0 0.6200080677692618 0.41756070016939584 0.0024203307785397336 0.001129305477131564
0 0.6524808390480032 0.42405420666290233 0.02379991932230738 0.028232636928289104
0 0.6591367486889875 0.43266516092603047 0.023396530859217425 0.009316770186335404
0 0.6833400564743848 0.42970073404856013 0.01936264622831787 0.03500846979107849
0 0.7291246470350948 0.4302653867871259 0.0318676885841065 0.010163749294184076
0 0.718434852763211 0.4243365330321852 0.0016135538523598225 0.001129305477131564
0 0.7597821702299314 0.4313946922642575 0.02379991932230738 0.009034443817052512
0 0.7841871722468737 0.4321005081874647 0.02743041549011698 0.00818746470920384
0 0.8033481242436467 0.43195934500282324 0.008471157724889069 0.007905138339920948
0 0.8126260588947156 0.42391304347826086 0.01653892698668818 0.025691699604743084
0 0.8289632916498588 0.4309712027103331 0.017749092375958047 0.009881422924901186
0 0.8382412263009278 0.4322416713721062 0.007260992335619202 0.007340485601355167
0 0.8590157321500606 0.42405420666290233 0.0326744655102864 0.028232636928289104
0 0.15611133521581283 0.47007340485601357 0.03146430012101654 0.030491247882552232
0 0.21742638160548608 0.48009599096555616 0.02581686163775716 0.012140033879164314
0 0.24425171440096813 0.46852060982495763 0.02218636546994756 0.03303218520609825
0 0.24929407018959257 0.4774138904573687 0.03146430012101654 0.04009034443817053
0 0.2662363856393707 0.48221343873517786 0.028237192416296894 0.010163749294184076
0 0.31565147236789026 0.481931112365895 0.00927793465106898 0.009599096555618294
0 0.32755143202904397 0.475296442687747 0.02743041549011698 0.039243365330321855
0 0.36930213795885436 0.4710615471485037 0.031060911657926585 0.029644268774703556
0 0.3785800726099234 0.47995482778091475 0.01008471157724889 0.009599096555618294
0 0.39310205728116177 0.4709203839638622 0.02218636546994756 0.02766798418972332
0 0.43949173053650664 0.4847543760587239 0.033481242436466316 0.0220214568040655
0 0.4616780960064542 0.48023715415019763 0.01008471157724889 0.009034443817052512
0 0.4792254941508673 0.47586109542631283 0.04517950786607503 0.039243365330321855
0 0.5326744655102864 0.47063805759457933 0.020572811617587738 0.029361942405420668
0 0.5703912868091973 0.47939017504234893 0.02743041549011698 0.01129305477131564
0 0.6206131504638968 0.47967250141163187 0.07785397337636143 0.010728402032749858
0 0.6405808793868495 0.4668266516092603 0.0016135538523598225 0.001411631846414455
0 0.6974586526825333 0.4730378317334839 0.03711173860427592 0.03020892151326934
0 0.7394110528438886 0.4817899491812535 0.024203307785397338 0.009881422924901186
0 0.7684550221863655 0.48687182382834554 0.050826946349334406 0.020045172219085264
0 0.8071803146430012 0.4733201581027668 0.01855586930213796 0.028514963297571992
0 0.8344090359015732 0.4823546019198193 0.026220250100847116 0.009316770186335404
0 0.854578459056071 0.4813664596273292 0.007664380798709157 0.00846979107848673
0 0.8660750302541347 0.4731789949181254 0.01936264622831787 0.02710333145115754
0 0.15248083904800322 0.5293619424054207 0.005647438483259379 0.011857707509881422
0 0.1563130294473578 0.5094579333709769 0.0012101653892698668 0.0008469791078486731
0 0.16317063331988704 0.5200451722190853 0.014925373134328358 0.030491247882552232
0 0.1734570391286809 0.5286561264822134 0.016135538523598225 0.009316770186335404
0 0.23436869705526422 0.5316205533596838 0.03065752319483663 0.009599096555618294
0 0.26220250100847114 0.525691699604743 0.04195240016135539 0.03896103896103896
0 0.28519564340459863 0.5319028797289667 0.009681323114158934 0.009034443817052512
0 0.28620411456232353 0.5175042348955392 0.002016942315449778 0.001129305477131564
0 0.29487696651875756 0.5320440429136082 0.010488100040338847 0.009316770186335404
0 0.3138362242839855 0.5223037831733484 0.022589753933037516 0.028797289666854884
0 0.3372327551432029 0.5316205533596838 0.02501008471157725 0.009034443817052512
0 0.33198870512303347 0.5156691134952005 0.0016135538523598225 0.0008469791078486731
0 0.3358208955223881 0.5280914737436476 0.0012101653892698668 0.0008469791078486731
0 0.354376764824526 0.5331733483907397 0.014925373134328358 0.00818746470920384
0 0.38866478418717226 0.5327498588368154 0.012505042355788625 0.010728402032749858
0 0.4025816861637757 0.5337380011293055 0.02501008471157725 0.008752117447769622
0 0.42839854780153286 0.5238565782044043 0.021782977006857603 0.02456239412761152
0 0.4499798305768455 0.5238565782044043 0.01734570391286809 0.029079616036137776
0 0.4574425171440097 0.5331733483907397 0.01290843081887858 0.011575381140598532
0 0.5149253731343284 0.532608695652174 0.058491327148043566 0.011575381140598532
0 0.5496167809600645 0.5324675324675324 0.00927793465106898 0.009034443817052512
0 0.5500201694231545 0.51270468661773 0.0012101653892698668 0.002258610954263128
0 0.5655506252521177 0.5254093732354602 0.023396530859217425 0.024280067758328628
0 0.6187979023799919 0.5268210050818747 0.035498184751916094 0.029361942405420668
0 0.6603469140782574 0.5340203274985884 0.010488100040338847 0.009881422924901186
0 0.6643807987091569 0.5357142857142857 0.004840661557079467 0.007622811970638058
0 0.6661960467930618 0.5311970638057595 0.0012101653892698668 0.0008469791078486731
0 0.6744655102864058 0.5338791643139469 0.008874546187979023 0.009599096555618294
0 0.6906010488100041 0.5242800677583286 0.024203307785397338 0.028797289666854884
0 0.7107704719645018 0.5344438170525128 0.014521984671238403 0.009599096555618294
0 0.7133924969745865 0.5207509881422925 0.002016942315449778 0.0008469791078486731
0 0.7347720855183542 0.52343308865048 0.03509479628882614 0.030491247882552232
0 0.7622025010084712 0.5252682100508187 0.018959257765227916 0.026256352343308864
0 0.7789431222267044 0.5231507622811971 0.020976200080677694 0.029926595143986448
0 0.782371924162969 0.5382552230378317 0.022993142396127472 0.023433088650479956
0 0.8156514723678903 0.5320440429136082 0.012101653892698669 0.009316770186335404
0 0.8321903993545785 0.5237154150197628 0.03307785397337636 0.04009034443817053
0 0.15469947559499797 0.5808865047995483 0.008471157724889069 0.010446075663466968
0 0.1672045179507866 0.581733483907397 0.025413473174667203 0.010446075663466968
0 0.1964501815248084 0.5813099943534726 0.02581686163775716 0.01129305477131564
0 0.21581282775312627 0.5897797854319593 0.022589753933037516 0.0220214568040655
0 0.21399757966922145 0.5820158102766798 0.007664380798709157 0.008752117447769622
0 0.23981444130697863 0.5834274421230943 0.022993142396127472 0.009316770186335404
0 0.23215006050826947 0.571005081874647 0.0012101653892698668 0.0008469791078486731
0 0.2535296490520371 0.5911914172783738 0.019766034691407825 0.024844720496894408
0 0.28721258572004843 0.5806041784302653 0.008874546187979023 0.009316770186335404
0 0.291246470350948 0.5818746470920384 0.004033884630899556 0.009599096555618294
0 0.2928600242033078 0.5755223037831734 0.0016135538523598225 0.0008469791078486731
0 0.34772085518354173 0.5746753246753247 0.03953206938281565 0.03020892151326934
0 0.3935054457442517 0.5794748729531338 0.06171843485276321 0.037549407114624504
0 0.43586123436869706 0.5844155844155844 0.018959257765227916 0.010728402032749858
0 0.481444130697862 0.5827216261998871 0.02379991932230738 0.009599096555618294
0 0.527228721258572 0.5721343873517787 0.028237192416296894 0.026821005081874648
0 0.5359015732150061 0.5824392998306042 0.024606696248487294 0.01129305477131564
0 0.5496167809600645 0.5886504799548278 0.026220250100847116 0.020892151326933936
0 0.5657523194836628 0.5844155844155844 0.01008471157724889 0.009034443817052512
0 0.5750302541347317 0.5849802371541502 0.01653892698668818 0.00846979107848673
0 0.5885437676482452 0.5845567476002259 0.007260992335619202 0.007622811970638058
0 0.5919725695845098 0.5856860530773574 0.0060508269463493344 0.00818746470920384
0 0.6079064138765631 0.5762281197063805 0.02581686163775716 0.026538678712591756
0 0.6254538120209762 0.5844155844155844 0.024606696248487294 0.010728402032749858
0 0.6702299314239613 0.5780632411067194 0.0391286809197257 0.03811405985319029
0 0.7139975796692215 0.5835686053077357 0.008874546187979023 0.007905138339920948
0 0.7260992335619201 0.5845567476002259 0.023396530859217425 0.007622811970638058
0 0.7525211778943123 0.5739695087521175 0.024606696248487294 0.028232636928289104
0 0.1674062121823316 0.6242236024844721 0.024203307785397338 0.028232636928289104
0 0.18071803146430013 0.6324110671936759 0.012101653892698669 0.012422360248447204
0 0.20653489310205728 0.6374929418407679 0.042759177087535294 0.021456804065499716
0 0.22751109318273496 0.6348108413325805 0.005647438483259379 0.00818746470920384
0 0.22972972972972974 0.6300112930547713 0.0012101653892698668 0.0008469791078486731
0 0.2418313836224284 0.6250705815923208 0.020572811617587738 0.028797289666854884
0 0.2593787817668415 0.633399209486166 0.02016942315449778 0.009316770186335404
0 0.2559499798305768 0.6187182382834556 0.002016942315449778 0.001976284584980237
0 0.27511093182734975 0.6339638622247318 0.007260992335619202 0.007622811970638058
0 0.29164985881403793 0.6235177865612648 0.02743041549011698 0.029644268774703556
0 0.3219039935457846 0.6247882552230378 0.03227107704719645 0.032185206098249576
0 0.33884630899556273 0.6325522303783173 0.010488100040338847 0.009316770186335404
0 0.354578459056071 0.6242236024844721 0.01936264622831787 0.026538678712591756
0 0.3656716417910448 0.6173066064370413 0.002016942315449778 0.001411631846414455
0 0.37353771682129894 0.6335403726708074 0.014521984671238403 0.009034443817052512
0 0.39511899959661156 0.6250705815923208 0.020572811617587738 0.026538678712591756
0 0.41488503428801937 0.6335403726708074 0.018959257765227916 0.010728402032749858
0 0.4505849132714804 0.633681535855449 0.011294876966518758 0.01101072840203275
0 0.46127470754336425 0.6348108413325805 0.01573215006050827 0.00818746470920384
0 0.5157321500605083 0.6238001129305477 0.0318676885841065 0.029644268774703556
0 0.5411456232351755 0.6245059288537549 0.02218636546994756 0.025409373235460192
0 0.5425574828559904 0.6325522303783173 0.008874546187979023 0.008752117447769622
0 0.5830980233965308 0.6343873517786561 0.07624041952400161 0.010728402032749858
0 0.554457442517144 0.6218238283455675 0.0012101653892698668 0.0008469791078486731
0 0.5615167406212183 0.6112365894974591 0.0016135538523598225 0.001129305477131564
0 0.6304961678096006 0.6246470920383964 0.021782977006857603 0.026256352343308864
0 0.6351351351351351 0.6369282891022021 0.004437273093989512 0.00282326369282891
