0 0.14400968132311415 0.21033314511575382 0.0024203307785397336 0.003952569169960474
0 0.15248083904800322 0.20553359683794467 0.01936264622831787 0.025409373235460192
0 0.1563130294473578 0.2137210615471485 0.010891488503428802 0.01129305477131564
0 0.18676885841064947 0.21089779785431959 0.008874546187979023 0.002258610954263128
0 0.20814844695441712 0.21315640880858272 0.01290843081887858 0.011857707509881422
0 0.22831787010891488 0.21513269339356295 0.024203307785397338 0.010728402032749858
0 0.27228721258572003 0.2106154714850367 0.03469140782573618 0.017504234895539244
0 0.32412263009277936 0.21456804065499718 0.021379588543767647 0.01129305477131564
0 0.3412666397741025 0.21386222473178995 0.01371520774505849 0.01101072840203275
0 0.3553852359822509 0.20878035008469792 0.012101653892698669 0.017786561264822136
0 0.38241226300927794 0.21682665160926032 0.023396530859217425 0.020327498588368152
0 0.4102460669624849 0.22261434217955958 0.03630496167809601 0.03077357425183512
0 0.39955627269060107 0.21132128740824394 0.013311819281968536 0.009881422924901186
0 0.43929003630496166 0.21386222473178995 0.0016135538523598225 0.001411631846414455
0 0.4473578055667608 0.20115753811405984 0.012101653892698669 0.016657255787690572
0 0.4989915288422751 0.20666290231507622 0.028237192416296894 0.02766798418972332
0 0.5076643807987091 0.21089779785431959 0.008471157724889069 0.00846979107848673
0 0.5223880597014925 0.20920383963862224 0.009681323114158934 0.010728402032749858
0 0.5278338039532069 0.22416713721061546 0.0012101653892698668 0.001129305477131564
0 0.5346914078257362 0.21795595708639187 0.012505042355788625 0.010728402032749858
0 0.5673658733360226 0.20652173913043478 0.018152480839048003 0.016657255787690572
0 0.5851149657119806 0.2056747600225861 0.024606696248487294 0.018351214003387916
0 0.5966115369100444 0.22077922077922077 0.015328761597418314 0.0220214568040655
0 0.636345300524405 0.21047430830039526 0.012505042355788625 0.010446075663466968
0 0.6526825332795482 0.2111801242236025 0.01936264622831787 0.007905138339920948
0 0.6920129084308189 0.21259175607001693 0.018959257765227916 0.012422360248447204
0 0.7131908027430416 0.21160361377752682 0.022589753933037516 0.009316770186335404
0 0.7277127874142799 0.20652173913043478 0.0024203307785397336 0.003105590062111801
0 0.7349737797498992 0.20835686053077357 0.015328761597418314 0.017504234895539244
0 0.7553448971359419 0.22261434217955958 0.021379588543767647 0.027950310559006212
0 0.7509076240419524 0.20892151326933936 0.010891488503428802 0.011857707509881422
0 0.7987091569181122 0.2106154714850367 0.033884630899556276 0.03162055335968379
0 0.8212989108511497 0.21103896103896103 0.008874546187979023 0.006493506493506494
0 0.8374344493747479 0.21852060982495766 0.022589753933037516 0.021456804065499716
0 0.8632513110125051 0.2100508187464709 0.021782977006857603 0.010163749294184076
0 0.8850342880193627 0.21089779785431959 0.003227107704719645 0.0016939582156973462
0 0.15207745058491326 0.2571993224167137 0.022589753933037516 0.019198193111236588
0 0.172851956434046 0.2577639751552795 0.031060911657926585 0.017504234895539244
0 0.21218233158531666 0.2587521174477696 0.02501008471157725 0.01948051948051948
0 0.23134328358208955 0.26242236024844723 0.006857603872529245 0.009881422924901186
0 0.24041952400161357 0.2627046866177301 0.005647438483259379 0.004234895539243365
0 0.25312626058894716 0.26242236024844723 0.011698265429608713 0.00818746470920384
0 0.27853973376361435 0.264257481648786 0.011698265429608713 0.01129305477131564
0 0.2874142799515934 0.26242236024844723 0.011698265429608713 0.013269339356295878
0 0.2866075030254135 0.25296442687747034 0.003630496167809601 0.002258610954263128
0 0.3217022993142396 0.26355166572557875 0.021379588543767647 0.01101072840203275
0 0.3771682129891085 0.2611518915866742 0.033884630899556276 0.012422360248447204
0 0.40661557079467525 0.25889328063241107 0.023396530859217425 0.01637492941840768
0 0.44251714400968134 0.2584697910784867 0.02016942315449778 0.017221908526256352
0 0.47680516337232753 0.26016374929418407 0.023396530859217425 0.016657255787690572
0 0.5246066962484873 0.26468097120271034 0.03751512706736587 0.03190287972896669
0 0.54538120209762 0.2701863354037267 0.017749092375958047 0.024280067758328628
0 0.5482049213392497 0.25479954827780915 0.003227107704719645 0.003105590062111801
0 0.5500201694231545 0.25451722190852627 0.002016942315449778 0.0008469791078486731
0 0.5792658329971763 0.25889328063241107 0.04195240016135539 0.01637492941840768
0 0.608713190802743 0.2627046866177301 0.008874546187979023 0.007622811970638058
0 0.627470754336426 0.2576228119706381 0.020572811617587738 0.014398644833427442
0 0.6462283178701089 0.2636928289102202 0.004033884630899556 0.0016939582156973462
0 0.6797095603065753 0.25705815923207226 0.01371520774505849 0.012140033879164314
0 0.6875756353368294 0.24604743083003952 0.01653892698668818 0.0036702428006775835
0 0.6968535699878984 0.2542348955392434 0.02944735780556676 0.020045172219085264
0 0.7585720048406616 0.25691699604743085 0.031060911657926585 0.009599096555618294
0 0.7896329164985881 0.2533879164313947 0.020572811617587738 0.015527950310559006
0 0.7985074626865671 0.25903444381705254 0.0060508269463493344 0.00818746470920384
0 0.8057684550221864 0.24985883681535856 0.002016942315449778 0.0016939582156973462
0 0.8192819685356999 0.2586109542631282 0.024203307785397338 0.00846979107848673
0 0.845703912868092 0.26030491247882553 0.018959257765227916 0.007905138339920948
0 0.14622831787010893 0.31084133258046304 0.014118596208148447 0.010728402032749858
0 0.16377571601452198 0.31098249576510445 0.011294876966518758 0.006493506493506494
0 0.17244856797095603 0.30237154150197626 0.0012101653892698668 0.0016939582156973462
0 0.18878580072609924 0.3061829474872953 0.029043969342476807 0.017221908526256352
0 0.23396530859217426 0.3125352907961604 0.012101653892698669 0.009034443817052512
0 0.24768051633723276 0.3129587803500847 0.011294876966518758 0.007622811970638058
0 0.2607906413876563 0.3092885375494071 0.012505042355788625 0.013269339356295878
0 0.30576845502218636 0.31225296442687744 0.02501008471157725 0.01129305477131564
0 0.32755143202904397 0.30787690570299264 0.01290843081887858 0.014963297571993224
0 0.3592174263816055 0.30999435347261434 0.010891488503428802 0.01355166572557877
0 0.36950383219039934 0.31098249576510445 0.016942315449778138 0.025691699604743084
0 0.4128680919725696 0.320016939582157 0.043162565550625254 0.0251270468661773
0 0.44332392093586126 0.3129587803500847 0.010488100040338847 0.007058159232072276
0 0.48204921339249696 0.3081592320722755 0.01371520774505849 0.017786561264822136
0 0.4965711980637354 0.31126482213438733 0.008874546187979023 0.00818746470920384
0 0.5125050423557886 0.3129587803500847 0.00927793465106898 0.005928853754940711
0 0.5324727712787414 0.3081592320722755 0.01936264622831787 0.014398644833427442
0 0.563735377168213 0.3114059853190288 0.00927793465106898 0.0016939582156973462
0 0.5935861234368697 0.31225296442687744 0.012505042355788625 0.01355166572557877
0 0.608914885034288 0.3136645962732919 0.026220250100847116 0.032185206098249576
0 0.6052843888664784 0.30350084697910784 0.0060508269463493344 0.0033879164313946925
0 0.645018152480839 0.30787690570299264 0.024203307785397338 0.020609824957651044
0 0.6645824929407019 0.3210050818746471 0.014118596208148447 0.024280067758328628
0 0.709358612343687 0.3071710897797854 0.01734570391286809 0.019198193111236588
0 0.7347720855183542 0.30547713156408807 0.02379991932230738 0.015810276679841896
0 0.7759177087535296 0.3101355166572558 0.01734570391286809 0.010446075663466968
0 0.7845905607099637 0.305759457933371 0.0016135538523598225 0.0033879164313946925
0 0.7966922146026624 0.30660643704121965 0.011294876966518758 0.015810276679841896
0 0.8204921339249698 0.30632411067193677 0.02581686163775716 0.015245623941276116
0 0.13331988705123032 0.37238848108413325 0.013311819281968536 0.031055900621118012
0 0.1536910044372731 0.364059853190288 0.021782977006857603 0.009881422924901186
0 0.20935861234368697 0.36236589497459065 0.008874546187979023 0.009316770186335404
0 0.21621621621621623 0.3642010163749294 0.022589753933037516 0.03162055335968379
0 0.22952803549818476 0.36561264822134387 0.03711173860427592 0.029361942405420668
0 0.2835820895522388 0.3585544889892716 0.03307785397337636 0.020327498588368152
0 0.3116175877369907 0.36391869000564653 0.013311819281968536 0.007905138339920948
0 0.3283582089552239 0.36589497459062675 0.004840661557079467 0.0016939582156973462
0 0.36163775716014523 0.3620835686053077 0.022993142396127472 0.021739130434782608
0 0.39673255344897135 0.37238848108413325 0.024606696248487294 0.02710333145115754
0 0.38866478418717226 0.379587803500847 0.0028237192416296895 0.0036702428006775835
0 0.41670028237192414 0.36391869000564653 0.01855586930213796 0.007905138339920948
0 0.4372730939895119 0.3589779785431959 0.02016942315449778 0.016092603049124788
0 0.4308188785800726 0.3613777526821005 0.0016135538523598225 0.001129305477131564
0 0.4318273497377975 0.36024844720496896 0.002016942315449778 0.001129305477131564
0 0.48426784993949173 0.3578486730660644 0.0326744655102864 0.021174477696216828
0 0.472569584509883 0.3591191417278374 0.004437273093989512 0.00564652738565782
0 0.509076240419524 0.3598249576510446 0.011294876966518758 0.007622811970638058
0 0.5197660346914078 0.3557312252964427 0.010891488503428802 0.012987012987012988
0 0.554860830980234 0.36335403726708076 0.021379588543767647 0.01129305477131564
0 0.5835014118596208 0.3570016939582157 0.02702702702702703 0.016092603049124788
0 0.5713997579669221 0.3502258610954263 0.0012101653892698668 0.001411631846414455
0 0.6206131504638968 0.36490683229813664 0.014925373134328358 0.01383399209486166
0 0.6339249697458653 0.3619424054206663 0.013311819281968536 0.006775832862789385
0 0.6522791448164582 0.35587238848108416 0.01290843081887858 0.013269339356295878
0 0.690399354578459 0.35728402032749856 0.02379991932230738 0.020045172219085264
0 0.719039935457846 0.36123658949745907 0.02702702702702703 0.007622811970638058
0 0.7676482452601856 0.36038961038961037 0.01290843081887858 0.010446075663466968
0 0.7785397337636144 0.35827216261998873 0.009681323114158934 0.01355166572557877
0 0.81807180314643 0.36024844720496896 0.010488100040338847 0.010163749294184076
0 0.13311819281968534 0.41967814793901753 0.021782977006857603 0.028514963297571992
0 0.15611133521581283 0.4109260304912479 0.03469140782573618 0.014398644833427442
0 0.2379991932230738 0.410643704121965 0.04921339249697459 0.017786561264822136
0 0.2781363453005244 0.41544325239977414 0.022993142396127472 0.011575381140598532
0 0.2989108511496571 0.4160079051383399 0.01290843081887858 0.009316770186335404
0 0.3136345300524405 0.42080745341614906 0.0028237192416296895 0.001411631846414455
0 0.35941912061315046 0.40866741953698477 0.014521984671238403 0.012704686617730096
0 0.372730939895119 0.41219649915302087 0.009681323114158934 0.006775832862789385
0 0.39310205728116177 0.4083850931677019 0.027833803953206938 0.018351214003387916
0 0.41528842275110933 0.4116318464144551 0.011698265429608713 0.009034443817052512
0 0.4288019362646228 0.4096555618294749 0.008874546187979023 0.007340485601355167
0 0.47680516337232753 0.4113495200451722 0.02501008471157725 0.010728402032749858
0 0.5032271077047197 0.40894974590626765 0.018959257765227916 0.01383399209486166
0 0.5522388059701493 0.42320722755505363 0.042759177087535294 0.028232636928289104
0 0.5939895118999596 0.40810276679841895 0.035901573215006054 0.01948051948051948
0 0.6345300524405002 0.41332580463015245 0.04033884630899556 0.011857707509881422
0 0.6807180314643001 0.415725578769057 0.0028237192416296895 0.001411631846414455
0 0.6875756353368294 0.40669113495200454 0.014925373134328358 0.015527950310559006
0 0.7337636143606293 0.410643704121965 0.015328761597418314 0.014963297571993224
0 0.745663574021783 0.39836250705815923 0.01573215006050827 0.00282326369282891
0 0.7615974183138362 0.3985036702428007 0.0024203307785397336 0.001976284584980237
0 0.764017749092376 0.4116318464144551 0.01855586930213796 0.010728402032749858
0 0.8267446551028641 0.4105025409373235 0.05526421944332392 0.028232636928289104
0 0.8574021782977007 0.4097967250141163 0.0012101653892698668 0.0008469791078486731
0 0.8703106091165793 0.40796160361377753 0.025413473174667203 0.018633540372670808
0 0.8592174263816055 0.4064088085827216 0.0024203307785397336 0.0036702428006775835
0 0.14703509479628882 0.46414455110107283 0.01573215006050827 0.01637492941840768
0 0.14905203711173862 0.45214568040654995 0.01008471157724889 0.002540937323546019
0 0.18334005647438484 0.46287408243929984 0.011698265429608713 0.015527950310559006
0 0.20855183541750705 0.4658385093167702 0.03307785397337636 0.010163749294184076
0 0.2607906413876563 0.4640033879164314 0.02702702702702703 0.012140033879164314
0 0.2789431222267043 0.46047430830039526 0.013311819281968536 0.015810276679841896
0 0.2757160145219847 0.45863918690005645 0.002016942315449778 0.001411631846414455
0 0.3307785397337636 0.4580745341614907 0.024203307785397338 0.020045172219085264
0 0.3580072609923356 0.45962732919254656 0.020572811617587738 0.015810276679841896
0 0.40298507462686567 0.4631564088085827 0.02016942315449778 0.012140033879164314
0 0.41972569584509883 0.4644268774703557 0.01008471157724889 0.007905138339920948
0 0.44332392093586126 0.45652173913043476 0.02743041549011698 0.020327498588368152
0 0.4903186768858411 0.4645680406549972 0.01008471157724889 0.00818746470920384
0 0.5072609923356192 0.4637210615471485 0.012505042355788625 0.011575381140598532
0 0.5300524405002017 0.4666854884246189 0.04033884630899556 0.020327498588368152
0 0.5524405002016942 0.4556747600225861 0.002016942315449778 0.0016939582156973462
0 0.5659540137152077 0.4623094297007341 0.021782977006857603 0.00818746470920384
0 0.5861234368697055 0.4637210615471485 0.017749092375958047 0.006493506493506494
0 0.6246470350947962 0.46287408243929984 0.01653892698668818 0.011575381140598532
0 0.6381605486083098 0.4621682665160926 0.01936264622831787 0.02710333145115754
0 0.6674062121823315 0.46612083568605306 0.021379588543767647 0.020327498588368152
0 0.6762807583703107 0.46386222473178995 0.0012101653892698668 0.001129305477131564
0 0.6875756353368294 0.4614624505928854 0.014925373134328358 0.007058159232072276
0 0.7041145623235175 0.45736871823828346 0.00927793465106898 0.01355166572557877
0 0.718233158531666 0.4579333709768492 0.01653892698668818 0.015245623941276116
0 0.7319483662767244 0.454686617730096 0.002016942315449778 0.002540937323546019
0 0.735982250907624 0.461038961038961 0.00927793465106898 0.009034443817052512
0 0.782371924162969 0.46160361377752684 0.014925373134328358 0.01129305477131564
0 0.7894312222670432 0.466403162055336 0.01936264622831787 0.017504234895539244
0 0.8116175877369908 0.4621682665160926 0.020976200080677694 0.010728402032749858
0 0.8342073416700282 0.45835686053077357 0.02016942315449778 0.016092603049124788
0 0.8533682936668011 0.47261434217955955 0.020572811617587738 0.02710333145115754
0 0.8499394917305365 0.46386222473178995 0.009681323114158934 0.004517221908526256
0 0.8487293263412666 0.45539243365330323 0.0016135538523598225 0.001129305477131564
