0 0.16054860830980233 0.21146245059288538 0.020976200080677694 0.020327498588368152
0 0.17466720451795079 0.21964991530208922 0.010488100040338847 0.00564652738565782
0 0.18334005647438484 0.21386222473178995 0.007664380798709157 0.015527950310559006
0 0.21883824122630094 0.21146245059288538 0.0318676885841065 0.023715415019762844
0 0.24041952400161357 0.20976849237718803 0.010488100040338847 0.0220214568040655
0 0.28701089148850345 0.22219085262563523 0.051230334812424366 0.019762845849802372
0 0.3334005647438483 0.21979107848673066 0.024606696248487294 0.007622811970638058
0 0.354780153287616 0.21485036702428006 0.011698265429608713 0.01693958215697346
0 0.3781766841468334 0.21075663466967814 0.007664380798709157 0.017221908526256352
0 0.3838241226300928 0.21922642574816487 0.006857603872529245 0.005928853754940711
0 0.38886647841871724 0.21386222473178995 0.003227107704719645 0.001411631846414455
0 0.40439693424768053 0.2124505928853755 0.025413473174667203 0.021739130434782608
0 0.4247680516337233 0.21174477696216826 0.008874546187979023 0.019762845849802372
0 0.436668011294877 0.2224731789949181 0.004437273093989512 0.00564652738565782
0 0.4592577652279145 0.21795595708639187 0.02218636546994756 0.006211180124223602
0 0.4792254941508673 0.2127329192546584 0.012101653892698669 0.01948051948051948
0 0.5036304961678096 0.21019198193111235 0.006857603872529245 0.01948051948051948
0 0.5141185962081485 0.2111801242236025 0.014118596208148447 0.02258610954263128
0 0.5377168212989109 0.22317899491812535 0.010488100040338847 0.022303783173348392
0 0.5520371117386043 0.21936758893280633 0.018959257765227916 0.009034443817052512
0 0.5685760387252925 0.2137210615471485 0.013311819281968536 0.021456804065499716
0 0.5826946349334409 0.21950875211744778 0.01008471157724889 0.006493506493506494
0 0.600847115772489 0.2236024844720497 0.02379991932230738 0.014116318464144552
0 0.6212182331585316 0.22557876905702992 0.004840661557079467 0.005081874647092038
0 0.6579265832997176 0.21880293619424054 0.04437273093989512 0.007905138339920948
0 0.6966518757563533 0.22332015810276679 0.010488100040338847 0.019762845849802372
0 0.7148043565954014 0.21964991530208922 0.02581686163775716 0.006775832862789385
0 0.7638160548608309 0.2121682665160926 0.045582896329164985 0.023997741389045736
0 0.8023396530859217 0.20990965556182947 0.00645421540943929 0.018351214003387916
0 0.8124243646631706 0.2111801242236025 0.016942315449778138 0.024280067758328628
0 0.8584106494554256 0.21795595708639187 0.04759983864461476 0.037267080745341616
0 0.1617587736990722 0.26990400903444384 0.041145623235175476 0.007340485601355167
0 0.20229931423961275 0.26976284584980237 0.010891488503428802 0.03303218520609825
0 0.22569584509883017 0.2673630717108978 0.03993545784590561 0.01637492941840768
0 0.2628075837031061 0.269339356295878 0.014118596208148447 0.007340485601355167
0 0.27390076643807987 0.26157538114059853 0.00645421540943929 0.0189158667419537
0 0.3083904800322711 0.26157538114059853 0.030254134731746672 0.026256352343308864
0 0.32755143202904397 0.2636928289102202 0.020976200080677694 0.021456804065499716
0 0.3446954417103671 0.269339356295878 0.018959257765227916 0.007905138339920948
0 0.37152077450584914 0.26341050254093734 0.03307785397337636 0.0220214568040655
0 0.3939088342073417 0.27089215132693395 0.002016942315449778 0.001411631846414455
0 0.4156918112141993 0.26157538114059853 0.018959257765227916 0.0251270468661773
0 0.43303751512706734 0.2689158667419537 0.013311819281968536 0.007058159232072276
0 0.4390883420734167 0.2632693393562959 0.004437273093989512 0.001411631846414455
0 0.44796288826139574 0.2628458498023715 0.0052440500201694235 0.019198193111236588
0 0.46772892295280355 0.2621400338791643 0.031060911657926585 0.020609824957651044
0 0.4981847519160952 0.2632693393562959 0.007260992335619202 0.020045172219085264
0 0.509277934651069 0.26312817617165446 0.01653892698668818 0.019762845849802372
0 0.5350947962888262 0.26778656126482214 0.014925373134328358 0.00818746470920384
0 0.5421540943929004 0.2619988706945229 0.004033884630899556 0.002258610954263128
0 0.5510286405808794 0.26312817617165446 0.016942315449778138 0.019762845849802372
0 0.5709963695038321 0.27032749858836813 0.02379991932230738 0.008752117447769622
0 0.6016538926986689 0.26778656126482214 0.013311819281968536 0.006493506493506494
0 0.6194029850746269 0.26778656126482214 0.019766034691407825 0.009316770186335404
0 0.654699475594998 0.26256352343308864 0.01936264622831787 0.020892151326933936
0 0.6704316256555063 0.27117447769621683 0.010488100040338847 0.004799548277809147
0 0.7172246873739411 0.269339356295878 0.05163372327551432 0.034443817052512704
0 0.7539330375151271 0.262987012987013 0.007260992335619202 0.017221908526256352
0 0.781565147236789 0.269339356295878 0.05203711173860428 0.03387916431394692
0 0.8108108108108109 0.26595143986448333 0.008874546187979023 0.01693958215697346
0 0.8233158531665994 0.2639751552795031 0.0024203307785397336 0.0016939582156973462
0 0.8259378781766842 0.27089215132693395 0.004437273093989512 0.007058159232072276
0 0.8344090359015732 0.2651044607566347 0.00927793465106898 0.018068887634105024
0 0.15348931020572812 0.3098531902879729 0.02379991932230738 0.026821005081874648
0 0.17970956030657523 0.31846414455110106 0.02864058087938685 0.030491247882552232
0 0.21782977006857604 0.3145115753811406 0.007260992335619202 0.017504234895539244
0 0.2335619201290843 0.31182947487295315 0.020976200080677694 0.022868435911914172
0 0.2490923759580476 0.31281761716544326 0.007664380798709157 0.019762845849802372
0 0.27974989915288423 0.3125352907961604 0.024606696248487294 0.024844720496894408
0 0.32210568777732956 0.31182947487295315 0.02218636546994756 0.023433088650479956
0 0.3390480032271077 0.3160643704121965 0.010891488503428802 0.014963297571993224
0 0.37797498991528844 0.31197063805759456 0.03469140782573618 0.023150762281197064
0 0.42698668818071805 0.3186053077357425 0.02944735780556676 0.01101072840203275
0 0.4606696248487293 0.3245341614906832 0.03791851553045583 0.018351214003387916
0 0.4693424768051634 0.314652738565782 0.003630496167809601 0.001411631846414455
0 0.48870512303348124 0.327639751552795 0.014118596208148447 0.018351214003387916
0 0.5225897539330375 0.31959345002823264 0.031060911657926585 0.006775832862789385
0 0.5482049213392497 0.3123941276115189 0.015328761597418314 0.022303783173348392
0 0.5784590560709963 0.31959345002823264 0.01936264622831787 0.007905138339920948
0 0.6079064138765631 0.3243929983060418 0.03872529245663574 0.01693958215697346
0 0.6438079870915692 0.320016939582157 0.004840661557079467 0.001976284584980237
0 0.6639774102460669 0.31211180124223603 0.014521984671238403 0.023997741389045736
0 0.6869705526421944 0.32523997741389044 0.008874546187979023 0.020892151326933936
0 0.7043162565550625 0.31521739130434784 0.02501008471157725 0.020045172219085264
0 0.7244856797095603 0.3219932241671372 0.017749092375958047 0.006493506493506494
0 0.7490923759580476 0.3198757763975155 0.011294876966518758 0.006775832862789385
0 0.7601855586930214 0.31408808582721626 0.007664380798709157 0.015527950310559006
0 0.8023396530859217 0.31437041219649914 0.04921339249697459 0.029079616036137776
0 0.8392496974586526 0.31521739130434784 0.02218636546994756 0.0189158667419537
0 0.8604275917708754 0.3219932241671372 0.028237192416296894 0.007622811970638058
0 0.15994352561516742 0.37648221343873517 0.050423557886244454 0.022303783173348392
0 0.1899959661153691 0.36702428006775834 0.00645421540943929 0.015810276679841896
0 0.19685356998789835 0.37295313382269907 0.005647438483259379 0.006211180124223602
0 0.20754336425978218 0.3674477696216827 0.013311819281968536 0.016657255787690572
0 0.2353771682129891 0.36264822134387353 0.0060508269463493344 0.017221908526256352
0 0.24647035094796288 0.36307171089779783 0.014521984671238403 0.021456804065499716
0 0.2833803953206938 0.3708356860530774 0.01653892698668818 0.007622811970638058
0 0.29164985881403793 0.366600790513834 0.0024203307785397336 0.001411631846414455
0 0.2966922146026624 0.37238848108413325 0.00927793465106898 0.00564652738565782
0 0.2966922146026624 0.37323546019198195 0.002016942315449778 0.00282326369282891
0 0.30576845502218636 0.3673066064370412 0.00645421540943929 0.01637492941840768
0 0.31988705123033484 0.37238848108413325 0.01936264622831787 0.006775832862789385
0 0.3327954820492134 0.36476566911349523 0.004033884630899556 0.005081874647092038
0 0.3410649455425575 0.37224731789949184 0.007664380798709157 0.006493506493506494
0 0.36486486486486486 0.3694240542066629 0.010891488503428802 0.009316770186335404
0 0.3741427995159338 0.36391869000564653 0.0052440500201694235 0.019198193111236588
0 0.3836224283985478 0.37140033879164314 0.010488100040338847 0.006493506493506494
0 0.39209358612343687 0.36462450592885376 0.004840661557079467 0.014963297571993224
0 0.4144816458249294 0.3719649915302089 0.0391286809197257 0.007622811970638058
0 0.43949173053650664 0.3654714850367024 0.006857603872529245 0.012704686617730096
0 0.46046793061718433 0.36307171089779783 0.007664380798709157 0.017504234895539244
0 0.4737797498991529 0.36490683229813664 0.019766034691407825 0.022303783173348392
0 0.48951189995966116 0.36688311688311687 0.007664380798709157 0.017786561264822136
0 0.5240016135538523 0.364059853190288 0.026623638563937072 0.020609824957651044
0 0.5439693424768052 0.37676453980801805 0.011698265429608713 0.017786561264822136
0 0.5705929810407422 0.3651891586674195 0.035901573215006054 0.020045172219085264
0 0.5933844292053247 0.36391869000564653 0.009681323114158934 0.020892151326933936
0 0.6379588543767648 0.36928289102202144 0.04800322710770472 0.032185206098249576
0 0.6803146430012101 0.36250705815923207 0.01008471157724889 0.023150762281197064
0 0.6912061315046389 0.371682665160926 0.011698265429608713 0.005364201016374929
0 0.7039128680919726 0.3675889328063241 0.012101653892698669 0.017504234895539244
0 0.7438483259378782 0.36335403726708076 0.03711173860427592 0.024280067758328628
0 0.7833803953206938 0.36377752682100506 0.02016942315449778 0.01948051948051948
0 0.8035498184751916 0.3705533596837945 0.02581686163775716 0.006493506493506494
0 0.8287615974183138 0.36984754376058726 0.003630496167809601 0.007340485601355167
0 0.8313836224283986 0.3654714850367024 0.004033884630899556 0.003105590062111801
0 0.8388463089955627 0.3709768492377188 0.013311819281968536 0.006211180124223602
0 0.8709156918112142 0.36335403726708076 0.02501008471157725 0.024844720496894408
0 0.1591367486889875 0.4268774703557312 0.0391286809197257 0.02258610954263128
0 0.1891891891891892 0.4222190852625635 0.01936264622831787 0.00818746470920384
0 0.2035094796288826 0.4147374364765669 0.006857603872529245 0.01693958215697346
0 0.2254941508672852 0.42179559570863917 0.03630496167809601 0.005081874647092038
0 0.24949576442113755 0.4165725578769057 0.008471157724889069 0.016657255787690572
0 0.2974989915288423 0.41304347826086957 0.04881000403388463 0.025974025974025976
0 0.34066155707946755 0.41671372106154714 0.007664380798709157 0.019762845849802372
0 0.3519564340459863 0.41459627329192544 0.014925373134328358 0.020045172219085264
0 0.381807180314643 0.4137492941840768 0.007664380798709157 0.020045172219085264
0 0.40338846308995563 0.42066629023150764 0.03872529245663574 0.006775832862789385
0 0.4560306575231948 0.41770186335403725 0.035901573215006054 0.035290796160361376
0 0.48426784993949173 0.4254658385093168 0.0052440500201694235 0.005081874647092038
0 0.5189592577652279 0.41233766233766234 0.03670835014118596 0.02456239412761152
0 0.5665590964098427 0.41516092603049126 0.031060911657926585 0.020609824957651044
0 0.5734167002823719 0.4148785996612084 0.0028237192416296895 0.001411631846414455
0 0.5984267849939492 0.41727837380011296 0.018152480839048003 0.018633540372670808
0 0.608713190802743 0.41756070016939584 0.005647438483259379 0.0016939582156973462
0 0.618192819685357 0.41826651609260307 0.012505042355788625 0.015527950310559006
0 0.6444130697862042 0.42207792207792205 0.014118596208148447 0.006211180124223602
0 0.6621621621621622 0.4148785996612084 0.01734570391286809 0.021174477696216828
0 0.7051230334812424 0.41741953698475437 0.03791851553045583 0.03472614342179559
0 0.7535296490520371 0.42179559570863917 0.03307785397337636 0.009034443817052512
0 0.7787414279951593 0.4150197628458498 0.01573215006050827 0.02258610954263128
0 0.7930617184348527 0.42828910220214567 0.005647438483259379 0.006211180124223602
0 0.8124243646631706 0.4213721061547149 0.015328761597418314 0.007622811970638058
0 0.8223073820088745 0.4150197628458498 0.0052440500201694235 0.0016939582156973462
0 0.827551432029044 0.42193675889328064 0.013311819281968536 0.005364201016374929
0 0.8410649455425575 0.42165443252399776 0.01290843081887858 0.007622811970638058
0 0.8628479225494151 0.42179559570863917 0.004840661557079467 0.004517221908526256
0 0.8656716417910447 0.4162902315076228 0.004033884630899556 0.001411631846414455
0 0.8749495764421138 0.41417278373800115 0.008874546187979023 0.018068887634105024
0 0.15590964098426785 0.4621682665160926 0.0326744655102864 0.028232636928289104
0 0.19987898346107302 0.4697910784867307 0.018959257765227916 0.006211180124223602
0 0.2172246873739411 0.47063805759457933 0.012505042355788625 0.007905138339920948
0 0.23154497781363453 0.46485036702428006 0.016942315449778138 0.020045172219085264
0 0.263816054860831 0.47035573122529645 0.010488100040338847 0.007340485601355167
0 0.27410246066962485 0.46357989836250707 0.0060508269463493344 0.019198193111236588
0 0.2888261395724082 0.47586109542631283 0.022589753933037516 0.016092603049124788
0 0.32008874546187976 0.4720496894409938 0.012505042355788625 0.007905138339920948
0 0.3299717628075837 0.4655561829474873 0.007260992335619202 0.019198193111236588
0 0.3537716821298911 0.4720496894409938 0.017749092375958047 0.009034443817052512
0 0.3652682533279548 0.4644268774703557 0.004437273093989512 0.001129305477131564
0 0.37494957644211374 0.4730378317334839 0.020572811617587738 0.006493506493506494
0 0.4124647035094796 0.466403162055336 0.018152480839048003 0.021456804065499716
0 0.4265832997176281 0.46809712027103334 0.019766034691407825 0.021456804065499716
0 0.4411052843888665 0.4743083003952569 0.0052440500201694235 0.005081874647092038
0 0.4463493344090359 0.4686617730095991 0.004437273093989512 0.0016939582156973462
0 0.4580475998386446 0.47459062676453984 0.018959257765227916 0.005081874647092038
0 0.4745865268253328 0.47501411631846413 0.00927793465106898 0.005928853754940711
0 0.5209762000806777 0.46823828345567475 0.0463896732553449 0.037549407114624504
0 0.5792658329971763 0.46386222473178995 0.02743041549011698 0.02258610954263128
0 0.5925776522791448 0.47261434217955955 0.011294876966518758 0.00846979107848673
0 0.6024606696248487 0.4673913043478261 0.007664380798709157 0.016092603049124788
0 0.6202097620008068 0.4665443252399774 0.02864058087938685 0.01948051948051948
0 0.6423961274707544 0.4719085262563523 0.025413473174667203 0.007622811970638058
0 0.6587333602258976 0.4748729531338227 0.003227107704719645 0.0016939582156973462
