0 0.17305365066559097 0.20200451722190851 0.014521984671238403 0.036420101637492944
0 0.19665187575635337 0.2056747600225861 0.02944735780556676 0.027950310559006212
0 0.24243646631706334 0.217673630717109 0.028237192416296894 0.007905138339920948
0 0.29407018959257764 0.21753246753246752 0.03630496167809601 0.00818746470920384
0 0.31847519160952 0.21075663466967814 0.00927793465106898 0.018351214003387916
0 0.3392496974586527 0.20934500282326368 0.007260992335619202 0.0189158667419537
0 0.3489310205728116 0.21781479390175043 0.011294876966518758 0.007622811970638058
0 0.39572408229124645 0.21019198193111235 0.053247277127874144 0.023433088650479956
0 0.4429205324727713 0.21795595708639187 0.023396530859217425 0.007340485601355167
0 0.4836627672448568 0.2090626764539808 0.01855586930213796 0.027950310559006212
0 0.509076240419524 0.21089779785431959 0.04033884630899556 0.024280067758328628
0 0.5296490520371118 0.2137210615471485 0.0024203307785397336 0.0016939582156973462
0 0.5379185155304558 0.21386222473178995 0.010891488503428802 0.017221908526256352
0 0.554860830980234 0.22543760587238848 0.020572811617587738 0.01948051948051948
0 0.5927793465106898 0.20765104460756634 0.013311819281968536 0.026821005081874648
0 0.6141589350544574 0.2224731789949181 0.027833803953206938 0.018633540372670808
0 0.617789431222267 0.2264257481648786 0.0012101653892698668 0.002258610954263128
0 0.6325131101250504 0.21019198193111235 0.009681323114158934 0.020045172219085264
0 0.6444130697862042 0.21696781479390176 0.019766034691407825 0.009316770186335404
0 0.6557079467527229 0.20581592320722755 0.0060508269463493344 0.006775832862789385
0 0.6674062121823315 0.2183794466403162 0.00927793465106898 0.00818746470920384
0 0.68192819685357 0.20708639186900057 0.004437273093989512 0.009316770186335404
0 0.6970552642194433 0.2111801242236025 0.008874546187979023 0.023715415019762844
0 0.7033077853973376 0.20920383963862224 0.01008471157724889 0.01693958215697346
0 0.7123840258168617 0.21894409937888198 0.003227107704719645 0.005364201016374929
0 0.7158128277531263 0.21146245059288538 0.004437273093989512 0.001129305477131564
0 0.7222670431625655 0.217673630717109 0.011698265429608713 0.006211180124223602
0 0.7444534086325131 0.2183794466403162 0.031060911657926585 0.006493506493506494
0 0.7624041952400161 0.2134387351778656 0.00645421540943929 0.014680971202710334
0 0.7771278741427995 0.21174477696216826 0.02218636546994756 0.019198193111236588
0 0.7958854376764825 0.20878035008469792 0.005647438483259379 0.006493506493506494
0 0.8019362646228317 0.2180971202710333 0.012101653892698669 0.006493506493506494
0 0.16236385639370715 0.2584697910784867 0.030254134731746672 0.021174477696216828
0 0.1799112545381202 0.26383399209486164 0.021782977006857603 0.016092603049124788
0 0.19947559499798306 0.26355166572557875 0.01573215006050827 0.014963297571993224
0 0.20875352964905203 0.26256352343308864 0.003630496167809601 0.001129305477131564
0 0.22125857200484067 0.2766798418972332 0.024606696248487294 0.021456804065499716
0 0.22831787010891488 0.26665725578769056 0.0024203307785397336 0.001976284584980237
0 0.26421944332392094 0.26171654432524 0.017749092375958047 0.025974025974025976
0 0.27067365873336025 0.27004517221908525 0.008874546187979023 0.005364201016374929
0 0.2853973376361436 0.2694805194805195 0.018959257765227916 0.005928853754940711
0 0.30133118192819686 0.262987012987013 0.008067769261799113 0.017221908526256352
0 0.31141589350544574 0.2713156408808583 0.004840661557079467 0.002258610954263128
0 0.32674465510286405 0.2543760587238848 0.003227107704719645 0.00846979107848673
0 0.3527632109721662 0.2627046866177301 0.025413473174667203 0.01948051948051948
0 0.3701089148850343 0.26312817617165446 0.0060508269463493344 0.018633540372670808
0 0.39027833803953205 0.26157538114059853 0.0326744655102864 0.022303783173348392
0 0.40762404195240015 0.2652456239412761 0.004437273093989512 0.001976284584980237
0 0.4267849939491731 0.2701863354037267 0.03872529245663574 0.006211180124223602
0 0.48668818071803144 0.2745623941276115 0.050423557886244454 0.0189158667419537
0 0.5169423154497781 0.27837380011293056 0.004437273093989512 0.007340485601355167
0 0.5550625252117789 0.2658102766798419 0.035498184751916094 0.016092603049124788
0 0.5867285195643405 0.269339356295878 0.003630496167809601 0.006211180124223602
0 0.5901573215006051 0.2608695652173913 0.004840661557079467 0.0016939582156973462
0 0.5968132311415894 0.2689158667419537 0.014118596208148447 0.004234895539243365
0 0.6216216216216216 0.269339356295878 0.01290843081887858 0.006775832862789385
0 0.6617587736990722 0.2652456239412761 0.035901573215006054 0.032467532467532464
0 0.7127874142799516 0.26905702992659514 0.04033884630899556 0.00846979107848673
0 0.754739814441307 0.26792772444946356 0.015328761597418314 0.007340485601355167
0 0.7722872125857201 0.26976284584980237 0.018959257765227916 0.005364201016374929
0 0.7853973376361436 0.2632693393562959 0.00645421540943929 0.014398644833427442
0 0.7989108511496571 0.26355166572557875 0.019766034691407825 0.020609824957651044
0 0.8346107301331182 0.2691981931112366 0.028237192416296894 0.007622811970638058
0 0.1498588140379185 0.32396950875211744 0.01008471157724889 0.01948051948051948
0 0.17164179104477612 0.3197346132128741 0.031060911657926585 0.006493506493506494
0 0.21056877773295685 0.3211462450592885 0.016135538523598225 0.007058159232072276
0 0.24788221056877774 0.3197346132128741 0.02944735780556676 0.007058159232072276
0 0.2755143202904397 0.32086391869000563 0.023396530859217425 0.007622811970638058
0 0.2936668011294877 0.31521739130434784 0.008874546187979023 0.015527950310559006
0 0.31423961274707546 0.31394692264257484 0.024203307785397338 0.019762845849802372
0 0.35215812827753123 0.3135234330886505 0.03065752319483663 0.022868435911914172
0 0.36829366680112946 0.31521739130434784 0.004033884630899556 0.001411631846414455
0 0.3773699072206535 0.31281761716544326 0.01573215006050827 0.021456804065499716
0 0.4048003227107705 0.3145115753811406 0.0060508269463493344 0.019762845849802372
0 0.4169019766034691 0.3126764539808018 0.014118596208148447 0.022868435911914172
0 0.4429205324727713 0.3181818181818182 0.01290843081887858 0.007340485601355167
0 0.4550221863654699 0.31846414455110106 0.008067769261799113 0.00846979107848673
0 0.46551028640580877 0.31945228684359117 0.008067769261799113 0.005364201016374929
0 0.4824526018555869 0.32058159232072275 0.024203307785397338 0.007058159232072276
0 0.4981847519160952 0.3242518351214003 0.008067769261799113 0.014963297571993224
0 0.517950786607503 0.31959345002823264 0.02501008471157725 0.007905138339920948
0 0.5352964905203711 0.32156973461321287 0.008874546187979023 0.005081874647092038
0 0.5480032271077048 0.3156408808582722 0.00927793465106898 0.014680971202710334
0 0.5867285195643405 0.31846414455110106 0.038321903993545785 0.007905138339920948
0 0.6252521177894312 0.3154997176736307 0.008067769261799113 0.020045172219085264
0 0.63695038321904 0.3129587803500847 0.01371520774505849 0.021739130434782608
0 0.6678096006454215 0.3207227555053642 0.018152480839048003 0.007905138339920948
0 0.6845502218636547 0.31211180124223603 0.02016942315449778 0.02456239412761152
0 0.7073416700282372 0.32622811970638055 0.025413473174667203 0.018351214003387916
0 0.7420330778539733 0.31931112365894976 0.011698265429608713 0.009599096555618294
0 0.781363453005244 0.31211180124223603 0.063735377168213 0.0251270468661773
0 0.8271480435659541 0.31719367588932806 0.02702702702702703 0.01383399209486166
0 0.8352158128277531 0.30886504799548276 0.002016942315449778 0.002258610954263128
0 0.8483259378781767 0.3221343873517787 0.02016942315449778 0.007905138339920948
0 0.8622428398547801 0.32679277244494637 0.0052440500201694235 0.007622811970638058
0 0.16135538523598225 0.36476566911349523 0.03227107704719645 0.01637492941840768
0 0.20411456232351755 0.36377752682100506 0.008067769261799113 0.021174477696216828
0 0.2154094392900363 0.3629305477131564 0.016135538523598225 0.021739130434782608
0 0.24768051633723276 0.3632128740824393 0.01290843081887858 0.023997741389045736
0 0.2583703106091166 0.37140033879164314 0.020572811617587738 0.007058159232072276
0 0.28176684146833403 0.37027103331451156 0.018152480839048003 0.007622811970638058
0 0.31565147236789026 0.3697063805759458 0.00927793465106898 0.010446075663466968
0 0.336224283985478 0.36391869000564653 0.027833803953206938 0.0220214568040655
0 0.37595804759983864 0.35587238848108416 0.003227107704719645 0.005364201016374929
0 0.3924969745865268 0.3650479954827781 0.01936264622831787 0.01355166572557877
0 0.40237999193223073 0.37140033879164314 0.010891488503428802 0.004799548277809147
0 0.4322307382008875 0.37775268210050816 0.04719645018152481 0.01637492941840768
0 0.5046389673255345 0.36236589497459065 0.06212182331585317 0.0251270468661773
0 0.545179507866075 0.35714285714285715 0.0060508269463493344 0.00564652738565782
0 0.5828963291649859 0.36984754376058726 0.04517950786607503 0.00846979107848673
0 0.6430012101653892 0.3759175607001694 0.042759177087535294 0.020045172219085264
0 0.6926179911254539 0.3684359119141728 0.023396530859217425 0.03557312252964427
0 0.7214602662363856 0.3634952004517222 0.006857603872529245 0.018351214003387916
0 0.7315449778136345 0.3629305477131564 0.01573215006050827 0.022868435911914172
0 0.7706736587333602 0.36180124223602483 0.03428801936264623 0.023997741389045736
0 0.7884227511093183 0.365330321852061 0.002016942315449778 0.0016939582156973462
0 0.7977006857603872 0.3708356860530774 0.01734570391286809 0.007058159232072276
0 0.8172650262202501 0.37140033879164314 0.0024203307785397336 0.001411631846414455
0 0.15207745058491326 0.41233766233766234 0.017749092375958047 0.023997741389045736
0 0.16498588140379186 0.4201016374929418 0.01936264622831787 0.007340485601355167
0 0.17426381605486083 0.4129023150762281 0.004840661557079467 0.001976284584980237
0 0.18354175070592982 0.42080745341614906 0.015328761597418314 0.007622811970638058
0 0.20250100847115773 0.4148785996612084 0.02016942315449778 0.020609824957651044
0 0.263816054860831 0.41671372106154714 0.042759177087535294 0.040654997176736304
0 0.318273497377975 0.41106719367588934 0.017749092375958047 0.02710333145115754
0 0.345502218636547 0.42631281761716544 0.03509479628882614 0.019198193111236588
0 0.37373941105284386 0.4178430265386787 0.012505042355788625 0.03500846979107849
0 0.38140379185155304 0.4155844155844156 0.004437273093989512 0.001129305477131564
0 0.3929003630496168 0.4138904573687182 0.01855586930213796 0.023150762281197064
0 0.4058087938684954 0.41826651609260307 0.012101653892698669 0.014963297571993224
0 0.4245663574021783 0.4244776962168266 0.007664380798709157 0.007622811970638058
0 0.4376764824526019 0.42080745341614906 0.004033884630899556 0.005928853754940711
0 0.4461476401774909 0.42165443252399776 0.012101653892698669 0.005364201016374929
0 0.4772085518354175 0.4202428006775833 0.012101653892698669 0.007058159232072276
0 0.4989915288422751 0.4140316205533597 0.03146430012101654 0.022303783173348392
0 0.5165389269866881 0.4137492941840768 0.004437273093989512 0.001411631846414455
0 0.5221863654699476 0.41318464144551104 0.004437273093989512 0.01948051948051948
0 0.5286405808793868 0.4209486166007905 0.004437273093989512 0.00564652738565782
0 0.5330778539733764 0.4150197628458498 0.003630496167809601 0.001129305477131564
0 0.5435659540137152 0.42179559570863917 0.018959257765227916 0.006211180124223602
0 0.572609923356192 0.4147374364765669 0.008471157724889069 0.018633540372670808
0 0.582492940701896 0.42292490118577075 0.01290843081887858 0.00564652738565782
0 0.6050826946349335 0.41445511010728403 0.008874546187979023 0.019198193111236588
0 0.6169826542960871 0.4140316205533597 0.01734570391286809 0.023433088650479956
0 0.6504638967325534 0.4201016374929418 0.01734570391286809 0.007340485601355167
0 0.6665994352561517 0.41304347826086957 0.020572811617587738 0.024844720496894408
0 0.6857603872529245 0.4212309429700734 0.01371520774505849 0.00846979107848673
0 0.7097620008067769 0.4264539808018069 0.035901573215006054 0.017786561264822136
0 0.7390076643807987 0.42828910220214567 0.007260992335619202 0.007340485601355167
0 0.7811617587736991 0.4212309429700734 0.0463896732553449 0.01129305477131564
0 0.8257361839451391 0.42631281761716544 0.02581686163775716 0.018068887634105024
0 0.845098830173457 0.42631281761716544 0.008067769261799113 0.007905138339920948
0 0.15409439290036306 0.4666854884246189 0.03469140782573618 0.020892151326933936
0 0.20835014118596207 0.47346132128740825 0.02702702702702703 0.007340485601355167
0 0.2654296087131908 0.47134387351778656 0.04679306171843485 0.009881422924901186
0 0.318273497377975 0.4658385093167702 0.029850746268656716 0.024844720496894408
0 0.35135135135135137 0.4645680406549972 0.010488100040338847 0.023433088650479956
0 0.37474788221056876 0.4785431959345003 0.03872529245663574 0.020327498588368152
0 0.40419524001613555 0.47501411631846413 0.003227107704719645 0.001411631846414455
