0 0.16518757563533684 0.2077922077922078 0.030254134731746672 0.025974025974025976
0 0.19382815651472368 0.21696781479390176 0.022993142396127472 0.011575381140598532
0 0.20391286809197257 0.20581592320722755 0.003630496167809601 0.002258610954263128
0 0.21359419120613152 0.21597967250141162 0.00927793465106898 0.007340485601355167
0 0.2527228721258572 0.208498023715415 0.027833803953206938 0.027385657820440428
0 0.27833803953206937 0.21739130434782608 0.01855586930213796 0.010163749294184076
0 0.30133118192819686 0.2161208356860531 0.022589753933037516 0.012140033879164314
0 0.33400564743848327 0.21753246753246752 0.0016135538523598225 0.0008469791078486731
0 0.3402581686163776 0.21682665160926032 0.008471157724889069 0.0016939582156973462
0 0.3662767244856797 0.21527385657820441 0.016135538523598225 0.037549407114624504
0 0.3807987091569181 0.217673630717109 0.010488100040338847 0.010163749294184076
0 0.39552238805970147 0.217673630717109 0.01008471157724889 0.009599096555618294
0 0.43384429205324726 0.21781479390175043 0.02379991932230738 0.014398644833427442
0 0.4441306978620411 0.2075098814229249 0.005647438483259379 0.002258610954263128
0 0.45582896329164985 0.21725014116318464 0.010488100040338847 0.010446075663466968
0 0.47539330375151273 0.21696781479390176 0.022993142396127472 0.010446075663466968
0 0.5157321500605083 0.21146245059288538 0.013311819281968536 0.021456804065499716
0 0.5379185155304558 0.21230942970073405 0.030254134731746672 0.023150762281197064
0 0.5582896329164986 0.21259175607001693 0.0024203307785397336 0.001129305477131564
0 0.5693828156514724 0.21795595708639187 0.024606696248487294 0.01129305477131564
0 0.6109318273497378 0.22388481084133258 0.014118596208148447 0.030491247882552232
0 0.6466317063331989 0.21781479390175043 0.04679306171843485 0.012140033879164314
0 0.718233158531666 0.22063805759457933 0.05687777329568374 0.037549407114624504
0 0.7083501411859621 0.2015810276679842 0.0016135538523598225 0.001129305477131564
0 0.8009277934651069 0.21033314511575382 0.04719645018152481 0.02710333145115754
0 0.8241226300927793 0.21696781479390176 0.0016135538523598225 0.002540937323546019
0 0.8354175070592981 0.21795595708639187 0.016135538523598225 0.010163749294184076
0 0.1853569987898346 0.26101072840203277 0.021379588543767647 0.026821005081874648
0 0.19564340459862847 0.2583286278938453 0.003227107704719645 0.002258610954263128
0 0.20693828156514724 0.26750423489553926 0.01290843081887858 0.008752117447769622
0 0.2317466720451795 0.262987012987013 0.0318676885841065 0.020045172219085264
0 0.281968535699879 0.2676453980801807 0.02501008471157725 0.012987012987012988
0 0.3225090762404195 0.2583286278938453 0.002016942315449778 0.001129305477131564
0 0.3259378781766841 0.26792772444946356 0.003227107704719645 0.009034443817052512
0 0.3370310609116579 0.26778656126482214 0.011698265429608713 0.008752117447769622
0 0.3781766841468334 0.25508187464709203 0.0012101653892698668 0.001411631846414455
0 0.3892698668818072 0.26312817617165446 0.020976200080677694 0.021456804065499716
0 0.40923759580476 0.26693958215697344 0.02218636546994756 0.00818746470920384
0 0.43142396127470756 0.2598814229249012 0.013311819281968536 0.02456239412761152
0 0.4515933844292053 0.27653867871259175 0.027833803953206938 0.031338226990400904
0 0.4899152884227511 0.26877470355731226 0.012505042355788625 0.002258610954263128
0 0.545986284792255 0.2611518915866742 0.04881000403388463 0.024280067758328628
0 0.5229931423961275 0.24858836815358554 0.002016942315449778 0.0008469791078486731
0 0.5792658329971763 0.2689158667419537 0.01371520774505849 0.010446075663466968
0 0.6375554659136748 0.26228119706380576 0.031060911657926585 0.024280067758328628
0 0.6643807987091569 0.2682100508187465 0.02016942315449778 0.010163749294184076
0 0.6946349334409035 0.27936194240542067 0.03872529245663574 0.032467532467532464
0 0.7204517950786608 0.2701863354037267 0.01290843081887858 0.01129305477131564
0 0.7835820895522388 0.2651044607566347 0.0609116579265833 0.024280067758328628
0 0.18071803146430013 0.31126482213438733 0.016135538523598225 0.0251270468661773
0 0.21056877773295685 0.31846414455110106 0.033884630899556276 0.01129305477131564
0 0.25110931827349736 0.31634669678147936 0.043969342476805166 0.012140033879164314
0 0.3055667607906414 0.31733483907396953 0.01573215006050827 0.009599096555618294
0 0.32311415893505446 0.31874647092038394 0.011294876966518758 0.03387916431394692
0 0.3525615167406212 0.3177583286278938 0.007260992335619202 0.01101072840203275
0 0.37878176684146836 0.3126764539808018 0.03872529245663574 0.022868435911914172
0 0.40500201694231547 0.32834556747600224 0.008874546187979023 0.010728402032749858
0 0.4509883017345704 0.3129587803500847 0.050826946349334406 0.020609824957651044
0 0.508874546187979 0.31182947487295315 0.01734570391286809 0.0189158667419537
0 0.5310609116579266 0.31182947487295315 0.026220250100847116 0.021739130434782608
0 0.6032674465510286 0.31225296442687744 0.04154901169826543 0.02710333145115754
0 0.6377571601452199 0.3188876341050254 0.02501008471157725 0.013269339356295878
0 0.6623638563937071 0.3188876341050254 0.017749092375958047 0.01101072840203275
0 0.6841468334005647 0.31804065499717676 0.020976200080677694 0.01383399209486166
0 0.745663574021783 0.3132411067193676 0.045582896329164985 0.023997741389045736
0 0.8160548608309802 0.31832298136645965 0.04356595401371521 0.014963297571993224
0 0.8561920129084308 0.3188876341050254 0.0326744655102864 0.012140033879164314
0 0.17204517950786608 0.36575381140598534 0.02218636546994756 0.04601919819311124
0 0.18878580072609924 0.3684359119141728 0.028237192416296894 0.012987012987012988
0 0.19987898346107302 0.3585544889892716 0.004437273093989512 0.00282326369282891
0 0.22609923356192013 0.3629305477131564 0.0391286809197257 0.023997741389045736
0 0.26865671641791045 0.3719649915302089 0.004033884630899556 0.001976284584980237
0 0.32956837434449376 0.3619424054206663 0.07341670028237192 0.025409373235460192
0 0.318273497377975 0.35530773574251834 0.0016135538523598225 0.001411631846414455
0 0.32029043969342474 0.3538961038961039 0.0016135538523598225 0.001411631846414455
0 0.345703912868092 0.3591191417278374 0.004840661557079467 0.003952569169960474
0 0.3862444534086325 0.3642010163749294 0.002016942315449778 0.002258610954263128
0 0.40641387656313027 0.3651891586674195 0.03751512706736587 0.026256352343308864
0 0.4421137555465914 0.36773009599096557 0.029043969342476807 0.010446075663466968
0 0.4965711980637354 0.3616600790513834 0.03146430012101654 0.024844720496894408
0 0.5191609519967729 0.3753529079616036 0.01290843081887858 0.027950310559006212
0 0.5334812424364663 0.3695652173913043 0.011698265429608713 0.014116318464144552
0 0.5635336829366681 0.37987012987012986 0.008874546187979023 0.01383399209486166
0 0.5937878176684147 0.370412196499153 0.014521984671238403 0.011857707509881422
0 0.6081081081081081 0.3697063805759458 0.013311819281968536 0.009316770186335404
0 0.6284792254941509 0.3685770750988142 0.017749092375958047 0.012140033879164314
0 0.6688180718031465 0.3685770750988142 0.01371520774505849 0.014963297571993224
0 0.6653892698668818 0.3705533596837945 0.004437273093989512 0.002540937323546019
0 0.6833400564743848 0.3695652173913043 0.015328761597418314 0.010163749294184076
0 0.7248890681726503 0.37027103331451156 0.063735377168213 0.014398644833427442
0 0.7696651875756353 0.3684359119141728 0.017749092375958047 0.03557312252964427
0 0.780960064542154 0.3709768492377188 0.012101653892698669 0.007905138339920948
0 0.7981040742234772 0.3632128740824393 0.011698265429608713 0.028514963297571992
0 0.8497377974989915 0.3715415019762846 0.05445744251714401 0.012422360248447204
0 0.8874546187979023 0.38297571993224166 0.01290843081887858 0.014963297571993224
0 0.1672045179507866 0.41699604743083 0.02218636546994756 0.012422360248447204
0 0.17607906413876562 0.4162902315076228 0.0060508269463493344 0.007058159232072276
0 0.1936264622831787 0.4192546583850932 0.026623638563937072 0.012422360248447204
0 0.21702299314239612 0.4191134952004517 0.016942315449778138 0.011575381140598532
0 0.2561516740621218 0.40683229813664595 0.0016135538523598225 0.001129305477131564
0 0.2583703106091166 0.4202428006775833 0.0028237192416296895 0.01101072840203275
0 0.2708753529649052 0.41953698475437606 0.011698265429608713 0.010163749294184076
0 0.3245260185558693 0.4201016374929418 0.04719645018152481 0.01129305477131564
0 0.40943929003630497 0.4155844155844156 0.04679306171843485 0.019762845849802372
0 0.4461476401774909 0.4138904573687182 0.03307785397337636 0.024280067758328628
0 0.4618797902379992 0.4116318464144551 0.0016135538523598225 0.001129305477131564
0 0.4846712384025817 0.41854884246188595 0.0391286809197257 0.01101072840203275
0 0.5189592577652279 0.41798418972332013 0.018152480839048003 0.011575381140598532
0 0.5141185962081485 0.4044325239977414 0.0052440500201694235 0.009316770186335404
0 0.591367486889875 0.4129023150762281 0.06292860024203308 0.021739130434782608
0 0.6446147640177491 0.411914172783738 0.03227107704719645 0.024280067758328628
0 0.709156918112142 0.4227837380011293 0.03872529245663574 0.046583850931677016
0 0.7404195240016136 0.4202428006775833 0.01653892698668818 0.010446075663466968
0 0.7944735780556677 0.4148785996612084 0.03509479628882614 0.020609824957651044
0 0.8267446551028641 0.4192546583850932 0.02379991932230738 0.010163749294184076
0 0.19039935457845905 0.46950875211744775 0.029850746268656716 0.011857707509881422
0 0.20835014118596207 0.4655561829474873 0.002016942315449778 0.00282326369282891
0 0.22690601048810005 0.4614624505928854 0.03428801936264623 0.026256352343308864
0 0.2563533682936668 0.46273291925465837 0.014925373134328358 0.0220214568040655
0 0.25332795482049214 0.45087521174477696 0.0024203307785397336 0.0016939582156973462
0 0.26522791448164584 0.4772727272727273 0.008471157724889069 0.00818746470920384
0 0.31565147236789026 0.4644268774703557 0.052843888664784185 0.020327498588368152
0 0.3973376361436063 0.47035573122529645 0.01936264622831787 0.011857707509881422
0 0.4407018959257765 0.461038961038961 0.056070996369503835 0.025974025974025976
0 0.5060508269463493 0.46809712027103334 0.019766034691407825 0.012987012987012988
0 0.5246066962484873 0.4697910784867307 0.01573215006050827 0.010163749294184076
0 0.591367486889875 0.46485036702428006 0.0500201694231545 0.023433088650479956
0 0.6214199273900767 0.4548277809147374 0.0028237192416296895 0.009599096555618294
0 0.6407825736183945 0.4601919819311124 0.01653892698668818 0.024844720496894408
0 0.7025010084711577 0.46852060982495763 0.0463896732553449 0.016092603049124788
0 0.7722872125857201 0.47007340485601357 0.04961678096006454 0.014116318464144552
0 0.19927390076643808 0.519621682665161 0.053247277127874144 0.014963297571993224
0 0.2581686163775716 0.51270468661773 0.0500201694231545 0.025409373235460192
0 0.3334005647438483 0.5180688876341051 0.01573215006050827 0.010728402032749858
0 0.326946349334409 0.5118577075098815 0.002016942315449778 0.001129305477131564
0 0.34973779749899153 0.5180688876341051 0.016942315449778138 0.010163749294184076
0 0.40237999193223073 0.5139751552795031 0.03509479628882614 0.021739130434782608
0 0.46228317870108915 0.5203274985883681 0.033884630899556276 0.01129305477131564
0 0.48406615570794675 0.5121400338791643 0.009681323114158934 0.02258610954263128
0 0.5409439290036305 0.5206098249576511 0.02016942315449778 0.04121964991530209
0 0.5611133521581283 0.5317617165443252 0.033884630899556276 0.03359683794466403
0 0.5877369907220653 0.5207509881422925 0.01371520774505849 0.011575381140598532
0 0.6038725292456636 0.5136928289102202 0.014521984671238403 0.023997741389045736
0 0.6175877369907221 0.5265386787125917 0.003227107704719645 0.00282326369282891
