0 0.17648245260185558 0.25508187464709203 0.07059298104074223 0.008752117447769622
0 0.16841468334005646 0.2639751552795031 0.008471157724889069 0.00846979107848673
0 0.2099636950383219 0.2583286278938453 0.020572811617587738 0.02258610954263128
0 0.21762807583703106 0.26566911349520045 0.0060508269463493344 0.006211180124223602
0 0.2281161758773699 0.2648221343873518 0.006857603872529245 0.00564652738565782
0 0.23759580475998388 0.2660926030491248 0.007260992335619202 0.007622811970638058
0 0.27773295683743443 0.2663749294184077 0.018152480839048003 0.00818746470920384
0 0.29164985881403793 0.26651609260304915 0.008874546187979023 0.006775832862789385
0 0.3055667607906414 0.2672219085262564 0.01008471157724889 0.008752117447769622
0 0.3408632513110125 0.26750423489553926 0.008874546187979023 0.00818746470920384
0 0.38664784187172246 0.2651044607566347 0.01734570391286809 0.009034443817052512
0 0.39975796692214605 0.2663749294184077 0.008067769261799113 0.005928853754940711
0 0.41589350544574427 0.26566911349520045 0.014521984671238403 0.00564652738565782
0 0.42940701895925776 0.2663749294184077 0.006857603872529245 0.006493506493506494
0 0.4505849132714804 0.26538678712591757 0.02016942315449778 0.006211180124223602
0 0.47135941912061313 0.2587521174477696 0.012505042355788625 0.020045172219085264
0 0.4802339653085922 0.26651609260304915 0.006857603872529245 0.00564652738565782
0 0.4991932230738201 0.26143421795595706 0.014118596208148447 0.01693958215697346
0 0.5413473174667205 0.2673630717108978 0.01290843081887858 0.00564652738565782
0 0.5576845502218637 0.2608695652173913 0.011698265429608713 0.019198193111236588
0 0.5663574021782977 0.2670807453416149 0.007260992335619202 0.004517221908526256
0 0.5800726099233562 0.2672219085262564 0.007260992335619202 0.006493506493506494
0 0.5939895118999596 0.2605872388481084 0.013311819281968536 0.019762845849802372
0 0.6054860830980234 0.2660926030491248 0.00645421540943929 0.006493506493506494
0 0.6250504235578862 0.2627046866177301 0.020572811617587738 0.01383399209486166
0 0.6744655102864058 0.2662337662337662 0.010488100040338847 0.009034443817052512
0 0.6924162968939088 0.2605872388481084 0.018152480839048003 0.019198193111236588
0 0.7022993142396128 0.26595143986448333 0.015328761597418314 0.00564652738565782
0 0.7164179104477612 0.2658102766798419 0.00645421540943929 0.004799548277809147
0 0.727914481645825 0.2658102766798419 0.006857603872529245 0.005364201016374929
0 0.7382008874546188 0.27103331451157536 0.01855586930213796 0.01693958215697346
0 0.7591770875352964 0.2574816487859966 0.016942315449778138 0.0220214568040655
0 0.7660346914078258 0.2652456239412761 0.00645421540943929 0.007058159232072276
0 0.7771278741427995 0.2652456239412761 0.007664380798709157 0.007058159232072276
0 0.7902379991932231 0.26665725578769056 0.008067769261799113 0.007622811970638058
0 0.8233158531665994 0.2682100508187465 0.004840661557079467 0.006211180124223602
0 0.8289632916498588 0.2577639751552795 0.0016135538523598225 0.002258610954263128
0 0.8356192012908431 0.26693958215697344 0.011698265429608713 0.007622811970638058
0 0.1518757563533683 0.3157820440429136 0.01734570391286809 0.010446075663466968
0 0.1690197660346914 0.31733483907396953 0.005647438483259379 0.005081874647092038
0 0.1855586930213796 0.3166290231507623 0.015328761597418314 0.004799548277809147
0 0.20492133924969747 0.3160643704121965 0.00645421540943929 0.006493506493506494
0 0.24848729326341268 0.32495765104460755 0.01371520774505849 0.033314511575381144
0 0.2656313029447358 0.31747600225861095 0.012505042355788625 0.004799548277809147
0 0.27934651068979427 0.31592320722755507 0.008471157724889069 0.005081874647092038
0 0.2918515530455829 0.3157820440429136 0.008471157724889069 0.007058159232072276
0 0.31242436466317064 0.3101355166572558 0.022993142396127472 0.021174477696216828
0 0.3313836224283985 0.3147939017504235 0.014118596208148447 0.009034443817052512
0 0.3489310205728116 0.32523997741389044 0.0024203307785397336 0.006211180124223602
0 0.38241226300927794 0.3160643704121965 0.011294876966518758 0.007058159232072276
0 0.39592577652279143 0.31648785996612083 0.01008471157724889 0.00564652738565782
0 0.41044776119402987 0.31126482213438733 0.011698265429608713 0.017786561264822136
0 0.41972569584509883 0.30632411067193677 0.002016942315449778 0.0033879164313946925
0 0.4356595401371521 0.31211180124223603 0.017749092375958047 0.017786561264822136
0 0.47418313836224285 0.3135234330886505 0.0060508269463493344 0.017221908526256352
0 0.5100847115772489 0.31620553359683795 0.010891488503428802 0.010163749294184076
0 0.5197660346914078 0.3170525127046866 0.008471157724889069 0.007340485601355167
0 0.5373134328358209 0.32185206098249575 0.011294876966518758 0.014680971202710334
0 0.5554659136748689 0.31154714850367027 0.011294876966518758 0.018351214003387916
0 0.5645421540943929 0.31634669678147936 0.008471157724889069 0.007058159232072276
0 0.5766438079870916 0.3170525127046866 0.003630496167809601 0.005081874647092038
0 0.5794675272287213 0.30957086391869 0.002016942315449778 0.003105590062111801
0 0.5887454618797903 0.3160643704121965 0.00927793465106898 0.005928853754940711
0 0.5980233965308592 0.31592320722755507 0.0052440500201694235 0.00564652738565782
0 0.6105284388866479 0.31733483907396953 0.006857603872529245 0.005081874647092038
0 0.6189995966115369 0.3114059853190288 0.010891488503428802 0.01355166572557877
0 0.6702299314239613 0.31154714850367027 0.020572811617587738 0.020045172219085264
0 0.6865671641791045 0.3170525127046866 0.007260992335619202 0.005081874647092038
0 0.7085518354175071 0.3125352907961604 0.019766034691407825 0.020327498588368152
0 0.7424364663170633 0.3169113495200452 0.014925373134328358 0.005364201016374929
0 0.7597821702299314 0.32806324110671936 0.01653892698668818 0.028797289666854884
0 0.7968939088342073 0.31648785996612083 0.01008471157724889 0.00846979107848673
0 0.8100040338846309 0.31084133258046304 0.008874546187979023 0.020327498588368152
0 0.8241226300927793 0.31747600225861095 0.012101653892698669 0.005928853754940711
0 0.8390480032271077 0.3170525127046866 0.007260992335619202 0.006775832862789385
0 0.8493344090359016 0.31648785996612083 0.008471157724889069 0.006211180124223602
0 0.8612343686970553 0.3101355166572558 0.011294876966518758 0.022303783173348392
0 0.15389269866881808 0.3684359119141728 0.014118596208148447 0.009599096555618294
0 0.1690197660346914 0.3673066064370412 0.008874546187979023 0.007905138339920948
0 0.18071803146430013 0.36829474872953133 0.007260992335619202 0.009316770186335404
0 0.23779749899152886 0.36476566911349523 0.013311819281968536 0.018068887634105024
0 0.25312626058894716 0.36688311688311687 0.00927793465106898 0.010446075663466968
0 0.2678499394917305 0.36645962732919257 0.008874546187979023 0.007340485601355167
0 0.32109721661960466 0.3718238283455675 0.02581686163775716 0.034443817052512704
0 0.3444937474788221 0.36674195369847545 0.008067769261799113 0.007905138339920948
0 0.3620411456232352 0.36180124223602483 0.006857603872529245 0.017221908526256352
0 0.41085114965711983 0.3620835686053077 0.01734570391286809 0.021739130434782608
0 0.4386849536103267 0.3769057029926595 0.030254134731746672 0.04517221908526256
0 0.4255748285599032 0.36702428006775834 0.0016135538523598225 0.001129305477131564
0 0.42617991125453814 0.3609542631281762 0.002016942315449778 0.003105590062111801
0 0.49394917305365066 0.36702428006775834 0.00927793465106898 0.007340485601355167
0 0.5076643807987091 0.3595426312817617 0.01008471157724889 0.01948051948051948
0 0.518757563533683 0.365330321852061 0.010488100040338847 0.005081874647092038
0 0.5377168212989109 0.36674195369847545 0.024203307785397338 0.007340485601355167
0 0.5903590157321501 0.3622247317899492 0.01653892698668818 0.021456804065499716
0 0.6075030254134732 0.3684359119141728 0.011294876966518758 0.009034443817052512
0 0.6575231948366277 0.3644833427442123 0.012101653892698669 0.010728402032749858
0 0.6754739814441307 0.36575381140598534 0.018152480839048003 0.009881422924901186
0 0.7238805970149254 0.3591191417278374 0.018959257765227916 0.018633540372670808
0 0.7379991932230738 0.36462450592885376 0.008471157724889069 0.007622811970638058
0 0.7501008471157725 0.3650479954827781 0.00927793465106898 0.006211180124223602
0 0.7692617991125453 0.3599661208356861 0.014521984671238403 0.014116318464144552
0 0.800322710770472 0.3541784302653868 0.007260992335619202 0.01948051948051948
0 0.7987091569181122 0.36984754376058726 0.003227107704719645 0.002258610954263128
0 0.8384429205324728 0.3606719367588933 0.02864058087938685 0.02456239412761152
0 0.8331988705123033 0.364059853190288 0.008471157724889069 0.011575381140598532
0 0.8616377571601452 0.36773009599096557 0.010488100040338847 0.007622811970638058
0 0.14663170633319886 0.41643139469226426 0.014925373134328358 0.009599096555618294
0 0.16256555062525213 0.41671372106154714 0.008874546187979023 0.004517221908526256
0 0.17224687373941105 0.41770186335403725 0.004033884630899556 0.0036702428006775835
0 0.17244856797095603 0.4137492941840768 0.0028237192416296895 0.003105590062111801
0 0.18596208148446955 0.41022021456804064 0.01290843081887858 0.018633540372670808
0 0.24949576442113755 0.41869000564652736 0.02379991932230738 0.009034443817052512
0 0.2672448567970956 0.4201016374929418 0.007664380798709157 0.005081874647092038
0 0.32311415893505446 0.4265951439864483 0.020976200080677694 0.029926595143986448
0 0.33319887051230335 0.4161490683229814 0.004033884630899556 0.00282326369282891
0 0.3434852763210972 0.4209486166007905 0.00927793465106898 0.00564652738565782
0 0.3622428398547802 0.4193958215697346 0.01371520774505849 0.005928853754940711
0 0.3751512706736587 0.4202428006775833 0.003227107704719645 0.004234895539243365
0 0.38422751109318276 0.4193958215697346 0.008471157724889069 0.001976284584980237
0 0.4027833803953207 0.427442123094297 0.01653892698668818 0.026538678712591756
0 0.44372730939895116 0.42518351214003386 0.011294876966518758 0.018068887634105024
0 0.463493344090359 0.4184076792772445 0.01855586930213796 0.006775832862789385
0 0.48608309802339655 0.41233766233766234 0.016135538523598225 0.0189158667419537
0 0.5024203307785398 0.42631281761716544 0.010891488503428802 0.025409373235460192
0 0.554860830980234 0.41120835686053075 0.018152480839048003 0.022868435911914172
0 0.5707946752722872 0.41770186335403725 0.008067769261799113 0.00818746470920384
0 0.5792658329971763 0.41798418972332013 0.008874546187979023 0.00818746470920384
0 0.5893505445744252 0.41727837380011296 0.007260992335619202 0.006211180124223602
0 0.6038725292456636 0.42715979672501414 0.01290843081887858 0.025974025974025976
0 0.6313029447357805 0.4253246753246753 0.0024203307785397336 0.006493506493506494
0 0.6617587736990722 0.4165725578769057 0.01008471157724889 0.00818746470920384
0 0.6764824526018556 0.41741953698475437 0.011294876966518758 0.005928853754940711
0 0.6922146026623639 0.4138904573687182 0.01371520774505849 0.015245623941276116
0 0.7258975393303752 0.4181253529079616 0.014925373134328358 0.006211180124223602
0 0.7400161355385236 0.4192546583850932 0.008471157724889069 0.009599096555618294
0 0.7769261799112546 0.41869000564652736 0.01855586930213796 0.007905138339920948
0 0.790843081887858 0.41770186335403725 0.007664380798709157 0.006493506493506494
0 0.8045582896329165 0.41756070016939584 0.00927793465106898 0.007340485601355167
0 0.8152480839048003 0.41756070016939584 0.007260992335619202 0.00564652738565782
0 0.8263412666397741 0.42617165443252397 0.02944735780556676 0.027385657820440428
0 0.8551835417507059 0.4134669678147939 0.01855586930213796 0.014398644833427442
0 0.15066559096409843 0.4654150197628458 0.01734570391286809 0.0189158667419537
0 0.19423154497781364 0.4754376058723885 0.025413473174667203 0.024844720496894408
0 0.2210568777732957 0.4624505928853755 0.01371520774505849 0.018633540372670808
0 0.26321097216619604 0.4697910784867307 0.010891488503428802 0.00846979107848673
0 0.31565147236789026 0.46908526256352345 0.01008471157724889 0.007622811970638058
0 0.3338039532069383 0.4624505928853755 0.010891488503428802 0.019198193111236588
0 0.34852763210972165 0.4686617730095991 0.003227107704719645 0.006775832862789385
0 0.3501411859620815 0.4603331451157538 0.0016135538523598225 0.003105590062111801
0 0.35760387252924564 0.47910784867306605 0.00927793465106898 0.026538678712591756
0 0.3697055264219443 0.46809712027103334 0.006857603872529245 0.007905138339920948
0 0.381605486083098 0.4683794466403162 0.009681323114158934 0.00846979107848673
0 0.4007664380798709 0.4634387351778656 0.01573215006050827 0.01948051948051948
0 0.4134731746672045 0.46936758893280633 0.003227107704719645 0.004234895539243365
0 0.41427995159338443 0.4632975719932242 0.0024203307785397336 0.00282326369282891
0 0.42617991125453814 0.467673630717109 0.00927793465106898 0.006493506493506494
0 0.4376764824526019 0.4665443252399774 0.005647438483259379 0.007058159232072276
0 0.45038321903993545 0.4823546019198193 0.011698265429608713 0.03698475437605872
0 0.5002016942315449 0.46047430830039526 0.01371520774505849 0.021456804065499716
0 0.5106897942718839 0.4675324675324675 0.008067769261799113 0.006775832862789385
0 0.5237999193223074 0.48009599096555616 0.011698265429608713 0.029644268774703556
0 0.5445744251714401 0.46710897797854317 0.015328761597418314 0.005928853754940711
0 0.5572811617587737 0.4675324675324675 0.006857603872529245 0.006775832862789385
0 0.572609923356192 0.4675324675324675 0.013311819281968536 0.007905138339920948
0 0.6220250100847116 0.46809712027103334 0.016135538523598225 0.009034443817052512
0 0.6464300121016539 0.4614624505928854 0.020572811617587738 0.020045172219085264
0 0.6954417103670835 0.46725014116318464 0.010488100040338847 0.00846979107848673
0 0.7073416700282372 0.4678147939017504 0.0060508269463493344 0.005081874647092038
0 0.718636546994756 0.4678147939017504 0.011698265429608713 0.005081874647092038
0 0.7351754739814441 0.4621682665160926 0.013311819281968536 0.015245623941276116
0 0.7505042355788625 0.46287408243929984 0.01734570391286809 0.014963297571993224
0 0.7870108914885035 0.4751552795031056 0.004840661557079467 0.00282326369282891
0 0.7944735780556677 0.46287408243929984 0.011698265429608713 0.020045172219085264
0 0.8081887858007261 0.46809712027103334 0.0060508269463493344 0.00564652738565782
0 0.8176684146833401 0.4697910784867307 0.0016135538523598225 0.001129305477131564
0 0.8251311012505043 0.4632975719932242 0.011698265429608713 0.014680971202710334
0 0.8311819281968535 0.4751552795031056 0.01734570391286809 0.018633540372670808
0 0.15449778136345302 0.5179277244494636 0.010488100040338847 0.00818746470920384
0 0.17164179104477612 0.5184923771880293 0.01653892698668818 0.005928853754940711
0 0.18838241226300928 0.5184923771880293 0.00645421540943929 0.005928853754940711
0 0.19887051230334812 0.5189158667419537 0.009681323114158934 0.00564652738565782
0 0.2172246873739411 0.5289384528514963 0.01653892698668818 0.03190287972896669
0 0.27390076643807987 0.5139751552795031 0.01855586930213796 0.021739130434782608
0 0.290843081887858 0.5206098249576511 0.00645421540943929 0.00564652738565782
0 0.34409035901573215 0.5180688876341051 0.010488100040338847 0.00846979107848673
0 0.3588140379185155 0.5103049124788255 0.010891488503428802 0.0189158667419537
0 0.37031060911657926 0.5190570299265952 0.0024203307785397336 0.001411631846414455
0 0.373134328358209 0.508893280632411 0.0016135538523598225 0.001976284584980237
0 0.38422751109318276 0.512987012987013 0.011698265429608713 0.014680971202710334
0 0.39653085921742637 0.5121400338791643 0.01371520774505849 0.014680971202710334
0 0.4146833400564744 0.5176453980801807 0.017749092375958047 0.00818746470920384
0 0.43303751512706734 0.5183512140033879 0.013311819281968536 0.009599096555618294
0 0.4737797498991529 0.5183512140033879 0.008471157724889069 0.007340485601355167
0 0.48628479225494153 0.5180688876341051 0.010891488503428802 0.00564652738565782
0 0.5028237192416297 0.5143986448334275 0.014925373134328358 0.014680971202710334
0 0.5387252924566357 0.5289384528514963 0.018959257765227916 0.03020892151326934
0 0.554457442517144 0.519621682665161 0.008471157724889069 0.006493506493506494
0 0.5675675675675675 0.5199040090344438 0.010488100040338847 0.004799548277809147
0 0.5830980233965308 0.5187747035573123 0.01008471157724889 0.004234895539243365
0 0.5895522388059702 0.5292207792207793 0.018152480839048003 0.03077357425183512
0 0.6341266639774102 0.5235742518351214 0.011294876966518758 0.0189158667419537
0 0.6484469544171036 0.5177865612648221 0.006857603872529245 0.007905138339920948
0 0.6601452198467124 0.519339356295878 0.0060508269463493344 0.005364201016374929
0 0.6700282371924163 0.5230095990965556 0.014521984671238403 0.016092603049124788
0 0.6906010488100041 0.5122811970638057 0.017749092375958047 0.01948051948051948
0 0.7139975796692215 0.5224449463579899 0.003227107704719645 0.002540937323546019
