0 0.15328761597418314 0.2584697910784867 0.003227107704719645 0.018351214003387916
0 0.16599435256151673 0.26439864483342745 0.018959257765227916 0.006493506493506494
0 0.200080677692618 0.26101072840203277 0.011294876966518758 0.014963297571993224
0 0.2109721661960468 0.2608695652173913 0.004033884630899556 0.015810276679841896
0 0.22388059701492538 0.2658102766798419 0.020976200080677694 0.005928853754940711
0 0.24747882210568778 0.265527950310559 0.022993142396127472 0.007622811970638058
0 0.3150463896732553 0.26665725578769056 0.04356595401371521 0.007622811970638058
0 0.35296490520371115 0.26905702992659514 0.02581686163775716 0.028797289666854884
0 0.4005647438483259 0.27399774138904576 0.01290843081887858 0.023433088650479956
0 0.4233561920129084 0.2689158667419537 0.0326744655102864 0.005364201016374929
0 0.4445340863251311 0.2684923771880294 0.008874546187979023 0.007905138339920948
0 0.4881000403388463 0.26453980801806887 0.00645421540943929 0.010728402032749858
0 0.5008067769261799 0.2648221343873518 0.010891488503428802 0.009034443817052512
0 0.5153287615974184 0.264257481648786 0.0028237192416296895 0.007905138339920948
0 0.5252117789431222 0.265527950310559 0.008874546187979023 0.009881422924901186
0 0.5429608713190803 0.2676453980801807 0.010488100040338847 0.002258610954263128
0 0.5552642194433239 0.2663749294184077 0.003630496167809601 0.009316770186335404
0 0.5663574021782977 0.2663749294184077 0.012101653892698669 0.011575381140598532
0 0.5865268253327954 0.27555053642010163 0.003227107704719645 0.00846979107848673
0 0.6109318273497378 0.26595143986448333 0.020572811617587738 0.012422360248447204
0 0.6175877369907221 0.26341050254093734 0.0024203307785397336 0.0016939582156973462
0 0.6321097216619604 0.2660926030491248 0.017749092375958047 0.022303783173348392
0 0.6684146833400565 0.2683512140033879 0.014521984671238403 0.006493506493506494
0 0.6877773295683743 0.26976284584980237 0.020976200080677694 0.007058159232072276
0 0.745260185558693 0.275974025974026 0.04235578862444534 0.017786561264822136
0 0.8104074223477209 0.26651609260304915 0.04517950786607503 0.026538678712591756
0 0.15026220250100847 0.314652738565782 0.00927793465106898 0.018351214003387916
0 0.1607503025413473 0.3197346132128741 0.008471157724889069 0.004799548277809147
0 0.17849939491730538 0.31507622811970637 0.025413473174667203 0.014116318464144552
0 0.21682129891085114 0.31747600225861095 0.010891488503428802 0.004799548277809147
0 0.218233158531666 0.31225296442687744 0.004033884630899556 0.002258610954263128
0 0.23517547398144414 0.320016939582157 0.021782977006857603 0.004799548277809147
0 0.2757160145219847 0.31507622811970637 0.0318676885841065 0.014680971202710334
0 0.3160548608309802 0.32298136645962733 0.008471157724889069 0.015245623941276116
0 0.3382412263009278 0.3204404291360813 0.02944735780556676 0.006775832862789385
0 0.34630899556272693 0.31634669678147936 0.0028237192416296895 0.001976284584980237
0 0.363654699475595 0.31592320722755507 0.01573215006050827 0.015810276679841896
0 0.4110528438886648 0.31634669678147936 0.03791851553045583 0.012704686617730096
0 0.4580475998386446 0.3198757763975155 0.007664380798709157 0.003952569169960474
0 0.4598628479225494 0.3147939017504235 0.004840661557079467 0.002258610954263128
0 0.46672045179507865 0.31874647092038394 0.00645421540943929 0.006775832862789385
0 0.4989915288422751 0.3142292490118577 0.035498184751916094 0.014680971202710334
0 0.5475998386446148 0.3186053077357425 0.014925373134328358 0.005364201016374929
0 0.5609116579265833 0.3201581027667984 0.007664380798709157 0.002258610954263128
0 0.5621218233158531 0.3156408808582722 0.004437273093989512 0.002258610954263128
0 0.572206534893102 0.31747600225861095 0.012505042355788625 0.01101072840203275
0 0.5927793465106898 0.3198757763975155 0.022993142396127472 0.00564652738565782
0 0.6599435256151674 0.3190287972896669 0.04437273093989512 0.007905138339920948
0 0.7174263816054861 0.320016939582157 0.02702702702702703 0.006493506493506494
0 0.7355788624445341 0.3154997176736307 0.013311819281968536 0.016092603049124788
0 0.7509076240419524 0.3207227555053642 0.012505042355788625 0.0033879164313946925
0 0.763210972166196 0.314652738565782 0.015328761597418314 0.014398644833427442
0 0.772892295280355 0.3198757763975155 0.00645421540943929 0.0033879164313946925
0 0.7755143202904397 0.31535855448898925 0.0028237192416296895 0.0016939582156973462
0 0.7916498588140379 0.31945228684359117 0.020572811617587738 0.006493506493506494
0 0.8156514723678903 0.32269904009034445 0.0024203307785397336 0.0016939582156973462
0 0.15429608713190804 0.3644833427442123 0.021379588543767647 0.01355166572557877
0 0.18132311415893507 0.36335403726708076 0.02944735780556676 0.015245623941276116
0 0.22609923356192013 0.3663184641445511 0.010891488503428802 0.009881422924901186
0 0.23779749899152886 0.36984754376058726 0.008471157724889069 0.00282326369282891
0 0.23840258168616377 0.36476566911349523 0.003227107704719645 0.0016939582156973462
0 0.24868898749495763 0.3684359119141728 0.006857603872529245 0.006775832862789385
0 0.2646228317870109 0.36490683229813664 0.01936264622831787 0.01383399209486166
0 0.2823719241629689 0.3740824392998306 0.008874546187979023 0.012422360248447204
0 0.29850746268656714 0.3740824392998306 0.003227107704719645 0.006211180124223602
0 0.3315853166599435 0.36575381140598534 0.015328761597418314 0.011575381140598532
0 0.34953610326744655 0.36900056465273856 0.019766034691407825 0.00564652738565782
0 0.36930213795885436 0.3684359119141728 0.014118596208148447 0.005081874647092038
0 0.38140379185155304 0.36900056465273856 0.0060508269463493344 0.00282326369282891
0 0.38422751109318276 0.3642010163749294 0.0028237192416296895 0.002258610954263128
0 0.39975796692214605 0.37337662337662336 0.02501008471157725 0.014963297571993224
0 0.4499798305768455 0.3642010163749294 0.050423557886244454 0.017504234895539244
0 0.49717628075837034 0.36391869000564653 0.0060508269463493344 0.01693958215697346
0 0.5205728116175877 0.3681535855448899 0.006857603872529245 0.007905138339920948
0 0.5512303348124243 0.3695652173913043 0.04800322710770472 0.019762845849802372
0 0.6159741831383623 0.379587803500847 0.03146430012101654 0.023997741389045736
0 0.6752722872125857 0.3650479954827781 0.03953206938281565 0.01693958215697346
0 0.6924162968939088 0.3650479954827781 0.0028237192416296895 0.002258610954263128
0 0.7014925373134329 0.3674477696216827 0.012101653892698669 0.01101072840203275
0 0.7220653489310206 0.37450592885375494 0.02501008471157725 0.012704686617730096
0 0.7410246066962485 0.370412196499153 0.005647438483259379 0.007340485601355167
0 0.7753126260588947 0.3715415019762846 0.008067769261799113 0.003952569169960474
0 0.7757160145219847 0.36702428006775834 0.0024203307785397336 0.002258610954263128
0 0.7882210568777733 0.3719649915302089 0.016135538523598225 0.004234895539243365
0 0.1500605082694635 0.4134669678147939 0.009681323114158934 0.012140033879164314
0 0.17527228721258573 0.41798418972332013 0.03428801936264623 0.006493506493506494
0 0.19887051230334812 0.4178430265386787 0.012101653892698669 0.005081874647092038
0 0.20492133924969747 0.4160079051383399 0.003227107704719645 0.002540937323546019
0 0.21682129891085114 0.4199604743083004 0.018959257765227916 0.005364201016374929
0 0.23779749899152886 0.42476002258610956 0.0028237192416296895 0.005928853754940711
0 0.2579669221460266 0.4192546583850932 0.014925373134328358 0.006211180124223602
0 0.2712787414279952 0.41967814793901753 0.006857603872529245 0.007058159232072276
0 0.29225494150867287 0.4147374364765669 0.033481242436466316 0.014680971202710334
0 0.345502218636547 0.41869000564652736 0.0318676885841065 0.00564652738565782
0 0.38422751109318276 0.4193958215697346 0.0060508269463493344 0.004234895539243365
0 0.3862444534086325 0.4150197628458498 0.0028237192416296895 0.00282326369282891
0 0.39411052843888666 0.4202428006775833 0.008067769261799113 0.020045172219085264
0 0.4281968535699879 0.41798418972332013 0.008471157724889069 0.016657255787690572
0 0.4540137152077451 0.422360248447205 0.011698265429608713 0.005081874647092038
0 0.4661153691004437 0.42179559570863917 0.01008471157724889 0.005081874647092038
0 0.4881000403388463 0.41798418972332013 0.03146430012101654 0.013269339356295878
0 0.5306575231948366 0.41826651609260307 0.012505042355788625 0.013269339356295878
0 0.5441710367083501 0.4202428006775833 0.008874546187979023 0.005364201016374929
0 0.5764421137555465 0.4213721061547149 0.007260992335619202 0.007058159232072276
0 0.5867285195643405 0.42179559570863917 0.01008471157724889 0.006211180124223602
0 0.6095199677289229 0.4225014116318464 0.03146430012101654 0.005928853754940711
0 0.6395724082291246 0.4158667419536985 0.025413473174667203 0.014116318464144552
0 0.6500605082694635 0.4160079051383399 0.003630496167809601 0.002540937323546019
0 0.6663977410246067 0.4278656126482213 0.02581686163775716 0.016657255787690572
0 0.7133924969745865 0.4201016374929418 0.014925373134328358 0.02258610954263128
0 0.7283178701089149 0.4213721061547149 0.00927793465106898 0.0036702428006775835
0 0.7607906413876563 0.41643139469226426 0.008067769261799113 0.014680971202710334
0 0.7718838241226301 0.4201016374929418 0.013311819281968536 0.005081874647092038
0 0.7847922549415087 0.4209486166007905 0.010891488503428802 0.005081874647092038
0 0.8144413069786204 0.4212309429700734 0.01371520774505849 0.007340485601355167
0 0.8406615570794675 0.41883116883116883 0.03711173860427592 0.013269339356295878
0 0.8614360629286002 0.4225014116318464 0.00927793465106898 0.007058159232072276
0 0.15994352561516742 0.46696781479390176 0.02379991932230738 0.015810276679841896
0 0.20673658733360226 0.46597967250141165 0.031060911657926585 0.014398644833427442
0 0.25332795482049214 0.4654150197628458 0.02016942315449778 0.011575381140598532
0 0.2708753529649052 0.4743083003952569 0.01008471157724889 0.012422360248447204
0 0.2918515530455829 0.4666854884246189 0.025413473174667203 0.012422360248447204
0 0.33662767244856795 0.4673913043478261 0.014925373134328358 0.010446075663466968
0 0.3600242033077854 0.46569734613212876 0.024606696248487294 0.01383399209486166
0 0.3880597014925373 0.46597967250141165 0.029850746268656716 0.012704686617730096
0 0.43404598628479224 0.46710897797854317 0.016135538523598225 0.011575381140598532
0 0.4463493344090359 0.4696499153020892 0.010891488503428802 0.004799548277809147
0 0.46672045179507865 0.472755505364201 0.02501008471157725 0.013269339356295878
0 0.47660346914078255 0.4655561829474873 0.003630496167809601 0.0016939582156973462
0 0.5056474384832593 0.466403162055336 0.04154901169826543 0.015810276679841896
0 0.5332795482049213 0.4741671372106155 0.004840661557079467 0.008752117447769622
0 0.5835014118596208 0.4697910784867307 0.043162565550625254 0.02258610954263128
0 0.6317063331988705 0.47360248447204967 0.012101653892698669 0.005364201016374929
0 0.645018152480839 0.4723320158102767 0.008874546187979023 0.023150762281197064
0 0.6748688987494957 0.4709203839638622 0.012101653892698669 0.00564652738565782
0 0.6982654296087132 0.47134387351778656 0.026623638563937072 0.005364201016374929
0 0.7373941105284388 0.47571993224167136 0.007260992335619202 0.017504234895539244
0 0.7496974586526826 0.4733201581027668 0.00927793465106898 0.002540937323546019
0 0.753731343283582 0.4678147939017504 0.0028237192416296895 0.002258610954263128
0 0.7603872529245663 0.4717673630717109 0.007260992335619202 0.006211180124223602
0 0.7710770471964502 0.47219085262563526 0.011698265429608713 0.004799548277809147
0 0.7880193626462283 0.47261434217955955 0.013311819281968536 0.0033879164313946925
0 0.8114158935054457 0.4717673630717109 0.030254134731746672 0.00564652738565782
0 0.8370310609116579 0.4748729531338227 0.0024203307785397336 0.0016939582156973462
0 0.1553045582896329 0.5163749294184077 0.008067769261799113 0.019198193111236588
0 0.18576038725292457 0.5211744776962168 0.013311819281968536 0.00564652738565782
0 0.19927390076643808 0.5210333145115754 0.012101653892698669 0.004234895539243365
0 0.20754336425978218 0.5206098249576511 0.006857603872529245 0.006775832862789385
0 0.24929407018959257 0.5215979672501412 0.011294876966518758 0.006493506493506494
0 0.27047196450181527 0.5276679841897233 0.02944735780556676 0.017504234895539244
0 0.3247277127874143 0.5225861095426313 0.05163372327551432 0.024844720496894408
0 0.3898749495764421 0.5199040090344438 0.018152480839048003 0.016092603049124788
0 0.4465510286405809 0.5223037831733484 0.04033884630899556 0.020892151326933936
0 0.5056474384832593 0.5241389045736872 0.024606696248487294 0.004234895539243365
0 0.49838644614764016 0.5183512140033879 0.004437273093989512 0.002258610954263128
0 0.5393303751512707 0.5184923771880293 0.03146430012101654 0.016092603049124788
0 0.5524405002016942 0.5173630717108978 0.0028237192416296895 0.001976284584980237
0 0.5576845502218637 0.5224449463579899 0.006857603872529245 0.006493506493506494
0 0.5962081484469545 0.52343308865048 0.016135538523598225 0.006211180124223602
0 0.6238402581686163 0.5304912478825522 0.03670835014118596 0.019198193111236588
0 0.6595401371520775 0.5300677583286278 0.004033884630899556 0.007058159232072276
0 0.6768858410649455 0.5238565782044043 0.01371520774505849 0.004799548277809147
0 0.6964501815248084 0.5177865612648221 0.025413473174667203 0.015810276679841896
0 0.7398144413069786 0.521880293619424 0.023396530859217425 0.006493506493506494
0 0.7432432432432432 0.5169395821569734 0.0060508269463493344 0.003952569169960474
0 0.7573618394513917 0.5224449463579899 0.006857603872529245 0.001976284584980237
0 0.7587736990722065 0.5180688876341051 0.003227107704719645 0.002258610954263128
0 0.7855990318676885 0.5160926030491247 0.038321903993545785 0.014680971202710334
0 0.8503428801936265 0.5179277244494636 0.05163372327551432 0.017786561264822136
0 0.1553045582896329 0.5697346132128741 0.01371520774505849 0.026538678712591756
0 0.1744655102864058 0.57128740824393 0.021379588543767647 0.007058159232072276
0 0.18959257765227913 0.5765104460756635 0.021782977006857603 0.014116318464144552
0 0.2146026623638564 0.5721343873517787 0.024203307785397338 0.006493506493506494
0 0.24405002016942315 0.5717108977978543 0.03227107704719645 0.02766798418972332
0 0.2763210972166196 0.5752399774138904 0.004033884630899556 0.007058159232072276
0 0.29689390883420735 0.5711462450592886 0.011294876966518758 0.006211180124223602
0 0.3063735377168213 0.5715697346132129 0.0052440500201694235 0.007622811970638058
0 0.32775312626058895 0.5669113495200452 0.0326744655102864 0.015245623941276116
0 0.35720048406615573 0.5657820440429137 0.01573215006050827 0.012422360248447204
0 0.3666801129487697 0.5688876341050254 0.012101653892698669 0.007905138339920948
0 0.400363049616781 0.5705815923207228 0.045582896329164985 0.025409373235460192
0 0.3929003630496168 0.5652173913043478 0.004033884630899556 0.002258610954263128
0 0.4495764421137555 0.5670525127046866 0.030254134731746672 0.014963297571993224
0 0.4899152884227511 0.5717108977978543 0.01008471157724889 0.006775832862789385
0 0.5042355788624445 0.5736871823828346 0.011294876966518758 0.003952569169960474
0 0.5274304154901169 0.5728402032749859 0.031060911657926585 0.005081874647092038
0 0.5661557079467527 0.5731225296442688 0.01573215006050827 0.005081874647092038
0 0.609318273497378 0.5741106719367589 0.018959257765227916 0.02456239412761152
0 0.6171843485276322 0.5700169395821569 0.003227107704719645 0.002258610954263128
0 0.6399757966922146 0.5694522868435912 0.038321903993545785 0.01355166572557877
0 0.6736587333602259 0.5739695087521175 0.02743041549011698 0.023715415019762844
0 0.7236789027833804 0.5721343873517787 0.021782977006857603 0.007058159232072276
0 0.7692617991125453 0.5660643704121965 0.06615570794675273 0.01637492941840768
0 0.8241226300927793 0.5718520609824957 0.01371520774505849 0.005364201016374929
0 0.835820895522388 0.5726990400903444 0.008874546187979023 0.0036702428006775835
0 0.8422751109318274 0.5667701863354038 0.015328761597418314 0.017221908526256352
0 0.8598225090762405 0.5677583286278939 0.018959257765227916 0.0220214568040655
0 0.1581282775312626 0.6170242800677583 0.01855586930213796 0.014963297571993224
0 0.17648245260185558 0.6201298701298701 0.01734570391286809 0.007058159232072276
0 0.21520774505849133 0.6168831168831169 0.011698265429608713 0.010728402032749858
0 0.23033481242436465 0.6201298701298701 0.012101653892698669 0.0036702428006775835
0 0.2529245663574022 0.6199887069452287 0.029850746268656716 0.00564652738565782
0 0.2682533279548205 0.6167419536984754 0.0024203307785397336 0.001976284584980237
0 0.2874142799515934 0.6215415019762845 0.03670835014118596 0.007058159232072276
0 0.34207341670028235 0.6219649915302089 0.01290843081887858 0.006775832862789385
0 0.354578459056071 0.6218238283455675 0.009681323114158934 0.006493506493506494
0 0.37031060911657926 0.6225296442687747 0.01371520774505849 0.004517221908526256
0 0.3929003630496168 0.61914172783738 0.02501008471157725 0.012987012987012988
0 0.4213392496974587 0.6185770750988142 0.02864058087938685 0.01355166572557877
0 0.46551028640580877 0.6233766233766234 0.01371520774505849 0.005081874647092038
0 0.4774102460669625 0.616600790513834 0.004437273093989512 0.01355166572557877
0 0.48971359419120614 0.6215415019762845 0.01936264622831787 0.005928853754940711
0 0.5284388866478419 0.6216826651609261 0.01290843081887858 0.007340485601355167
0 0.5429608713190803 0.6219649915302089 0.01290843081887858 0.006211180124223602
0 0.5603065752319484 0.6223884810841332 0.021782977006857603 0.005928853754940711
0 0.5970149253731343 0.6199887069452287 0.014521984671238403 0.014116318464144552
0 0.63614360629286 0.6202710333145116 0.055667607906413875 0.020892151326933936
0 0.6375554659136748 0.6180124223602484 0.004437273093989512 0.002258610954263128
0 0.6841468334005647 0.6185770750988142 0.033884630899556276 0.012987012987012988
0 0.7434449374747882 0.6218238283455675 0.017749092375958047 0.01383399209486166
0 0.7811617587736991 0.6240824392998306 0.013311819281968536 0.016657255787690572
0 0.7847922549415087 0.6238001129305477 0.0052440500201694235 0.001976284584980237
0 0.8013311819281969 0.620412196499153 0.026220250100847116 0.015527950310559006
0 0.15691811214199275 0.6725014116318464 0.020976200080677694 0.009599096555618294
0 0.1809197256958451 0.6743365330321852 0.018152480839048003 0.004234895539243365
0 0.1974586526825333 0.6722190852625636 0.01008471157724889 0.007340485601355167
0 0.21238402581686164 0.6732072275550537 0.011698265429608713 0.006493506493506494
0 0.23295683743444937 0.6732072275550537 0.025413473174667203 0.00818746470920384
0 0.2753126260588947 0.6726425748164878 0.01653892698668818 0.008752117447769622
0 0.2942718838241226 0.6677018633540373 0.019766034691407825 0.014680971202710334
0 0.3434852763210972 0.6674195369847544 0.02702702702702703 0.014116318464144552
0 0.36950383219039934 0.6703839638622248 0.024203307785397338 0.006493506493506494
0 0.4203307785397338 0.6692546583850931 0.017749092375958047 0.012704686617730096
0 0.4376764824526019 0.6732072275550537 0.015328761597418314 0.006493506493506494
0 0.4431222267043163 0.668266516092603 0.0028237192416296895 0.00282326369282891
0 0.45320693828156516 0.6746188594014682 0.013311819281968536 0.004234895539243365
0 0.5135135135135135 0.6692546583850931 0.03953206938281565 0.017786561264822136
0 0.5518354175070593 0.6739130434782609 0.03307785397337636 0.007340485601355167
0 0.5956030657523195 0.6739130434782609 0.008471157724889069 0.005081874647092038
0 0.6038725292456636 0.6757481648785997 0.008067769261799113 0.003105590062111801
0 0.6032674465510286 0.6701016374929418 0.0028237192416296895 0.002540937323546019
0 0.6228317870108915 0.6699604743083004 0.033884630899556276 0.012422360248447204
0 0.6569181121419927 0.6781479390175043 0.027833803953206938 0.01355166572557877
0 0.6813231141589351 0.6763128176171654 0.0024203307785397336 0.001411631846414455
