0 0.15127067365873337 0.2621400338791643 0.022589753933037516 0.018351214003387916
0 0.17123840258168616 0.2714568040654997 0.01653892698668818 0.015527950310559006
0 0.2236789027833804 0.26383399209486164 0.0463896732553449 0.017786561264822136
0 0.2932634126663977 0.2636928289102202 0.04195240016135539 0.01637492941840768
0 0.35316659943525613 0.262987012987013 0.0318676885841065 0.029644268774703556
0 0.4126663977410246 0.26312817617165446 0.04679306171843485 0.019762845849802372
0 0.47519160951996775 0.26651609260304915 0.03307785397337636 0.01129305477131564
0 0.5108914885034288 0.2621400338791643 0.03670835014118596 0.018351214003387916
0 0.5784590560709963 0.26242236024844723 0.03307785397337636 0.018351214003387916
0 0.6290843081887858 0.2621400338791643 0.02702702702702703 0.01948051948051948
0 0.6387656313029447 0.25296442687747034 0.003630496167809601 0.004517221908526256
0 0.6468334005647438 0.2598814229249012 0.0060508269463493344 0.021174477696216828
0 0.6516740621218233 0.2607284020327499 0.006857603872529245 0.020045172219085264
0 0.699878983461073 0.26341050254093734 0.029043969342476807 0.01693958215697346
0 0.7172246873739411 0.26355166572557875 0.01371520774505849 0.015527950310559006
0 0.7210568777732956 0.25451722190852627 0.004437273093989512 0.0036702428006775835
0 0.7357805566760791 0.2704686617730096 0.016135538523598225 0.01637492941840768
0 0.7507059298104074 0.2651044607566347 0.017749092375958047 0.017504234895539244
0 0.7763210972166196 0.26256352343308864 0.038321903993545785 0.017504234895539244
0 0.8261395724082291 0.25352907961603616 0.004033884630899556 0.00282326369282891
0 0.8263412666397741 0.2651044607566347 0.0028237192416296895 0.009599096555618294
0 0.8374344493747479 0.26453980801806887 0.01371520774505849 0.01637492941840768
0 0.15288422751109318 0.31394692264257484 0.011294876966518758 0.020327498588368152
0 0.16680112948769665 0.31846414455110106 0.013311819281968536 0.00846979107848673
0 0.17950786607503025 0.3243929983060418 0.012101653892698669 0.018633540372670808
0 0.19887051230334812 0.3136645962732919 0.02501008471157725 0.01637492941840768
0 0.22146026623638565 0.3201581027667984 0.004033884630899556 0.002258610954263128
0 0.26502622025010086 0.3132411067193676 0.03953206938281565 0.01948051948051948
0 0.32412263009277936 0.3129587803500847 0.02702702702702703 0.017786561264822136
0 0.3412666397741025 0.3136645962732919 0.008067769261799113 0.018068887634105024
0 0.3509479628882614 0.31225296442687744 0.01371520774505849 0.017504234895539244
0 0.40217829770068575 0.31225296442687744 0.026623638563937072 0.020892151326933936
0 0.42416296893908834 0.3191699604743083 0.012505042355788625 0.008752117447769622
0 0.44050020169423154 0.31945228684359117 0.01371520774505849 0.008752117447769622
0 0.4574425171440097 0.31832298136645965 0.016135538523598225 0.01101072840203275
0 0.47337636143606293 0.3177583286278938 0.01734570391286809 0.009881422924901186
0 0.49394917305365066 0.32269904009034445 0.020572811617587738 0.018633540372670808
0 0.5431625655506253 0.313382269904009 0.030254134731746672 0.019198193111236588
0 0.5657523194836628 0.31719367588932806 0.014925373134328358 0.007058159232072276
0 0.5772488906817265 0.31154714850367027 0.011294876966518758 0.020609824957651044
0 0.6262605889471561 0.3125352907961604 0.02944735780556676 0.019198193111236588
0 0.6831383622428399 0.3166290231507623 0.031060911657926585 0.009881422924901186
0 0.7006857603872529 0.3059006211180124 0.005647438483259379 0.004234895539243365
0 0.7053247277127874 0.322557876905703 0.00927793465106898 0.0189158667419537
0 0.7131908027430416 0.31648785996612083 0.010488100040338847 0.009599096555618294
0 0.7412263009277935 0.3170525127046866 0.040742234772085516 0.028232636928289104
0 0.7886244453408633 0.3040654997176736 0.004033884630899556 0.002258610954263128
0 0.7882210568777733 0.31521739130434784 0.0024203307785397336 0.006493506493506494
0 0.7995159338442921 0.3104178430265387 0.015328761597418314 0.01948051948051948
0 0.8340056474384833 0.31521739130434784 0.018152480839048003 0.010446075663466968
0 0.8489310205728117 0.314652738565782 0.00927793465106898 0.01101072840203275
0 0.15732150060508268 0.36575381140598534 0.020976200080677694 0.012140033879164314
0 0.17849939491730538 0.3681535855448899 0.02218636546994756 0.010163749294184076
0 0.1974586526825333 0.3644833427442123 0.014925373134328358 0.017504234895539244
0 0.25554659136748686 0.3675889328063241 0.02218636546994756 0.011857707509881422
0 0.31121419927390076 0.3629305477131564 0.012505042355788625 0.020609824957651044
0 0.31968535699878986 0.3557312252964427 0.003630496167809601 0.00564652738565782
0 0.3204921339249697 0.3694240542066629 0.003630496167809601 0.00818746470920384
0 0.32775312626058895 0.3684359119141728 0.008471157724889069 0.01129305477131564
0 0.3953206938281565 0.3622247317899492 0.035498184751916094 0.020327498588368152
0 0.40338846308995563 0.3557312252964427 0.004033884630899556 0.00282326369282891
0 0.4320290439693425 0.3619424054206663 0.03307785397337636 0.021456804065499716
0 0.49697458652682536 0.3718238283455675 0.03630496167809601 0.019198193111236588
0 0.5304558289632917 0.36617730095990964 0.020976200080677694 0.009599096555618294
0 0.5427591770875353 0.3541784302653868 0.004437273093989512 0.003105590062111801
0 0.5659540137152077 0.3619424054206663 0.04759983864461476 0.020892151326933936
0 0.628075837031061 0.3634952004517222 0.020976200080677694 0.01948051948051948
0 0.635538523598225 0.3575663466967815 0.0052440500201694235 0.007058159232072276
0 0.6514723678902783 0.36716544325239975 0.024203307785397338 0.008752117447769622
0 0.6855586930213796 0.3616600790513834 0.01653892698668818 0.015810276679841896
0 0.699273900766438 0.36674195369847545 0.010891488503428802 0.009034443817052512
0 0.7444534086325131 0.366600790513834 0.031060911657926585 0.011575381140598532
0 0.7638160548608309 0.37210615471485037 0.011698265429608713 0.018633540372670808
0 0.7620008067769262 0.35502540937323546 0.00645421540943929 0.0036702428006775835
0 0.7866075030254135 0.37027103331451156 0.03307785397337636 0.016657255787690572
0 0.1645824929407019 0.4178430265386787 0.03711173860427592 0.010728402032749858
0 0.19382815651472368 0.4234895539243365 0.018959257765227916 0.01693958215697346
0 0.21682129891085114 0.4147374364765669 0.03428801936264623 0.019198193111236588
0 0.22952803549818476 0.40782044042913607 0.004840661557079467 0.005364201016374929
0 0.2515127067365873 0.4253246753246753 0.031060911657926585 0.022868435911914172
0 0.27329568374344493 0.4215132693393563 0.0028237192416296895 0.002258610954263128
0 0.29225494150867287 0.4031620553359684 0.003630496167809601 0.006775832862789385
0 0.30879386849536106 0.40683229813664595 0.01734570391286809 0.002258610954263128
0 0.31040742234772084 0.41544325239977414 0.003630496167809601 0.014963297571993224
0 0.3344090359015732 0.4158667419536985 0.03307785397337636 0.017504234895539244
0 0.3709156918112142 0.4140316205533597 0.014925373134328358 0.0189158667419537
0 0.3981444130697862 0.41798418972332013 0.03791851553045583 0.009316770186335404
0 0.4199273900766438 0.4127611518915867 0.007260992335619202 0.019762845849802372
0 0.43586123436869706 0.4017504234895539 0.003630496167809601 0.004517221908526256
0 0.4550221863654699 0.42377188029361945 0.003227107704719645 0.005081874647092038
0 0.48507462686567165 0.4148785996612084 0.03509479628882614 0.0189158667419537
0 0.5342880193626462 0.41826651609260307 0.019766034691407825 0.01101072840203275
0 0.5550625252117789 0.41756070016939584 0.021782977006857603 0.01129305477131564
0 0.5812827753126261 0.4127611518915867 0.029043969342476807 0.0220214568040655
0 0.6064945542557483 0.4243365330321852 0.0028237192416296895 0.007905138339920948
0 0.6232351754739814 0.4023150762281197 0.004033884630899556 0.006211180124223602
0 0.6401774909237595 0.4193958215697346 0.003227107704719645 0.009881422924901186
0 0.6411859620814845 0.40556182947487296 0.004437273093989512 0.005928853754940711
0 0.6470350947962888 0.4184076792772445 0.009681323114158934 0.010163749294184076
0 0.6807180314643001 0.4171372106154715 0.01653892698668818 0.009881422924901186
0 0.6976603469140783 0.41671372106154714 0.018959257765227916 0.009034443817052512
0 0.7105687777329568 0.4059853190287973 0.004437273093989512 0.004517221908526256
0 0.7111738604275918 0.41798418972332013 0.004033884630899556 0.006493506493506494
0 0.7220653489310206 0.4165725578769057 0.010488100040338847 0.009881422924901186
0 0.7424364663170633 0.41318464144551104 0.025413473174667203 0.020609824957651044
0 0.7736990722065349 0.4222190852625635 0.004033884630899556 0.009316770186335404
0 0.7970956030657523 0.415725578769057 0.014521984671238403 0.01101072840203275
0 0.8114158935054457 0.41106719367588934 0.018152480839048003 0.019762845849802372
0 0.8219039935457846 0.40358554488989273 0.0028237192416296895 0.0036702428006775835
0 0.8245260185558693 0.4181253529079616 0.004033884630899556 0.007340485601355167
0 0.8336022589753933 0.41756070016939584 0.010891488503428802 0.010163749294184076
0 0.8463089955627269 0.4124788255223038 0.016135538523598225 0.018068887634105024
0 0.15026220250100847 0.4562394127611519 0.004437273093989512 0.003952569169960474
0 0.1498588140379185 0.46922642574816487 0.003630496167809601 0.009599096555618294
0 0.15933844292053248 0.4686617730095991 0.007260992335619202 0.010728402032749858
0 0.20330778539733763 0.4686617730095991 0.016942315449778138 0.010728402032749858
0 0.2617991125453812 0.472755505364201 0.041145623235175476 0.018351214003387916
0 0.29144816458249295 0.468944099378882 0.018152480839048003 0.009034443817052512
0 0.3041549011698265 0.4647092038396386 0.014521984671238403 0.018633540372670808
0 0.35215812827753123 0.467673630717109 0.028237192416296894 0.010446075663466968
0 0.3707139975796692 0.46795595708639187 0.012101653892698669 0.010446075663466968
0 0.390681726502622 0.46922642574816487 0.02702702702702703 0.010728402032749858
0 0.4110528438886648 0.46908526256352345 0.011294876966518758 0.009316770186335404
0 0.4376764824526019 0.4686617730095991 0.035498184751916094 0.010163749294184076
0 0.46409842678499397 0.4733201581027668 0.004437273093989512 0.002540937323546019
0 0.4856797095603066 0.4623094297007341 0.01371520774505849 0.018351214003387916
0 0.5054457442517144 0.46852060982495763 0.020976200080677694 0.009316770186335404
0 0.5274304154901169 0.4699322416713721 0.014925373134328358 0.011575381140598532
0 0.5405405405405406 0.4712027103331451 0.010488100040338847 0.009599096555618294
0 0.5475998386446148 0.45976849237718803 0.003630496167809601 0.002540937323546019
0 0.5496167809600645 0.4733201581027668 0.0028237192416296895 0.006493506493506494
0 0.5653489310205728 0.46950875211744775 0.01653892698668818 0.01129305477131564
0 0.5786607503025414 0.46809712027103334 0.008471157724889069 0.012422360248447204
0 0.6230334812424365 0.4673913043478261 0.010891488503428802 0.011575381140598532
0 0.6577248890681726 0.46795595708639187 0.057684550221863654 0.01101072840203275
0 0.7206534893102057 0.46273291925465837 0.01734570391286809 0.01637492941840768
0 0.7337636143606293 0.46809712027103334 0.010488100040338847 0.007905138339920948
0 0.7757160145219847 0.4621682665160926 0.009681323114158934 0.019198193111236588
0 0.7934651068979427 0.4668266516092603 0.020976200080677694 0.010446075663466968
0 0.8267446551028641 0.46301524562394125 0.01734570391286809 0.018633540372670808
0 0.8319887051230335 0.45426312817617165 0.003630496167809601 0.0033879164313946925
0 0.8388463089955627 0.4665443252399774 0.006857603872529245 0.00818746470920384
0 0.8580072609923356 0.4624505928853755 0.028237192416296894 0.019762845849802372
0 0.8793868495361032 0.4738848108413326 0.004840661557079467 0.009316770186335404
0 0.8799919322307382 0.4642857142857143 0.0028237192416296895 0.0036702428006775835
0 0.16438079870915692 0.5146809712027103 0.0326744655102864 0.021456804065499716
0 0.21077047196450183 0.5094579333709769 0.003630496167809601 0.004799548277809147
0 0.21319080274304156 0.5203274985883681 0.0052440500201694235 0.009034443817052512
0 0.22186365469947558 0.5208921513269339 0.008874546187979023 0.007905138339920948
0 0.2613957240822912 0.5245623941276115 0.020976200080677694 0.01637492941840768
0 0.27732956837434447 0.5200451722190853 0.011698265429608713 0.007905138339920948
0 0.28600242033077855 0.5095990965556183 0.004033884630899556 0.0033879164313946925
0 0.2880193626462283 0.5210333145115754 0.004033884630899556 0.00818746470920384
0 0.2987091569181121 0.5203274985883681 0.014118596208148447 0.009034443817052512
0 0.3110125050423558 0.5252682100508187 0.01371520774505849 0.0189158667419537
0 0.354578459056071 0.5211744776962168 0.01371520774505849 0.01129305477131564
0 0.37051230334812424 0.5203274985883681 0.014118596208148447 0.009034443817052512
0 0.38463089955627267 0.5143986448334275 0.01734570391286809 0.020892151326933936
0 0.43384429205324726 0.5165160926030491 0.043162565550625254 0.027950310559006212
0 0.4628882613957241 0.5145398080180689 0.01573215006050827 0.020609824957651044
0 0.47983057684550223 0.5231507622811971 0.003630496167809601 0.00282326369282891
0 0.48668818071803144 0.52343308865048 0.003630496167809601 0.00282326369282891
0 0.4947559499798306 0.5223037831733484 0.003630496167809601 0.002258610954263128
0 0.5044372730939896 0.5241389045736872 0.003630496167809601 0.002540937323546019
0 0.5381202097620008 0.5153867871259176 0.020976200080677694 0.017786561264822136
0 0.5588947156111336 0.5145398080180689 0.01734570391286809 0.016092603049124788
0 0.5792658329971763 0.5132693393562959 0.022589753933037516 0.021456804065499716
0 0.6171843485276322 0.5200451722190853 0.016135538523598225 0.009034443817052512
0 0.6577248890681726 0.5235742518351214 0.018959257765227916 0.016092603049124788
0 0.6766841468334006 0.5206098249576511 0.01653892698668818 0.007905138339920948
0 0.6942315449778136 0.5232919254658385 0.017749092375958047 0.01383399209486166
0 0.7156111335215812 0.5237154150197628 0.003227107704719645 0.00846979107848673
0 0.7460669624848729 0.5122811970638057 0.010891488503428802 0.01948051948051948
0 0.7527228721258572 0.5067758328627894 0.004033884630899556 0.004517221908526256
0 0.754336425978217 0.5206098249576511 0.003227107704719645 0.005081874647092038
0 0.764017749092376 0.5170807453416149 0.011294876966518758 0.011575381140598532
0 0.790641387656313 0.5163749294184077 0.03953206938281565 0.02710333145115754
0 0.16579265832997175 0.5722755505364201 0.042759177087535294 0.020892151326933936
0 0.19584509883017345 0.5759457933370977 0.01653892698668818 0.020327498588368152
0 0.2172246873739411 0.5670525127046866 0.02702702702702703 0.017786561264822136
0 0.245663574021783 0.5763692828910221 0.003227107704719645 0.00818746470920384
0 0.28701089148850345 0.5698757763975155 0.033481242436466316 0.009316770186335404
0 0.3138362242839855 0.5659232072275551 0.014521984671238403 0.017786561264822136
0 0.3574021782977007 0.5707227555053642 0.01936264622831787 0.01101072840203275
0 0.3828156514723679 0.5663466967814794 0.03065752319483663 0.01637492941840768
0 0.4058087938684954 0.5653585544889893 0.014521984671238403 0.022303783173348392
0 0.4509883017345704 0.5694522868435912 0.016942315449778138 0.010163749294184076
0 0.49173053650665594 0.564652738565782 0.010488100040338847 0.019198193111236588
0 0.5096813231141589 0.5694522868435912 0.02218636546994756 0.010728402032749858
0 0.5314643001210165 0.5748164878599661 0.01734570391286809 0.01637492941840768
0 0.5808793868495361 0.5652173913043478 0.028237192416296894 0.020327498588368152
0 0.6046793061718435 0.5701581027667985 0.01936264622831787 0.009316770186335404
0 0.6238402581686163 0.5711462450592886 0.01573215006050827 0.009599096555618294
0 0.6407825736183945 0.5741106719367589 0.003630496167809601 0.002540937323546019
0 0.6748688987494957 0.5660643704121965 0.017749092375958047 0.019762845849802372
0 0.6885841064945543 0.5652173913043478 0.015328761597418314 0.01693958215697346
0 0.735982250907624 0.5645115753811406 0.03509479628882614 0.020609824957651044
0 0.7736990722065349 0.5698757763975155 0.03711173860427592 0.009881422924901186
0 0.8005244050020169 0.5767927724449463 0.0028237192416296895 0.007905138339920948
0 0.8257361839451391 0.5670525127046866 0.020976200080677694 0.011575381140598532
0 0.845703912868092 0.5676171654432524 0.01653892698668818 0.01101072840203275
0 0.8660750302541347 0.5729813664596274 0.01855586930213796 0.01948051948051948
0 0.17567567567567569 0.6161773009599096 0.057684550221863654 0.021739130434782608
0 0.25756353368293666 0.6208356860530774 0.05526421944332392 0.010163749294184076
0 0.32573618394513915 0.6190005646527386 0.019766034691407825 0.011575381140598532
0 0.3479225494150867 0.620412196499153 0.02218636546994756 0.010446075663466968
0 0.3947156111335216 0.6208356860530774 0.01653892698668818 0.010163749294184076
0 0.43404598628479224 0.6243647656691135 0.01371520774505849 0.017786561264822136
0 0.4497781363453005 0.6184359119141728 0.012101653892698669 0.00818746470920384
0 0.4528035498184752 0.6085544889892716 0.003630496167809601 0.006493506493506494
0 0.46651875756353367 0.6188594014680971 0.01653892698668818 0.011857707509881422
0 0.47781363453005243 0.6202710333145116 0.00927793465106898 0.011857707509881422
0 0.4923356192012908 0.6158949745906268 0.014925373134328358 0.022303783173348392
0 0.5135135135135135 0.6185770750988142 0.004033884630899556 0.00282326369282891
0 0.5163372327551432 0.6264822134387352 0.004033884630899556 0.00282326369282891
0 0.563937071399758 0.6154714850367025 0.05244050020169423 0.019198193111236588
0 0.6411859620814845 0.6157538114059853 0.04477611940298507 0.01693958215697346
0 0.6879790237999194 0.6242236024844721 0.01653892698668818 0.017504234895539244
0 0.7018959257765228 0.6222473178994918 0.00645421540943929 0.009034443817052512
0 0.7063331988705123 0.610248447204969 0.005647438483259379 0.005364201016374929
0 0.7071399757966922 0.6235177865612648 0.003227107704719645 0.005928853754940711
0 0.7200484066155708 0.620412196499153 0.016135538523598225 0.010446075663466968
0 0.7299314239612748 0.6195652173913043 0.007664380798709157 0.010446075663466968
0 0.7432432432432432 0.6147656691134952 0.01573215006050827 0.020045172219085264
0 0.7827753126260589 0.6067193675889329 0.004437273093989512 0.006211180124223602
0 0.7835820895522388 0.6205533596837944 0.003630496167809601 0.00846979107848673
0 0.7916498588140379 0.6197063805759458 0.007664380798709157 0.009599096555618294
0 0.15328761597418314 0.6681253529079616 0.01855586930213796 0.018351214003387916
0 0.1708350141185962 0.672077922077922 0.00927793465106898 0.012140033879164314
0 0.1855586930213796 0.6716544325239977 0.015328761597418314 0.010728402032749858
0 0.2127874142799516 0.6747600225861096 0.03670835014118596 0.017504234895539244
0 0.24929407018959257 0.6716544325239977 0.03065752319483663 0.011857707509881422
0 0.28378378378378377 0.6667137210615471 0.03993545784590561 0.021174477696216828
0 0.3481242436466317 0.6667137210615471 0.01290843081887858 0.016092603049124788
0 0.3644614764017749 0.6741953698475438 0.01734570391286809 0.01637492941840768
0 0.4213392496974587 0.6678430265386787 0.04719645018152481 0.020045172219085264
0 0.47196450181524807 0.6705251270468662 0.009681323114158934 0.011857707509881422
0 0.48628479225494153 0.6715132693393563 0.014925373134328358 0.010446075663466968
0 0.4979830576845502 0.665725578769057 0.00927793465106898 0.018633540372670808
0 0.5100847115772489 0.6677018633540373 0.013311819281968536 0.017504234895539244
0 0.5215812827753126 0.6602202145680407 0.004033884630899556 0.004234895539243365
0 0.5233965308592174 0.6717955957086392 0.003630496167809601 0.009316770186335404
0 0.5411456232351755 0.6702428006775832 0.02379991932230738 0.011857707509881422
0 0.5788624445340863 0.6696781479390175 0.015328761597418314 0.00282326369282891
0 0.6141589350544574 0.6701016374929418 0.019766034691407825 0.010446075663466968
0 0.6476401774909237 0.66600790513834 0.014118596208148447 0.026538678712591756
0 0.6670028237192416 0.6709486166007905 0.01653892698668818 0.009316770186335404
0 0.6893908834207342 0.6715132693393563 0.012101653892698669 0.01101072840203275
0 0.7037111738604276 0.6712309429700734 0.010891488503428802 0.009881422924901186
0 0.7192416296893909 0.6706662902315076 0.014521984671238403 0.009316770186335404
0 0.7307382008874547 0.6696781479390175 0.01008471157724889 0.00846979107848673
0 0.7484872932634127 0.6701016374929418 0.01653892698668818 0.010446075663466968
0 0.7605889471561114 0.6655844155844156 0.01008471157724889 0.017786561264822136
0 0.780960064542154 0.6661490683229814 0.02743041549011698 0.0189158667419537
0 0.8517547398144413 0.6708074534161491 0.08350141185962082 0.032185206098249576
0 0.15026220250100847 0.7086391869000565 0.0028237192416296895 0.0033879164313946925
0 0.15046389673255345 0.7217673630717109 0.003227107704719645 0.01101072840203275
0 0.16155707946752723 0.7238848108413326 0.014118596208148447 0.009599096555618294
0 0.21702299314239612 0.7258610954263128 0.042759177087535294 0.019198193111236588
0 0.2769261799112545 0.7254376058723885 0.0326744655102864 0.017786561264822136
0 0.30395320693828154 0.7220496894409938 0.021379588543767647 0.009881422924901186
0 0.32513110125050426 0.7275550536420101 0.003227107704719645 0.010728402032749858
0 0.3646631706333199 0.7264257481648786 0.016135538523598225 0.018068887634105024
0 0.3874546187979024 0.7217673630717109 0.024606696248487294 0.009316770186335404
0 0.4112545381202098 0.7159796725014116 0.01653892698668818 0.020327498588368152
0 0.41670028237192414 0.7106154714850367 0.004840661557079467 0.003952569169960474
0 0.43041549011698266 0.7217673630717109 0.015328761597418314 0.009316770186335404
0 0.4463493344090359 0.7237436476566911 0.01573215006050827 0.009881422924901186
0 0.4570391286809197 0.717673630717109 0.012101653892698669 0.017504234895539244
0 0.4747882210568778 0.7220496894409938 0.017749092375958047 0.009881422924901186
0 0.48951189995966116 0.7206380575945793 0.01008471157724889 0.008752117447769622
0 0.5116982654296087 0.7200734048560136 0.027833803953206938 0.028514963297571992
0 0.5621218233158531 0.7219085262563524 0.018152480839048003 0.01129305477131564
0 0.5750302541347317 0.7223320158102767 0.0060508269463493344 0.01101072840203275
0 0.6232351754739814 0.7171089779785432 0.016135538523598225 0.017504234895539244
0 0.6486486486486487 0.7175324675324676 0.033884630899556276 0.017786561264822136
0 0.7041145623235175 0.7164031620553359 0.025413473174667203 0.017786561264822136
0 0.7244856797095603 0.7210615471485037 0.01371520774505849 0.010728402032749858
0 0.7388059701492538 0.7206380575945793 0.013311819281968536 0.010446075663466968
0 0.7535296490520371 0.7261434217955957 0.01290843081887858 0.018068887634105024
0 0.7664380798709157 0.7209203839638623 0.011294876966518758 0.01101072840203275
0 0.8144413069786204 0.7200734048560136 0.016135538523598225 0.009881422924901186
0 0.8382412263009278 0.7196499153020892 0.03065752319483663 0.010163749294184076
0 0.15853166599435256 0.7711744776962168 0.009681323114158934 0.01101072840203275
0 0.1744655102864058 0.7711744776962168 0.02379991932230738 0.009881422924901186
0 0.19584509883017345 0.7751270468661773 0.018152480839048003 0.015527950310559006
0 0.24122630092779346 0.7687747035573123 0.022589753933037516 0.029361942405420668
0 0.24969745865268253 0.7625635234330886 0.004840661557079467 0.005081874647092038
0 0.26200080677692617 0.7732919254658385 0.014118596208148447 0.010163749294184076
0 0.281968535699879 0.7714568040654998 0.02501008471157725 0.012140033879164314
0 0.3007260992335619 0.7749858836815359 0.0028237192416296895 0.002258610954263128
0 0.31484469544171034 0.7540937323546019 0.0028237192416296895 0.00564652738565782
