0 0.1563130294473578 0.20765104460756634 0.04477611940298507 0.018351214003387916
0 0.16821298910851148 0.19918125352907962 0.003227107704719645 0.004234895539243365
0 0.24969745865268253 0.20736871823828346 0.11859620814844696 0.0189158667419537
0 0.34207341670028235 0.2106154714850367 0.04679306171843485 0.014116318464144552
0 0.38664784187172246 0.21019198193111235 0.02379991932230738 0.022868435911914172
0 0.45865268253327957 0.20765104460756634 0.10165389269866881 0.0189158667419537
0 0.4618797902379992 0.19395821569734614 0.0016135538523598225 0.001129305477131564
0 0.48749495764421136 0.20031055900621117 0.0028237192416296895 0.004799548277809147
0 0.5231948366276724 0.21696781479390176 0.004033884630899556 0.00818746470920384
0 0.5746268656716418 0.20736871823828346 0.07462686567164178 0.020045172219085264
0 0.6575231948366277 0.2075098814229249 0.041145623235175476 0.019198193111236588
0 0.6625655506252521 0.19833427442123094 0.0052440500201694235 0.004799548277809147
0 0.7014925373134329 0.20863918690005648 0.014521984671238403 0.015810276679841896
0 0.7480839048003227 0.21132128740824394 0.08511496571198064 0.012140033879164314
0 0.781766841468334 0.2000282326369283 0.004840661557079467 0.0036702428006775835
0 0.14300121016538928 0.2556465273856578 0.012505042355788625 0.015527950310559006
0 0.1843485276321097 0.2584697910784867 0.06938281565147236 0.017221908526256352
0 0.28499394917305365 0.2583286278938453 0.10044372730939895 0.019762845849802372
0 0.29689390883420735 0.2494353472614342 0.004033884630899556 0.003105590062111801
0 0.3646631706333199 0.25705815923207226 0.029043969342476807 0.017221908526256352
0 0.43142396127470756 0.2627046866177301 0.0899556272690601 0.023433088650479956
0 0.49616780960064544 0.2611518915866742 0.015328761597418314 0.00846979107848673
0 0.5431625655506253 0.26566911349520045 0.056070996369503835 0.018633540372670808
0 0.5956030657523195 0.2619988706945229 0.0318676885841065 0.010163749294184076
0 0.6403791851553046 0.2597402597402597 0.04881000403388463 0.015810276679841896
0 0.7059298104074223 0.2586109542631282 0.0572811617587737 0.01693958215697346
0 0.7755143202904397 0.2618577075098814 0.033481242436466316 0.009316770186335404
0 0.1383622428398548 0.3016657255787691 0.0024203307785397336 0.006493506493506494
0 0.16861637757160144 0.3129587803500847 0.055667607906413875 0.010446075663466968
0 0.22892295280354982 0.3085827216261999 0.03670835014118596 0.017504234895539244
0 0.22569584509883017 0.29545454545454547 0.003630496167809601 0.004799548277809147
0 0.2648245260185559 0.3129587803500847 0.01734570391286809 0.009881422924901186
0 0.3075837031060912 0.3129587803500847 0.0391286809197257 0.020609824957651044
0 0.36930213795885436 0.3157820440429136 0.056070996369503835 0.017221908526256352
0 0.4354578459056071 0.30787690570299264 0.052843888664784185 0.018351214003387916
0 0.4991932230738201 0.30872388481084134 0.04881000403388463 0.017786561264822136
0 0.5441710367083501 0.31154714850367027 0.016135538523598225 0.007622811970638058
0 0.6050826946349335 0.30872388481084134 0.08067769261799113 0.018351214003387916
0 0.6895925776522791 0.3138057594579334 0.052843888664784185 0.026256352343308864
0 0.6972569584509883 0.3027950310559006 0.0028237192416296895 0.002540937323546019
0 0.7260992335619201 0.30547713156408807 0.003227107704719645 0.00564652738565782
0 0.7285195643404598 0.31931112365894976 0.005647438483259379 0.009034443817052512
0 0.7753126260588947 0.3090062111801242 0.04679306171843485 0.017221908526256352
0 0.8217022993142397 0.31394692264257484 0.03065752319483663 0.007905138339920948
0 0.18334005647438484 0.36490683229813664 0.09883017345703912 0.020045172219085264
0 0.13795885437676483 0.34641445511010727 0.003227107704719645 0.002258610954263128
0 0.2127874142799516 0.3495200451722191 0.0028237192416296895 0.002258610954263128
0 0.29043969342476805 0.3598249576510446 0.08551835417507059 0.017786561264822136
0 0.3535699878983461 0.36278938452851495 0.022993142396127472 0.024280067758328628
0 0.42839854780153286 0.3619424054206663 0.09842678499394918 0.024844720496894408
0 0.40500201694231547 0.35177865612648224 0.0024203307785397336 0.00282326369282891
0 0.43707139975796694 0.35163749294184077 0.0028237192416296895 0.003105590062111801
0 0.5282371924162969 0.36716544325239975 0.0826946349334409 0.01948051948051948
0 0.6494554255748286 0.3629305477131564 0.13311819281968534 0.017221908526256352
0 0.772085518354175 0.36053077357425184 0.09681323114158935 0.018068887634105024
0 0.790439693424768 0.34599096555618297 0.003630496167809601 0.004234895539243365
0 0.15570794675272287 0.4129023150762281 0.04356595401371521 0.012140033879164314
0 0.19987898346107302 0.41318464144551104 0.022993142396127472 0.009316770186335404
0 0.1980637353771682 0.4000564652738566 0.004033884630899556 0.005081874647092038
0 0.2444534086325131 0.40923207227555053 0.04033884630899556 0.020045172219085264
0 0.3065752319483663 0.4097967250141163 0.050826946349334406 0.016657255787690572
0 0.2956837434449375 0.40019762845849804 0.0024203307785397336 0.001976284584980237
0 0.31807180314643 0.4020327498588368 0.003630496167809601 0.005081874647092038
0 0.35215812827753123 0.4126199887069452 0.021782977006857603 0.021174477696216828
0 0.4116579265832997 0.41318464144551104 0.07785397337636143 0.0189158667419537
0 0.45421540943929006 0.4155844155844156 0.003227107704719645 0.003952569169960474
0 0.47398144413069787 0.4116318464144551 0.016942315449778138 0.012987012987012988
0 0.4923356192012908 0.4148785996612084 0.02702702702702703 0.008752117447769622
0 0.5246066962484873 0.4129023150762281 0.02379991932230738 0.018351214003387916
0 0.572811617587737 0.411914172783738 0.05244050020169423 0.015810276679841896
0 0.6345300524405002 0.41318464144551104 0.04356595401371521 0.012140033879164314
0 0.6845502218636547 0.4090909090909091 0.033884630899556276 0.017504234895539244
0 0.7773295683743445 0.41219649915302087 0.11698265429608713 0.02258610954263128
0 0.7985074626865671 0.3935629587803501 0.0028237192416296895 0.005081874647092038
0 0.8392496974586526 0.42108977978543194 0.00927793465106898 0.009316770186335404
0 0.14239612747075434 0.4632975719932242 0.017749092375958047 0.014116318464144552
0 0.16014521984671237 0.4662619988706945 0.01936264622831787 0.009881422924901186
0 0.22952803549818476 0.4655561829474873 0.09762000806776926 0.019762845849802372
0 0.19967728922952804 0.45539243365330323 0.003227107704719645 0.002258610954263128
0 0.3313836224283985 0.4623094297007341 0.07462686567164178 0.016092603049124788
0 0.3711173860427592 0.4697910784867307 0.004840661557079467 0.007340485601355167
0 0.4225494150867285 0.4590626764539808 0.0681726502622025 0.018633540372670808
0 0.5076643807987091 0.4642857142857143 0.08188785800726099 0.023433088650479956
0 0.6079064138765631 0.4631564088085827 0.10084711577248891 0.016657255787690572
0 0.6803146430012101 0.46273291925465837 0.027833803953206938 0.009034443817052512
0 0.6823315853166599 0.44889892715979673 0.0028237192416296895 0.00282326369282891
0 0.7289229528035498 0.4645680406549972 0.0500201694231545 0.02456239412761152
0 0.7803549818475192 0.4608977978543196 0.014118596208148447 0.011575381140598532
0 0.7922549415086728 0.46202710333145114 0.01290843081887858 0.011575381140598532
0 0.8116175877369908 0.4621682665160926 0.029043969342476807 0.012422360248447204
0 0.8287615974183138 0.4683794466403162 0.0028237192416296895 0.00282326369282891
