0 0.15933844292053248 0.2140033879164314 0.023396530859217425 0.020892151326933936
0 0.18212989108511496 0.2204968944099379 0.019766034691407825 0.00846979107848673
0 0.20956030657523195 0.22106154714850368 0.0028237192416296895 0.00846979107848673
0 0.21399757966922145 0.21287408243929984 0.0028237192416296895 0.002258610954263128
0 0.21964501815248083 0.2220496894409938 0.010891488503428802 0.009316770186335404
0 0.24667204517950786 0.21823828345567475 0.010891488503428802 0.018633540372670808
0 0.26220250100847114 0.21908526256352343 0.020976200080677694 0.017504234895539244
0 0.27410246066962485 0.21357989836250707 0.0028237192416296895 0.002540937323546019
0 0.2799515933844292 0.22275550536420102 0.009681323114158934 0.00846979107848673
0 0.3108108108108108 0.2171089779785432 0.018959257765227916 0.017504234895539244
0 0.3479225494150867 0.21597967250141162 0.024606696248487294 0.017504234895539244
0 0.38120209762000806 0.221485036702428 0.016942315449778138 0.00818746470920384
0 0.39592577652279143 0.2224731789949181 0.007664380798709157 0.007905138339920948
0 0.40883420734167003 0.22275550536420102 0.013311819281968536 0.006775832862789385
0 0.43929003630496166 0.21795595708639187 0.04195240016135539 0.01637492941840768
0 0.4707543364259782 0.2180971202710333 0.014521984671238403 0.016657255787690572
0 0.5056474384832593 0.21880293619424054 0.026220250100847116 0.015245623941276116
0 0.5248083904800322 0.22826086956521738 0.0024203307785397336 0.004234895539243365
0 0.5536506655909641 0.22332015810276679 0.02944735780556676 0.024280067758328628
0 0.6066962484872933 0.2230378317334839 0.055667607906413875 0.009599096555618294
0 0.6609519967728923 0.21781479390175043 0.019766034691407825 0.016657255787690572
0 0.6807180314643001 0.21964991530208922 0.01573215006050827 0.014680971202710334
0 0.7055264219443323 0.22783738001129306 0.03469140782573618 0.018068887634105024
0 0.7277127874142799 0.22910784867306608 0.0024203307785397336 0.004234895539243365
0 0.7424364663170633 0.2230378317334839 0.003630496167809601 0.009599096555618294
0 0.7438483259378782 0.2161208356860531 0.0024203307785397336 0.002540937323546019
0 0.7517144009681324 0.22261434217955958 0.010891488503428802 0.007058159232072276
0 0.7882210568777733 0.2186617730095991 0.035498184751916094 0.015527950310559006
0 0.15732150060508268 0.26665725578769056 0.016942315449778138 0.016092603049124788
0 0.17567567567567569 0.2673630717108978 0.014118596208148447 0.015245623941276116
0 0.1954417103670835 0.2682100508187465 0.022993142396127472 0.014680971202710334
0 0.21500605082694635 0.2608695652173913 0.003227107704719645 0.004517221908526256
0 0.22146026623638565 0.27103331451157536 0.012101653892698669 0.010163749294184076
0 0.24062121823315852 0.2792207792207792 0.002016942315449778 0.004517221908526256
0 0.2690601048810004 0.27060982495765107 0.02581686163775716 0.008752117447769622
0 0.3239209358612344 0.2717391304347826 0.04921339249697459 0.009881422924901186
0 0.3662767244856797 0.2670807453416149 0.014521984671238403 0.015810276679841896
0 0.38684953610326744 0.2717391304347826 0.023396530859217425 0.008752117447769622
0 0.43485276321097216 0.26750423489553926 0.050826946349334406 0.017786561264822136
0 0.4233561920129084 0.27738565782044045 0.0052440500201694235 0.002540937323546019
0 0.4856797095603066 0.27315076228119706 0.021782977006857603 0.025691699604743084
0 0.5123033481242436 0.27428006775832864 0.03065752319483663 0.008752117447769622
0 0.5379185155304558 0.2691981931112366 0.01653892698668818 0.017221908526256352
0 0.5764421137555465 0.27399774138904576 0.035498184751916094 0.025691699604743084
0 0.6232351754739814 0.26778656126482214 0.033884630899556276 0.016657255787690572
0 0.6694231544977813 0.2673630717108978 0.013311819281968536 0.015810276679841896
0 0.6891891891891891 0.2691981931112366 0.014925373134328358 0.014398644833427442
0 0.6988705123033482 0.262987012987013 0.002016942315449778 0.001976284584980237
0 0.7043162565550625 0.27343308865047994 0.012101653892698669 0.007058159232072276
0 0.16397741024606696 0.3178994918125353 0.02702702702702703 0.018633540372670808
0 0.19786204114562322 0.31832298136645965 0.035901573215006054 0.016657255787690572
0 0.2335619201290843 0.3221343873517787 0.029043969342476807 0.009599096555618294
0 0.2702702702702703 0.3232636928289102 0.04437273093989512 0.010163749294184076
0 0.30496167809600644 0.32594579333709767 0.003227107704719645 0.001976284584980237
0 0.3380395320693828 0.31648785996612083 0.03630496167809601 0.020892151326933936
0 0.39330375151270675 0.3211462450592885 0.04679306171843485 0.014398644833427442
0 0.4298104074223477 0.3296160361377753 0.019766034691407825 0.016657255787690572
0 0.46127470754336425 0.3231225296442688 0.02702702702702703 0.010446075663466968
0 0.5018152480839048 0.320016939582157 0.016942315449778138 0.018351214003387916
0 0.5213795885437676 0.3211462450592885 0.014118596208148447 0.016657255787690572
0 0.5369100443727309 0.32382834556747603 0.012101653892698669 0.009034443817052512
0 0.5494150867285196 0.33046301524562394 0.003227107704719645 0.004799548277809147
0 0.5685760387252925 0.3232636928289102 0.01734570391286809 0.010163749294184076
0 0.5996369503832191 0.3198757763975155 0.0391286809197257 0.01637492941840768
0 0.6480435659540137 0.320016939582157 0.033481242436466316 0.020045172219085264
0 0.68192819685357 0.32891022021456806 0.0326744655102864 0.026538678712591756
0 0.7059298104074223 0.3242518351214003 0.008067769261799113 0.009316770186335404
0 0.7260992335619201 0.3294748729531338 0.029043969342476807 0.018633540372670808
0 0.7680516337232756 0.3201581027667984 0.03630496167809601 0.017504234895539244
0 0.7892295280354982 0.3135234330886505 0.0028237192416296895 0.001411631846414455
0 0.799717628075837 0.3241106719367589 0.02379991932230738 0.009599096555618294
0 0.827551432029044 0.3207227555053642 0.02864058087938685 0.01637492941840768
0 0.16498588140379186 0.36674195369847545 0.023396530859217425 0.020892151326933936
0 0.17708753529649052 0.36236589497459065 0.003227107704719645 0.002540937323546019
0 0.18898749495764422 0.3725296442687747 0.019766034691407825 0.008752117447769622
0 0.22509076240419523 0.37125917560700167 0.045986284792254944 0.025974025974025976
0 0.2716821298910851 0.36984754376058726 0.018959257765227916 0.01693958215697346
0 0.3019362646228318 0.3706945228684359 0.022993142396127472 0.01637492941840768
0 0.33743444937474787 0.37422360248447206 0.030254134731746672 0.008752117447769622
0 0.3810004033884631 0.3695652173913043 0.033481242436466316 0.018068887634105024
0 0.4233561920129084 0.3774703557312253 0.031060911657926585 0.01637492941840768
0 0.43949173053650664 0.36490683229813664 0.002016942315449778 0.001976284584980237
0 0.4552238805970149 0.3685770750988142 0.02944735780556676 0.017786561264822136
0 0.4943525615167406 0.37634105025409376 0.02379991932230738 0.02258610954263128
0 0.5296490520371118 0.37111801242236025 0.02743041549011698 0.016092603049124788
0 0.5582896329164986 0.3708356860530774 0.028237192416296894 0.016092603049124788
0 0.5802743041549012 0.37027103331451156 0.012505042355788625 0.014398644833427442
0 0.5949979830576846 0.3800112930547713 0.0024203307785397336 0.00564652738565782
0 0.6264622831787011 0.3715415019762846 0.03630496167809601 0.015810276679841896
0 0.6789027833803953 0.3743647656691135 0.041145623235175476 0.010163749294184076
0 0.7307382008874547 0.37732919254658387 0.03751512706736587 0.028514963297571992
0 0.7628075837031061 0.3753529079616036 0.023396530859217425 0.008752117447769622
0 0.790843081887858 0.3759175607001694 0.033481242436466316 0.009316770186335404
0 0.18192819685356998 0.42320722755505363 0.04921339249697459 0.01129305477131564
0 0.21682129891085114 0.4181253529079616 0.01653892698668818 0.015810276679841896
0 0.2254941508672852 0.4127611518915867 0.0024203307785397336 0.002258610954263128
0 0.23840258168616377 0.42377188029361945 0.022589753933037516 0.007905138339920948
0 0.2866075030254135 0.4205251270468662 0.04961678096006454 0.016092603049124788
0 0.3235175473981444 0.4205251270468662 0.023396530859217425 0.015527950310559006
0 0.34429205324727713 0.41967814793901753 0.014925373134328358 0.016092603049124788
0 0.3765631302944736 0.41953698475437606 0.013311819281968536 0.014680971202710334
0 0.39552238805970147 0.4253246753246753 0.022993142396127472 0.007622811970638058
0 0.41770875352964904 0.4256070016939582 0.018152480839048003 0.007058159232072276
0 0.4374747882210569 0.4258893280632411 0.013311819281968536 0.007622811970638058
0 0.4715611133521581 0.4264539808018069 0.02581686163775716 0.009881422924901186
0 0.5171440096813231 0.4191134952004517 0.01371520774505849 0.017786561264822136
0 0.5294473578055667 0.42476002258610956 0.008471157724889069 0.007622811970638058
0 0.5532472771278741 0.4256070016939582 0.03428801936264623 0.00818746470920384
0 0.5774505849132715 0.4256070016939582 0.012505042355788625 0.00818746470920384
0 0.5980233965308592 0.4292772444946358 0.027833803953206938 0.017221908526256352
0 0.6353368293666801 0.422360248447205 0.04195240016135539 0.015810276679841896
0 0.6690197660346914 0.4301242236024845 0.018959257765227916 0.014963297571993224
0 0.6948366276724486 0.4191134952004517 0.01653892698668818 0.017786561264822136
0 0.7188382412263009 0.4205251270468662 0.028237192416296894 0.017221908526256352
0 0.7769261799112546 0.4212309429700734 0.05405405405405406 0.018633540372670808
0 0.1791044776119403 0.46795595708639187 0.03711173860427592 0.0189158667419537
0 0.2156111335215813 0.47939017504234893 0.0318676885841065 0.019198193111236588
0 0.23840258168616377 0.47219085262563526 0.02743041549011698 0.014963297571993224
0 0.27732956837434447 0.47148503670242803 0.021379588543767647 0.015245623941276116
0 0.31766841468334006 0.47035573122529645 0.02218636546994756 0.01637492941840768
0 0.3289632916498588 0.4652738565782044 0.003630496167809601 0.0016939582156973462
0 0.3356192012908431 0.47444946357989837 0.008874546187979023 0.009316770186335404
0 0.36688180718031466 0.47360248447204967 0.02379991932230738 0.01101072840203275
0 0.38584106494554254 0.4719085262563523 0.014925373134328358 0.015527950310559006
0 0.39673255344897135 0.4658385093167702 0.002016942315449778 0.00282326369282891
0 0.40762404195240015 0.4754376058723885 0.02218636546994756 0.00846979107848673
0 0.43061718434852764 0.4774138904573687 0.003630496167809601 0.0016939582156973462
