0 0.14663170633319886 0.1870412196499153 0.018152480839048003 0.003105590062111801
0 0.145421540943929 0.19847543760587238 0.007664380798709157 0.019198193111236588
0 0.17950786607503025 0.1950875211744777 0.042759177087535294 0.021456804065499716
0 0.1871722468737394 0.18901750423489555 0.0024203307785397336 0.001976284584980237
0 0.3029447357805567 0.19536984754376058 0.1565147236789028 0.021456804065499716
0 0.4312222670431626 0.20087521174477696 0.0653489310205728 0.00818746470920384
0 0.49939491730536506 0.19847543760587238 0.03307785397337636 0.021456804065499716
0 0.590560709963695 0.19649915302089216 0.12666397741024607 0.018068887634105024
0 0.599435256151674 0.19028797289666854 0.003227107704719645 0.0016939582156973462
0 0.6200080677692618 0.18972332015810275 0.0024203307785397336 0.002258610954263128
0 0.6593384429205325 0.20892151326933936 0.01008471157724889 0.007905138339920948
0 0.7244856797095603 0.19579333709768493 0.08390480032271078 0.020045172219085264
0 0.8053650665590965 0.19466403162055335 0.019766034691407825 0.016092603049124788
0 0.8295683743444937 0.2000282326369283 0.030254134731746672 0.007058159232072276
0 0.8261395724082291 0.18619424054206662 0.004033884630899556 0.002540937323546019
0 0.15792658329971762 0.2453416149068323 0.02379991932230738 0.018068887634105024
0 0.22025010084711577 0.2509881422924901 0.09681323114158935 0.009599096555618294
0 0.2559499798305768 0.23941276115189158 0.0028237192416296895 0.002258610954263128
0 0.3162565550625252 0.2478825522303783 0.016135538523598225 0.017504234895539244
0 0.3799919322307382 0.2440711462450593 0.08874546187979024 0.021739130434782608
0 0.5096813231141589 0.24632975719932243 0.1399757966922146 0.021739130434782608
0 0.5256151674062122 0.23955392433653303 0.003227107704719645 0.001976284584980237
0 0.6103267446551028 0.24887069452286845 0.02581686163775716 0.016092603049124788
0 0.7148043565954014 0.2528232636928289 0.12424364663170634 0.027385657820440428
0 0.8144413069786204 0.2523997741389046 0.02501008471157725 0.009599096555618294
0 0.17789431222267044 0.3061829474872953 0.06857603872529246 0.021174477696216828
0 0.25958047599838646 0.30251270468661773 0.02944735780556676 0.009881422924901186
0 0.32553448971359417 0.2971485036702428 0.05889471561113352 0.01948051948051948
0 0.41306978620411455 0.29587803500846976 0.0782573618394514 0.021456804065499716
0 0.49213392496974584 0.30350084697910784 0.028237192416296894 0.007905138339920948
0 0.5286405808793868 0.2891022021456804 0.004437273093989512 0.006775832862789385
0 0.5683743444937475 0.30251270468661773 0.06857603872529246 0.009881422924901186
0 0.6555062525211779 0.2955957086391869 0.0572811617587737 0.020892151326933936
0 0.6563130294473578 0.28825522303783174 0.0024203307785397336 0.0016939582156973462
0 0.7156111335215812 0.30223037831733485 0.012101653892698669 0.007058159232072276
0 0.7747075433642597 0.30110107284020327 0.07704719645018153 0.03190287972896669
0 0.17386042759177087 0.35841332580463015 0.07745058491327148 0.022303783173348392
0 0.27511093182734975 0.34627329192546585 0.060508269463493344 0.021739130434782608
0 0.3557886244453409 0.34754376058723885 0.06615570794675273 0.019762845849802372
0 0.41972569584509883 0.35276679841897235 0.010891488503428802 0.00818746470920384
0 0.5028237192416297 0.3476849237718803 0.10770471964501815 0.0189158667419537
0 0.6224283985478015 0.35220214568040653 0.09035901573215006 0.028514963297571992
0 0.6325131101250504 0.3417560700169396 0.0024203307785397336 0.001411631846414455
0 0.6746672045179508 0.3372388481084133 0.006857603872529245 0.009316770186335404
0 0.6803146430012101 0.36123658949745907 0.007664380798709157 0.009881422924901186
0 0.7260992335619201 0.34599096555618297 0.0572811617587737 0.021174477696216828
0 0.7849939491730537 0.3526256352343309 0.03711173860427592 0.009599096555618294
0 0.21319080274304156 0.4082439299830604 0.1536910044372731 0.024844720496894408
0 0.15490116982654295 0.39186900056465274 0.0016135538523598225 0.0016939582156973462
0 0.2583703106091166 0.38946922642574816 0.002016942315449778 0.001976284584980237
0 0.37494957644211374 0.3997741389045737 0.1044776119402985 0.015245623941276116
0 0.46793061718434853 0.40019762845849804 0.029850746268656716 0.021174477696216828
0 0.5631302944735781 0.4028797289666855 0.13311819281968534 0.025409373235460192
0 0.5393303751512707 0.3922924901185771 0.0024203307785397336 0.001411631846414455
0 0.5758370310609117 0.39384528514963296 0.003630496167809601 0.002258610954263128
0 0.6976603469140783 0.4083850931677019 0.08834207341670028 0.0189158667419537
0 0.21742638160548608 0.4469226425748165 0.16861637757160144 0.020327498588368152
0 0.3852359822509076 0.4481931112365895 0.12263009277934651 0.021174477696216828
0 0.39673255344897135 0.44367588932806323 0.0028237192416296895 0.001411631846414455
0 0.5022186365469947 0.45398080180688877 0.07341670028237192 0.00846979107848673
0 0.5800726099233562 0.4548277809147374 0.03227107704719645 0.007905138339920948
0 0.5790641387656313 0.44339356295878035 0.003630496167809601 0.001976284584980237
0 0.6411859620814845 0.4497459062676454 0.03428801936264623 0.019198193111236588
0 0.7256958450988302 0.45016939582156973 0.07987091569181122 0.020045172219085264
0 0.7168212989108511 0.44000564652738566 0.0016135538523598225 0.001411631846414455
0 0.7482855990318676 0.44240542066629024 0.0024203307785397336 0.002258610954263128
0 0.8057684550221864 0.4514398644833427 0.0391286809197257 0.021456804065499716
0 0.20028237192416296 0.5015527950310559 0.10689794271883823 0.023997741389045736
0 0.29709560306575233 0.49703557312252966 0.01734570391286809 0.016657255787690572
0 0.3192819685356999 0.5018351214003388 0.02702702702702703 0.008752117447769622
0 0.3709156918112142 0.5001411631846414 0.02864058087938685 0.021174477696216828
0 0.43142396127470756 0.4976002258610954 0.06978620411456232 0.020045172219085264
0 0.5235982250907624 0.5040937323546019 0.05970149253731343 0.009316770186335404
0 0.5960064542154094 0.4991530208921513 0.04154901169826543 0.020327498588368152
0 0.7212585720048407 0.5039525691699605 0.14925373134328357 0.02766798418972332
0 0.7539330375151271 0.4953416149068323 0.004840661557079467 0.001976284584980237
0 0.8009277934651069 0.5103049124788255 0.007664380798709157 0.007622811970638058
0 0.15167406212182333 0.5511010728402033 0.01290843081887858 0.019198193111236588
0 0.17265026220250101 0.5536420101637493 0.014521984671238403 0.007905138339920948
0 0.2745058491327148 0.5559006211180124 0.12222670431625655 0.02710333145115754
0 0.24586526825332797 0.542772444946358 0.0028237192416296895 0.001976284584980237
0 0.4128680919725696 0.5512422360248447 0.09721661960467931 0.016092603049124788
0 0.4663170633319887 0.5616883116883117 0.008874546187979023 0.007622811970638058
0 0.4705526421944332 0.5573122529644269 0.002016942315449778 0.001129305477131564
0 0.5304558289632917 0.5492659514398645 0.09439290036304962 0.020045172219085264
0 0.672448567970956 0.5536420101637493 0.1290843081887858 0.029926595143986448
0 0.21117386042759176 0.5992377188029362 0.14481645824929407 0.021174477696216828
0 0.31585316659943524 0.6060135516657256 0.033884630899556276 0.00818746470920384
0 0.31242436466317064 0.5887916431394692 0.0028237192416296895 0.001411631846414455
0 0.3991528842275111 0.6029079616036138 0.07462686567164178 0.028514963297571992
0 0.47498991528842277 0.6003670242800677 0.01573215006050827 0.017221908526256352
0 0.4925373134328358 0.601072840203275 0.015328761597418314 0.015245623941276116
0 0.5118999596611536 0.6016374929418408 0.011294876966518758 0.014116318464144552
0 0.5338846308995563 0.6023433088650479 0.018959257765227916 0.014963297571993224
0 0.5471964501815249 0.6085544889892716 0.0028237192416296895 0.001976284584980237
