0 0.15711980637353773 0.2124505928853755 0.01734570391286809 0.017786561264822136
0 0.17567567567567569 0.21301524562394128 0.027833803953206938 0.015527950310559006
0 0.23073820088745461 0.2121682665160926 0.03065752319483663 0.017221908526256352
0 0.2878176684146833 0.217673630717109 0.02702702702702703 0.007905138339920948
0 0.28156514723678905 0.22035573122529645 0.0016135538523598225 0.001411631846414455
0 0.28842275110931825 0.2075098814229249 0.0024203307785397336 0.0016939582156973462
0 0.3138362242839855 0.21753246753246752 0.042759177087535294 0.023997741389045736
0 0.30395320693828154 0.20892151326933936 0.003630496167809601 0.0016939582156973462
0 0.3828156514723679 0.2183794466403162 0.05163372327551432 0.009316770186335404
0 0.4526018555869302 0.21908526256352343 0.03065752319483663 0.007905138339920948
0 0.49596611536910046 0.2217673630717109 0.014925373134328358 0.01383399209486166
0 0.5157321500605083 0.21513269339356295 0.024606696248487294 0.015810276679841896
0 0.5373134328358209 0.22374364765669114 0.0024203307785397336 0.004234895539243365
0 0.5697862041145624 0.21414455110107283 0.02218636546994756 0.017786561264822136
0 0.6202097620008068 0.21626199887069453 0.02944735780556676 0.014680971202710334
0 0.6601452198467124 0.2137210615471485 0.01734570391286809 0.015245623941276116
0 0.6839451391690198 0.21597967250141162 0.02702702702702703 0.01693958215697346
0 0.7430415490116983 0.21386222473178995 0.04517950786607503 0.0189158667419537
0 0.7962888261395724 0.2140033879164314 0.01936264622831787 0.019762845849802372
0 0.1700282371924163 0.26538678712591757 0.04800322710770472 0.025409373235460192
0 0.20129084308188785 0.264257481648786 0.01936264622831787 0.015245623941276116
0 0.22851956434045986 0.2728684359119142 0.002016942315449778 0.0036702428006775835
0 0.2571601452198467 0.26312817617165446 0.0318676885841065 0.01693958215697346
0 0.3029447357805567 0.2673630717108978 0.014521984671238403 0.00846979107848673
0 0.3358208955223881 0.26242236024844723 0.056070996369503835 0.01948051948051948
0 0.3989511899959661 0.26242236024844723 0.022589753933037516 0.01948051948051948
0 0.4407018959257765 0.26228119706380576 0.018959257765227916 0.019198193111236588
0 0.4538120209762001 0.2689158667419537 0.008874546187979023 0.006493506493506494
0 0.46692214602662363 0.269339356295878 0.019766034691407825 0.007905138339920948
0 0.5100847115772489 0.26566911349520045 0.021379588543767647 0.020892151326933936
0 0.5217829770068576 0.26905702992659514 0.0060508269463493344 0.006211180124223602
0 0.5588947156111336 0.26383399209486164 0.031060911657926585 0.017786561264822136
0 0.5482049213392497 0.2707509881422925 0.003227107704719645 0.00282326369282891
0 0.6058894715611134 0.26905702992659514 0.023396530859217425 0.009034443817052512
0 0.6081081081081081 0.2597402597402597 0.003630496167809601 0.00282326369282891
0 0.6284792254941509 0.2651044607566347 0.028237192416296894 0.01637492941840768
0 0.6486486486486487 0.27300959909655564 0.0016135538523598225 0.001129305477131564
0 0.6694231544977813 0.265527950310559 0.011698265429608713 0.016092603049124788
0 0.6801129487696652 0.2707509881422925 0.01290843081887858 0.00846979107848673
0 0.7158128277531263 0.26538678712591757 0.033481242436466316 0.018633540372670808
0 0.7492940701895926 0.26595143986448333 0.01653892698668818 0.018068887634105024
0 0.7624041952400161 0.2707509881422925 0.007260992335619202 0.006775832862789385
0 0.7920532472771279 0.26693958215697344 0.051230334812424366 0.016657255787690572
0 0.8261395724082291 0.2745623941276115 0.0024203307785397336 0.005364201016374929
0 0.845300524405002 0.2651044607566347 0.02218636546994756 0.019198193111236588
0 0.16014521984671237 0.3160643704121965 0.03227107704719645 0.011575381140598532
0 0.19160951996772893 0.3064652738565782 0.0024203307785397336 0.004234895539243365
0 0.2073416700282372 0.3177583286278938 0.009681323114158934 0.008752117447769622
0 0.21661960467930616 0.31846414455110106 0.009681323114158934 0.007905138339920948
0 0.23477208551835418 0.31394692264257484 0.03065752319483663 0.019198193111236588
0 0.245461879790238 0.30844155844155846 0.004437273093989512 0.002540937323546019
0 0.2593787817668415 0.3222755505364201 0.017749092375958047 0.013269339356295878
0 0.2956837434449375 0.3186053077357425 0.017749092375958047 0.009316770186335404
0 0.3346107301331182 0.31846414455110106 0.019766034691407825 0.00846979107848673
0 0.3563937071399758 0.31535855448898925 0.026220250100847116 0.014680971202710334
0 0.3688987494957644 0.30773574251835123 0.003630496167809601 0.004517221908526256
0 0.39007664380798707 0.32241671372106157 0.0024203307785397336 0.004517221908526256
0 0.42174263816054863 0.31535855448898925 0.03509479628882614 0.01693958215697346
0 0.4762000806776926 0.3145115753811406 0.024606696248487294 0.018068887634105024
0 0.4933440903590157 0.32171089779785433 0.011294876966518758 0.012704686617730096
0 0.5070592981040742 0.3157820440429136 0.017749092375958047 0.015527950310559006
0 0.5256151674062122 0.32382834556747603 0.0024203307785397336 0.005081874647092038
0 0.5425574828559904 0.31521739130434784 0.021782977006857603 0.017786561264822136
0 0.582089552238806 0.3138057594579334 0.029043969342476807 0.0189158667419537
0 0.6032674465510286 0.31521739130434784 0.013311819281968536 0.016657255787690572
0 0.664179104477612 0.3147939017504235 0.056070996369503835 0.019198193111236588
0 0.7027027027027027 0.3245341614906832 0.0024203307785397336 0.004799548277809147
0 0.7065348931020573 0.3092885375494071 0.002016942315449778 0.005364201016374929
0 0.718031464300121 0.3197346132128741 0.0024203307785397336 0.001411631846414455
0 0.7263009277934651 0.31620553359683795 0.018152480839048003 0.018068887634105024
0 0.7622025010084712 0.31733483907396953 0.03670835014118596 0.02258610954263128
0 0.7585720048406616 0.31281761716544326 0.003630496167809601 0.00282326369282891
0 0.8152480839048003 0.3157820440429136 0.02743041549011698 0.0189158667419537
0 0.8219039935457846 0.31084133258046304 0.004437273093989512 0.00282326369282891
0 0.8325937878176685 0.32142857142857145 0.008874546187979023 0.008752117447769622
0 0.14965711980637353 0.36984754376058726 0.01371520774505849 0.01637492941840768
0 0.15954013715207746 0.3632128740824393 0.01008471157724889 0.017786561264822136
0 0.17527228721258573 0.36773009599096557 0.022993142396127472 0.009881422924901186
0 0.22730939895118998 0.3718238283455675 0.0391286809197257 0.015245623941276116
0 0.2801532876159742 0.36885940146809715 0.02218636546994756 0.00818746470920384
0 0.2827753126260589 0.35827216261998873 0.003227107704719645 0.001129305477131564
0 0.2966922146026624 0.3642010163749294 0.02379991932230738 0.01637492941840768
0 0.34227511093182733 0.36885940146809715 0.025413473174667203 0.00818746470920384
0 0.3914885034288019 0.36462450592885376 0.04800322710770472 0.018351214003387916
0 0.3743444937474788 0.36236589497459065 0.0024203307785397336 0.004234895539243365
0 0.4628882613957241 0.365330321852061 0.038321903993545785 0.017504234895539244
0 0.5072609923356192 0.3663184641445511 0.019766034691407825 0.017221908526256352
0 0.5244050020169423 0.3709768492377188 0.010488100040338847 0.006775832862789385
0 0.5322710770471965 0.37267080745341613 0.011698265429608713 0.012987012987012988
0 0.5447761194029851 0.36645962732919257 0.02218636546994756 0.01693958215697346
0 0.5685760387252925 0.37351778656126483 0.002016942315449778 0.001129305477131564
0 0.5984267849939492 0.36716544325239975 0.03670835014118596 0.01948051948051948
0 0.6393707139975797 0.3622247317899492 0.003227107704719645 0.002258610954263128
0 0.645421540943929 0.37549407114624506 0.01371520774505849 0.017504234895539244
0 0.6551028640580879 0.3708356860530774 0.02016942315449778 0.00818746470920384
0 0.6839451391690198 0.3756352343308865 0.03751512706736587 0.016657255787690572
0 0.7317466720451795 0.366600790513834 0.03307785397337636 0.01948051948051948
0 0.780960064542154 0.36391869000564653 0.03872529245663574 0.02258610954263128
0 0.7684550221863655 0.3575663466967815 0.0016135538523598225 0.002540937323546019
0 0.818273497377975 0.370412196499153 0.00927793465106898 0.007905138339920948
0 0.8342073416700282 0.37365894974590624 0.022589753933037516 0.015527950310559006
0 0.8402581686163776 0.36278938452851495 0.004840661557079467 0.00282326369282891
0 0.8519564340459863 0.3718238283455675 0.015328761597418314 0.00846979107848673
0 0.8626462283178701 0.3663184641445511 0.00927793465106898 0.017221908526256352
0 0.15611133521581283 0.41798418972332013 0.01855586930213796 0.008752117447769622
0 0.17265026220250101 0.42179559570863917 0.0024203307785397336 0.004517221908526256
0 0.1972569584509883 0.4202428006775833 0.016942315449778138 0.008752117447769622
0 0.24788221056877774 0.4147374364765669 0.04235578862444534 0.018068887634105024
0 0.3027430415490117 0.41459627329192544 0.03670835014118596 0.020045172219085264
0 0.3620411456232352 0.41445511010728403 0.0391286809197257 0.019762845849802372
0 0.4080274304154901 0.41953698475437606 0.019766034691407825 0.009599096555618294
0 0.4298104074223477 0.4160079051383399 0.027833803953206938 0.016657255787690572
0 0.4824526018555869 0.41981931112365894 0.028237192416296894 0.009599096555618294
0 0.48668818071803144 0.41022021456804064 0.0052440500201694235 0.00282326369282891
0 0.5002016942315449 0.4201016374929418 0.01290843081887858 0.009034443817052512
0 0.5447761194029851 0.4168548842461886 0.033481242436466316 0.016657255787690572
0 0.600443727309399 0.4162902315076228 0.03428801936264623 0.017221908526256352
0 0.6216216216216216 0.4222190852625635 0.009681323114158934 0.01101072840203275
0 0.6411859620814845 0.4264539808018069 0.002016942315449778 0.005364201016374929
0 0.664179104477612 0.4171372106154715 0.03509479628882614 0.018351214003387916
0 0.7148043565954014 0.4168548842461886 0.029850746268656716 0.020045172219085264
0 0.7650262202501008 0.41643139469226426 0.035901573215006054 0.017504234895539244
0 0.7868091972569584 0.42292490118577075 0.010891488503428802 0.010728402032749858
0 0.8247277127874143 0.41854884246188595 0.0609116579265833 0.016657255787690572
0 0.14905203711173862 0.4562394127611519 0.0028237192416296895 0.002258610954263128
0 0.1508672851956434 0.4673913043478261 0.00645421540943929 0.009316770186335404
0 0.1581282775312626 0.46852060982495763 0.008067769261799113 0.00818746470920384
0 0.18797902379991932 0.46287408243929984 0.01936264622831787 0.01948051948051948
0 0.1926179911254538 0.4575098814229249 0.003630496167809601 0.002540937323546019
0 0.20653489310205728 0.4683794466403162 0.01855586930213796 0.023715415019762844
0 0.24062121823315852 0.4644268774703557 0.013311819281968536 0.015810276679841896
0 0.26421944332392094 0.46499153020892153 0.011294876966518758 0.017504234895539244
0 0.2864058087938685 0.46612083568605306 0.01371520774505849 0.018068887634105024
0 0.3041549011698265 0.4709203839638622 0.029850746268656716 0.00846979107848673
0 0.3473174667204518 0.4655561829474873 0.026623638563937072 0.017504234895539244
0 0.3924969745865268 0.4697910784867307 0.028237192416296894 0.025409373235460192
0 0.43949173053650664 0.4662619988706945 0.026220250100847116 0.017786561264822136
0 0.45582896329164985 0.4710615471485037 0.008067769261799113 0.007622811970638058
0 0.46974586526825335 0.47360248447204967 0.02218636546994756 0.012704686617730096
0 0.4854780153287616 0.46725014116318464 0.02944735780556676 0.017504234895539244
0 0.5278338039532069 0.46823828345567475 0.018152480839048003 0.021739130434782608
0 0.5615167406212183 0.47162619988706944 0.012101653892698669 0.00818746470920384
0 0.5980233965308592 0.46696781479390176 0.025413473174667203 0.026538678712591756
0 0.6046793061718435 0.4621682665160926 0.004840661557079467 0.00282326369282891
0 0.6155707946752723 0.4717673630717109 0.014521984671238403 0.006775832862789385
0 0.6300927793465106 0.4751552795031056 0.0024203307785397336 0.0016939582156973462
0 0.6341266639774102 0.47473178994918125 0.0024203307785397336 0.001411631846414455
