0 0.15227914481645824 0.2285431959345003 0.024606696248487294 0.018351214003387916
0 0.1498588140379185 0.2316487859966121 0.003630496167809601 0.013269339356295878
0 0.1663977410246067 0.23517786561264822 0.002016942315449778 0.004517221908526256
0 0.1700282371924163 0.22557876905702992 0.002016942315449778 0.0016939582156973462
0 0.17668414683340056 0.2339073969508752 0.009681323114158934 0.008752117447769622
0 0.21258572004840662 0.23475437605872387 0.005647438483259379 0.007622811970638058
0 0.2353771682129891 0.23503670242800678 0.0318676885841065 0.008752117447769622
0 0.2593787817668415 0.2339073969508752 0.012101653892698669 0.006493506493506494
0 0.27188382412263007 0.23489553924336534 0.008874546187979023 0.006211180124223602
0 0.2855990318676886 0.2305194805194805 0.00645421540943929 0.015527950310559006
0 0.2966922146026624 0.23517786561264822 0.01008471157724889 0.007905138339920948
0 0.30798709156918114 0.23094297007340486 0.010891488503428802 0.014680971202710334
0 0.3164582492940702 0.22995482778091475 0.008471157724889069 0.01383399209486166
0 0.3225090762404195 0.23362507058159232 0.013311819281968536 0.007058159232072276
0 0.3608309802339653 0.23249576510446077 0.01573215006050827 0.007058159232072276
0 0.3745461879790238 0.23150762281197063 0.01008471157724889 0.006775832862789385
0 0.38584106494554254 0.23249576510446077 0.011698265429608713 0.004234895539243365
0 0.42214602662363854 0.2329192546583851 0.011698265429608713 0.006211180124223602
0 0.4342476805163372 0.2300959909655562 0.01008471157724889 0.018633540372670808
0 0.4681323114158935 0.23249576510446077 0.01573215006050827 0.00818746470920384
0 0.4919322307382009 0.22939017504234896 0.02864058087938685 0.01383399209486166
0 0.4979830576845502 0.2310841332580463 0.0052440500201694235 0.004799548277809147
0 0.5123033481242436 0.23207227555053642 0.014521984671238403 0.006211180124223602
0 0.5260185558693021 0.2323546019198193 0.012101653892698669 0.007340485601355167
0 0.5437676482452601 0.23221343873517786 0.011294876966518758 0.005928853754940711
0 0.5572811617587737 0.2305194805194805 0.011698265429608713 0.007058159232072276
0 0.5744251714400969 0.2391304347826087 0.004033884630899556 0.00846979107848673
0 0.6046793061718435 0.22939017504234896 0.03307785397337636 0.01383399209486166
0 0.6294876966518758 0.23094297007340486 0.011698265429608713 0.006211180124223602
0 0.6512706736587334 0.22967250141163184 0.020572811617587738 0.007622811970638058
0 0.6960467930617185 0.2261434217955957 0.012505042355788625 0.014680971202710334
0 0.7035094796288827 0.21979107848673066 0.0016135538523598225 0.0008469791078486731
0 0.7051230334812424 0.22162619988706944 0.004033884630899556 0.003952569169960474
0 0.7053247277127874 0.23094297007340486 0.002016942315449778 0.003952569169960474
0 0.7162162162162162 0.22910784867306608 0.006857603872529245 0.005928853754940711
0 0.7478822105687777 0.22727272727272727 0.020976200080677694 0.01129305477131564
0 0.7478822105687777 0.22035573122529645 0.02016942315449778 0.003105590062111801
0 0.7658329971762807 0.22882552230378317 0.00927793465106898 0.007622811970638058
0 0.7747075433642597 0.22924901185770752 0.01008471157724889 0.004517221908526256
0 0.7926583299717628 0.22910784867306608 0.01371520774505849 0.007058159232072276
0 0.8081887858007261 0.22769621682665162 0.008471157724889069 0.007622811970638058
0 0.1536910044372731 0.2790796160361378 0.014521984671238403 0.0189158667419537
0 0.17265026220250101 0.283596837944664 0.020976200080677694 0.007622811970638058
0 0.19846712384025816 0.281055900621118 0.02581686163775716 0.014963297571993224
0 0.22186365469947558 0.279785431959345 0.015328761597418314 0.01637492941840768
0 0.2668414683340056 0.282326369282891 0.024606696248487294 0.017504234895539244
0 0.28418717224687373 0.2852907961603614 0.007664380798709157 0.009316770186335404
0 0.3029447357805567 0.2847261434217956 0.01936264622831787 0.00818746470920384
0 0.3174667204517951 0.2833145115753811 0.003227107704719645 0.006493506493506494
0 0.3190802743041549 0.2761151891586674 0.0016135538523598225 0.001129305477131564
0 0.32775312626058895 0.2792207792207792 0.00927793465106898 0.015245623941276116
0 0.3436869705526422 0.2795031055900621 0.029850746268656716 0.017504234895539244
0 0.38422751109318276 0.2780914737436477 0.010891488503428802 0.015245623941276116
0 0.400363049616781 0.28091473743647655 0.012505042355788625 0.007340485601355167
0 0.4334409035901573 0.2782326369282891 0.02944735780556676 0.018351214003387916
0 0.45482049213392495 0.28642010163749293 0.010891488503428802 0.017221908526256352
0 0.46571198063735375 0.279785431959345 0.0052440500201694235 0.014680971202710334
0 0.4780153287615974 0.28289102202145683 0.01290843081887858 0.007340485601355167
0 0.491327148043566 0.2826086956521739 0.010488100040338847 0.009599096555618294
0 0.5022186365469947 0.28190287972896666 0.011294876966518758 0.00818746470920384
0 0.5131101250504235 0.2886787125917561 0.01371520774505849 0.017786561264822136
0 0.5562726906010488 0.2811970638057595 0.010488100040338847 0.009599096555618294
0 0.5901573215006051 0.28825522303783174 0.01290843081887858 0.017504234895539244
0 0.6062928600242034 0.2811970638057595 0.01371520774505849 0.006775832862789385
0 0.6202097620008068 0.28091473743647655 0.01008471157724889 0.006211180124223602
0 0.6321097216619604 0.2813382269904009 0.010488100040338847 0.006493506493506494
0 0.6676079064138766 0.27936194240542067 0.02016942315449778 0.007622811970638058
0 0.7008874546187979 0.2761151891586674 0.014925373134328358 0.012422360248447204
0 0.7139975796692215 0.2787972896668549 0.016135538523598225 0.007622811970638058
0 0.7319483662767244 0.2795031055900621 0.011698265429608713 0.007340485601355167
0 0.7630092779346511 0.2748447204968944 0.006857603872529245 0.014398644833427442
0 0.7698668818071803 0.27865612648221344 0.010891488503428802 0.006211180124223602
0 0.7948769665187576 0.2748447204968944 0.0326744655102864 0.01383399209486166
0 0.8313836224283986 0.2769621682665161 0.012101653892698669 0.00846979107848673
0 0.8436869705526422 0.27738565782044045 0.006857603872529245 0.007058159232072276
0 0.1417910447761194 0.3207227555053642 0.002016942315449778 0.006211180124223602
0 0.14360629286002422 0.31620553359683795 0.0024203307785397336 0.002258610954263128
0 0.1498588140379185 0.33483907396950874 0.013311819281968536 0.007905138339920948
0 0.1674062121823316 0.33554488989271597 0.01855586930213796 0.007058159232072276
0 0.1863654699475595 0.3346979107848673 0.010488100040338847 0.00818746470920384
0 0.2291246470350948 0.3287690570299266 0.007260992335619202 0.016092603049124788
0 0.2325534489713594 0.3341332580463015 0.0028237192416296895 0.005928853754940711
0 0.2345703912868092 0.32580463015245625 0.0012101653892698668 0.0016939582156973462
0 0.23578055667607906 0.3286278938452851 0.0012101653892698668 0.002258610954263128
0 0.2428398547801533 0.3286278938452851 0.003227107704719645 0.015245623941276116
0 0.24687373941105284 0.334274421230943 0.00645421540943929 0.006775832862789385
0 0.25433642597821704 0.334274421230943 0.01008471157724889 0.006775832862789385
0 0.2932634126663977 0.3334274421230943 0.009681323114158934 0.009599096555618294
0 0.3336022589753933 0.3290513833992095 0.021782977006857603 0.0189158667419537
0 0.345703912868092 0.3346979107848673 0.010488100040338847 0.007058159232072276
0 0.3473174667204518 0.33130999435347264 0.003227107704719645 0.0008469791078486731
0 0.3598225090762404 0.32735742518351213 0.016942315449778138 0.020045172219085264
0 0.3939088342073417 0.33455674760022586 0.01008471157724889 0.00564652738565782
0 0.4070189592577652 0.3362507058159232 0.010488100040338847 0.01355166572557877
0 0.4263816054860831 0.33300395256917 0.020976200080677694 0.006493506493506494
0 0.47781363453005243 0.3318746470920384 0.02379991932230738 0.006493506493506494
0 0.49495764421137556 0.33272162619988704 0.004840661557079467 0.005928853754940711
0 0.5143202904396934 0.32919254658385094 0.021782977006857603 0.014680971202710334
0 0.5649455425574829 0.3286278938452851 0.019766034691407825 0.01355166572557877
0 0.581686163775716 0.33145115753811405 0.009681323114158934 0.006775832862789385
0 0.5923759580475998 0.33243929983060416 0.010891488503428802 0.005928853754940711
0 0.6296893908834207 0.3307453416149068 0.010488100040338847 0.007622811970638058
0 0.6651875756353368 0.32679277244494637 0.012101653892698669 0.016092603049124788
0 0.6772892295280355 0.33243929983060416 0.009681323114158934 0.006493506493506494
0 0.6811214199273901 0.3297571993224167 0.0012101653892698668 0.002258610954263128
0 0.6928196853569988 0.3310276679841897 0.014925373134328358 0.005364201016374929
0 0.7067365873336022 0.3306041784302654 0.010488100040338847 0.006211180124223602
0 0.7208551835417507 0.3310276679841897 0.015328761597418314 0.004234895539243365
0 0.763210972166196 0.3265104460756635 0.022589753933037516 0.016657255787690572
0 0.7797498991528842 0.33145115753811405 0.004033884630899556 0.007905138339920948
0 0.7902379991932231 0.3294748729531338 0.010488100040338847 0.005081874647092038
0 0.7862041145623235 0.3222755505364201 0.0016135538523598225 0.002540937323546019
0 0.7995159338442921 0.33639186900056467 0.014521984671238403 0.021739130434782608
0 0.8223073820088745 0.31804065499717676 0.0028237192416296895 0.007622811970638058
0 0.8323920935861234 0.3370976849237719 0.0060508269463493344 0.009599096555618294
0 0.15449778136345302 0.3812817617165443 0.01371520774505849 0.020609824957651044
0 0.16780960064542155 0.38763410502540935 0.008874546187979023 0.006775832862789385
0 0.1827349737797499 0.38170525127046867 0.015328761597418314 0.017504234895539244
0 0.2373941105284389 0.3857989836250706 0.013311819281968536 0.007622811970638058
0 0.25131101250504234 0.38721061547148505 0.012101653892698669 0.004234895539243365
0 0.28136345300524407 0.38692828910220217 0.003630496167809601 0.005928853754940711
0 0.2811617587736991 0.3794466403162055 0.0024203307785397336 0.0016939582156973462
0 0.28963291649858813 0.38622247317899494 0.009681323114158934 0.005081874647092038
0 0.3096006454215409 0.385940146809712 0.01008471157724889 0.007340485601355167
0 0.31988705123033484 0.38636363636363635 0.008067769261799113 0.005364201016374929
0 0.3354175070592981 0.38622247317899494 0.012505042355788625 0.00564652738565782
0 0.34872932634126663 0.3870694522868436 0.00927793465106898 0.00846979107848673
0 0.3666801129487697 0.3857989836250706 0.010488100040338847 0.006493506493506494
0 0.3741427995159338 0.38636363636363635 0.003630496167809601 0.0036702428006775835
0 0.3745461879790238 0.3794466403162055 0.0028237192416296895 0.0033879164313946925
0 0.3880597014925373 0.3920101637492942 0.014521984671238403 0.0189158667419537
0 0.4298104074223477 0.3857989836250706 0.013311819281968536 0.007058159232072276
0 0.4417103670835014 0.3855166572557877 0.008874546187979023 0.005364201016374929
0 0.44876966518757566 0.38311688311688313 0.002016942315449778 0.001129305477131564
0 0.45764421137555467 0.3845285149632976 0.018152480839048003 0.005081874647092038
0 0.47539330375151273 0.3804347826086957 0.00927793465106898 0.017786561264822136
0 0.47236789027833803 0.38114059853190285 0.0024203307785397336 0.0016939582156973462
0 0.48628479225494153 0.38424618859401466 0.014118596208148447 0.009034443817052512
0 0.49515933844292054 0.38099943534726144 0.003630496167809601 0.001411631846414455
0 0.5373134328358209 0.3826933935629588 0.011294876966518758 0.006493506493506494
0 0.536304961678096 0.3800112930547713 0.0012101653892698668 0.001129305477131564
0 0.5385235982250908 0.37972896668548844 0.0016135538523598225 0.001129305477131564
0 0.5532472771278741 0.3824110671936759 0.013311819281968536 0.023997741389045736
0 0.5923759580475998 0.38085827216261997 0.018959257765227916 0.014116318464144552
0 0.6062928600242034 0.3769057029926595 0.0024203307785397336 0.003952569169960474
0 0.6105284388866479 0.38198757763975155 0.01008471157724889 0.010163749294184076
0 0.6260588947156112 0.3826933935629588 0.01371520774505849 0.007622811970638058
0 0.6405808793868495 0.3865047995482778 0.008067769261799113 0.01355166572557877
0 0.6611536910044373 0.378317334839074 0.023396530859217425 0.014680971202710334
0 0.6607503025413474 0.3747882552230378 0.0024203307785397336 0.0036702428006775835
0 0.6799112545381202 0.38114059853190285 0.012505042355788625 0.007340485601355167
0 0.6944332392093586 0.38099943534726144 0.011698265429608713 0.009316770186335404
0 0.7490923759580476 0.3812817617165443 0.053247277127874144 0.008752117447769622
0 0.7811617587736991 0.38382269904009036 0.014118596208148447 0.0189158667419537
0 0.14521984671238403 0.4352060982495765 0.007260992335619202 0.007622811970638058
0 0.15469947559499797 0.43718238283455674 0.010891488503428802 0.006493506493506494
0 0.15167406212182333 0.4343591191417278 0.0016135538523598225 0.001411631846414455
0 0.17708753529649052 0.43774703557312256 0.021782977006857603 0.006493506493506494
0 0.19967728922952804 0.4332298136645963 0.016942315449778138 0.016657255787690572
0 0.2154094392900363 0.4376058723884811 0.009681323114158934 0.007905138339920948
0 0.23275514320290439 0.4329474872953134 0.016942315449778138 0.017786561264822136
0 0.24223477208551836 0.4364765669113495 0.00927793465106898 0.00564652738565782
0 0.25514320290439696 0.4370412196499153 0.013311819281968536 0.007340485601355167
0 0.29810407422347723 0.4367588932806324 0.016135538523598225 0.00846979107848673
0 0.31323114158935056 0.4364765669113495 0.012505042355788625 0.006211180124223602
0 0.3303751512706737 0.43379446640316205 0.01936264622831787 0.012704686617730096
0 0.34610730133118195 0.4354884246188594 0.009681323114158934 0.007058159232072276
0 0.34227511093182733 0.42941840767927725 0.0012101653892698668 0.0033879164313946925
0 0.35034288019362647 0.4330886504799548 0.0012101653892698668 0.0016939582156973462
0 0.35760387252924564 0.4361942405420666 0.007664380798709157 0.007340485601355167
0 0.36708350141185964 0.43280632411067194 0.004840661557079467 0.014680971202710334
0 0.40984267849939493 0.43506493506493504 0.041145623235175476 0.009034443817052512
0 0.4574425171440097 0.4295595708639187 0.0024203307785397336 0.003105590062111801
0 0.45966115369100446 0.4364765669113495 0.002016942315449778 0.00564652738565782
0 0.4691407825736184 0.43464144551101075 0.008874546187979023 0.005928853754940711
0 0.5060508269463493 0.4309712027103331 0.01008471157724889 0.016657255787690572
0 0.5141185962081485 0.43125352907961606 0.0060508269463493344 0.012140033879164314
0 0.5246066962484873 0.43492377188029363 0.01008471157724889 0.006493506493506494
0 0.5635336829366681 0.4339356295878035 0.011294876966518758 0.006211180124223602
0 0.5703912868091973 0.4352060982495765 0.004033884630899556 0.003105590062111801
0 0.5748285599031868 0.42730095990965555 0.0024203307785397336 0.001411631846414455
0 0.5839048003227107 0.4298418972332016 0.00927793465106898 0.01383399209486166
0 0.59116579265833 0.42715979672501414 0.002016942315449778 0.001129305477131564
0 0.5992335619201291 0.43266516092603047 0.01008471157724889 0.005364201016374929
0 0.6129487696651875 0.4323828345567476 0.01008471157724889 0.007622811970638058
0 0.6522791448164582 0.43252399774138905 0.012101653892698669 0.006775832862789385
0 0.6674062121823315 0.42857142857142855 0.01008471157724889 0.020327498588368152
0 0.7101653892698668 0.4295595708639187 0.030254134731746672 0.014963297571993224
0 0.709156918112142 0.4311123658949746 0.011294876966518758 0.0016939582156973462
0 0.7230738200887454 0.4322416713721062 0.013311819281968536 0.007340485601355167
0 0.7349737797498992 0.4313946922642575 0.008067769261799113 0.006211180124223602
0 0.7470754336425979 0.43153585544889894 0.012101653892698669 0.005928853754940711
0 0.7573618394513917 0.4345002823263693 0.00927793465106898 0.01355166572557877
0 0.7741024606696248 0.43068887634105024 0.016135538523598225 0.007058159232072276
0 0.7964905203711173 0.43845285149632973 0.0028237192416296895 0.002258610954263128
0 0.1619604679306172 0.48249576510446074 0.02944735780556676 0.015810276679841896
0 0.16135538523598225 0.47459062676453984 0.0016135538523598225 0.001129305477131564
0 0.1645824929407019 0.47586109542631283 0.004033884630899556 0.0036702428006775835
0 0.191004437273094 0.4860248447204969 0.014118596208148447 0.006493506493506494
0 0.23033481242436465 0.48828345567476 0.010488100040338847 0.006493506493506494
0 0.24405002016942315 0.4850367024280068 0.01290843081887858 0.02258610954263128
0 0.28479225494150867 0.48334274421230944 0.02016942315449778 0.01637492941840768
0 0.3063735377168213 0.48616600790513836 0.011698265429608713 0.007340485601355167
0 0.32210568777732956 0.4863071710897798 0.018959257765227916 0.009881422924901186
0 0.3618394513916902 0.48221343873517786 0.0024203307785397336 0.0016939582156973462
0 0.3676885841064946 0.48658949745906266 0.014118596208148447 0.007058159232072276
0 0.3828156514723679 0.4841897233201581 0.010488100040338847 0.007340485601355167
0 0.39229528035498185 0.4848955392433653 0.006857603872529245 0.006493506493506494
0 0.3937071399757967 0.4817899491812535 0.0016135538523598225 0.001976284584980237
0 0.4312222670431626 0.48207227555053644 0.02016942315449778 0.014963297571993224
0 0.42940701895925776 0.4733201581027668 0.003630496167809601 0.001976284584980237
0 0.4481645824929407 0.48404856013551667 0.012101653892698669 0.006493506493506494
0 0.49495764421137556 0.48094297007340486 0.01936264622831787 0.014398644833427442
0 0.5034288019362646 0.47600225861095424 0.0024203307785397336 0.003952569169960474
0 0.5102864058087939 0.48334274421230944 0.010488100040338847 0.006775832862789385
0 0.5235982250907624 0.48306041784302656 0.008874546187979023 0.006775832862789385
0 0.5274304154901169 0.4823546019198193 0.0012101653892698668 0.0008469791078486731
0 0.536304961678096 0.48616600790513836 0.012505042355788625 0.01637492941840768
0 0.5520371117386043 0.4829192546583851 0.013311819281968536 0.00818746470920384
0 0.5653489310205728 0.48009599096555616 0.008471157724889069 0.011575381140598532
0 0.5724082291246471 0.47684923771880294 0.0016135538523598225 0.002258610954263128
0 0.5843081887858007 0.47995482778091475 0.018152480839048003 0.014116318464144552
0 0.6022589753933038 0.48249576510446074 0.01290843081887858 0.006211180124223602
0 0.6183945139169019 0.4880011293054771 0.007260992335619202 0.007622811970638058
0 0.6425978217022993 0.4786843591191417 0.015328761597418314 0.016092603049124788
0 0.6518757563533683 0.48249576510446074 0.004033884630899556 0.006211180124223602
0 0.6577248890681726 0.4786843591191417 0.0028237192416296895 0.0008469791078486731
0 0.6599435256151674 0.485742518351214 0.003227107704719645 0.001411631846414455
0 0.6942315449778136 0.4779785431959345 0.020976200080677694 0.01355166572557877
0 0.700080677692618 0.4837662337662338 0.002016942315449778 0.005928853754940711
0 0.7045179507866075 0.47684923771880294 0.002016942315449778 0.0016939582156973462
0 0.709358612343687 0.48334274421230944 0.0060508269463493344 0.003952569169960474
0 0.7166196046793062 0.4829192546583851 0.003630496167809601 0.006493506493506494
0 0.7246873739411053 0.4829192546583851 0.014925373134328358 0.007058159232072276
0 0.7402178297700686 0.48644833427442125 0.01290843081887858 0.014680971202710334
0 0.7503025413473174 0.48644833427442125 0.012101653892698669 0.014116318464144552
0 0.7670431625655506 0.480660643704122 0.013311819281968536 0.007058159232072276
0 0.8051633723275514 0.4772727272727273 0.016942315449778138 0.013269339356295878
0 0.8162565550625253 0.48023715415019763 0.010891488503428802 0.006211180124223602
0 0.827349737797499 0.481931112365895 0.010488100040338847 0.00564652738565782
0 0.846107301331182 0.4792490118577075 0.02379991932230738 0.007622811970638058
0 0.8616377571601452 0.4892715979672501 0.009681323114158934 0.007905138339920948
0 0.8672851956434046 0.48404856013551667 0.003227107704719645 0.001976284584980237
0 0.15893505445744252 0.5371259175607002 0.017749092375958047 0.011575381140598532
0 0.1772892295280355 0.5334556747600225 0.012505042355788625 0.015527950310559006
0 0.19241629689390882 0.5378317334839074 0.012101653892698669 0.007340485601355167
0 0.209156918112142 0.5381140598531903 0.019766034691407825 0.007340485601355167
0 0.28035498184751917 0.5314793901750423 0.02743041549011698 0.018351214003387916
0 0.30354981847519164 0.5403726708074534 0.011698265429608713 0.019762845849802372
0 0.31968535699878986 0.5314793901750423 0.011698265429608713 0.016092603049124788
0 0.327148043565954 0.5355731225296443 0.011294876966518758 0.006211180124223602
0 0.3382412263009278 0.5358554488989271 0.006857603872529245 0.00846979107848673
0 0.3519564340459863 0.5357142857142857 0.013311819281968536 0.007622811970638058
0 0.36264622831787013 0.5437605872388481 0.014521984671238403 0.018633540372670808
0 0.42073416700282373 0.5337380011293055 0.03227107704719645 0.00818746470920384
0 0.44937474788221055 0.5343026538678712 0.01936264622831787 0.009316770186335404
0 0.463896732553449 0.5304912478825522 0.003227107704719645 0.01355166572557877
0 0.4715611133521581 0.528514963297572 0.008067769261799113 0.014680971202710334
0 0.49213392496974584 0.5304912478825522 0.026623638563937072 0.015810276679841896
0 0.5330778539733764 0.5345849802371542 0.0028237192416296895 0.004799548277809147
0 0.5350947962888262 0.5273856578204404 0.002016942315449778 0.00282326369282891
0 0.5431625655506253 0.5320440429136082 0.011698265429608713 0.005928853754940711
0 0.5895522388059702 0.5296442687747036 0.01734570391286809 0.014680971202710334
0 0.6020572811617588 0.5321852060982496 0.00927793465106898 0.007340485601355167
0 0.6107301331181928 0.538678712591756 0.01371520774505849 0.019198193111236588
0 0.6621621621621622 0.5293619424054207 0.027833803953206938 0.014680971202710334
0 0.690399354578459 0.5303500846979108 0.02379991932230738 0.014963297571993224
0 0.7119806373537717 0.5358554488989271 0.004840661557079467 0.0016939582156973462
