0 0.14864864864864866 0.21259175607001693 0.018152480839048003 0.01693958215697346
0 0.16922146026623638 0.2134387351778656 0.018152480839048003 0.014680971202710334
0 0.17204517950786608 0.2106154714850367 0.002016942315449778 0.0016939582156973462
0 0.1855586930213796 0.21682665160926032 0.007260992335619202 0.006775832862789385
0 0.2299314239612747 0.21569734613212874 0.00645421540943929 0.006211180124223602
0 0.2599838644614764 0.21696781479390176 0.04800322710770472 0.00818746470920384
0 0.2944735780556676 0.2124505928853755 0.012101653892698669 0.014963297571993224
0 0.30778539733763616 0.21696781479390176 0.01290843081887858 0.004799548277809147
0 0.3192819685356999 0.21259175607001693 0.006857603872529245 0.012987012987012988
0 0.3327954820492134 0.21301524562394128 0.016942315449778138 0.01383399209486166
0 0.40419524001613555 0.2161208356860531 0.04517950786607503 0.00818746470920384
0 0.4663170633319887 0.2171089779785432 0.008874546187979023 0.006211180124223602
0 0.4790237999193223 0.21428571428571427 0.014925373134328358 0.020892151326933936
0 0.5310609116579266 0.2140033879164314 0.03751512706736587 0.012987012987012988
0 0.5536506655909641 0.21583850931677018 0.0028237192416296895 0.005928853754940711
0 0.563937071399758 0.21682665160926032 0.01290843081887858 0.007340485601355167
0 0.5681726502622025 0.2090626764539808 0.002016942315449778 0.001411631846414455
0 0.5879386849536103 0.21725014116318464 0.02864058087938685 0.006493506493506494
0 0.6183945139169019 0.22233201581027667 0.004840661557079467 0.004234895539243365
0 0.6478418717224688 0.2171089779785432 0.014521984671238403 0.007340485601355167
0 0.6799112545381202 0.21301524562394128 0.0391286809197257 0.014963297571993224
0 0.7371924162968939 0.21329757199322416 0.018959257765227916 0.01383399209486166
0 0.753731343283582 0.21485036702428006 0.0060508269463493344 0.00564652738565782
0 0.8067769261799113 0.21357989836250707 0.04517950786607503 0.014963297571993224
0 0.8398547801532876 0.21725014116318464 0.014521984671238403 0.006493506493506494
0 0.8479225494150867 0.20920383963862224 0.0016135538523598225 0.0016939582156973462
0 0.8535699878983461 0.21795595708639187 0.004840661557079467 0.010163749294184076
0 0.15348931020572812 0.26312817617165446 0.013311819281968536 0.015245623941276116
0 0.17022993142396128 0.26693958215697344 0.016135538523598225 0.00818746470920384
0 0.18596208148446955 0.26679841897233203 0.008874546187979023 0.006775832862789385
0 0.19604679306171843 0.26538678712591757 0.008874546187979023 0.010728402032749858
0 0.21944332392093585 0.26341050254093734 0.026623638563937072 0.015245623941276116
0 0.2743041549011698 0.26453980801806887 0.010488100040338847 0.012987012987012988
0 0.28680919725695847 0.268068887634105 0.009681323114158934 0.006493506493506494
0 0.2987091569181121 0.26750423489553926 0.008471157724889069 0.00818746470920384
0 0.31867688584106496 0.26595143986448333 0.023396530859217425 0.00846979107848673
0 0.3289632916498588 0.2587521174477696 0.0028237192416296895 0.002540937323546019
0 0.3392496974586527 0.2632693393562959 0.010488100040338847 0.012704686617730096
0 0.35498184751916095 0.2639751552795031 0.021782977006857603 0.012422360248447204
0 0.4146833400564744 0.2611518915866742 0.023396530859217425 0.014116318464144552
0 0.4683340056474385 0.2704686617730096 0.003227107704719645 0.0016939582156973462
0 0.4881000403388463 0.269339356295878 0.035498184751916094 0.025409373235460192
0 0.517950786607503 0.2641163184641446 0.015328761597418314 0.01383399209486166
0 0.5423557886244453 0.2728684359119142 0.0326744655102864 0.0189158667419537
0 0.599838644614764 0.2683512140033879 0.014521984671238403 0.007058159232072276
0 0.600242033077854 0.2648221343873518 0.0016135538523598225 0.001129305477131564
0 0.6563130294473578 0.27413890457368717 0.04679306171843485 0.023715415019762844
0 0.7194433239209359 0.26750423489553926 0.01008471157724889 0.007058159232072276
0 0.7305365066559096 0.26566911349520045 0.00645421540943929 0.007340485601355167
0 0.7593787817668415 0.26157538114059853 0.025413473174667203 0.015527950310559006
0 0.7767244856797095 0.2673630717108978 0.00927793465106898 0.006211180124223602
0 0.15994352561516742 0.3138057594579334 0.024606696248487294 0.016657255787690572
0 0.1843485276321097 0.31747600225861095 0.024203307785397338 0.00818746470920384
0 0.23941105284388867 0.3092885375494071 0.011698265429608713 0.007622811970638058
0 0.2668414683340056 0.31804065499717676 0.014925373134328358 0.009316770186335404
0 0.2801532876159742 0.3190287972896669 0.008471157724889069 0.00846979107848673
0 0.327148043565954 0.3101355166572558 0.0024203307785397336 0.005364201016374929
0 0.35175473981444133 0.3176171654432524 0.026623638563937072 0.009034443817052512
0 0.37353771682129894 0.31620553359683795 0.005647438483259379 0.006211180124223602
0 0.38463089955627267 0.31747600225861095 0.014118596208148447 0.00818746470920384
0 0.44473578055667606 0.31535855448898925 0.013311819281968536 0.018633540372670808
0 0.46551028640580877 0.3136645962732919 0.021782977006857603 0.01637492941840768
0 0.5137152077450585 0.31747600225861095 0.012505042355788625 0.008752117447769622
0 0.5621218233158531 0.3167701863354037 0.01653892698668818 0.020892151326933936
0 0.5734167002823719 0.31804065499717676 0.00927793465106898 0.006493506493506494
0 0.5845098830173457 0.31507622811970637 0.008874546187979023 0.011857707509881422
0 0.635538523598225 0.31733483907396953 0.00927793465106898 0.007340485601355167
0 0.6468334005647438 0.3207227555053642 0.013311819281968536 0.01355166572557877
0 0.6583299717628076 0.31846414455110106 0.008067769261799113 0.006211180124223602
0 0.6692214602662364 0.31804065499717676 0.008067769261799113 0.004234895539243365
0 0.7214602662363856 0.31719367588932806 0.0391286809197257 0.007058159232072276
0 0.7492940701895926 0.31197063805759456 0.00927793465106898 0.012987012987012988
0 0.7611940298507462 0.3125352907961604 0.015328761597418314 0.014116318464144552
0 0.8047599838644615 0.3129587803500847 0.009681323114158934 0.014398644833427442
0 0.8283582089552238 0.3129587803500847 0.033481242436466316 0.013269339356295878
0 0.15590964098426785 0.36716544325239975 0.013311819281968536 0.007622811970638058
0 0.20693828156514724 0.3547430830039526 0.0016135538523598225 0.001976284584980237
0 0.21742638160548608 0.36391869000564653 0.021782977006857603 0.015810276679841896
0 0.2498991528842275 0.36773009599096557 0.04154901169826543 0.007622811970638058
0 0.32230738200887454 0.3634952004517222 0.010488100040338847 0.014963297571993224
0 0.3392496974586527 0.3681535855448899 0.02016942315449778 0.007905138339920948
0 0.3481242436466317 0.36024844720496896 0.0016135538523598225 0.002258610954263128
0 0.3652682533279548 0.37634105025409376 0.02379991932230738 0.0220214568040655
0 0.3892698668818072 0.3547430830039526 0.0024203307785397336 0.005928853754940711
0 0.4070189592577652 0.3718238283455675 0.003227107704719645 0.005081874647092038
0 0.45320693828156516 0.36391869000564653 0.03428801936264623 0.01637492941840768
0 0.5133118192819686 0.3673066064370412 0.025413473174667203 0.007905138339920948
0 0.5558693021379588 0.358695652173913 0.0024203307785397336 0.001976284584980237
0 0.5594997983057685 0.367871259175607 0.0024203307785397336 0.007905138339920948
0 0.5693828156514724 0.3675889328063241 0.011698265429608713 0.007905138339920948
0 0.5843081887858007 0.36801242236024845 0.01008471157724889 0.007058159232072276
0 0.5968132311415894 0.3674477696216827 0.007664380798709157 0.005928853754940711
0 0.6040742234772085 0.36900056465273856 0.00927793465106898 0.009034443817052512
0 0.6169826542960871 0.3685770750988142 0.012505042355788625 0.007058159232072276
0 0.6353368293666801 0.3687182382834557 0.016135538523598225 0.009599096555618294
0 0.6427995159338443 0.3598249576510446 0.0012101653892698668 0.001411631846414455
0 0.6551028640580879 0.3750705815923207 0.017749092375958047 0.020609824957651044
0 0.7022993142396128 0.3685770750988142 0.022589753933037516 0.008752117447769622
0 0.7246873739411053 0.3674477696216827 0.014925373134328358 0.006493506493506494
0 0.7535296490520371 0.36363636363636365 0.03307785397337636 0.01355166572557877
0 0.8049616780960065 0.3684359119141728 0.010891488503428802 0.006211180124223602
0 0.81847519160952 0.3644833427442123 0.012101653892698669 0.023150762281197064
0 0.1518757563533683 0.41699604743083 0.00927793465106898 0.014116318464144552
0 0.16296893908834206 0.4189723320158103 0.003227107704719645 0.005081874647092038
0 0.16417910447761194 0.4137492941840768 0.0016135538523598225 0.001411631846414455
0 0.17204517950786608 0.41854884246188595 0.006857603872529245 0.007058159232072276
0 0.18737394110528438 0.41967814793901753 0.014118596208148447 0.007622811970638058
0 0.19221460266236384 0.4109260304912479 0.002016942315449778 0.001976284584980237
0 0.21258572004840662 0.41826651609260307 0.029850746268656716 0.022303783173348392
0 0.23053650665590963 0.41826651609260307 0.007664380798709157 0.007622811970638058
0 0.28176684146833403 0.41883116883116883 0.012505042355788625 0.00818746470920384
0 0.29810407422347723 0.41869000564652736 0.016135538523598225 0.006211180124223602
0 0.31423961274707546 0.4203839638622247 0.009681323114158934 0.004517221908526256
0 0.3317870108914885 0.4277244494635799 0.02218636546994756 0.021456804065499716
0 0.3860427591770875 0.4203839638622247 0.010488100040338847 0.00846979107848673
0 0.4035901573215006 0.4193958215697346 0.02379991932230738 0.006493506493506494
0 0.4233561920129084 0.41770186335403725 0.006857603872529245 0.007622811970638058
0 0.4356595401371521 0.41445511010728403 0.009681323114158934 0.014680971202710334
0 0.45482049213392495 0.41431394692264256 0.02379991932230738 0.014398644833427442
0 0.47519160951996775 0.4160079051383399 0.005647438483259379 0.011575381140598532
0 0.4868898749495764 0.4191134952004517 0.00645421540943929 0.004799548277809147
0 0.499798305768455 0.4192546583850932 0.011294876966518758 0.006775832862789385
0 0.5512303348124243 0.4199604743083004 0.02944735780556676 0.008752117447769622
0 0.5707946752722872 0.4153020892151327 0.008874546187979023 0.012987012987012988
0 0.5800726099233562 0.41798418972332013 0.003227107704719645 0.005364201016374929
0 0.5800726099233562 0.41078486730660646 0.0016135538523598225 0.002258610954263128
0 0.5992335619201291 0.4155844155844156 0.02944735780556676 0.014116318464144552
0 0.6575231948366277 0.4189723320158103 0.04195240016135539 0.007905138339920948
0 0.7089552238805971 0.4103613777526821 0.0012101653892698668 0.001411631846414455
0 0.7097620008067769 0.41967814793901753 0.0028237192416296895 0.005928853754940711
0 0.7196450181524808 0.41967814793901753 0.011294876966518758 0.006493506493506494
0 0.7605889471561114 0.4153020892151327 0.010891488503428802 0.012987012987012988
0 0.7841871722468737 0.41459627329192544 0.02743041549011698 0.014963297571993224
0 0.1526825332795482 0.467673630717109 0.014118596208148447 0.010446075663466968
0 0.15994352561516742 0.45849802371541504 0.002016942315449778 0.004517221908526256
0 0.16982654296087132 0.4652738565782044 0.01290843081887858 0.014680971202710334
0 0.1762807583703106 0.4608977978543196 0.0016135538523598225 0.002540937323546019
0 0.18697055264219442 0.470214568040655 0.012505042355788625 0.007058159232072276
0 0.19443323920935862 0.4696499153020892 0.009681323114158934 0.00818746470920384
0 0.24808390480032272 0.4696499153020892 0.007260992335619202 0.006493506493506494
0 0.2599838644614764 0.4668266516092603 0.010891488503428802 0.02456239412761152
0 0.3261395724082291 0.4645680406549972 0.018152480839048003 0.016657255787690572
0 0.32573618394513915 0.467673630717109 0.007664380798709157 0.003105590062111801
0 0.33521581282775315 0.4697910784867307 0.009681323114158934 0.006211180124223602
0 0.3527632109721662 0.46922642574816487 0.01573215006050827 0.007905138339920948
0 0.38140379185155304 0.472755505364201 0.0318676885841065 0.015527950310559006
0 0.40762404195240015 0.4730378317334839 0.002016942315449778 0.001411631846414455
0 0.4515933844292053 0.46597967250141165 0.014118596208148447 0.016657255787690572
0 0.45582896329164985 0.4645680406549972 0.0016135538523598225 0.001976284584980237
0 0.4709560306575232 0.4699322416713721 0.021379588543767647 0.006493506493506494
0 0.5274304154901169 0.470214568040655 0.00927793465106898 0.007058159232072276
0 0.5401371520774506 0.46795595708639187 0.010488100040338847 0.026256352343308864
0 0.581686163775716 0.4658385093167702 0.008874546187979023 0.015810276679841896
0 0.5978217022993142 0.4673913043478261 0.020976200080677694 0.012704686617730096
0 0.5917708753529649 0.4599096555618295 0.0016135538523598225 0.001129305477131564
0 0.6206131504638968 0.47063805759457933 0.021379588543767647 0.009599096555618294
0 0.68192819685357 0.470214568040655 0.026220250100847116 0.007058159232072276
0 0.7010891488503429 0.46908526256352345 0.008067769261799113 0.007058159232072276
0 0.7525211778943123 0.46612083568605306 0.043969342476805166 0.014116318464144552
0 0.15853166599435256 0.5160926030491247 0.016942315449778138 0.015245623941276116
0 0.1736587333602259 0.5203274985883681 0.012505042355788625 0.00846979107848673
0 0.18596208148446955 0.519621682665161 0.012101653892698669 0.006493506493506494
0 0.1809197256958451 0.5224449463579899 0.0012101653892698668 0.0008469791078486731
0 0.20693828156514724 0.5225861095426313 0.01290843081887858 0.014680971202710334
0 0.21863654699475596 0.5214568040654998 0.009681323114158934 0.005081874647092038
0 0.23235175473981445 0.5165160926030491 0.011294876966518758 0.01383399209486166
0 0.23719241629689392 0.5114342179559571 0.0024203307785397336 0.003105590062111801
0 0.2490923759580476 0.5169395821569734 0.01573215006050827 0.012422360248447204
0 0.2656313029447358 0.5200451722190853 0.011698265429608713 0.010163749294184076
0 0.2928600242033078 0.5241389045736872 0.003227107704719645 0.004234895539243365
0 0.3291649858814038 0.516798418972332 0.015328761597418314 0.014398644833427442
0 0.3416700282371924 0.5207509881422925 0.008874546187979023 0.006493506493506494
0 0.3620411456232352 0.5204686617730095 0.01734570391286809 0.0189158667419537
0 0.3709156918112142 0.51270468661773 0.0012101653892698668 0.001129305477131564
0 0.3773699072206535 0.5206098249576511 0.010891488503428802 0.006211180124223602
0 0.3870512303348124 0.5215979672501412 0.0028237192416296895 0.005364201016374929
0 0.38785800726099234 0.5143986448334275 0.002016942315449778 0.002258610954263128
0 0.40419524001613555 0.5213156408808582 0.020976200080677694 0.008752117447769622
0 0.40116982654296085 0.5177865612648221 0.002016942315449778 0.001129305477131564
0 0.4277934651068979 0.5251270468661773 0.02864058087938685 0.01693958215697346
0 0.4461476401774909 0.5191981931112366 0.015328761597418314 0.006775832862789385
0 0.49596611536910046 0.5172219085262564 0.03751512706736587 0.017504234895539244
0 0.5223880597014925 0.5194805194805194 0.008874546187979023 0.006211180124223602
0 0.5308592174263816 0.5194805194805194 0.011294876966518758 0.006775832862789385
0 0.5530455828963292 0.5258328627893846 0.004033884630899556 0.0036702428006775835
0 0.5830980233965308 0.5204686617730095 0.018152480839048003 0.00818746470920384
0 0.6056877773295684 0.5158102766798419 0.021379588543767647 0.014680971202710334
0 0.6250504235578862 0.5190570299265952 0.014118596208148447 0.007058159232072276
0 0.6780960064542154 0.5162337662337663 0.028237192416296894 0.015527950310559006
0 0.6972569584509883 0.5275268210050819 0.013311819281968536 0.0189158667419537
0 0.7160145219846712 0.5165160926030491 0.014521984671238403 0.016092603049124788
0 0.7422347720855184 0.5255505364201016 0.035498184751916094 0.01948051948051948
0 0.15248083904800322 0.5698757763975155 0.008874546187979023 0.009316770186335404
0 0.16135538523598225 0.5701581027667985 0.008874546187979023 0.005364201016374929
0 0.17406212182331585 0.5705815923207228 0.00927793465106898 0.007905138339920948
0 0.1920129084308189 0.5707227555053642 0.016942315449778138 0.008752117447769622
0 0.208955223880597 0.5677583286278939 0.004033884630899556 0.01355166572557877
0 0.21621621621621623 0.5662055335968379 0.007260992335619202 0.014398644833427442
0 0.23235175473981445 0.5684641445511011 0.020976200080677694 0.012140033879164314
0 0.27047196450181527 0.5633822699040091 0.0028237192416296895 0.003105590062111801
0 0.2712787414279952 0.571005081874647 0.004437273093989512 0.007058159232072276
0 0.28418717224687373 0.5705815923207228 0.014925373134328358 0.00564652738565782
0 0.3469140782573618 0.5680406549971767 0.028237192416296894 0.01355166572557877
0 0.3666801129487697 0.577639751552795 0.008874546187979023 0.019762845849802372
0 0.41327148043565953 0.5680406549971767 0.01734570391286809 0.01355166572557877
0 0.43303751512706734 0.567193675889328 0.011698265429608713 0.01637492941840768
0 0.44675272287212586 0.567476002258611 0.011698265429608713 0.015810276679841896
0 0.463896732553449 0.5666290231507622 0.016135538523598225 0.01355166572557877
0 0.47781363453005243 0.5728402032749859 0.0028237192416296895 0.002258610954263128
