0 0.15853166599435256 0.22317899491812535 0.028237192416296894 0.021174477696216828
0 0.18334005647438484 0.22543760587238848 0.020572811617587738 0.008752117447769622
0 0.21964501815248083 0.22077922077922077 0.018959257765227916 0.01637492941840768
0 0.23860427591770875 0.22388481084133258 0.014925373134328358 0.007340485601355167
0 0.27188382412263007 0.22600225861095427 0.015328761597418314 0.009881422924901186
0 0.28398547801532875 0.22586109542631283 0.012101653892698669 0.007340485601355167
0 0.2942718838241226 0.22557876905702992 0.0052440500201694235 0.00846979107848673
0 0.29850746268656714 0.2165443252399774 0.008067769261799113 0.003952569169960474
0 0.3031464300121017 0.22317899491812535 0.008471157724889069 0.015527950310559006
0 0.30778539733763616 0.2264257481648786 0.005647438483259379 0.007905138339920948
0 0.3138362242839855 0.21626199887069453 0.008067769261799113 0.005081874647092038
0 0.3164582492940702 0.2261434217955957 0.01008471157724889 0.00846979107848673
0 0.32331585316659944 0.23334274421230944 0.014118596208148447 0.01948051948051948
0 0.3674868898749496 0.2245906267645398 0.021782977006857603 0.008752117447769622
0 0.38140379185155304 0.2251552795031056 0.008471157724889069 0.007622811970638058
0 0.3935054457442517 0.22501411631846416 0.013311819281968536 0.00846979107848673
0 0.4072206534893102 0.2251552795031056 0.01008471157724889 0.007058159232072276
0 0.418112141992739 0.22416713721061546 0.01008471157724889 0.006211180124223602
0 0.45139169019766034 0.22444946357989837 0.015328761597418314 0.009599096555618294
0 0.46248487293263413 0.22699040090344438 0.01008471157724889 0.00846979107848673
0 0.4764017749092376 0.2264257481648786 0.01371520774505849 0.006211180124223602
0 0.5060508269463493 0.2300959909655562 0.01653892698668818 0.015245623941276116
0 0.5201694231544978 0.22783738001129306 0.011698265429608713 0.007340485601355167
0 0.5346914078257362 0.22769621682665162 0.014925373134328358 0.00818746470920384
0 0.54497781363453 0.22444946357989837 0.007260992335619202 0.01355166572557877
0 0.5518354175070593 0.2354601919819311 0.00645421540943929 0.007905138339920948
0 0.5847115772488907 0.22332015810276679 0.011698265429608713 0.01355166572557877
0 0.600847115772489 0.22628458498023715 0.01653892698668818 0.007622811970638058
0 0.6482452601855587 0.22713156408808582 0.03146430012101654 0.01101072840203275
0 0.6706333198870512 0.22444946357989837 0.0060508269463493344 0.01355166572557877
0 0.7107704719645018 0.22430830039525693 0.029850746268656716 0.016092603049124788
0 0.727107704719645 0.22868435911914173 0.020572811617587738 0.00846979107848673
0 0.7450584913271481 0.22769621682665162 0.011294876966518758 0.005928853754940711
0 0.754336425978217 0.22628458498023715 0.008067769261799113 0.01383399209486166
0 0.7872125857200484 0.22388481084133258 0.012505042355788625 0.015245623941276116
0 0.8045582896329165 0.22769621682665162 0.010891488503428802 0.007622811970638058
0 0.8148446954417103 0.22910784867306608 0.008067769261799113 0.007058159232072276
0 0.8281565147236789 0.2251552795031056 0.011294876966518758 0.01383399209486166
0 0.8622428398547801 0.22557876905702992 0.018959257765227916 0.014116318464144552
0 0.1553045582896329 0.2724449463579898 0.023396530859217425 0.015245623941276116
0 0.1700282371924163 0.28303218520609824 0.014118596208148447 0.01948051948051948
0 0.1853569987898346 0.274703557312253 0.008471157724889069 0.015810276679841896
0 0.19241629689390882 0.2782326369282891 0.009681323114158934 0.007058159232072276
0 0.20431625655506253 0.27936194240542067 0.01008471157724889 0.00818746470920384
0 0.2210568777732957 0.27555053642010163 0.017749092375958047 0.014116318464144552
0 0.23013311819281967 0.28387916431394694 0.003630496167809601 0.005364201016374929
0 0.2624041952400161 0.2758328627893845 0.013311819281968536 0.00846979107848673
0 0.27490923759580477 0.2780914737436477 0.01008471157724889 0.007340485601355167
0 0.29265832997176283 0.274703557312253 0.018959257765227916 0.014116318464144552
0 0.3249294070189593 0.2761151891586674 0.014118596208148447 0.006211180124223602
0 0.3356192012908431 0.27710333145115756 0.008874546187979023 0.007622811970638058
0 0.3598225090762404 0.2727272727272727 0.03307785397337636 0.015810276679841896
0 0.3799919322307382 0.27752682100508186 0.008067769261799113 0.007340485601355167
0 0.39229528035498185 0.27780914737436474 0.00927793465106898 0.00846979107848673
0 0.4070189592577652 0.27498588368153587 0.020976200080677694 0.01355166572557877
0 0.43787817668414686 0.2745623941276115 0.020572811617587738 0.014398644833427442
0 0.4757966922146027 0.27315076228119706 0.02218636546994756 0.016657255787690572
0 0.49939491730536506 0.27780914737436474 0.026623638563937072 0.00846979107848673
0 0.518354175070593 0.27752682100508186 0.008067769261799113 0.006211180124223602
0 0.5526421944332393 0.27428006775832864 0.016135538523598225 0.016657255787690572
0 0.5671641791044776 0.27964426877470355 0.010488100040338847 0.005364201016374929
0 0.6044776119402985 0.2738565782044043 0.02944735780556676 0.015245623941276116
0 0.645421540943929 0.27710333145115756 0.015328761597418314 0.007622811970638058
0 0.655304558289633 0.27851496329757197 0.004437273093989512 0.007058159232072276
0 0.662767244856797 0.27936194240542067 0.011294876966518758 0.007058159232072276
0 0.6611536910044373 0.2701863354037267 0.004840661557079467 0.004517221908526256
0 0.6859620814844696 0.2761151891586674 0.030254134731746672 0.015245623941276116
0 0.7018959257765228 0.282326369282891 0.0024203307785397336 0.002258610954263128
0 0.7333602258975394 0.2769621682665161 0.005647438483259379 0.015245623941276116
0 0.7404195240016136 0.2802089215132693 0.010891488503428802 0.006493506493506494
0 0.77349737797499 0.2748447204968944 0.0052440500201694235 0.014398644833427442
0 0.7797498991528842 0.27837380011293056 0.009681323114158934 0.006775832862789385
0 0.7966922146026624 0.2756916996047431 0.016135538523598225 0.014398644833427442
0 0.15046389673255345 0.32284020327498586 0.01290843081887858 0.015527950310559006
0 0.16216216216216217 0.32735742518351213 0.008067769261799113 0.006493506493506494
0 0.1791044776119403 0.3266516092603049 0.01290843081887858 0.007340485601355167
0 0.20310609116579265 0.3243929983060418 0.038321903993545785 0.01355166572557877
0 0.2335619201290843 0.3274985883681536 0.01855586930213796 0.00846979107848673
0 0.24969745865268253 0.33300395256917 0.005647438483259379 0.007622811970638058
0 0.27753126260588945 0.3245341614906832 0.011294876966518758 0.016657255787690572
0 0.29043969342476805 0.3277809147374365 0.011294876966518758 0.006775832862789385
0 0.32412263009277936 0.327639751552795 0.01734570391286809 0.008752117447769622
0 0.3370310609116579 0.32806324110671936 0.008471157724889069 0.00564652738565782
0 0.35296490520371115 0.32806324110671936 0.010488100040338847 0.009034443817052512
0 0.390681726502622 0.31493506493506496 0.0028237192416296895 0.005928853754940711
0 0.409035901573215 0.3265104460756635 0.022589753933037516 0.009316770186335404
0 0.4290036304961678 0.32284020327498586 0.01008471157724889 0.018351214003387916
0 0.4376764824526019 0.32368718238283456 0.008067769261799113 0.016092603049124788
0 0.4538120209762001 0.32679277244494637 0.02016942315449778 0.009316770186335404
0 0.4651068979427188 0.327639751552795 0.004033884630899556 0.007622811970638058
0 0.46853569987898347 0.3207227555053642 0.004437273093989512 0.0033879164313946925
0 0.47337636143606293 0.3284867306606437 0.011698265429608713 0.007622811970638058
0 0.4790237999193223 0.33582721626199885 0.012505042355788625 0.017786561264822136
0 0.5163372327551432 0.3284867306606437 0.010488100040338847 0.007058159232072276
0 0.5274304154901169 0.32891022021456806 0.010891488503428802 0.00846979107848673
0 0.5605082694634933 0.32594579333709767 0.010891488503428802 0.00818746470920384
0 0.5776522791448164 0.3274985883681536 0.020976200080677694 0.00846979107848673
0 0.5923759580475998 0.327639751552795 0.008471157724889069 0.007058159232072276
0 0.6036708350141186 0.3242518351214003 0.0060508269463493344 0.014398644833427442
0 0.6155707946752723 0.31648785996612083 0.0024203307785397336 0.004517221908526256
0 0.6161758773699072 0.3359683794466403 0.004437273093989512 0.00564652738565782
0 0.6555062525211779 0.3232636928289102 0.029043969342476807 0.014680971202710334
0 0.7020976200080677 0.32382834556747603 0.01008471157724889 0.015810276679841896
0 0.7131908027430416 0.32792207792207795 0.008067769261799113 0.007058159232072276
0 0.7246873739411053 0.33328627893845286 0.013311819281968536 0.015527950310559006
0 0.7365873336022589 0.3290513833992095 0.008067769261799113 0.007622811970638058
0 0.7507059298104074 0.3265104460756635 0.015328761597418314 0.013269339356295878
0 0.7577652279144816 0.3349802371541502 0.0028237192416296895 0.005928853754940711
0 0.7882210568777733 0.3246753246753247 0.011294876966518758 0.014680971202710334
0 0.799919322307382 0.327639751552795 0.007260992335619202 0.006493506493506494
0 0.15490116982654295 0.37422360248447206 0.022589753933037516 0.016092603049124788
0 0.17204517950786608 0.3752117447769622 0.0052440500201694235 0.012987012987012988
0 0.17970956030657523 0.3753529079616036 0.013311819281968536 0.015527950310559006
0 0.18132311415893507 0.3685770750988142 0.0028237192416296895 0.004234895539243365
0 0.2226704316256555 0.3747882552230378 0.022589753933037516 0.015527950310559006
0 0.23981444130697863 0.3743647656691135 0.008471157724889069 0.012987012987012988
0 0.24848729326341268 0.3740824392998306 0.008874546187979023 0.01693958215697346
0 0.25978217022993144 0.3781761716544325 0.008874546187979023 0.006493506493506494
0 0.27047196450181527 0.37676453980801805 0.012505042355788625 0.005928853754940711
0 0.28136345300524407 0.3845285149632976 0.0052440500201694235 0.007905138339920948
0 0.3108108108108108 0.3684359119141728 0.003630496167809601 0.00564652738565782
0 0.327349737797499 0.3760587238848108 0.018959257765227916 0.014116318464144552
0 0.36486486486486486 0.37365894974590624 0.011698265429608713 0.01383399209486166
0 0.372730939895119 0.3790231507622812 0.004033884630899556 0.007622811970638058
0 0.3763614360629286 0.37125917560700167 0.004033884630899556 0.005081874647092038
0 0.381605486083098 0.37972896668548844 0.009681323114158934 0.00846979107848673
0 0.39592577652279143 0.3769057029926595 0.01653892698668818 0.014680971202710334
0 0.4302137958854377 0.3774703557312253 0.00927793465106898 0.012422360248447204
0 0.4398951189995966 0.3760587238848108 0.007664380798709157 0.014116318464144552
0 0.4475594997983058 0.38071710897797856 0.003630496167809601 0.008752117447769622
0 0.45240016135538524 0.37238848108413325 0.0060508269463493344 0.00564652738565782
0 0.45865268253327957 0.3791643139469226 0.012101653892698669 0.00846979107848673
0 0.4935457845905607 0.382128740824393 0.01573215006050827 0.015527950310559006
0 0.5066559096409843 0.37549407114624506 0.005647438483259379 0.015245623941276116
0 0.5135135135135135 0.3794466403162055 0.008874546187979023 0.006775832862789385
0 0.5256151674062122 0.379587803500847 0.008874546187979023 0.006493506493506494
0 0.5387252924566357 0.3790231507622812 0.013311819281968536 0.006493506493506494
0 0.5667607906413876 0.3793054771315641 0.012101653892698669 0.006493506493506494
0 0.5758370310609117 0.3865047995482778 0.012505042355788625 0.018633540372670808
0 0.590560709963695 0.3804347826086957 0.011294876966518758 0.004799548277809147
0 0.6070996369503833 0.3793054771315641 0.02016942315449778 0.00818746470920384
0 0.6470350947962888 0.37874082439299833 0.015328761597418314 0.008752117447769622
0 0.6569181121419927 0.38114059853190285 0.004437273093989512 0.00846979107848673
0 0.662767244856797 0.37125917560700167 0.00645421540943929 0.003952569169960474
0 0.6692214602662364 0.3761998870694523 0.007260992335619202 0.012140033879164314
0 0.6797095603065753 0.3752117447769622 0.008874546187979023 0.015810276679841896
0 0.7170229931423961 0.3781761716544325 0.014118596208148447 0.00818746470920384
0 0.7313432835820896 0.379587803500847 0.011294876966518758 0.006493506493506494
0 0.772488906817265 0.3743647656691135 0.012101653892698669 0.015245623941276116
0 0.7987091569181122 0.3750705815923207 0.03953206938281565 0.016092603049124788
0 0.845502218636547 0.3761998870694523 0.010488100040338847 0.015527950310559006
0 0.8565954013715208 0.37648221343873517 0.007664380798709157 0.014963297571993224
0 0.8672851956434046 0.3802936194240542 0.009681323114158934 0.006775832862789385
0 0.8787817668414684 0.3812817617165443 0.00927793465106898 0.008752117447769622
0 0.15147236789027835 0.4233483907396951 0.011698265429608713 0.016657255787690572
0 0.1672045179507866 0.42857142857142855 0.00927793465106898 0.006775832862789385
0 0.17930617184348527 0.43351214003387917 0.010891488503428802 0.015527950310559006
0 0.1936264622831787 0.4258893280632411 0.012101653892698669 0.015527950310559006
0 0.20774505849132716 0.4292772444946358 0.01290843081887858 0.008752117447769622
0 0.21218233158531666 0.4321005081874647 0.003227107704719645 0.002540937323546019
0 0.25312626058894716 0.424901185770751 0.018152480839048003 0.014116318464144552
0 0.26865671641791045 0.4244776962168266 0.009681323114158934 0.012704686617730096
0 0.281968535699879 0.4280067758328628 0.011294876966518758 0.007340485601355167
0 0.3136345300524405 0.4342179559570864 0.00927793465106898 0.01637492941840768
0 0.3190802743041549 0.41826651609260307 0.003227107704719645 0.001976284584980237
0 0.32674465510286405 0.429983060417843 0.008874546187979023 0.006775832862789385
0 0.33864461476401775 0.4302653867871259 0.01008471157724889 0.00564652738565782
0 0.34933440903590157 0.4295595708639187 0.011294876966518758 0.005364201016374929
0 0.36042759177087536 0.4298418972332016 0.00927793465106898 0.007622811970638058
0 0.37131908027430416 0.4302653867871259 0.007664380798709157 0.007340485601355167
0 0.37777329568374346 0.4354884246188594 0.01573215006050827 0.014963297571993224
0 0.4156918112141993 0.42617165443252397 0.008471157724889069 0.013269339356295878
0 0.4255748285599032 0.42941840767927725 0.009681323114158934 0.006775832862789385
0 0.44050020169423154 0.43040654997176736 0.009681323114158934 0.007058159232072276
0 0.49072206534893104 0.4257481648785997 0.040742234772085516 0.01355166572557877
0 0.5457845905607099 0.4278656126482213 0.010488100040338847 0.005928853754940711
0 0.5560709963695039 0.43506493506493504 0.01008471157724889 0.020327498588368152
0 0.5677692617991126 0.4302653867871259 0.008471157724889069 0.006775832862789385
0 0.5768455022186365 0.43054771315640883 0.003227107704719645 0.006775832862789385
0 0.581081081081081 0.4230660643704122 0.007664380798709157 0.004799548277809147
0 0.5869302137958854 0.43068887634105024 0.009681323114158934 0.007058159232072276
0 0.5992335619201291 0.429983060417843 0.012505042355788625 0.00846979107848673
0 0.6107301331181928 0.42603049124788256 0.008874546187979023 0.01129305477131564
0 0.6345300524405002 0.4289949181253529 0.01371520774505849 0.007058159232072276
0 0.6498588140379186 0.4289949181253529 0.009681323114158934 0.00818746470920384
0 0.6575231948366277 0.4367588932806324 0.005647438483259379 0.009034443817052512
0 0.6875756353368294 0.4278656126482213 0.01008471157724889 0.007058159232072276
0 0.7006857603872529 0.4288537549407115 0.01290843081887858 0.007340485601355167
0 0.7436466317063332 0.4233483907396951 0.00927793465106898 0.014963297571993224
0 0.754134731746672 0.42377188029361945 0.00927793465106898 0.014680971202710334
0 0.7680516337232756 0.42814793901750425 0.016942315449778138 0.00818746470920384
0 0.7805566760790641 0.42843026538678713 0.008874546187979023 0.007058159232072276
0 0.8225090762404196 0.4254658385093168 0.020976200080677694 0.01693958215697346
0 0.8416700282371924 0.42941840767927725 0.014118596208148447 0.007905138339920948
0 0.163574021782977 0.4743083003952569 0.04154901169826543 0.015245623941276116
0 0.21500605082694635 0.47882552230378317 0.015328761597418314 0.009599096555618294
0 0.22831787010891488 0.48009599096555616 0.009681323114158934 0.006493506493506494
0 0.23981444130697863 0.47967250141163187 0.010891488503428802 0.007340485601355167
0 0.24949576442113755 0.4754376058723885 0.007664380798709157 0.01355166572557877
0 0.28680919725695847 0.47896668548842464 0.016135538523598225 0.005364201016374929
0 0.2972972972972973 0.4805194805194805 0.008067769261799113 0.007340485601355167
0 0.30395320693828154 0.4810841332580463 0.003630496167809601 0.007340485601355167
0 0.30879386849536106 0.4738848108413326 0.0060508269463493344 0.005364201016374929
0 0.3150463896732553 0.4816487859966121 0.009681323114158934 0.006211180124223602
0 0.35155304558289635 0.48094297007340486 0.011698265429608713 0.00818746470920384
0 0.36264622831787013 0.48009599096555616 0.008067769261799113 0.008752117447769622
0 0.3775716014521985 0.4764257481648786 0.017749092375958047 0.014963297571993224
0 0.42940701895925776 0.4754376058723885 0.024606696248487294 0.017504234895539244
0 0.4411052843888665 0.48023715415019763 0.01008471157724889 0.006775832862789385
0 0.4540137152077451 0.4792490118577075 0.011698265429608713 0.005928853754940711
0 0.4647035094796289 0.48348390739695085 0.014521984671238403 0.016657255787690572
0 0.48063735377168215 0.4860248447204969 0.0052440500201694235 0.007058159232072276
0 0.4987898346107301 0.4774138904573687 0.012505042355788625 0.01355166572557877
0 0.5149253731343284 0.47684923771880294 0.018152480839048003 0.014116318464144552
0 0.5570794675272287 0.47571993224167136 0.009681323114158934 0.01637492941840768
0 0.5669624848729327 0.47684923771880294 0.008471157724889069 0.015245623941276116
0 0.5782573618394514 0.4803783173348391 0.008471157724889069 0.006493506493506494
0 0.6250504235578862 0.47699040090344436 0.03751512706736587 0.016092603049124788
0 0.6524808390480032 0.48320158102766797 0.013311819281968536 0.014963297571993224
0 0.6750705929810408 0.48023715415019763 0.030254134731746672 0.009034443817052512
0 0.6978620411456232 0.4761434217955957 0.008874546187979023 0.015527950310559006
0 0.7148043565954014 0.4808018068887634 0.02016942315449778 0.00846979107848673
0 0.7313432835820896 0.4813664596273292 0.009681323114158934 0.006211180124223602
0 0.7648245260185559 0.4808018068887634 0.004033884630899556 0.006775832862789385
0 0.772488906817265 0.4710615471485037 0.007260992335619202 0.0036702428006775835
0 0.7761194029850746 0.47995482778091475 0.011294876966518758 0.00846979107848673
0 0.8168616377571601 0.47557876905702995 0.009681323114158934 0.016657255787690572
0 0.8271480435659541 0.4785431959345003 0.0052440500201694235 0.007340485601355167
0 0.8321903993545785 0.485742518351214 0.010488100040338847 0.018351214003387916
0 0.8311819281968535 0.4707792207792208 0.004437273093989512 0.004799548277809147
0 0.845300524405002 0.4767080745341615 0.00927793465106898 0.016092603049124788
0 0.14602662363856395 0.5261151891586674 0.01290843081887858 0.015527950310559006
0 0.16982654296087132 0.5268210050818747 0.004033884630899556 0.012422360248447204
0 0.18676885841064947 0.5261151891586674 0.008874546187979023 0.012140033879164314
0 0.19685356998789835 0.5295031055900621 0.008874546187979023 0.005364201016374929
0 0.20693828156514724 0.5302089215132694 0.008067769261799113 0.005081874647092038
0 0.21641791044776118 0.5306324110671937 0.010891488503428802 0.00818746470920384
0 0.2527228721258572 0.5309147374364765 0.01008471157724889 0.00818746470920384
0 0.26522791448164584 0.5314793901750423 0.010891488503428802 0.00818746470920384
0 0.2747075433642598 0.528514963297572 0.00645421540943929 0.014680971202710334
0 0.30899556272690604 0.5368435911914172 0.014521984671238403 0.017221908526256352
0 0.32210568777732956 0.5320440429136082 0.010891488503428802 0.007058159232072276
0 0.33400564743848327 0.5283738001129306 0.00645421540943929 0.012704686617730096
0 0.3763614360629286 0.5268210050818747 0.008874546187979023 0.014680971202710334
0 0.38785800726099234 0.5268210050818747 0.00927793465106898 0.014116318464144552
0 0.39874949576442115 0.5319028797289667 0.00927793465106898 0.007340485601355167
0 0.409035901573215 0.5313382269904009 0.010488100040338847 0.007340485601355167
0 0.4199273900766438 0.5368435911914172 0.01290843081887858 0.017221908526256352
0 0.4320290439693425 0.5275268210050819 0.008067769261799113 0.014963297571993224
0 0.44251714400968134 0.5258328627893846 0.00645421540943929 0.012140033879164314
0 0.4764017749092376 0.5299265951439864 0.009681323114158934 0.007340485601355167
0 0.48608309802339655 0.5273856578204404 0.008874546187979023 0.01355166572557877
0 0.5225897539330375 0.5304912478825522 0.00927793465106898 0.007340485601355167
0 0.5584913271480436 0.5280914737436476 0.011698265429608713 0.017221908526256352
0 0.564340459862848 0.532326369282891 0.004033884630899556 0.007622811970638058
0 0.572206534893102 0.5241389045736872 0.0052440500201694235 0.004234895539243365
0 0.5772488906817265 0.5309147374364765 0.01290843081887858 0.004799548277809147
0 0.5893505445744252 0.5324675324675324 0.012101653892698669 0.006775832862789385
0 0.6056877773295684 0.5347261434217956 0.006857603872529245 0.002258610954263128
0 0.6173860427591771 0.5357142857142857 0.0060508269463493344 0.001976284584980237
0 0.6278741427995159 0.5358554488989271 0.004437273093989512 0.0016939582156973462
0 0.6371520774505849 0.5359966120835686 0.0028237192416296895 0.001411631846414455
