0 0.13916901976603469 0.21569734613212874 0.01936264622831787 0.02258610954263128
0 0.15752319483662766 0.21922642574816487 0.01008471157724889 0.007058159232072276
0 0.16276724485679708 0.22600225861095427 0.007664380798709157 0.020045172219085264
0 0.20209762000806777 0.21357989836250707 0.017749092375958047 0.0189158667419537
0 0.22972972972972974 0.20934500282326368 0.0326744655102864 0.0189158667419537
0 0.29144816458249295 0.2127329192546584 0.03428801936264623 0.01383399209486166
0 0.3190802743041549 0.20892151326933936 0.017749092375958047 0.020892151326933936
0 0.36506655909640984 0.21753246753246752 0.011294876966518758 0.009316770186335404
0 0.3838241226300928 0.2137210615471485 0.01573215006050827 0.02766798418972332
0 0.42315449778136344 0.21132128740824394 0.01855586930213796 0.022303783173348392
0 0.4475594997983058 0.20793337097684925 0.031060911657926585 0.017786561264822136
0 0.5044372730939896 0.2149915302089215 0.043162565550625254 0.013269339356295878
0 0.5395320693828156 0.21315640880858272 0.018959257765227916 0.00846979107848673
0 0.5665590964098427 0.20863918690005648 0.03509479628882614 0.020327498588368152
0 0.6262605889471561 0.20793337097684925 0.03428801936264623 0.021739130434782608
0 0.6653892698668818 0.21442687747035574 0.011698265429608713 0.013269339356295878
0 0.6837434449374747 0.2100508187464709 0.01936264622831787 0.019762845849802372
0 0.6895925776522791 0.20341614906832298 0.004437273093989512 0.003105590062111801
0 0.6984671238402582 0.2106154714850367 0.008471157724889069 0.018068887634105024
0 0.7103670835014119 0.20948616600790515 0.00645421540943929 0.018633540372670808
0 0.7555465913674869 0.20990965556182947 0.03307785397337636 0.01948051948051948
0 0.7787414279951593 0.208498023715415 0.01008471157724889 0.01948051948051948
0 0.7892295280354982 0.21386222473178995 0.003630496167809601 0.006493506493506494
0 0.791246470350948 0.20200451722190851 0.002016942315449778 0.003105590062111801
0 0.8005244050020169 0.21739130434782608 0.012505042355788625 0.021456804065499716
0 0.81807180314643 0.21188594014680973 0.016942315449778138 0.018351214003387916
0 0.8400564743848326 0.2077922077922078 0.025413473174667203 0.02258610954263128
0 0.8668818071803146 0.20708639186900057 0.02581686163775716 0.021739130434782608
0 0.1355385235982251 0.27032749858836813 0.003227107704719645 0.010446075663466968
0 0.1381605486083098 0.25903444381705254 0.003630496167809601 0.004234895539243365
0 0.15348931020572812 0.2684923771880294 0.01653892698668818 0.012987012987012988
0 0.2045179507866075 0.2618577075098814 0.021782977006857603 0.021174477696216828
0 0.22751109318273496 0.2621400338791643 0.015328761597418314 0.012140033879164314
0 0.25776522791448164 0.26016374929418407 0.03630496167809601 0.027385657820440428
0 0.2833803953206938 0.26256352343308864 0.008471157724889069 0.015810276679841896
0 0.2972972972972973 0.2651044607566347 0.003227107704719645 0.00282326369282891
0 0.34509883017345705 0.26312817617165446 0.033481242436466316 0.021456804065499716
0 0.3691004437273094 0.2662337662337662 0.012101653892698669 0.011857707509881422
0 0.4080274304154901 0.26341050254093734 0.026220250100847116 0.020892151326933936
0 0.4308188785800726 0.26143421795595706 0.007260992335619202 0.0220214568040655
0 0.4471561113352158 0.26143421795595706 0.01653892698668818 0.023150762281197064
0 0.4991932230738201 0.2618577075098814 0.01653892698668818 0.020609824957651044
0 0.5185558693021379 0.26242236024844723 0.006857603872529245 0.020045172219085264
0 0.5330778539733764 0.26312817617165446 0.011698265429608713 0.010728402032749858
0 0.5514320290439694 0.2619988706945229 0.016942315449778138 0.010163749294184076
0 0.5748285599031868 0.26439864483342745 0.016942315449778138 0.012704686617730096
0 0.5943929003630496 0.26341050254093734 0.018152480839048003 0.011857707509881422
0 0.6159741831383623 0.2628458498023715 0.008874546187979023 0.011857707509881422
0 0.6282775312626059 0.2628458498023715 0.010891488503428802 0.012987012987012988
0 0.6413876563130294 0.26778656126482214 0.014521984671238403 0.020609824957651044
0 0.7047196450181524 0.2611518915866742 0.06696248487293263 0.021456804065499716
0 0.7464703509479629 0.2584697910784867 0.00927793465106898 0.021174477696216828
0 0.7833803953206938 0.25691699604743085 0.020976200080677694 0.018633540372670808
0 0.8106091165792658 0.25945793337097683 0.022993142396127472 0.011857707509881422
0 0.14925373134328357 0.3197346132128741 0.017749092375958047 0.016657255787690572
0 0.16922146026623638 0.31945228684359117 0.012505042355788625 0.01383399209486166
0 0.18939088342073418 0.3266516092603049 0.007664380798709157 0.024280067758328628
0 0.19160951996772893 0.30872388481084134 0.0024203307785397336 0.0036702428006775835
0 0.20371117386042759 0.32029926595143987 0.008067769261799113 0.014398644833427442
0 0.21863654699475596 0.32368718238283456 0.016135538523598225 0.023433088650479956
0 0.23618394513916902 0.3177583286278938 0.011698265429608713 0.010446075663466968
0 0.25413473174667206 0.3132411067193676 0.015328761597418314 0.023433088650479956
0 0.2866075030254135 0.3176171654432524 0.0028237192416296895 0.009034443817052512
0 0.2900363049616781 0.3051948051948052 0.0024203307785397336 0.002258610954263128
0 0.30798709156918114 0.308300395256917 0.013311819281968536 0.020892151326933936
0 0.3533682936668011 0.31648785996612083 0.017749092375958047 0.009599096555618294
0 0.3699072206534893 0.3176171654432524 0.009681323114158934 0.014680971202710334
0 0.41750705929810406 0.31620553359683795 0.02581686163775716 0.012987012987012988
0 0.44392900363049614 0.31437041219649914 0.019766034691407825 0.01101072840203275
0 0.48406615570794675 0.30999435347261434 0.03630496167809601 0.0220214568040655
0 0.5350947962888262 0.3136645962732919 0.01734570391286809 0.010728402032749858
0 0.5546591367486889 0.31197063805759456 0.005647438483259379 0.010163749294184076
0 0.600847115772489 0.3061829474872953 0.02218636546994756 0.017221908526256352
0 0.618596208148447 0.31182947487295315 0.004437273093989512 0.007058159232072276
0 0.6187979023799919 0.30095990965556185 0.0024203307785397336 0.0033879164313946925
0 0.6294876966518758 0.3105590062111801 0.008471157724889069 0.012987012987012988
0 0.6663977410246067 0.3050536420101638 0.017749092375958047 0.017786561264822136
0 0.6952400161355385 0.3081592320722755 0.03428801936264623 0.012140033879164314
0 0.7146026623638564 0.3042066629023151 0.007664380798709157 0.013269339356295878
0 0.7297297297297297 0.3071710897797854 0.016942315449778138 0.01693958215697346
0 0.7490923759580476 0.30335968379446643 0.02016942315449778 0.014398644833427442
0 0.14743848325937878 0.37874082439299833 0.013311819281968536 0.026821005081874648
0 0.17123840258168616 0.3706945228684359 0.022993142396127472 0.014116318464144552
0 0.2008874546187979 0.3705533596837945 0.02581686163775716 0.01101072840203275
0 0.21641791044776118 0.3620835686053077 0.002016942315449778 0.001976284584980237
0 0.21782977006857604 0.37125917560700167 0.003227107704719645 0.00846979107848673
0 0.23618394513916902 0.3660361377752682 0.018152480839048003 0.020609824957651044
0 0.254538120209762 0.36984754376058726 0.011294876966518758 0.01129305477131564
0 0.2755143202904397 0.364059853190288 0.014521984671238403 0.022868435911914172
0 0.31787010891488504 0.3620835686053077 0.016135538523598225 0.020609824957651044
0 0.33521581282775315 0.3547430830039526 0.0024203307785397336 0.006493506493506494
0 0.3356192012908431 0.3687182382834557 0.0024203307785397336 0.010728402032749858
0 0.354578459056071 0.36702428006775834 0.01936264622831787 0.01355166572557877
0 0.4100443727309399 0.36377752682100506 0.027833803953206938 0.0251270468661773
0 0.4594594594594595 0.3634952004517222 0.012101653892698669 0.014398644833427442
0 0.4780153287615974 0.364059853190288 0.01371520774505849 0.01101072840203275
0 0.4957644211375555 0.37210615471485037 0.00645421540943929 0.0220214568040655
0 0.5008067769261799 0.35290796160361376 0.0028237192416296895 0.0033879164313946925
0 0.5100847115772489 0.3654714850367024 0.010891488503428802 0.010446075663466968
0 0.5274304154901169 0.3706945228684359 0.01734570391286809 0.02258610954263128
0 0.5740217829770069 0.36900056465273856 0.016135538523598225 0.01129305477131564
0 0.5935861234368697 0.3673066064370412 0.014925373134328358 0.009034443817052512
0 0.608914885034288 0.37422360248447206 0.014118596208148447 0.01948051948051948
0 0.6496571198063735 0.36335403726708076 0.04719645018152481 0.020892151326933936
0 0.6700282371924163 0.3579898362507058 0.004033884630899556 0.003952569169960474
0 0.6895925776522791 0.3719649915302089 0.02702702702702703 0.020609824957651044
0 0.7127874142799516 0.3687182382834557 0.0024203307785397336 0.0033879164313946925
0 0.7468737394110528 0.3468379446640316 0.003630496167809601 0.010446075663466968
0 0.7660346914078258 0.3447204968944099 0.020976200080677694 0.00282326369282891
0 0.763614360629286 0.3557312252964427 0.004033884630899556 0.017504234895539244
0 0.7952803549818476 0.35177865612648224 0.035901573215006054 0.01637492941840768
0 0.8416700282371924 0.3512140033879164 0.018959257765227916 0.02710333145115754
0 0.854175070592981 0.35587238848108416 0.013311819281968536 0.01101072840203275
0 0.8686970552642195 0.35728402032749856 0.01573215006050827 0.009316770186335404
0 0.8824122630092779 0.3554488989271598 0.004437273093989512 0.01129305477131564
0 0.891286809197257 0.35304912478825523 0.008471157724889069 0.023433088650479956
0 0.9045986284792255 0.33921513269339354 0.003630496167809601 0.010446075663466968
0 0.918313836224284 0.36773009599096557 0.0060508269463493344 0.009881422924901186
0 0.15611133521581283 0.41219649915302087 0.015328761597418314 0.025974025974025976
0 0.17789431222267044 0.4137492941840768 0.016135538523598225 0.015527950310559006
0 0.22730939895118998 0.4155844155844156 0.019766034691407825 0.014116318464144552
0 0.2517144009681323 0.41431394692264256 0.01371520774505849 0.010446075663466968
0 0.2654296087131908 0.41431394692264256 0.01371520774505849 0.00818746470920384
0 0.290843081887858 0.4069734613212874 0.020976200080677694 0.016657255787690572
0 0.31847519160952 0.4202428006775833 0.006857603872529245 0.008752117447769622
0 0.3467123840258169 0.40132693393562957 0.0028237192416296895 0.009316770186335404
0 0.36809197256958454 0.4138904573687182 0.0028237192416296895 0.012422360248447204
0 0.3699072206534893 0.39808018068887635 0.004033884630899556 0.00282326369282891
0 0.3840258168616378 0.41643139469226426 0.012101653892698669 0.015810276679841896
0 0.43303751512706734 0.41770186335403725 0.019766034691407825 0.012704686617730096
0 0.45421540943929006 0.41869000564652736 0.007260992335619202 0.011857707509881422
0 0.46873739411052845 0.41798418972332013 0.011294876966518758 0.012704686617730096
0 0.4782170229931424 0.4158667419536985 0.004437273093989512 0.007340485601355167
0 0.4784187172246874 0.4052795031055901 0.0024203307785397336 0.003105590062111801
0 0.48971359419120614 0.4165725578769057 0.012101653892698669 0.012704686617730096
0 0.5163372327551432 0.4134669678147939 0.03791851553045583 0.023997741389045736
0 0.5613150463896732 0.4257481648785997 0.004437273093989512 0.012422360248447204
0 0.5945945945945946 0.4134669678147939 0.021782977006857603 0.013269339356295878
0 0.6248487293263413 0.40739695087521177 0.01855586930213796 0.021456804065499716
0 0.6446147640177491 0.41360813099943533 0.0024203307785397336 0.009034443817052512
0 0.6474384832593788 0.4020327498588368 0.0024203307785397336 0.00282326369282891
0 0.6742638160548609 0.4075381140598532 0.0318676885841065 0.021739130434782608
0 0.7121823315853166 0.41120835686053075 0.0028237192416296895 0.007058159232072276
0 0.7162162162162162 0.397656691134952 0.002016942315449778 0.001976284584980237
0 0.7283178701089149 0.4097967250141163 0.00927793465106898 0.01383399209486166
0 0.7684550221863655 0.4103613777526821 0.017749092375958047 0.011575381140598532
0 0.8093989511899959 0.41741953698475437 0.013311819281968536 0.022303783173348392
0 0.8317870108914885 0.410643704121965 0.014521984671238403 0.013269339356295878
0 0.8483259378781767 0.4109260304912479 0.011294876966518758 0.01101072840203275
0 0.8652682533279549 0.41007905138339923 0.01855586930213796 0.009881422924901186
0 0.8842275110931828 0.4072557876905703 0.016135538523598225 0.0189158667419537
0 0.16599435256151673 0.46795595708639187 0.012505042355788625 0.014963297571993224
0 0.1809197256958451 0.4642857142857143 0.011698265429608713 0.01383399209486166
0 0.19766034691407824 0.4658385093167702 0.009681323114158934 0.014680971202710334
0 0.21419927390076643 0.4624505928853755 0.012101653892698669 0.011857707509881422
0 0.22872125857200484 0.4634387351778656 0.015328761597418314 0.012140033879164314
0 0.25131101250504234 0.46259175607001696 0.014521984671238403 0.012140033879164314
0 0.2648245260185559 0.4640033879164314 0.008471157724889069 0.011575381140598532
0 0.281968535699879 0.4634387351778656 0.01371520774505849 0.013269339356295878
0 0.2983057684550222 0.46485036702428006 0.004437273093989512 0.001976284584980237
0 0.3434852763210972 0.45962732919254656 0.019766034691407825 0.024280067758328628
0 0.36304961678096004 0.46301524562394125 0.014521984671238403 0.01355166572557877
0 0.382008874546188 0.4652738565782044 0.008874546187979023 0.01693958215697346
0 0.40298507462686567 0.46597967250141165 0.016942315449778138 0.013269339356295878
0 0.4263816054860831 0.4678147939017504 0.016135538523598225 0.017504234895539244
0 0.4411052843888665 0.4678147939017504 0.0028237192416296895 0.01129305477131564
0 0.4427188382412263 0.4548277809147374 0.0028237192416296895 0.00282326369282891
0 0.4594594594594595 0.46696781479390176 0.016135538523598225 0.012422360248447204
0 0.4737797498991529 0.46922642574816487 0.007664380798709157 0.015245623941276116
0 0.5207745058491328 0.4658385093167702 0.012101653892698669 0.01637492941840768
0 0.5465913674868899 0.46301524562394125 0.035498184751916094 0.015245623941276116
0 0.581081081081081 0.4644268774703557 0.022993142396127472 0.01355166572557877
0 0.6044776119402985 0.46259175607001696 0.00927793465106898 0.016657255787690572
0 0.645824929407019 0.46259175607001696 0.029043969342476807 0.023997741389045736
0 0.6932230738200887 0.4601919819311124 0.01573215006050827 0.023715415019762844
0 0.7115772488906817 0.46287408243929984 0.01371520774505849 0.011575381140598532
0 0.7428398547801532 0.4579333709768492 0.01653892698668818 0.023150762281197064
0 0.7573618394513917 0.46202710333145114 0.003630496167809601 0.011575381140598532
0 0.7585720048406616 0.4507340485601355 0.002016942315449778 0.003105590062111801
0 0.7716821298910851 0.4614624505928854 0.011294876966518758 0.012140033879164314
0 0.7880193626462283 0.4606154714850367 0.014118596208148447 0.01101072840203275
0 0.808592174263816 0.4558159232072276 0.014925373134328358 0.022303783173348392
0 0.827551432029044 0.4712027103331451 0.010891488503428802 0.012987012987012988
0 0.8299717628075837 0.4580745341614907 0.003630496167809601 0.001976284584980237
0 0.8600242033077854 0.45412196499153024 0.01290843081887858 0.023433088650479956
0 0.8842275110931828 0.4570863918690006 0.017749092375958047 0.014116318464144552
0 0.1563130294473578 0.5184923771880293 0.0052440500201694235 0.013269339356295878
0 0.15772488906817264 0.5046583850931677 0.0024203307785397336 0.003105590062111801
0 0.17164179104477612 0.5176453980801807 0.00927793465106898 0.013269339356295878
0 0.2373941105284389 0.5248447204968945 0.01573215006050827 0.02710333145115754
0 0.25433642597821704 0.5200451722190853 0.008471157724889069 0.012987012987012988
0 0.2644211375554659 0.5076228119706381 0.003630496167809601 0.003952569169960474
0 0.2644211375554659 0.5186335403726708 0.0028237192416296895 0.010163749294184076
0 0.27874142799515933 0.5176453980801807 0.014521984671238403 0.011575381140598532
0 0.2918515530455829 0.5241389045736872 0.012505042355788625 0.02456239412761152
0 0.3313836224283985 0.5204686617730095 0.011698265429608713 0.012704686617730096
0 0.3519564340459863 0.5190570299265952 0.018959257765227916 0.011575381140598532
0 0.3699072206534893 0.5152456239412762 0.009681323114158934 0.020892151326933936
0 0.41508672851956435 0.5165160926030491 0.033884630899556276 0.029079616036137776
0 0.4407018959257765 0.5179277244494636 0.011698265429608713 0.012704686617730096
0 0.4562323517547398 0.5132693393562959 0.016942315449778138 0.020892151326933936
0 0.46954417103670837 0.5203274985883681 0.003227107704719645 0.002258610954263128
0 0.4792254941508673 0.5203274985883681 0.003227107704719645 0.002258610954263128
0 0.49052037111738606 0.5208921513269339 0.004033884630899556 0.002258610954263128
0 0.5038321903993546 0.5199040090344438 0.004033884630899556 0.001976284584980237
0 0.5399354578459056 0.5125635234330886 0.022993142396127472 0.01948051948051948
0 0.5794675272287213 0.5132693393562959 0.043969342476805166 0.020892151326933936
0 0.608914885034288 0.5134105025409373 0.014118596208148447 0.022303783173348392
0 0.6464300121016539 0.512987012987013 0.018959257765227916 0.011857707509881422
0 0.6982654296087132 0.5215979672501412 0.016942315449778138 0.026256352343308864
0 0.7301331181928197 0.5162337662337663 0.01936264622831787 0.01101072840203275
0 0.7492940701895926 0.5207509881422925 0.01573215006050827 0.020609824957651044
0 0.7706736587333602 0.5175042348955392 0.006857603872529245 0.010728402032749858
0 0.7924566357402179 0.5053642010163749 0.006857603872529245 0.020892151326933936
0 0.8075837031060912 0.510446075663467 0.003227107704719645 0.010728402032749858
0 0.8118192819685357 0.49858836815358554 0.0028237192416296895 0.00564652738565782
0 0.8291649858814037 0.5093167701863354 0.014118596208148447 0.010728402032749858
0 0.845502218636547 0.5110107284020328 0.01371520774505849 0.012987012987012988
0 0.8586123436869706 0.506634669678148 0.0060508269463493344 0.020045172219085264
0 0.8737394110528439 0.5152456239412762 0.016942315449778138 0.019198193111236588
0 0.1653892698668818 0.5745341614906833 0.016942315449778138 0.028232636928289104
0 0.18576038725292457 0.5667701863354038 0.02218636546994756 0.01383399209486166
0 0.20592981040742234 0.5663466967814794 0.014118596208148447 0.009034443817052512
0 0.2226704316256555 0.5701581027667985 0.016135538523598225 0.021174477696216828
0 0.24324324324324326 0.5616883116883117 0.021782977006857603 0.017221908526256352
0 0.2626058894715611 0.5718520609824957 0.005647438483259379 0.011575381140598532
0 0.300121016538927 0.5688876341050254 0.02016942315449778 0.01355166572557877
0 0.3206938281565147 0.5683229813664596 0.014521984671238403 0.01129305477131564
0 0.3410649455425575 0.5647939017504235 0.01653892698668818 0.021739130434782608
0 0.3852359822509076 0.5650762281197064 0.016135538523598225 0.014398644833427442
0 0.42839854780153286 0.5604178430265386 0.05970149253731343 0.024280067758328628
0 0.4864864864864865 0.5639469226425748 0.017749092375958047 0.012140033879164314
0 0.5155304558289633 0.5597120271033315 0.01936264622831787 0.022303783173348392
0 0.5393303751512707 0.5633822699040091 0.01855586930213796 0.012140033879164314
0 0.5564743848325938 0.5638057594579333 0.0052440500201694235 0.012422360248447204
0 0.5754336425978217 0.5700169395821569 0.020572811617587738 0.02258610954263128
0 0.6173860427591771 0.55957086391869 0.02864058087938685 0.02710333145115754
0 0.6462283178701089 0.5640880858272163 0.026623638563937072 0.012987012987012988
0 0.6708350141185963 0.5650762281197064 0.016135538523598225 0.014963297571993224
0 0.6932230738200887 0.5662055335968379 0.0028237192416296895 0.0036702428006775835
0 0.7488906817265026 0.5574534161490683 0.045582896329164985 0.025691699604743084
0 0.7987091569181122 0.5587238848108413 0.01855586930213796 0.025974025974025976
0 0.8186768858410649 0.5611236589497459 0.010891488503428802 0.012704686617730096
0 0.8404598628479225 0.5599943534726144 0.02218636546994756 0.013269339356295878
0 0.8658733360225898 0.5594297007340485 0.018152480839048003 0.014398644833427442
0 0.8929003630496167 0.5708639186900056 0.0060508269463493344 0.010163749294184076
0 0.15772488906817264 0.6219649915302089 0.011294876966518758 0.015810276679841896
0 0.17265026220250101 0.6216826651609261 0.011294876966518758 0.01129305477131564
0 0.19140782573618395 0.6216826651609261 0.01734570391286809 0.015245623941276116
0 0.21319080274304156 0.6261998870694523 0.01573215006050827 0.023150762281197064
0 0.2734973779749899 0.6175889328063241 0.015328761597418314 0.016657255787690572
0 0.29507866075030253 0.6112365894974591 0.01734570391286809 0.02710333145115754
0 0.3289632916498588 0.6092603049124788 0.050423557886244454 0.026538678712591756
0 0.3953206938281565 0.6147656691134952 0.028237192416296894 0.017221908526256352
0 0.42073416700282373 0.6170242800677583 0.017749092375958047 0.012140033879164314
0 0.4419120613150464 0.6156126482213439 0.01653892698668818 0.01101072840203275
0 0.4810407422347721 0.6175889328063241 0.025413473174667203 0.015527950310559006
0 0.509277934651069 0.6157538114059853 0.021379588543767647 0.01355166572557877
0 0.5262202501008472 0.6134952004517222 0.0060508269463493344 0.011857707509881422
0 0.5724082291246471 0.6133540372670807 0.02016942315449778 0.011575381140598532
0 0.6147640177490924 0.6205533596837944 0.01371520774505849 0.028232636928289104
0 0.6331181928196854 0.6164596273291926 0.007664380798709157 0.011575381140598532
0 0.645824929407019 0.6161773009599096 0.003227107704719645 0.010446075663466968
0 0.6500605082694635 0.6046019198193111 0.0028237192416296895 0.001976284584980237
0 0.663775716014522 0.6134952004517222 0.012505042355788625 0.012987012987012988
0 0.6801129487696652 0.6137775268210051 0.007260992335619202 0.015245623941276116
0 0.6980637353771683 0.6098249576510446 0.013311819281968536 0.018633540372670808
0 0.7158128277531263 0.611518915866742 0.0028237192416296895 0.0033879164313946925
0 0.7174263816054861 0.616318464144551 0.002016942315449778 0.002258610954263128
0 0.7599838644614764 0.6079898362507058 0.03711173860427592 0.02456239412761152
0 0.7896329164985881 0.6112365894974591 0.01573215006050827 0.012422360248447204
0 0.8071803146430012 0.6105307735742518 0.016135538523598225 0.01101072840203275
0 0.8672851956434046 0.6054488989271598 0.05405405405405406 0.022303783173348392
0 0.15832997176280758 0.6785714285714286 0.012505042355788625 0.03190287972896669
0 0.1754739814441307 0.672360248447205 0.012101653892698669 0.01383399209486166
0 0.18797902379991932 0.6736307171089779 0.003227107704719645 0.012987012987012988
0 0.19060104881000403 0.6614906832298136 0.0028237192416296895 0.0033879164313946925
0 0.20229931423961275 0.6722190852625636 0.010891488503428802 0.014116318464144552
0 0.2156111335215813 0.6744776962168266 0.0060508269463493344 0.014680971202710334
0 0.2325534489713594 0.6684076792772445 0.013311819281968536 0.025691699604743084
0 0.26966518757563535 0.6730660643704122 0.003630496167809601 0.01355166572557877
0 0.2734973779749899 0.659373235460192 0.0024203307785397336 0.003105590062111801
0 0.2878176684146833 0.6703839638622248 0.0060508269463493344 0.014398644833427442
0 0.3434852763210972 0.6655844155844156 0.01653892698668818 0.0189158667419537
0 0.3652682533279548 0.6681253529079616 0.01008471157724889 0.010446075663466968
0 0.3830173457039129 0.6684076792772445 0.014118596208148447 0.011575381140598532
0 0.40419524001613555 0.6765951439864484 0.015328761597418314 0.026821005081874648
0 0.42396127470754336 0.668266516092603 0.015328761597418314 0.01355166572557877
0 0.44231544977813636 0.6671372106154715 0.01008471157724889 0.010728402032749858
0 0.4628882613957241 0.6686900056465274 0.02379991932230738 0.012140033879164314
0 0.4987898346107301 0.6638904573687182 0.03428801936264623 0.014963297571993224
0 0.5262202501008472 0.6614906832298136 0.01653892698668818 0.020327498588368152
0 0.5663574021782977 0.6599378881987578 0.012101653892698669 0.02456239412761152
0 0.582492940701896 0.6719367588932806 0.015328761597418314 0.0220214568040655
0 0.6220250100847116 0.6664313946922643 0.01855586930213796 0.0189158667419537
0 0.6464300121016539 0.6630434782608695 0.02944735780556676 0.016657255787690572
0 0.6855586930213796 0.6674195369847544 0.00927793465106898 0.01129305477131564
0 0.7022993142396128 0.6681253529079616 0.012101653892698669 0.010446075663466968
0 0.7174263816054861 0.6637492941840768 0.007664380798709157 0.018068887634105024
0 0.7384025816861638 0.6643139469226426 0.026220250100847116 0.019198193111236588
0 0.7523194836627672 0.6544325239977414 0.0024203307785397336 0.00282326369282891
0 0.7533279548204921 0.6651609260304913 0.004437273093989512 0.006775832862789385
0 0.7785397337636144 0.6634669678147939 0.026623638563937072 0.012422360248447204
0 0.8204921339249698 0.6605025409373235 0.016942315449778138 0.002540937323546019
0 0.15994352561516742 0.7193675889328063 0.01573215006050827 0.015245623941276116
0 0.2390076643807987 0.7145680406549971 0.03428801936264623 0.038396386222473176
0 0.2646228317870109 0.7210615471485037 0.01290843081887858 0.010728402032749858
0 0.2864058087938685 0.7190852625635235 0.014521984671238403 0.010163749294184076
0 0.3037515127067366 0.7180971202710333 0.014521984671238403 0.01101072840203275
0 0.3261395724082291 0.7186617730095991 0.018959257765227916 0.012140033879164314
0 0.34852763210972165 0.7134387351778656 0.015328761597418314 0.0220214568040655
0 0.3672851956434046 0.7094861660079052 0.020572811617587738 0.019762845849802372
0 0.43929003630496166 0.7111801242236024 0.060508269463493344 0.02258610954263128
0 0.48204921339249696 0.7155561829474872 0.02016942315449778 0.01101072840203275
0 0.49939491730536506 0.7219085262563524 0.01290843081887858 0.023150762281197064
0 0.518152480839048 0.7148503670242801 0.010891488503428802 0.012987012987012988
0 0.5518354175070593 0.7152738565782044 0.004033884630899556 0.01101072840203275
0 0.5560709963695039 0.7039808018068887 0.002016942315449778 0.0036702428006775835
0 0.5716014521984671 0.7144268774703557 0.014521984671238403 0.012140033879164314
0 0.6242436466317063 0.7168266516092603 0.02702702702702703 0.012422360248447204
0 0.6484469544171036 0.7236024844720497 0.019766034691407825 0.02258610954263128
0 0.6976603469140783 0.7154150197628458 0.01734570391286809 0.012422360248447204
0 0.7164179104477612 0.721485036702428 0.014521984671238403 0.022868435911914172
0 0.7357805566760791 0.7140033879164314 0.020976200080677694 0.015245623941276116
0 0.7761194029850746 0.7172501411631846 0.00645421540943929 0.012704686617730096
