0 0.1645824929407019 0.21527385657820441 0.033884630899556276 0.023433088650479956
0 0.21399757966922145 0.2111801242236025 0.031060911657926585 0.017504234895539244
0 0.2670431625655506 0.21626199887069453 0.020976200080677694 0.007905138339920948
0 0.281968535699879 0.21146245059288538 0.01290843081887858 0.01637492941840768
0 0.32311415893505446 0.2134387351778656 0.01855586930213796 0.019762845849802372
0 0.372932634126664 0.21146245059288538 0.0326744655102864 0.019198193111236588
0 0.42174263816054863 0.21640316205533597 0.026220250100847116 0.009881422924901186
0 0.4489713594191206 0.21160361377752682 0.03146430012101654 0.018351214003387916
0 0.5052440500201695 0.21174477696216826 0.02864058087938685 0.020327498588368152
0 0.5492133924969745 0.21597967250141162 0.00927793465106898 0.009034443817052512
0 0.563331988705123 0.21188594014680973 0.03509479628882614 0.018351214003387916
0 0.5570794675272287 0.2056747600225861 0.003227107704719645 0.001976284584980237
0 0.6300927793465106 0.2155561829474873 0.050826946349334406 0.021739130434782608
0 0.6302944735780557 0.20708639186900057 0.003630496167809601 0.001976284584980237
0 0.6688180718031465 0.21188594014680973 0.03227107704719645 0.017786561264822136
0 0.7164179104477612 0.21725014116318464 0.016135538523598225 0.008752117447769622
0 0.7109721661960468 0.20680406549971767 0.002016942315449778 0.001976284584980237
0 0.7712787414279951 0.2140033879164314 0.0572811617587737 0.0220214568040655
0 0.781766841468334 0.20990965556182947 0.004033884630899556 0.004234895539243365
0 0.8037515127067366 0.2199322416713721 0.002016942315449778 0.0016939582156973462
0 0.8289632916498588 0.21047430830039526 0.029850746268656716 0.0189158667419537
0 0.17103670835014118 0.2605872388481084 0.03307785397337636 0.020327498588368152
0 0.22569584509883017 0.26101072840203277 0.033481242436466316 0.020045172219085264
0 0.24768051633723276 0.26679841897233203 0.012101653892698669 0.006775832862789385
0 0.27067365873336025 0.26693958215697344 0.03065752319483663 0.007622811970638058
0 0.29608713190802743 0.2713156408808583 0.01855586930213796 0.015810276679841896
0 0.34207341670028235 0.26101072840203277 0.04033884630899556 0.01948051948051948
0 0.39431222267043164 0.2607284020327499 0.02944735780556676 0.021174477696216828
0 0.44352561516740624 0.2662337662337662 0.019766034691407825 0.009034443817052512
0 0.45118999596611536 0.25578769057029926 0.0028237192416296895 0.002258610954263128
0 0.4570391286809197 0.26976284584980237 0.008067769261799113 0.014398644833427442
0 0.4762000806776926 0.26595143986448333 0.03751512706736587 0.023715415019762844
0 0.5199677289229528 0.2553642010163749 0.003227107704719645 0.001411631846414455
0 0.5246066962484873 0.26566911349520045 0.008471157724889069 0.009034443817052512
0 0.5302541347317467 0.2627046866177301 0.014118596208148447 0.016657255787690572
0 0.5603065752319484 0.2660926030491248 0.01855586930213796 0.009881422924901186
0 0.6133521581282775 0.26383399209486164 0.0463896732553449 0.016092603049124788
0 0.6611536910044373 0.2662337662337662 0.01936264622831787 0.009034443817052512
0 0.7006857603872529 0.26157538114059853 0.03227107704719645 0.020045172219085264
0 0.7027027027027027 0.2567758328627894 0.004033884630899556 0.002540937323546019
0 0.7583703106091165 0.2611518915866742 0.05889471561113352 0.019762845849802372
0 0.8122226704316257 0.2683512140033879 0.025413473174667203 0.013269339356295878
0 0.8336022589753933 0.265527950310559 0.01734570391286809 0.008752117447769622
0 0.8400564743848326 0.2553642010163749 0.003630496167809601 0.003105590062111801
0 0.8440903590157322 0.2658102766798419 0.006857603872529245 0.007058159232072276
0 0.8590157321500606 0.2619988706945229 0.031060911657926585 0.01637492941840768
0 0.16821298910851148 0.31154714850367027 0.03630496167809601 0.021174477696216828
0 0.1672045179507866 0.30773574251835123 0.003630496167809601 0.00282326369282891
0 0.22307382008874546 0.31154714850367027 0.023396530859217425 0.0189158667419537
0 0.272488906817265 0.31747600225861095 0.020572811617587738 0.009881422924901186
0 0.2789431222267043 0.3085827216261999 0.003630496167809601 0.002258610954263128
0 0.2866075030254135 0.32142857142857145 0.01008471157724889 0.014398644833427442
0 0.2987091569181121 0.3210050818746471 0.020572811617587738 0.014680971202710334
0 0.3467123840258169 0.3166290231507623 0.024606696248487294 0.008752117447769622
0 0.3854376764824526 0.3170525127046866 0.056070996369503835 0.026538678712591756
0 0.38866478418717226 0.30886504799548276 0.004437273093989512 0.00282326369282891
0 0.41609519967728925 0.320016939582157 0.002016942315449778 0.001411631846414455
0 0.4356595401371521 0.3081592320722755 0.004840661557079467 0.005928853754940711
0 0.45461879790237997 0.3125352907961604 0.016942315449778138 0.018068887634105024
0 0.47297297297297297 0.3154997176736307 0.022993142396127472 0.014963297571993224
0 0.5046389673255345 0.31197063805759456 0.02016942315449778 0.019198193111236588
0 0.5280354981847519 0.3123941276115189 0.028237192416296894 0.018351214003387916
0 0.5415490116982654 0.3046301524562394 0.003630496167809601 0.004517221908526256
0 0.5570794675272287 0.31959345002823264 0.0024203307785397336 0.006211180124223602
0 0.5853166599435257 0.3123941276115189 0.02743041549011698 0.020045172219085264
0 0.6308995562726906 0.3132411067193676 0.04195240016135539 0.017221908526256352
0 0.6587333602258976 0.322557876905703 0.0024203307785397336 0.005928853754940711
0 0.6700282371924163 0.30632411067193677 0.003227107704719645 0.00564652738565782
0 0.6837434449374747 0.3073122529644269 0.004033884630899556 0.002540937323546019
0 0.6869705526421944 0.3177583286278938 0.008067769261799113 0.007058159232072276
0 0.6952400161355385 0.3178994918125353 0.00927793465106898 0.007340485601355167
0 0.7269060104881 0.3170525127046866 0.029043969342476807 0.009034443817052512
0 0.7329568374344494 0.3059006211180124 0.004033884630899556 0.001976284584980237
0 0.7553448971359419 0.3126764539808018 0.02944735780556676 0.017786561264822136
0 0.780960064542154 0.32171089779785433 0.0024203307785397336 0.0036702428006775835
0 0.7974989915288423 0.3169113495200452 0.014521984671238403 0.009316770186335404
0 0.8102057281161759 0.31309994353472614 0.021379588543767647 0.017504234895539244
0 0.8148446954417103 0.30773574251835123 0.004840661557079467 0.00282326369282891
0 0.8297700685760387 0.31394692264257484 0.01855586930213796 0.01693958215697346
0 0.8533682936668011 0.3064652738565782 0.002016942315449778 0.001411631846414455
0 0.8632513110125051 0.31804065499717676 0.014521984671238403 0.010446075663466968
0 0.15893505445744252 0.366600790513834 0.010488100040338847 0.009316770186335404
0 0.19120613150463897 0.37125917560700167 0.016942315449778138 0.019198193111236588
0 0.21258572004840662 0.36278938452851495 0.02581686163775716 0.017504234895539244
0 0.2654296087131908 0.3681535855448899 0.033884630899556276 0.009034443817052512
0 0.300121016538927 0.3674477696216827 0.03630496167809601 0.009316770186335404
0 0.32775312626058895 0.3699887069452287 0.002016942315449778 0.001411631846414455
0 0.354376764824526 0.36250705815923207 0.018152480839048003 0.018633540372670808
0 0.37373941105284386 0.36801242236024845 0.018152480839048003 0.00818746470920384
0 0.38866478418717226 0.3684359119141728 0.013311819281968536 0.007905138339920948
0 0.39854780153287617 0.367871259175607 0.009681323114158934 0.007905138339920948
0 0.4045986284792255 0.3589779785431959 0.0024203307785397336 0.003105590062111801
0 0.4070189592577652 0.3684359119141728 0.005647438483259379 0.007340485601355167
0 0.417910447761194 0.3684359119141728 0.016942315449778138 0.006775832862789385
0 0.4715611133521581 0.36716544325239975 0.045986284792254944 0.009316770186335404
0 0.5217829770068576 0.3616600790513834 0.022993142396127472 0.019198193111236588
0 0.5151270673658733 0.3675889328063241 0.0016135538523598225 0.0016939582156973462
0 0.5157321500605083 0.3565782044042914 0.002016942315449778 0.002258610954263128
0 0.5619201290843082 0.3619424054206663 0.02743041549011698 0.019762845849802372
0 0.5536506655909641 0.3546019198193111 0.0028237192416296895 0.00282326369282891
0 0.5558693021379588 0.3579898362507058 0.0024203307785397336 0.0033879164313946925
0 0.6077047196450182 0.36180124223602483 0.02218636546994756 0.01948051948051948
0 0.6117386042759178 0.35926030491247885 0.004437273093989512 0.003105590062111801
0 0.6290843081887858 0.36307171089779783 0.024606696248487294 0.01637492941840768
0 0.6492537313432836 0.36645962732919257 0.0028237192416296895 0.001129305477131564
0 0.6502622025010085 0.37323546019198195 0.0024203307785397336 0.00564652738565782
0 0.6807180314643001 0.3619424054206663 0.024606696248487294 0.019762845849802372
0 0.7121823315853166 0.358695652173913 0.004437273093989512 0.0036702428006775835
0 0.718636546994756 0.3673066064370412 0.014925373134328358 0.010728402032749858
0 0.7533279548204921 0.37125917560700167 0.02379991932230738 0.01693958215697346
0 0.7585720048406616 0.3577075098814229 0.004437273093989512 0.003952569169960474
0 0.7747075433642597 0.371682665160926 0.022993142396127472 0.017221908526256352
0 0.8051633723275514 0.36716544325239975 0.008874546187979023 0.007622811970638058
0 0.8202904396934247 0.36236589497459065 0.021379588543767647 0.015527950310559006
0 0.17305365066559097 0.41417278373800115 0.03146430012101654 0.024844720496894408
0 0.1962484872932634 0.4212309429700734 0.002016942315449778 0.002258610954263128
0 0.20169423154497781 0.4215132693393563 0.0024203307785397336 0.0016939582156973462
0 0.20835014118596207 0.4213721061547149 0.0028237192416296895 0.001411631846414455
0 0.21641791044776118 0.4215132693393563 0.002016942315449778 0.0016939582156973462
0 0.2472771278741428 0.4138904573687182 0.021782977006857603 0.01693958215697346
0 0.27289229528035497 0.41417278373800115 0.03509479628882614 0.017504234895539244
0 0.30677692617991126 0.4189723320158103 0.01008471157724889 0.007905138339920948
0 0.33783783783783783 0.422360248447205 0.014118596208148447 0.01693958215697346
0 0.34610730133118195 0.41981931112365894 0.011294876966518758 0.00846979107848673
0 0.3567970956030658 0.42264257481648787 0.012505042355788625 0.014680971202710334
0 0.36789027833803956 0.42292490118577075 0.0024203307785397336 0.004517221908526256
0 0.390681726502622 0.4140316205533597 0.018959257765227916 0.01948051948051948
0 0.3939088342073417 0.4103613777526821 0.003630496167809601 0.0036702428006775835
0 0.41427995159338443 0.41981931112365894 0.03227107704719645 0.020892151326933936
0 0.46329164985881405 0.4215132693393563 0.027833803953206938 0.015245623941276116
0 0.4889068172650262 0.41699604743083 0.024203307785397338 0.021456804065499716
0 0.4889068172650262 0.4090909090909091 0.0024203307785397336 0.002258610954263128
0 0.5074626865671642 0.422360248447205 0.0024203307785397336 0.005081874647092038
0 0.5359015732150061 0.4147374364765669 0.033481242436466316 0.01693958215697346
0 0.5970149253731343 0.41431394692264256 0.04437273093989512 0.0189158667419537
0 0.6423961274707544 0.41854884246188595 0.010891488503428802 0.00818746470920384
0 0.6906010488100041 0.4162902315076228 0.048406615570794675 0.029079616036137776
0 0.672246873739411 0.4049971767363072 0.002016942315449778 0.001976284584980237
0 0.7503025413473174 0.4127611518915867 0.04517950786607503 0.019198193111236588
0 0.7872125857200484 0.4203839638622247 0.003630496167809601 0.002258610954263128
0 0.809600645421541 0.41304347826086957 0.024203307785397338 0.019762845849802372
0 0.15853166599435256 0.45736871823828346 0.005647438483259379 0.007340485601355167
0 0.1663977410246067 0.46357989836250707 0.014925373134328358 0.019762845849802372
0 0.17688584106494554 0.4688029361942405 0.007664380798709157 0.007058159232072276
0 0.19140782573618395 0.4688029361942405 0.020572811617587738 0.007622811970638058
0 0.21137555465913674 0.4719085262563523 0.0024203307785397336 0.004799548277809147
0 0.2498991528842275 0.4719085262563523 0.04154901169826543 0.014963297571993224
0 0.3053650665590964 0.46485036702428006 0.03307785397337636 0.017786561264822136
0 0.3620411456232352 0.46852060982495763 0.03751512706736587 0.009316770186335404
0 0.418313836224284 0.46922642574816487 0.033884630899556276 0.009599096555618294
0 0.463695038321904 0.46950875211744775 0.011698265429608713 0.00846979107848673
0 0.509883017345704 0.4719085262563523 0.01371520774505849 0.016657255787690572
0 0.5328761597418313 0.46301524562394125 0.033884630899556276 0.018068887634105024
0 0.5209762000806777 0.45652173913043476 0.003630496167809601 0.002258610954263128
0 0.5607099636950383 0.4668266516092603 0.0016135538523598225 0.001411631846414455
0 0.5615167406212183 0.46908526256352345 0.0024203307785397336 0.001976284584980237
0 0.6042759177087536 0.4644268774703557 0.03953206938281565 0.017504234895539244
0 0.664179104477612 0.46301524562394125 0.030254134731746672 0.018633540372670808
0 0.6555062525211779 0.45976849237718803 0.0024203307785397336 0.0036702428006775835
0 0.7047196450181524 0.4723320158102767 0.016135538523598225 0.01637492941840768
0 0.7246873739411053 0.4683794466403162 0.024606696248487294 0.007905138339920948
0 0.7174263816054861 0.45736871823828346 0.003630496167809601 0.002258610954263128
0 0.7400161355385236 0.4634387351778656 0.01008471157724889 0.0189158667419537
0 0.7664380798709157 0.45892151326933933 0.004033884630899556 0.001976284584980237
0 0.7736990722065349 0.46922642574816487 0.015328761597418314 0.007905138339920948
0 0.8035498184751916 0.46485036702428006 0.011294876966518758 0.016657255787690572
0 0.8150463896732554 0.4697910784867307 0.007664380798709157 0.007905138339920948
0 0.8313836224283986 0.4707792207792208 0.026623638563937072 0.012704686617730096
0 0.8666801129487697 0.46485036702428006 0.038321903993545785 0.016657255787690572
0 0.16317063331988704 0.5143986448334275 0.014925373134328358 0.019762845849802372
0 0.17668414683340056 0.5235742518351214 0.011294876966518758 0.014398644833427442
0 0.21379588543767647 0.5145398080180689 0.024203307785397338 0.0189158667419537
0 0.2757160145219847 0.5159514398644833 0.051230334812424366 0.017786561264822136
0 0.28297700685760385 0.5087521174477696 0.004437273093989512 0.003952569169960474
0 0.3192819685356999 0.5160926030491247 0.0060508269463493344 0.0016939582156973462
0 0.3511496571198064 0.5197628458498024 0.013311819281968536 0.00846979107848673
0 0.3916901976603469 0.5163749294184077 0.017749092375958047 0.023715415019762844
0 0.4118596208148447 0.5197628458498024 0.02581686163775716 0.00846979107848673
0 0.4322307382008875 0.5197628458498024 0.013311819281968536 0.006775832862789385
0 0.4396934247680516 0.519339356295878 0.00645421540943929 0.005928853754940711
0 0.4616780960064542 0.5156691134952005 0.03670835014118596 0.017221908526256352
0 0.5127067365873336 0.5159514398644833 0.023396530859217425 0.018351214003387916
0 0.5334812424364663 0.519621682665161 0.018959257765227916 0.00818746470920384
0 0.5506252521177895 0.5232919254658385 0.017749092375958047 0.014398644833427442
0 0.5786607503025414 0.5117165443252399 0.0028237192416296895 0.001411631846414455
0 0.5867285195643405 0.5208921513269339 0.01734570391286809 0.009034443817052512
0 0.6256555062525212 0.5194805194805194 0.017749092375958047 0.009034443817052512
0 0.6399757966922146 0.5238565782044043 0.01573215006050827 0.016092603049124788
0 0.6809197256958451 0.5224449463579899 0.02501008471157725 0.017221908526256352
0 0.7053247277127874 0.5249858836815359 0.0028237192416296895 0.005364201016374929
0 0.7341670028237193 0.5176453980801807 0.03711173860427592 0.022868435911914172
0 0.7472771278741428 0.5090344438170525 0.0028237192416296895 0.0016939582156973462
0 0.7849939491730537 0.5197628458498024 0.06212182331585317 0.024280067758328628
0 0.8428801936264623 0.5203274985883681 0.019766034691407825 0.007905138339920948
0 0.17386042759177087 0.564935064935065 0.03065752319483663 0.018633540372670808
0 0.22972972972972974 0.5645115753811406 0.020572811617587738 0.017786561264822136
0 0.24808390480032272 0.5695934500282326 0.015328761597418314 0.007058159232072276
0 0.2607906413876563 0.5722755505364201 0.010891488503428802 0.011857707509881422
0 0.2710770471964502 0.5700169395821569 0.008067769261799113 0.007905138339920948
0 0.30919725695845096 0.5698757763975155 0.026220250100847116 0.00818746470920384
0 0.363251311012505 0.5756634669678148 0.035901573215006054 0.018633540372670808
0 0.41427995159338443 0.5680406549971767 0.022589753933037516 0.025974025974025976
0 0.41064945542557485 0.5592885375494071 0.0016135538523598225 0.001129305477131564
0 0.4203307785397338 0.5622529644268774 0.003227107704719645 0.001976284584980237
0 0.43243243243243246 0.571005081874647 0.016135538523598225 0.007622811970638058
0 0.445542557482856 0.5729813664596274 0.002016942315449778 0.001976284584980237
0 0.44937474788221055 0.558300395256917 0.004033884630899556 0.006493506493506494
