0 0.17486889874949577 0.20990965556182947 0.058491327148043566 0.021739130434782608
0 0.30254134731746674 0.21019198193111235 0.136345300524405 0.022868435911914172
0 0.4300121016538927 0.21626199887069453 0.05486083098023396 0.010728402032749858
0 0.5050423557886244 0.21357989836250707 0.029043969342476807 0.029644268774703556
0 0.5903590157321501 0.21146245059288538 0.1036708350141186 0.019762845849802372
0 0.6500605082694635 0.22374364765669114 0.0028237192416296895 0.008752117447769622
0 0.709156918112142 0.2134387351778656 0.07341670028237192 0.019762845849802372
0 0.7966922146026624 0.21103896103896103 0.03227107704719645 0.022303783173348392
0 0.1964501815248084 0.2605872388481084 0.09842678499394918 0.023715415019762844
0 0.3225090762404195 0.2608695652173913 0.0826946349334409 0.02258610954263128
0 0.44695441710367084 0.26101072840203277 0.09923356192012908 0.02456239412761152
0 0.5116982654296087 0.2621400338791643 0.014925373134328358 0.0189158667419537
0 0.5750302541347317 0.2663749294184077 0.09640984267849939 0.028514963297571992
0 0.6581282775312626 0.2673630717108978 0.014925373134328358 0.007340485601355167
0 0.7123840258168617 0.27315076228119706 0.05486083098023396 0.01948051948051948
0 0.77349737797499 0.2686335403726708 0.022993142396127472 0.008752117447769622
0 0.8249294070189592 0.2636928289102202 0.04195240016135539 0.023150762281197064
0 0.17123840258168616 0.31309994353472614 0.04719645018152481 0.021456804065499716
0 0.24203307785397338 0.3176171654432524 0.02501008471157725 0.010163749294184076
0 0.29386849536103266 0.30759457933370976 0.003630496167809601 0.00818746470920384
0 0.327148043565954 0.31846414455110106 0.05405405405405406 0.011857707509881422
0 0.4128680919725696 0.31394692264257484 0.0463896732553449 0.019762845849802372
0 0.4663170633319887 0.3188876341050254 0.01855586930213796 0.010446075663466968
0 0.5381202097620008 0.31832298136645965 0.04679306171843485 0.028514963297571992
0 0.6147640177490924 0.3235460191981931 0.05486083098023396 0.017504234895539244
0 0.7016942315449778 0.3129587803500847 0.0609116579265833 0.022303783173348392
0 0.7902379991932231 0.31535855448898925 0.06212182331585317 0.018633540372670808
0 0.15611133521581283 0.36716544325239975 0.014521984671238403 0.012140033879164314
0 0.245663574021783 0.3629305477131564 0.08148446954417103 0.021174477696216828
0 0.34429205324727713 0.36885940146809715 0.06252521177894312 0.029644268774703556
0 0.38140379185155304 0.35319028797289664 0.003630496167809601 0.009034443817052512
0 0.409035901573215 0.378317334839074 0.003227107704719645 0.010728402032749858
0 0.46127470754336425 0.36391869000564653 0.043162565550625254 0.019198193111236588
0 0.5288422751109318 0.3699887069452287 0.03872529245663574 0.009881422924901186
0 0.6419927390076644 0.36801242236024845 0.11496571198063735 0.028514963297571992
0 0.7634126663977411 0.36617730095990964 0.07462686567164178 0.01693958215697346
0 0.8378378378378378 0.36575381140598534 0.026623638563937072 0.035290796160361376
0 0.19342476805163372 0.4158667419536985 0.09398951189995966 0.028797289666854884
0 0.33118192819685355 0.42207792207792205 0.08632513110125051 0.020892151326933936
0 0.4792254941508673 0.41332580463015245 0.12827753126260588 0.023715415019762844
0 0.6141589350544574 0.4148785996612084 0.08592174263816055 0.01948051948051948
0 0.7129891085114965 0.42108977978543194 0.051230334812424366 0.011575381140598532
0 0.7716821298910851 0.415725578769057 0.020976200080677694 0.022868435911914172
0 0.8253327954820492 0.41643139469226426 0.03953206938281565 0.018633540372670808
0 0.17426381605486083 0.4647092038396386 0.05647438483259379 0.0220214568040655
0 0.24405002016942315 0.4655561829474873 0.02743041549011698 0.03274985883681536
0 0.3291649858814038 0.47007340485601357 0.08713190802743041 0.026538678712591756
0 0.3810004033884631 0.47148503670242803 0.004437273093989512 0.002258610954263128
0 0.4386849536103267 0.4668266516092603 0.05203711173860428 0.016092603049124788
0 0.508471157724889 0.4652738565782044 0.02702702702702703 0.031055900621118012
0 0.5748285599031868 0.4668266516092603 0.06212182331585317 0.017786561264822136
0 0.6508672851956434 0.4710615471485037 0.0391286809197257 0.01101072840203275
0 0.7295280354981848 0.470214568040655 0.06655909640984267 0.0251270468661773
0 0.7940701895925777 0.46725014116318464 0.06171843485276321 0.0220214568040655
0 0.8388463089955627 0.47910784867306605 0.0028237192416296895 0.009034443817052512
0 0.15954013715207746 0.5158102766798419 0.040742234772085516 0.019762845849802372
0 0.2571601452198467 0.5199040090344438 0.11173860427591771 0.026821005081874648
0 0.36930213795885436 0.5166572557876906 0.06333198870512304 0.019198193111236588
0 0.42718838241226303 0.5269621682665161 0.003227107704719645 0.009316770186335404
0 0.47983057684550223 0.5159514398644833 0.06252521177894312 0.01948051948051948
0 0.5935861234368697 0.5201863354037267 0.11577248890681727 0.027385657820440428
0 0.7260992335619201 0.5175042348955392 0.10165389269866881 0.0220214568040655
0 0.8116175877369908 0.5173630717108978 0.016135538523598225 0.020045172219085264
0 0.17708753529649052 0.5704404291360813 0.050826946349334406 0.025691699604743084
0 0.2599838644614764 0.5673348390739695 0.06010488100040339 0.01948051948051948
0 0.3007260992335619 0.5756634669678148 0.004437273093989512 0.002258610954263128
