0 0.14360629286002422 0.19579333709768493 0.004033884630899556 0.00818746470920384
0 0.16922146026623638 0.20638057594579334 0.051230334812424366 0.024844720496894408
0 0.22206534893102056 0.21174477696216826 0.014925373134328358 0.01129305477131564
0 0.3081887858007261 0.2161208356860531 0.11859620814844696 0.042631281761716544
0 0.42214602662363854 0.2080745341614907 0.09076240419524001 0.023715415019762844
0 0.481444130697862 0.19551101072840205 0.0060508269463493344 0.007622811970638058
0 0.5 0.20736871823828346 0.01653892698668818 0.026256352343308864
0 0.5114965711980637 0.2121682665160926 0.015328761597418314 0.012704686617730096
0 0.5752319483662768 0.208498023715415 0.07341670028237192 0.020609824957651044
0 0.627067365873336 0.21950875211744778 0.003630496167809601 0.001976284584980237
0 0.6591367486889875 0.19692264257481648 0.008067769261799113 0.008752117447769622
0 0.6674062121823315 0.21089779785431959 0.020572811617587738 0.023150762281197064
0 0.7353771682129892 0.21047430830039526 0.10810810810810811 0.022868435911914172
0 0.8035498184751916 0.20821569734613213 0.01855586930213796 0.023433088650479956
0 0.8588140379185155 0.20976849237718803 0.060508269463493344 0.020892151326933936
0 0.236385639370714 0.2608695652173913 0.18475191609519967 0.029361942405420668
0 0.3481242436466317 0.2583286278938453 0.020976200080677694 0.025974025974025976
0 0.4560306575231948 0.2618577075098814 0.13029447357805568 0.03303218520609825
0 0.5667607906413876 0.2583286278938453 0.03146430012101654 0.024280067758328628
0 0.628075837031061 0.2628458498023715 0.05163372327551432 0.018633540372670808
0 0.7620008067769262 0.26016374929418407 0.15570794675272287 0.027950310559006212
0 0.8501411859620814 0.27639751552795033 0.014925373134328358 0.010163749294184076
0 0.17224687373941105 0.3036420101637493 0.05244050020169423 0.018351214003387916
0 0.22932634126663978 0.3102766798418972 0.02379991932230738 0.0220214568040655
0 0.29931423961274706 0.31620553359683795 0.07987091569181122 0.028797289666854884
0 0.42416296893908834 0.3091473743647657 0.12706736587333603 0.020892151326933936
0 0.5413473174667205 0.307029926595144 0.05405405405405406 0.021739130434782608
0 0.6073013311819282 0.3204404291360813 0.03993545784590561 0.024280067758328628
0 0.7020976200080677 0.3167701863354037 0.11496571198063735 0.033314511575381144
0 0.7781363453005244 0.3061829474872953 0.023396530859217425 0.026256352343308864
0 0.8168616377571601 0.3051948051948052 0.016135538523598225 0.017504234895539244
0 0.8701089148850343 0.3181818181818182 0.063735377168213 0.028797289666854884
0 0.16841468334005646 0.35728402032749856 0.040742234772085516 0.023433088650479956
0 0.291246470350948 0.3632128740824393 0.13150463896732553 0.02456239412761152
0 0.3610326744655103 0.3780350084697911 0.015328761597418314 0.011857707509881422
0 0.4356595401371521 0.36180124223602483 0.08632513110125051 0.021739130434782608
0 0.5042355788624445 0.3642010163749294 0.029850746268656716 0.020892151326933936
0 0.5887454618797903 0.36377752682100506 0.09640984267849939 0.026256352343308864
0 0.6861637757160145 0.3608130999435347 0.055667607906413875 0.023150762281197064
0 0.7753126260588947 0.36250705815923207 0.0645421540943929 0.025974025974025976
0 0.8584106494554256 0.35841332580463015 0.060508269463493344 0.023997741389045736
0 0.17265026220250101 0.41699604743083 0.05808793868495361 0.02258610954263128
0 0.33219039935457845 0.4230660643704122 0.20774505849132716 0.040372670807453416
0 0.48608309802339655 0.4103613777526821 0.03791851553045583 0.016657255787690572
0 0.554860830980234 0.4137492941840768 0.05687777329568374 0.022303783173348392
0 0.6623638563937071 0.41883116883116883 0.10488100040338846 0.03303218520609825
0 0.7789431222267044 0.41078486730660646 0.05647438483259379 0.024280067758328628
0 0.845502218636547 0.41332580463015245 0.04033884630899556 0.019762845849802372
0 0.18132311415893507 0.46414455110107283 0.03509479628882614 0.018068887634105024
0 0.2644211375554659 0.47289666854884244 0.08350141185962082 0.042348955392433656
0 0.3574021782977007 0.4655561829474873 0.03227107704719645 0.020892151326933936
0 0.4290036304961678 0.46414455110107283 0.056070996369503835 0.0220214568040655
0 0.536103267446551 0.4655561829474873 0.09842678499394918 0.02258610954263128
0 0.6486486486486487 0.4631564088085827 0.04033884630899556 0.020609824957651044
0 0.8112141992739008 0.4675324675324675 0.1920129084308189 0.03896103896103896
0 0.9134731746672046 0.47360248447204967 0.010891488503428802 0.00818746470920384
0 0.18757563533682936 0.5139751552795031 0.05808793868495361 0.023997741389045736
0 0.2668414683340056 0.5153867871259176 0.05203711173860428 0.021174477696216828
0 0.38584106494554254 0.5166572557876906 0.1399757966922146 0.02258610954263128
0 0.5298507462686567 0.5159514398644833 0.0899556272690601 0.029079616036137776
0 0.6415893505445744 0.5254093732354602 0.07301331181928197 0.03387916431394692
0 0.7252924566357403 0.5177865612648221 0.01855586930213796 0.019198193111236588
0 0.837232755143203 0.5158102766798419 0.15691811214199275 0.025974025974025976
0 0.9213392496974586 0.5278091473743648 0.011294876966518758 0.00818746470920384
0 0.21258572004840662 0.5653585544889893 0.07664380798709157 0.026256352343308864
0 0.3100040338846309 0.5657820440429137 0.06333198870512304 0.024280067758328628
0 0.3830173457039129 0.5669113495200452 0.035901573215006054 0.019762845849802372
0 0.4590560709963695 0.5667701863354038 0.06292860024203308 0.022868435911914172
0 0.5314643001210165 0.5705815923207228 0.01734570391286809 0.014680971202710334
0 0.5590964098426785 0.5643704121964992 0.03307785397337636 0.024280067758328628
0 0.6123436869705526 0.5657820440429137 0.029850746268656716 0.018068887634105024
0 0.672246873739411 0.5663466967814794 0.02218636546994756 0.012987012987012988
0 0.7414279951593384 0.5666290231507622 0.07745058491327148 0.019762845849802372
0 0.8267446551028641 0.5681818181818182 0.031060911657926585 0.016657255787690572
0 0.24606696248487292 0.6154714850367025 0.18394513916901978 0.02766798418972332
0 0.34610730133118195 0.6324110671936759 0.012101653892698669 0.00846979107848673
0 0.39128680919725695 0.6136363636363636 0.021782977006857603 0.022303783173348392
0 0.472569584509883 0.6053077357425184 0.07704719645018153 0.0502540937323546
0 0.5663574021782977 0.6164596273291926 0.060508269463493344 0.025691699604743084
0 0.6629689390883421 0.616600790513834 0.09076240419524001 0.021456804065499716
0 0.7831787010891489 0.6133540372670807 0.0754336425978217 0.026256352343308864
0 0.18757563533682936 0.6730660643704122 0.07180314643001211 0.028232636928289104
0 0.3063735377168213 0.6732072275550537 0.09802339653085922 0.040372670807453416
0 0.35034288019362647 0.6722190852625636 0.03509479628882614 0.009034443817052512
0 0.38019362646228316 0.6730660643704122 0.0028237192416296895 0.002258610954263128
