0 0.15893505445744252 0.21188594014680973 0.041145623235175476 0.018351214003387916
0 0.1865671641791045 0.21739130434782608 0.007664380798709157 0.009599096555618294
0 0.21944332392093585 0.21527385657820441 0.012101653892698669 0.00818746470920384
0 0.23053650665590963 0.21626199887069453 0.01008471157724889 0.009034443817052512
0 0.254941508672852 0.21640316205533597 0.03630496167809601 0.007622811970638058
0 0.28156514723678905 0.21329757199322416 0.010488100040338847 0.016657255787690572
0 0.2934651068979427 0.21852060982495766 0.012505042355788625 0.00564652738565782
0 0.3164582492940702 0.21315640880858272 0.030254134731746672 0.019198193111236588
0 0.36930213795885436 0.21880293619424054 0.030254134731746672 0.009034443817052512
0 0.39128680919725695 0.21964991530208922 0.010488100040338847 0.005081874647092038
0 0.42860024203307784 0.2171089779785432 0.010891488503428802 0.007905138339920948
0 0.4374747882210569 0.21753246753246752 0.01008471157724889 0.0251270468661773
0 0.46772892295280355 0.2165443252399774 0.014925373134328358 0.00564652738565782
0 0.4834610730133118 0.21753246753246752 0.008471157724889069 0.007622811970638058
0 0.49939491730536506 0.2127329192546584 0.02016942315449778 0.014398644833427442
0 0.5123033481242436 0.20976849237718803 0.003227107704719645 0.00282326369282891
0 0.518757563533683 0.2161208356860531 0.007260992335619202 0.006493506493506494
0 0.5401371520774506 0.2140033879164314 0.029850746268656716 0.01693958215697346
0 0.5655506252521177 0.2279785431959345 0.004033884630899556 0.005364201016374929
0 0.5927793465106898 0.22077922077922077 0.01653892698668818 0.009034443817052512
0 0.6308995562726906 0.21386222473178995 0.05244050020169423 0.022303783173348392
0 0.6912061315046389 0.2134387351778656 0.01573215006050827 0.019762845849802372
0 0.7075433642597821 0.2165443252399774 0.016942315449778138 0.011857707509881422
0 0.7438483259378782 0.20482778091473744 0.023396530859217425 0.001976284584980237
0 0.7525211778943123 0.2165443252399774 0.0326744655102864 0.012987012987012988
0 0.7751109318273497 0.21936758893280633 0.00927793465106898 0.005081874647092038
0 0.7888261395724082 0.21936758893280633 0.008471157724889069 0.007905138339920948
0 0.7989108511496571 0.21696781479390176 0.006857603872529245 0.01101072840203275
0 0.8071803146430012 0.2186617730095991 0.00645421540943929 0.007058159232072276
0 0.1498588140379185 0.2593167701863354 0.01573215006050827 0.018351214003387916
0 0.17164179104477612 0.2662337662337662 0.022993142396127472 0.009034443817052512
0 0.19564340459862847 0.2627046866177301 0.023396530859217425 0.017221908526256352
0 0.22125857200484067 0.26101072840203277 0.014925373134328358 0.015527950310559006
0 0.2672448567970956 0.2628458498023715 0.02379991932230738 0.01693958215697346
0 0.28479225494150867 0.2663749294184077 0.007260992335619202 0.00818746470920384
0 0.2977006857603873 0.26665725578769056 0.009681323114158934 0.00818746470920384
0 0.31464300121016536 0.26453980801806887 0.01371520774505849 0.011857707509881422
0 0.3465106897942719 0.2611518915866742 0.04033884630899556 0.0220214568040655
0 0.3945139169019766 0.26171654432524 0.01855586930213796 0.019198193111236588
0 0.44332392093586126 0.2611518915866742 0.03146430012101654 0.0220214568040655
0 0.4764017749092376 0.26792772444946356 0.029043969342476807 0.03387916431394692
0 0.49858814037918514 0.26679841897233203 0.008874546187979023 0.00846979107848673
0 0.5100847115772489 0.2670807453416149 0.013311819281968536 0.00846979107848673
0 0.5242033077853974 0.2725861095426313 0.019766034691407825 0.016092603049124788
0 0.5671641791044776 0.26679841897233203 0.01290843081887858 0.00846979107848673
0 0.600443727309399 0.27216261998870694 0.01653892698668818 0.019762845849802372
0 0.6141589350544574 0.2686335403726708 0.010891488503428802 0.009881422924901186
0 0.6313029447357805 0.2691981931112366 0.021782977006857603 0.008752117447769622
0 0.6762807583703107 0.2683512140033879 0.02379991932230738 0.008752117447769622
0 0.7105687777329568 0.2608695652173913 0.011698265429608713 0.01693958215697346
0 0.7216619604679306 0.2682100508187465 0.01290843081887858 0.006775832862789385
0 0.7361839451391691 0.26905702992659514 0.010488100040338847 0.009599096555618294
0 0.7736990722065349 0.2619988706945229 0.017749092375958047 0.023715415019762844
0 0.7962888261395724 0.26228119706380576 0.02016942315449778 0.019762845849802372
0 0.8370310609116579 0.2676453980801807 0.01290843081887858 0.00846979107848673
0 0.8499394917305365 0.2686335403726708 0.011294876966518758 0.008752117447769622
0 0.14885034288019364 0.3061829474872953 0.004033884630899556 0.007622811970638058
0 0.16700282371924163 0.31535855448898925 0.016942315449778138 0.00846979107848673
0 0.18737394110528438 0.31648785996612083 0.019766034691407825 0.00846979107848673
0 0.2055264219443324 0.31620553359683795 0.01008471157724889 0.00846979107848673
0 0.24263816054860832 0.3123941276115189 0.018959257765227916 0.016657255787690572
0 0.2589753933037515 0.3126764539808018 0.012101653892698669 0.015527950310559006
0 0.27047196450181527 0.3178994918125353 0.012505042355788625 0.007905138339920948
0 0.30496167809600644 0.3181818181818182 0.016942315449778138 0.010163749294184076
0 0.3565954013715208 0.3138057594579334 0.026623638563937072 0.0189158667419537
0 0.38019362646228316 0.3116883116883117 0.020572811617587738 0.019198193111236588
0 0.4199273900766438 0.3177583286278938 0.01371520774505849 0.00818746470920384
0 0.4322307382008875 0.3219932241671372 0.012505042355788625 0.015527950310559006
0 0.4517950786607503 0.31747600225861095 0.021782977006857603 0.009881422924901186
0 0.49052037111738606 0.3178994918125353 0.01371520774505849 0.009599096555618294
0 0.5076643807987091 0.3181818181818182 0.020572811617587738 0.006211180124223602
0 0.5320693828156515 0.31182947487295315 0.016942315449778138 0.017786561264822136
0 0.5796692214602662 0.31394692264257484 0.029043969342476807 0.018068887634105024
0 0.600242033077854 0.3201581027667984 0.005647438483259379 0.003952569169960474
0 0.6345300524405002 0.3181818181818182 0.011294876966518758 0.00846979107848673
0 0.6704316256555063 0.31437041219649914 0.011294876966518758 0.0189158667419537
0 0.6960467930617185 0.320016939582157 0.031060911657926585 0.005928853754940711
0 0.7178297700685761 0.3191699604743083 0.011698265429608713 0.006493506493506494
0 0.7299314239612748 0.32058159232072275 0.01008471157724889 0.004234895539243365
0 0.7730939895119 0.3156408808582722 0.020572811617587738 0.014680971202710334
0 0.790439693424768 0.3169113495200452 0.004437273093989512 0.00818746470920384
0 0.7991125453812021 0.3136645962732919 0.01936264622831787 0.014116318464144552
0 0.8100040338846309 0.32523997741389044 0.010488100040338847 0.020327498588368152
0 0.8259378781766842 0.30773574251835123 0.004437273093989512 0.006775832862789385
0 0.845098830173457 0.3274985883681536 0.008067769261799113 0.007905138339920948
0 0.15974183138362244 0.3599661208356861 0.011294876966518758 0.021456804065499716
0 0.17103670835014118 0.3663184641445511 0.012101653892698669 0.007058159232072276
0 0.18576038725292457 0.36038961038961037 0.01653892698668818 0.020609824957651044
0 0.21379588543767647 0.36617730095990964 0.012101653892698669 0.007905138339920948
0 0.2263009277934651 0.36801242236024845 0.007260992335619202 0.004799548277809147
0 0.2668414683340056 0.3673066064370412 0.01653892698668818 0.012987012987012988
0 0.2615974183138362 0.36984754376058726 0.003630496167809601 0.007905138339920948
0 0.282170229931424 0.36984754376058726 0.01008471157724889 0.007340485601355167
0 0.29487696651875756 0.36914172783738003 0.009681323114158934 0.007058159232072276
0 0.3045582896329165 0.3681535855448899 0.008874546187979023 0.009034443817052512
0 0.31665994352561516 0.36885940146809715 0.01371520774505849 0.007058159232072276
0 0.3293666801129488 0.3687182382834557 0.007664380798709157 0.009599096555618294
0 0.34509883017345705 0.36561264822134387 0.018152480839048003 0.015245623941276116
0 0.36042759177087536 0.37422360248447206 0.014925373134328358 0.022303783173348392
0 0.39653085921742637 0.3674477696216827 0.012101653892698669 0.010446075663466968
0 0.417910447761194 0.3695652173913043 0.026623638563937072 0.007340485601355167
0 0.4495764421137555 0.36377752682100506 0.02944735780556676 0.015527950310559006
0 0.4883017345703913 0.36773009599096557 0.012505042355788625 0.008752117447769622
0 0.49717628075837034 0.3697063805759458 0.012505042355788625 0.029644268774703556
0 0.536708350141186 0.36391869000564653 0.022993142396127472 0.017504234895539244
0 0.5530455828963292 0.36829474872953133 0.007260992335619202 0.00818746470920384
0 0.5667607906413876 0.36801242236024845 0.009681323114158934 0.009316770186335404
0 0.5766438079870916 0.36716544325239975 0.0052440500201694235 0.012140033879164314
0 0.5847115772488907 0.37210615471485037 0.012505042355788625 0.015810276679841896
0 0.6018555869302138 0.36236589497459065 0.01290843081887858 0.01948051948051948
0 0.6139572408229125 0.3673066064370412 0.008874546187979023 0.00846979107848673
0 0.6516740621218233 0.3673066064370412 0.014925373134328358 0.010163749294184076
0 0.6833400564743848 0.367871259175607 0.04517950786607503 0.007340485601355167
0 0.7115772488906817 0.37422360248447206 0.011294876966518758 0.020609824957651044
0 0.746268656716418 0.36773009599096557 0.012101653892698669 0.008752117447769622
0 0.7601855586930214 0.3685770750988142 0.01008471157724889 0.004799548277809147
0 0.7783380395320694 0.3681535855448899 0.022993142396127472 0.009034443817052512
0 0.7968939088342073 0.36335403726708076 0.010891488503428802 0.01637492941840768
0 0.8104074223477209 0.3642010163749294 0.020976200080677694 0.018633540372670808
0 0.8336022589753933 0.3654714850367024 0.02218636546994756 0.014398644833427442
0 0.8539733763614361 0.36885940146809715 0.015328761597418314 0.008752117447769622
0 0.16559096409842677 0.41854884246188595 0.018152480839048003 0.00818746470920384
0 0.1801129487696652 0.4181253529079616 0.008471157724889069 0.007905138339920948
0 0.19665187575635337 0.41318464144551104 0.019766034691407825 0.017221908526256352
0 0.21399757966922145 0.41756070016939584 0.007664380798709157 0.006211180124223602
0 0.2353771682129891 0.4140316205533597 0.025413473174667203 0.014963297571993224
0 0.27591770875352967 0.4193958215697346 0.01855586930213796 0.009316770186335404
0 0.29225494150867287 0.41967814793901753 0.00927793465106898 0.006493506493506494
0 0.30475998386446146 0.41967814793901753 0.01008471157724889 0.005364201016374929
0 0.3424768051633723 0.41643139469226426 0.01855586930213796 0.012987012987012988
0 0.33642597821702297 0.4203839638622247 0.0024203307785397336 0.005081874647092038
0 0.3763614360629286 0.4124788255223038 0.00645421540943929 0.018068887634105024
0 0.3937071399757967 0.41360813099943533 0.021782977006857603 0.020327498588368152
0 0.43848325937878174 0.4178430265386787 0.01855586930213796 0.010728402032749858
0 0.46026623638563935 0.4129023150762281 0.016135538523598225 0.0189158667419537
0 0.47498991528842277 0.4191134952004517 0.007664380798709157 0.007622811970638058
0 0.48628479225494153 0.41854884246188595 0.006857603872529245 0.007622811970638058
0 0.5215812827753126 0.4199604743083004 0.01371520774505849 0.008752117447769622
0 0.5344897135941912 0.41967814793901753 0.01290843081887858 0.03190287972896669
0 0.5740217829770069 0.415725578769057 0.03469140782573618 0.014398644833427442
0 0.5713997579669221 0.4064088085827216 0.013311819281968536 0.001976284584980237
0 0.5954013715207745 0.4193958215697346 0.008067769261799113 0.007058159232072276
0 0.6054860830980234 0.4202428006775833 0.011294876966518758 0.00818746470920384
0 0.6224283985478015 0.4225014116318464 0.02743041549011698 0.016092603049124788
0 0.6478418717224688 0.4222190852625635 0.003227107704719645 0.003105590062111801
0 0.681726502622025 0.4129023150762281 0.01936264622831787 0.0189158667419537
0 0.6976603469140783 0.4189723320158103 0.014118596208148447 0.007905138339920948
0 0.7125857200484066 0.41883116883116883 0.013311819281968536 0.009881422924901186
0 0.7505042355788625 0.41883116883116883 0.014118596208148447 0.010446075663466968
0 0.7601855586930214 0.4209486166007905 0.014925373134328358 0.03162055335968379
0 0.7870108914885035 0.4140316205533597 0.010488100040338847 0.021174477696216828
0 0.8065752319483662 0.4138904573687182 0.024606696248487294 0.018633540372670808
0 0.8321903993545785 0.4191134952004517 0.023396530859217425 0.010446075663466968
0 0.1700282371924163 0.4666854884246189 0.018959257765227916 0.012422360248447204
0 0.18838241226300928 0.468944099378882 0.014521984671238403 0.00846979107848673
0 0.20250100847115773 0.4686617730095991 0.009681323114158934 0.010728402032749858
0 0.23719241629689392 0.4618859401468097 0.029850746268656716 0.021456804065499716
0 0.2771278741427995 0.46174477696216826 0.01371520774505849 0.017221908526256352
0 0.28701089148850345 0.46202710333145114 0.006857603872529245 0.018351214003387916
0 0.2932634126663977 0.46569734613212876 0.012101653892698669 0.008752117447769622
0 0.3108108108108108 0.4655561829474873 0.012505042355788625 0.00846979107848673
0 0.3247277127874143 0.47261434217955955 0.01371520774505849 0.020892151326933936
0 0.33884630899556273 0.46852060982495763 0.010488100040338847 0.00818746470920384
0 0.3553852359822509 0.4637210615471485 0.01371520774505849 0.01948051948051948
0 0.37474788221056876 0.46301524562394125 0.017749092375958047 0.01693958215697346
0 0.3914885034288019 0.4683794466403162 0.011698265429608713 0.007340485601355167
0 0.4100443727309399 0.47473178994918125 0.0052440500201694235 0.009881422924901186
0 0.44695441710367084 0.46273291925465837 0.021782977006857603 0.020892151326933936
0 0.4618797902379992 0.46922642574816487 0.011294876966518758 0.007340485601355167
0 0.508874546187979 0.46485036702428006 0.03428801936264623 0.021739130434782608
0 0.5129084308188786 0.4624505928853755 0.002016942315449778 0.001129305477131564
0 0.535699878983461 0.4719085262563523 0.016135538523598225 0.009316770186335404
0 0.5516337232755143 0.47557876905702995 0.01573215006050827 0.0189158667419537
0 0.5659540137152077 0.4774138904573687 0.02501008471157725 0.019762845849802372
0 0.6119402985074627 0.46569734613212876 0.02016942315449778 0.022303783173348392
0 0.63695038321904 0.47148503670242803 0.03711173860427592 0.009599096555618294
0 0.6599435256151674 0.47162619988706944 0.01290843081887858 0.008752117447769622
0 0.6758773699072207 0.47967250141163187 0.0052440500201694235 0.006775832862789385
0 0.7039128680919726 0.4704968944099379 0.014521984671238403 0.010446075663466968
0 0.7269060104881 0.4640033879164314 0.024203307785397338 0.021174477696216828
0 0.7492940701895926 0.46950875211744775 0.01653892698668818 0.006775832862789385
0 0.7918515530455829 0.46301524562394125 0.02743041549011698 0.02258610954263128
0 0.809600645421541 0.47656691134952006 0.01855586930213796 0.0220214568040655
0 0.8259378781766842 0.4642857142857143 0.011698265429608713 0.01948051948051948
0 0.8422751109318274 0.47035573122529645 0.017749092375958047 0.010163749294184076
0 0.8594191206131505 0.47501411631846413 0.020572811617587738 0.017221908526256352
0 0.8572004840661557 0.4696499153020892 0.00645421540943929 0.005928853754940711
0 0.17607906413876562 0.5172219085262564 0.03751512706736587 0.012987012987012988
0 0.19846712384025816 0.519339356295878 0.008067769261799113 0.009881422924901186
0 0.2127874142799516 0.5201863354037267 0.014118596208148447 0.009881422924901186
0 0.2263009277934651 0.5136928289102202 0.008067769261799113 0.01948051948051948
0 0.24768051633723276 0.5149632975719932 0.03227107704719645 0.020892151326933936
0 0.2936668011294877 0.5156691134952005 0.01936264622831787 0.01383399209486166
0 0.2866075030254135 0.5190570299265952 0.003630496167809601 0.006493506493506494
0 0.3380395320693828 0.5131281761716544 0.016135538523598225 0.018351214003387916
0 0.33521581282775315 0.5166572557876906 0.004840661557079467 0.011857707509881422
0 0.35135135135135137 0.5187747035573123 0.012101653892698669 0.007622811970638058
0 0.36345300524405 0.5235742518351214 0.01855586930213796 0.015527950310559006
0 0.36163775716014523 0.5197628458498024 0.004437273093989512 0.006211180124223602
0 0.3973376361436063 0.5132693393562959 0.029850746268656716 0.018633540372670808
0 0.4169019766034691 0.5131281761716544 0.010891488503428802 0.015527950310559006
0 0.4322307382008875 0.514257481648786 0.011698265429608713 0.015527950310559006
0 0.44796288826139574 0.5158102766798419 0.014118596208148447 0.018633540372670808
0 0.4691407825736184 0.521880293619424 0.004033884630899556 0.003105590062111801
