0 0.1383622428398548 0.21964991530208922 0.004840661557079467 0.01693958215697346
0 0.14481645824929407 0.22430830039525693 0.012101653892698669 0.008752117447769622
0 0.18616377571601453 0.22289666854884246 0.01573215006050827 0.017786561264822136
0 0.19927390076643808 0.23136645962732919 0.008874546187979023 0.014398644833427442
0 0.2127874142799516 0.22868435911914173 0.00927793465106898 0.006775832862789385
0 0.21742638160548608 0.22035573122529645 0.0016135538523598225 0.001976284584980237
0 0.2265026220250101 0.22317899491812535 0.0060508269463493344 0.016657255787690572
0 0.25675675675675674 0.22868435911914173 0.00927793465106898 0.006211180124223602
0 0.2702702702702703 0.2245906267645398 0.008874546187979023 0.023997741389045736
0 0.3051633723275514 0.22374364765669114 0.01734570391286809 0.017221908526256352
0 0.3208955223880597 0.22628458498023715 0.008471157724889069 0.005928853754940711
0 0.3317870108914885 0.22332015810276679 0.01008471157724889 0.017504234895539244
0 0.3563937071399758 0.23616600790513834 0.01573215006050827 0.021739130434782608
0 0.3751512706736587 0.22783738001129306 0.02016942315449778 0.006211180124223602
0 0.3924969745865268 0.22713156408808582 0.012101653892698669 0.007622811970638058
0 0.4354578459056071 0.22275550536420102 0.014925373134328358 0.01637492941840768
0 0.4461476401774909 0.22063805759457933 0.0016135538523598225 0.001976284584980237
0 0.4540137152077451 0.2267080745341615 0.0060508269463493344 0.007340485601355167
0 0.4893102057281162 0.22317899491812535 0.011294876966518758 0.022303783173348392
0 0.5044372730939896 0.2264257481648786 0.011698265429608713 0.006775832862789385
0 0.517345703912868 0.22190852625635235 0.01008471157724889 0.014116318464144552
0 0.5510286405808794 0.22727272727272727 0.016135538523598225 0.006775832862789385
0 0.563331988705123 0.220214568040655 0.0028237192416296895 0.00282326369282891
0 0.5748285599031868 0.2245906267645398 0.010488100040338847 0.0189158667419537
0 0.5808793868495361 0.22628458498023715 0.016942315449778138 0.007622811970638058
0 0.5966115369100444 0.22007340485601354 0.004033884630899556 0.007058159232072276
0 0.6028640580879386 0.22713156408808582 0.00927793465106898 0.007058159232072276
0 0.6353368293666801 0.22402597402597402 0.014521984671238403 0.018351214003387916
0 0.6460266236385639 0.22699040090344438 0.008471157724889069 0.007905138339920948
0 0.6534893102057281 0.22769621682665162 0.012101653892698669 0.007058159232072276
0 0.6692214602662364 0.22374364765669114 0.017749092375958047 0.016657255787690572
0 0.6930213795885438 0.22826086956521738 0.022589753933037516 0.008752117447769622
0 0.7125857200484066 0.2251552795031056 0.01008471157724889 0.001411631846414455
0 0.7214602662363856 0.22811970638057594 0.002016942315449778 0.00564652738565782
0 0.7214602662363856 0.22162619988706944 0.0012101653892698668 0.001129305477131564
0 0.7317466720451795 0.2261434217955957 0.011294876966518758 0.007340485601355167
0 0.7470754336425979 0.22600225861095427 0.00645421540943929 0.001411631846414455
0 0.7577652279144816 0.22374364765669114 0.00927793465106898 0.015527950310559006
0 0.7644211375554659 0.22811970638057594 0.00645421540943929 0.006775832862789385
0 0.7783380395320694 0.2279785431959345 0.01573215006050827 0.007058159232072276
0 0.7932634126663978 0.2326369282891022 0.006857603872529245 0.006211180124223602
0 0.8235175473981444 0.2230378317334839 0.014925373134328358 0.014116318464144552
0 0.8410649455425575 0.22684923771880294 0.01371520774505849 0.007058159232072276
0 0.14965711980637353 0.2745623941276115 0.021782977006857603 0.015527950310559006
0 0.16236385639370715 0.2694805194805195 0.0028237192416296895 0.002540937323546019
0 0.1718434852763211 0.2768210050818746 0.014521984671238403 0.022868435911914172
0 0.18354175070592982 0.2789384528514963 0.01290843081887858 0.009599096555618294
0 0.19927390076643808 0.27865612648221344 0.014521984671238403 0.007340485601355167
0 0.21661960467930616 0.2780914737436477 0.011294876966518758 0.007905138339920948
0 0.23033481242436465 0.27300959909655564 0.00645421540943929 0.01693958215697346
0 0.23517547398144414 0.27004517221908525 0.0016135538523598225 0.003105590062111801
0 0.24384832593787817 0.27752682100508186 0.007664380798709157 0.005081874647092038
0 0.245461879790238 0.27343308865047994 0.006857603872529245 0.0036702428006775835
0 0.2583703106091166 0.2720214568040655 0.014925373134328358 0.017221908526256352
0 0.291044776119403 0.2732919254658385 0.012505042355788625 0.019198193111236588
0 0.3017345703912868 0.2779503105590062 0.012101653892698669 0.007058159232072276
0 0.31423961274707546 0.2776679841897233 0.010488100040338847 0.007622811970638058
0 0.32513110125050426 0.2735742518351214 0.016942315449778138 0.01693958215697346
0 0.3707139975796692 0.27188029361942406 0.012101653892698669 0.018068887634105024
0 0.37938684953610324 0.27710333145115756 0.00927793465106898 0.006493506493506494
0 0.38584106494554254 0.27738565782044045 0.004437273093989512 0.004799548277809147
0 0.39128680919725695 0.27738565782044045 0.004840661557079467 0.004799548277809147
0 0.400363049616781 0.27710333145115756 0.01008471157724889 0.007622811970638058
0 0.41609519967728925 0.27865612648221344 0.022993142396127472 0.007905138339920948
0 0.4193223073820089 0.27639751552795033 0.0012101653892698668 0.001129305477131564
0 0.44231544977813636 0.27413890457368717 0.011698265429608713 0.015810276679841896
0 0.4471561113352158 0.2833145115753811 0.01573215006050827 0.0189158667419537
0 0.4606696248487293 0.2824675324675325 0.008874546187979023 0.010446075663466968
0 0.4854780153287616 0.2735742518351214 0.011698265429608713 0.015810276679841896
0 0.49717628075837034 0.2780914737436477 0.007664380798709157 0.006211180124223602
0 0.5125050423557886 0.2720214568040655 0.019766034691407825 0.018351214003387916
0 0.5421540943929004 0.27738565782044045 0.012101653892698669 0.00818746470920384
0 0.5484066155707946 0.27625635234330886 0.0012101653892698668 0.001411631846414455
0 0.5550625252117789 0.27752682100508186 0.008067769261799113 0.006211180124223602
0 0.5609116579265833 0.27004517221908525 0.0012101653892698668 0.001411631846414455
0 0.5691811214199274 0.2737154150197628 0.00645421540943929 0.014963297571993224
0 0.5845098830173457 0.2738565782044043 0.03065752319483663 0.014680971202710334
0 0.573215006050827 0.26595143986448333 0.0016135538523598225 0.001129305477131564
0 0.6302944735780557 0.2735742518351214 0.018152480839048003 0.012987012987012988
0 0.6704316256555063 0.27738565782044045 0.014521984671238403 0.01101072840203275
0 0.6764824526018556 0.277244494635799 0.0016135538523598225 0.0016939582156973462
0 0.6887858007260992 0.2728684359119142 0.01573215006050827 0.017221908526256352
0 0.7014925373134329 0.27625635234330886 0.009681323114158934 0.007622811970638058
0 0.7077450584913272 0.26976284584980237 0.0012101653892698668 0.001411631846414455
0 0.7144009681323115 0.2758328627893845 0.008874546187979023 0.00846979107848673
0 0.7269060104881 0.27540937323546016 0.01290843081887858 0.007058159232072276
0 0.7716821298910851 0.27089215132693395 0.01936264622831787 0.017786561264822136
0 0.7870108914885035 0.2821852060982496 0.01371520774505849 0.022303783173348392
0 0.8021379588543768 0.27315076228119706 0.006857603872529245 0.013269339356295878
0 0.8106091165792658 0.2768210050818746 0.013311819281968536 0.007058159232072276
0 0.8198870512303348 0.275974025974026 0.0060508269463493344 0.00818746470920384
0 0.8317870108914885 0.275974025974026 0.011294876966518758 0.007622811970638058
0 0.8382412263009278 0.2854319593450028 0.02016942315449778 0.02258610954263128
0 0.14965711980637353 0.32142857142857145 0.017749092375958047 0.018351214003387916
0 0.1837434449374748 0.3315923207227555 0.013311819281968536 0.0189158667419537
0 0.1952400161355385 0.33018068887634106 0.003227107704719645 0.005364201016374929
0 0.1974586526825333 0.32086391869000563 0.0012101653892698668 0.001976284584980237
0 0.2073416700282372 0.3274985883681536 0.007260992335619202 0.006211180124223602
0 0.2198467123840258 0.32735742518351213 0.01290843081887858 0.00818746470920384
0 0.26865671641791045 0.3241106719367589 0.016135538523598225 0.015245623941276116
0 0.26603469140782576 0.3156408808582722 0.0012101653892698668 0.001129305477131564
0 0.2845905607099637 0.3277809147374365 0.011698265429608713 0.006211180124223602
0 0.31847519160952 0.3284867306606437 0.00927793465106898 0.01101072840203275
0 0.32775312626058895 0.3359683794466403 0.01573215006050827 0.019198193111236588
0 0.3426784993949173 0.32834556747600224 0.007664380798709157 0.007340485601355167
0 0.36486486486486486 0.325098814229249 0.03509479628882614 0.015527950310559006
0 0.41327148043565953 0.32834556747600224 0.011698265429608713 0.009034443817052512
0 0.45219846712384026 0.3241106719367589 0.017749092375958047 0.01693958215697346
0 0.46006454215409437 0.32086391869000563 0.002016942315449778 0.001976284584980237
0 0.4717628075837031 0.3284867306606437 0.011698265429608713 0.007622811970638058
0 0.4846712384025817 0.3245341614906832 0.0052440500201694235 0.0189158667419537
0 0.5022186365469947 0.3352625635234331 0.005647438483259379 0.009316770186335404
0 0.5296490520371118 0.32933370976849236 0.008874546187979023 0.007058159232072276
0 0.5467930617184349 0.3241106719367589 0.018959257765227916 0.01693958215697346
0 0.5635336829366681 0.3243929983060418 0.01936264622831787 0.018068887634105024
0 0.5786607503025414 0.3191699604743083 0.003630496167809601 0.0036702428006775835
0 0.5832997176280759 0.32792207792207795 0.011294876966518758 0.00818746470920384
0 0.5937878176684147 0.3349802371541502 0.01371520774505849 0.023997741389045736
0 0.6407825736183945 0.3235460191981931 0.012505042355788625 0.01637492941840768
0 0.6516740621218233 0.32241671372106157 0.00927793465106898 0.012987012987012988
0 0.6639774102460669 0.32580463015245625 0.008067769261799113 0.006211180124223602
0 0.6774909237595804 0.32241671372106157 0.010891488503428802 0.01693958215697346
0 0.7089552238805971 0.32735742518351213 0.0052440500201694235 0.007622811970638058
0 0.7119806373537717 0.3197346132128741 0.004033884630899556 0.0036702428006775835
0 0.7192416296893909 0.3246753246753247 0.011294876966518758 0.015245623941276116
0 0.7509076240419524 0.3277809147374365 0.01573215006050827 0.00846979107848673
0 0.7672448567970956 0.32679277244494637 0.009681323114158934 0.007058159232072276
0 0.7771278741427995 0.3269339356295878 0.00927793465106898 0.007905138339920948
0 0.8087938684953611 0.32396950875211744 0.016135538523598225 0.017786561264822136
0 0.8206938281565147 0.32792207792207795 0.014925373134328358 0.00818746470920384
0 0.8309802339653086 0.3211462450592885 0.0016135538523598225 0.002540937323546019
0 0.8313836224283986 0.3242518351214003 0.0016135538523598225 0.003105590062111801
0 0.8390480032271077 0.3272162619988707 0.007260992335619202 0.007340485601355167
0 0.8463089955627269 0.33201581027667987 0.015328761597418314 0.019198193111236588
0 0.14965711980637353 0.3759175607001694 0.01290843081887858 0.009316770186335404
0 0.16135538523598225 0.37789384528514963 0.012101653892698669 0.007622811970638058
0 0.1791044776119403 0.37323546019198195 0.008874546187979023 0.017504234895539244
0 0.1881807180314643 0.37323546019198195 0.00927793465106898 0.017504234895539244
0 0.1952400161355385 0.36900056465273856 0.0016135538523598225 0.002258610954263128
0 0.20391286809197257 0.37704686617730093 0.008471157724889069 0.004234895539243365
0 0.21601452198467125 0.37732919254658387 0.010891488503428802 0.007622811970638058
0 0.23981444130697863 0.37337662337662336 0.03428801936264623 0.017786561264822136
0 0.2890278338039532 0.37888198757763975 0.01734570391286809 0.010163749294184076
0 0.2991125453812021 0.37422360248447206 0.002016942315449778 0.001976284584980237
0 0.31423961274707546 0.3746470920383964 0.017749092375958047 0.014116318464144552
0 0.354578459056071 0.378317334839074 0.014521984671238403 0.009599096555618294
0 0.3699072206534893 0.37859966120835686 0.014521984671238403 0.007340485601355167
0 0.3872529245663574 0.3743647656691135 0.01855586930213796 0.015245623941276116
0 0.40762404195240015 0.37874082439299833 0.012505042355788625 0.009316770186335404
0 0.4277934651068979 0.37859966120835686 0.024606696248487294 0.007905138339920948
0 0.44796288826139574 0.37704686617730093 0.019766034691407825 0.01383399209486166
0 0.46551028640580877 0.37888198757763975 0.01371520774505849 0.007905138339920948
0 0.4608713190802743 0.37267080745341613 0.002016942315449778 0.0016939582156973462
0 0.48225090762404194 0.3774703557312253 0.011698265429608713 0.007340485601355167
0 0.49173053650665594 0.3794466403162055 0.005647438483259379 0.005081874647092038
0 0.5016135538523598 0.3856578204404291 0.01653892698668818 0.021456804065499716
0 0.5469947559499798 0.3747882552230378 0.016942315449778138 0.00818746470920384
0 0.5629286002420331 0.37648221343873517 0.00927793465106898 0.005364201016374929
0 0.572811617587737 0.378317334839074 0.005647438483259379 0.007905138339920948
0 0.5770471964501815 0.37577639751552794 0.0012101653892698668 0.0016939582156973462
0 0.5891488503428802 0.37789384528514963 0.014118596208148447 0.005364201016374929
0 0.6054860830980234 0.3781761716544325 0.01855586930213796 0.008752117447769622
0 0.6403791851553046 0.3774703557312253 0.01573215006050827 0.011857707509881422
0 0.6341266639774102 0.38099943534726144 0.003227107704719645 0.006493506493506494
0 0.6799112545381202 0.3697063805759458 0.024606696248487294 0.004799548277809147
0 0.682533279548205 0.37761151891586675 0.02016942315449778 0.01101072840203275
0 0.7073416700282372 0.379587803500847 0.022993142396127472 0.008752117447769622
0 0.727511093182735 0.3800112930547713 0.008471157724889069 0.007905138339920948
0 0.7382008874546188 0.38085827216261997 0.01290843081887858 0.009034443817052512
0 0.7920532472771279 0.3747882552230378 0.043969342476805166 0.017221908526256352
0 0.14521984671238403 0.4246188594014681 0.004840661557079467 0.018068887634105024
0 0.15832997176280758 0.42292490118577075 0.01734570391286809 0.018633540372670808
0 0.1762807583703106 0.43054771315640883 0.016135538523598225 0.03387916431394692
0 0.20028237192416296 0.43591191417278374 0.007664380798709157 0.010728402032749858
0 0.23315853166599435 0.4302653867871259 0.021782977006857603 0.009034443817052512
0 0.2571601452198467 0.4267363071710898 0.018152480839048003 0.016092603049124788
0 0.3021379588543768 0.4257481648785997 0.023396530859217425 0.015245623941276116
0 0.32129891085114964 0.4292772444946358 0.008471157724889069 0.007622811970638058
0 0.3354175070592981 0.4253246753246753 0.012505042355788625 0.01383399209486166
0 0.3717224687373941 0.42617165443252397 0.011698265429608713 0.01383399209486166
0 0.3874546187979024 0.42941840767927725 0.018152480839048003 0.007905138339920948
0 0.4203307785397338 0.4256070016939582 0.011294876966518758 0.016657255787690572
0 0.42839854780153286 0.43153585544889894 0.003227107704719645 0.006493506493506494
0 0.43243243243243246 0.42518351214003386 0.0016135538523598225 0.00282326369282891
0 0.4421137555465914 0.4301242236024845 0.015328761597418314 0.005928853754940711
0 0.46107301331181927 0.4311123658949746 0.007260992335619202 0.00846979107848673
0 0.47398144413069787 0.4309712027103331 0.01371520774505849 0.007622811970638058
0 0.48628479225494153 0.4268774703557312 0.008471157724889069 0.01637492941840768
0 0.4965711980637354 0.42715979672501414 0.014521984671238403 0.02258610954263128
0 0.5294473578055667 0.42970073404856013 0.01734570391286809 0.009034443817052512
0 0.5498184751916095 0.42941840767927725 0.008874546187979023 0.006211180124223602
0 0.5629286002420331 0.4295595708639187 0.00927793465106898 0.009881422924901186
0 0.5986284792254941 0.4268774703557312 0.02743041549011698 0.018068887634105024
0 0.6119402985074627 0.42617165443252397 0.0024203307785397336 0.003105590062111801
0 0.6189995966115369 0.4302653867871259 0.006857603872529245 0.006211180124223602
0 0.6298910851149657 0.4361942405420666 0.013311819281968536 0.021456804065499716
0 0.6742638160548609 0.42828910220214567 0.026220250100847116 0.012987012987012988
0 0.6680112948769665 0.4199604743083004 0.0024203307785397336 0.001411631846414455
0 0.6934247680516338 0.4308300395256917 0.009681323114158934 0.007340485601355167
0 0.7160145219846712 0.42715979672501414 0.03146430012101654 0.018068887634105024
0 0.7690601048810004 0.42715979672501414 0.03509479628882614 0.015810276679841896
0 0.7952803549818476 0.4298418972332016 0.019766034691407825 0.008752117447769622
0 0.827349737797499 0.43040654997176736 0.011294876966518758 0.008752117447769622
0 0.15429608713190804 0.47783738001129306 0.018959257765227916 0.016092603049124788
0 0.16579265832997175 0.48122529644268774 0.010488100040338847 0.007622811970638058
0 0.1811214199273901 0.4829192546583851 0.016135538523598225 0.007622811970638058
0 0.20108914885034287 0.4754376058723885 0.018959257765227916 0.01693958215697346
0 0.2172246873739411 0.4798136645962733 0.00927793465106898 0.006493506493506494
0 0.263614360629286 0.4798136645962733 0.018152480839048003 0.009316770186335404
0 0.27974989915288423 0.47684923771880294 0.012505042355788625 0.012422360248447204
0 0.2934651068979427 0.48122529644268774 0.010891488503428802 0.007058159232072276
0 0.3281565147236789 0.47571993224167136 0.011698265429608713 0.01355166572557877
0 0.3412666397741025 0.47910784867306605 0.008874546187979023 0.006775832862789385
0 0.354780153287616 0.47557876905702995 0.01573215006050827 0.016092603049124788
0 0.4035901573215006 0.47882552230378317 0.012505042355788625 0.01129305477131564
0 0.4169019766034691 0.47261434217955955 0.010891488503428802 0.019198193111236588
0 0.4419120613150464 0.4761434217955957 0.031060911657926585 0.01383399209486166
0 0.46772892295280355 0.47444946357989837 0.01734570391286809 0.016092603049124788
0 0.5201694231544978 0.4754376058723885 0.030254134731746672 0.015245623941276116
0 0.5437676482452601 0.47910784867306605 0.01855586930213796 0.007905138339920948
0 0.5776522791448164 0.47896668548842464 0.0024203307785397336 0.006493506493506494
0 0.5790641387656313 0.4704968944099379 0.0012101653892698668 0.001976284584980237
0 0.5873336022589754 0.4741671372106155 0.011294876966518758 0.016092603049124788
0 0.5945945945945946 0.4785431959345003 0.008067769261799113 0.00846979107848673
0 0.6405808793868495 0.4785431959345003 0.024203307785397338 0.021456804065499716
0 0.6589350544574425 0.4813664596273292 0.01008471157724889 0.004517221908526256
0 0.6772892295280355 0.4751552795031056 0.016942315449778138 0.015245623941276116
0 0.6934247680516338 0.4785431959345003 0.01855586930213796 0.007905138339920948
0 0.7135941912061315 0.4860248447204969 0.00645421540943929 0.00818746470920384
0 0.7434449374747882 0.47571993224167136 0.01936264622831787 0.015245623941276116
0 0.7617991125453812 0.47939017504234893 0.010891488503428802 0.007340485601355167
0 0.7946752722872126 0.47939017504234893 0.012101653892698669 0.006775832862789385
0 0.8057684550221864 0.4860248447204969 0.01573215006050827 0.023433088650479956
0 0.8223073820088745 0.4792490118577075 0.010891488503428802 0.007622811970638058
0 0.8388463089955627 0.4754376058723885 0.02218636546994756 0.01693958215697346
0 0.1555062525211779 0.5227272727272727 0.01734570391286809 0.016092603049124788
0 0.16881807180314642 0.5280914737436476 0.007664380798709157 0.007058159232072276
0 0.17870108914885036 0.5306324110671937 0.003227107704719645 0.002540937323546019
0 0.21903993545784592 0.5245623941276115 0.01936264622831787 0.018068887634105024
0 0.24041952400161357 0.5299265951439864 0.026623638563937072 0.009034443817052512
0 0.2603872529245664 0.532608695652174 0.01008471157724889 0.008752117447769622
0 0.27269060104881 0.5324675324675324 0.011294876966518758 0.009034443817052512
0 0.28519564340459863 0.5271033314511575 0.004840661557079467 0.017504234895539244
0 0.326946349334409 0.5239977413890458 0.01573215006050827 0.018068887634105024
0 0.3263412666397741 0.5160926030491247 0.0024203307785397336 0.00282326369282891
0 0.33864461476401775 0.5287972896668549 0.007664380798709157 0.007340485601355167
0 0.3489310205728116 0.5238565782044043 0.008067769261799113 0.016092603049124788
0 0.35941912061315046 0.5302089215132694 0.010488100040338847 0.007905138339920948
0 0.3753529649052037 0.5304912478825522 0.010891488503428802 0.00846979107848673
0 0.39027833803953205 0.5304912478825522 0.014925373134328358 0.007905138339920948
0 0.4080274304154901 0.5317617165443252 0.01008471157724889 0.007622811970638058
0 0.41871722468737393 0.5307735742518351 0.010488100040338847 0.00564652738565782
0 0.43243243243243246 0.5307735742518351 0.012101653892698669 0.004517221908526256
0 0.44937474788221055 0.5335968379446641 0.003227107704719645 0.002258610954263128
