0 0.16276724485679708 0.19240542066629024 0.043969342476805166 0.017221908526256352
0 0.22166196046793063 0.19748729531338227 0.021379588543767647 0.007622811970638058
0 0.22025010084711577 0.18647656691134953 0.0024203307785397336 0.001976284584980237
0 0.282170229931424 0.1922642574816488 0.050423557886244454 0.019198193111236588
0 0.2962888261395724 0.18351214003387917 0.002016942315449778 0.0016939582156973462
0 0.345703912868092 0.1932523997741389 0.01936264622831787 0.016092603049124788
0 0.382008874546188 0.19240542066629024 0.02581686163775716 0.016092603049124788
0 0.47398144413069787 0.1932523997741389 0.12585720048406615 0.017786561264822136
0 0.5679709560306575 0.19240542066629024 0.029043969342476807 0.01948051948051948
0 0.5790641387656313 0.20214568040654998 0.008471157724889069 0.00846979107848673
0 0.6192012908430818 0.19494635798983626 0.03872529245663574 0.022303783173348392
0 0.6887858007260992 0.19678147939017504 0.06252521177894312 0.007905138339920948
0 0.7789431222267044 0.19621682665160925 0.07341670028237192 0.025974025974025976
0 0.8186768858410649 0.20341614906832298 0.007664380798709157 0.007058159232072276
0 0.15490116982654295 0.24802371541501977 0.03146430012101654 0.007622811970638058
0 0.1555062525211779 0.23588368153585546 0.004437273093989512 0.001976284584980237
0 0.20976200080677693 0.24280067758328627 0.03791851553045583 0.019198193111236588
0 0.26522791448164584 0.24209486166007904 0.014925373134328358 0.013269339356295878
0 0.27874142799515933 0.24421230942970074 0.01290843081887858 0.012987012987012988
0 0.2991125453812021 0.24449463579898362 0.013311819281968536 0.015810276679841896
0 0.32129891085114964 0.2429418407679277 0.01653892698668818 0.01383399209486166
0 0.34045986284792257 0.24774138904573687 0.01290843081887858 0.008752117447769622
0 0.35296490520371115 0.2515527950310559 0.008067769261799113 0.007340485601355167
0 0.3860427591770875 0.24632975719932243 0.026623638563937072 0.008752117447769622
0 0.4443323920935861 0.24731789949181254 0.04881000403388463 0.009034443817052512
0 0.5123033481242436 0.24280067758328627 0.04679306171843485 0.01693958215697346
0 0.5871319080274304 0.24463579898362506 0.06333198870512304 0.017221908526256352
0 0.6841468334005647 0.24449463579898362 0.08793868495361033 0.02258610954263128
0 0.7565550625252118 0.2450592885375494 0.04961678096006454 0.018068887634105024
0 0.8194836627672448 0.24322416713721062 0.03751512706736587 0.018351214003387916
0 0.14945542557482855 0.2920666290231508 0.01653892698668818 0.022868435911914172
0 0.1855586930213796 0.29023150762281197 0.03872529245663574 0.020892151326933936
0 0.19584509883017345 0.2833145115753811 0.0028237192416296895 0.001976284584980237
0 0.31343283582089554 0.2933370976849238 0.16780960064542155 0.018068887634105024
0 0.40943929003630497 0.30194805194805197 0.0024203307785397336 0.001411631846414455
0 0.43828156514723676 0.2922077922077922 0.02864058087938685 0.018633540372670808
0 0.4943525615167406 0.295313382269904 0.04235578862444534 0.009599096555618294
0 0.5294473578055667 0.2971485036702428 0.026220250100847116 0.025691699604743084
0 0.5780556676079064 0.29700734048560135 0.02743041549011698 0.009599096555618294
0 0.6216216216216216 0.2912196499153021 0.014521984671238403 0.014398644833427442
0 0.6377571601452199 0.29234895539243366 0.014521984671238403 0.016657255787690572
0 0.6536910044372731 0.29390175042348954 0.012505042355788625 0.014116318464144552
0 0.6736587333602259 0.29545454545454547 0.015328761597418314 0.012704686617730096
0 0.6920129084308189 0.3039243365330322 0.006857603872529245 0.005928853754940711
0 0.7394110528438886 0.2924901185770751 0.07260992335619201 0.019762845849802372
0 0.1972569584509883 0.34839073969508755 0.11940298507462686 0.031055900621118012
0 0.34227511093182733 0.3430265386787126 0.11980637353771682 0.0220214568040655
0 0.33985478015328763 0.3361095426312818 0.0028237192416296895 0.001976284584980237
0 0.4745865268253328 0.3440146809712027 0.118192819685357 0.0251270468661773
0 0.45320693828156516 0.3383681535855449 0.0028237192416296895 0.001411631846414455
0 0.5647438483259378 0.3435911914172784 0.03065752319483663 0.01637492941840768
0 0.6202097620008068 0.3445793337097685 0.035901573215006054 0.017786561264822136
0 0.6833400564743848 0.3503670242800678 0.035498184751916094 0.010728402032749858
0 0.746268656716418 0.34133258046301523 0.0500201694231545 0.020327498588368152
0 0.18132311415893507 0.39723320158102765 0.08350141185962082 0.026538678712591756
0 0.19302137958854376 0.3836815358554489 0.002016942315449778 0.0016939582156973462
0 0.2569584509883017 0.3948334274421231 0.03227107704719645 0.0251270468661773
0 0.33098023396530857 0.3924336533032185 0.08753529649052037 0.0220214568040655
0 0.3775716014521985 0.40654997176736307 0.004840661557079467 0.006775832862789385
0 0.4124647035094796 0.39257481648785997 0.04235578862444534 0.023997741389045736
0 0.48971359419120614 0.3985036702428007 0.06776926179911255 0.009316770186335404
0 0.5629286002420331 0.3997741389045737 0.03509479628882614 0.02710333145115754
0 0.5984267849939492 0.39906832298136646 0.043969342476805166 0.00818746470920384
0 0.6417910447761194 0.3996329757199322 0.041145623235175476 0.00818746470920384
0 0.7492940701895926 0.3958215697346132 0.12141992739007665 0.019198193111236588
0 0.7125857200484066 0.39836250705815923 0.0028237192416296895 0.002258610954263128
0 0.7771278741427995 0.3889045736871824 0.003630496167809601 0.001976284584980237
0 0.1972569584509883 0.44452286843591193 0.11940298507462686 0.022868435911914172
0 0.3424768051633723 0.4440993788819876 0.11778943122226704 0.020892151326933936
0 0.43606292860024204 0.45016939582156973 0.026623638563937072 0.009316770186335404
0 0.5863251311012505 0.4497459062676454 0.20855183541750705 0.030491247882552232
0 0.7488906817265026 0.44565217391304346 0.06978620411456232 0.021739130434782608
0 0.1791044776119403 0.49491812535290797 0.07503025413473174 0.019198193111236588
0 0.31444130697862044 0.5016939582156974 0.14158935054457442 0.029926595143986448
0 0.4203307785397338 0.49520045172219085 0.035498184751916094 0.017504234895539244
0 0.46329164985881405 0.4935064935064935 0.02218636546994756 0.018633540372670808
0 0.4834610730133118 0.5004234895539243 0.024606696248487294 0.007622811970638058
0 0.4838644614764018 0.48560135516657255 0.0028237192416296895 0.0016939582156973462
0 0.5772488906817265 0.4956239412761152 0.10568777732956837 0.01948051948051948
0 0.5966115369100444 0.49110671936758893 0.004033884630899556 0.002540937323546019
0 0.6393707139975797 0.5043760587238848 0.003227107704719645 0.001976284584980237
