0 0.15127067365873337 0.20821569734613213 0.01371520774505849 0.014963297571993224
0 0.1617587736990722 0.2124505928853755 0.009681323114158934 0.007622811970638058
0 0.17426381605486083 0.21259175607001693 0.01371520774505849 0.00564652738565782
0 0.20471964501815249 0.20990965556182947 0.018959257765227916 0.017221908526256352
0 0.23860427591770875 0.21146245059288538 0.00927793465106898 0.01355166572557877
0 0.25110931827349736 0.2090626764539808 0.00927793465106898 0.013269339356295878
0 0.2589753933037515 0.21287408243929984 0.004033884630899556 0.006211180124223602
0 0.2626058894715611 0.20609824957651043 0.004840661557079467 0.0033879164313946925
0 0.2680516337232755 0.2137210615471485 0.013311819281968536 0.009034443817052512
0 0.3116175877369907 0.20920383963862224 0.019766034691407825 0.012987012987012988
0 0.3501411859620815 0.208498023715415 0.010488100040338847 0.009881422924901186
0 0.3620411456232352 0.21230942970073405 0.013311819281968536 0.007340485601355167
0 0.39774102460669625 0.21230942970073405 0.01371520774505849 0.00846979107848673
0 0.41206131504638965 0.21386222473178995 0.00927793465106898 0.007058159232072276
0 0.4225494150867285 0.2137210615471485 0.00927793465106898 0.007905138339920948
0 0.4407018959257765 0.21146245059288538 0.02218636546994756 0.014116318464144552
0 0.4584509883017346 0.21386222473178995 0.019766034691407825 0.00818746470920384
0 0.4802339653085922 0.2124505928853755 0.022993142396127472 0.012704686617730096
0 0.5118999596611536 0.21442687747035574 0.011294876966518758 0.006493506493506494
0 0.5231948366276724 0.21047430830039526 0.005647438483259379 0.013269339356295878
0 0.5324727712787414 0.22035573122529645 0.00645421540943929 0.007058159232072276
0 0.5623235175473982 0.21259175607001693 0.021782977006857603 0.014680971202710334
0 0.5808793868495361 0.21513269339356295 0.010488100040338847 0.003952569169960474
0 0.6240419524001614 0.21414455110107283 0.03711173860427592 0.009316770186335404
0 0.672045179507866 0.21075663466967814 0.02016942315449778 0.013269339356295878
0 0.6926179911254539 0.2111801242236025 0.014521984671238403 0.01129305477131564
0 0.7029043969342477 0.21470920383963862 0.00927793465106898 0.006493506493506494
0 0.7109721661960468 0.21964991530208922 0.011698265429608713 0.012987012987012988
0 0.7194433239209359 0.2220496894409938 0.004437273093989512 0.005364201016374929
0 0.7472771278741428 0.2140033879164314 0.004437273093989512 0.007905138339920948
0 0.7523194836627672 0.20609824957651043 0.00645421540943929 0.003952569169960474
0 0.7559499798305769 0.21428571428571427 0.009681323114158934 0.00846979107848673
0 0.7878176684146834 0.21047430830039526 0.008874546187979023 0.012704686617730096
0 0.7974989915288423 0.21075663466967814 0.008067769261799113 0.012140033879164314
0 0.808592174263816 0.2134387351778656 0.00927793465106898 0.006775832862789385
0 0.14885034288019364 0.2598814229249012 0.004840661557079467 0.012704686617730096
0 0.15792658329971762 0.26030491247882553 0.01008471157724889 0.012422360248447204
0 0.16922146026623638 0.26016374929418407 0.01008471157724889 0.012140033879164314
0 0.18313836224283986 0.26002258610954265 0.012101653892698669 0.009599096555618294
0 0.19584509883017345 0.2611518915866742 0.00927793465106898 0.00564652738565782
0 0.20068576038725291 0.2691981931112366 0.0052440500201694235 0.005928853754940711
0 0.22771278741427994 0.26312817617165446 0.00927793465106898 0.006775832862789385
0 0.23981444130697863 0.2632693393562959 0.01008471157724889 0.006493506493506494
0 0.27228721258572003 0.2636928289102202 0.011294876966518758 0.007905138339920948
0 0.28317870108914883 0.26439864483342745 0.010488100040338847 0.005364201016374929
0 0.2966922146026624 0.2641163184641446 0.01734570391286809 0.006493506493506494
0 0.3402581686163776 0.2605872388481084 0.018959257765227916 0.01355166572557877
0 0.3582089552238806 0.26341050254093734 0.011294876966518758 0.006775832862789385
0 0.38785800726099234 0.26101072840203277 0.010891488503428802 0.012140033879164314
0 0.4035901573215006 0.2649632975719932 0.01734570391286809 0.007622811970638058
0 0.4171036708350141 0.2651044607566347 0.008067769261799113 0.006211180124223602
0 0.45461879790237997 0.2611518915866742 0.03469140782573618 0.015245623941276116
0 0.48124243646631704 0.2632693393562959 0.014521984671238403 0.009881422924901186
0 0.5205728116175877 0.26242236024844723 0.019766034691407825 0.016092603049124788
0 0.5375151270673659 0.26665725578769056 0.010891488503428802 0.003105590062111801
0 0.5657523194836628 0.26256352343308864 0.010891488503428802 0.01129305477131564
0 0.5758370310609117 0.2621400338791643 0.008471157724889069 0.01101072840203275
0 0.5875352964905204 0.2652456239412761 0.00927793465106898 0.006493506493506494
0 0.627067365873336 0.2619988706945229 0.01573215006050827 0.012987012987012988
0 0.635538523598225 0.2628458498023715 0.006857603872529245 0.01129305477131564
0 0.6436062928600242 0.26566911349520045 0.0052440500201694235 0.006775832862789385
0 0.6474384832593788 0.2597402597402597 0.005647438483259379 0.004517221908526256
0 0.6528842275110932 0.2658102766798419 0.007664380798709157 0.005364201016374929
0 0.6924162968939088 0.2619988706945229 0.01734570391286809 0.012422360248447204
0 0.7053247277127874 0.2658102766798419 0.00927793465106898 0.007058159232072276
0 0.7160145219846712 0.2662337662337662 0.009681323114158934 0.005081874647092038
0 0.7250907624041952 0.26383399209486164 0.004437273093989512 0.01101072840203275
0 0.7382008874546188 0.26679841897233203 0.01936264622831787 0.006211180124223602
0 0.7553448971359419 0.2672219085262564 0.01008471157724889 0.004799548277809147
0 0.7732956837434449 0.26651609260304915 0.022589753933037516 0.007905138339920948
0 0.790439693424768 0.26468097120271034 0.01008471157724889 0.00818746470920384
0 0.7983057684550222 0.269339356295878 0.0024203307785397336 0.0016939582156973462
0 0.8287615974183138 0.26242236024844723 0.014925373134328358 0.014398644833427442
0 0.8428801936264623 0.26453980801806887 0.014118596208148447 0.006775832862789385
0 0.14521984671238403 0.31394692264257484 0.010488100040338847 0.009599096555618294
0 0.15711980637353773 0.3135234330886505 0.00927793465106898 0.007058159232072276
0 0.16982654296087132 0.3129587803500847 0.010488100040338847 0.005364201016374929
0 0.1772892295280355 0.3114059853190288 0.0060508269463493344 0.011857707509881422
0 0.1827349737797499 0.3177583286278938 0.01290843081887858 0.012704686617730096
0 0.2154094392900363 0.3138057594579334 0.009681323114158934 0.007058159232072276
0 0.22952803549818476 0.3136645962732919 0.011294876966518758 0.00846979107848673
0 0.2658329971762808 0.3102766798418972 0.004033884630899556 0.012422360248447204
0 0.27954820492133925 0.3114059853190288 0.014521984671238403 0.014116318464144552
0 0.29850746268656714 0.31070016939582157 0.01371520774505849 0.009316770186335404
0 0.31423961274707546 0.3111236589497459 0.01290843081887858 0.00846979107848673
0 0.3263412666397741 0.32086391869000563 0.004840661557079467 0.006493506493506494
0 0.3608309802339653 0.31521739130434784 0.014925373134328358 0.00818746470920384
0 0.3743444937474788 0.3129587803500847 0.008067769261799113 0.012704686617730096
0 0.3894715611133522 0.31592320722755507 0.018152480839048003 0.007340485601355167
0 0.4334409035901573 0.31084133258046304 0.024606696248487294 0.01355166572557877
0 0.4515933844292053 0.3197346132128741 0.00927793465106898 0.016657255787690572
0 0.4608713190802743 0.3125352907961604 0.003630496167809601 0.010728402032749858
0 0.4717628075837031 0.31507622811970637 0.012505042355788625 0.00846979107848673
0 0.49152884227511096 0.31408808582721626 0.019766034691407825 0.007622811970638058
0 0.5044372730939896 0.3198757763975155 0.01653892698668818 0.01637492941840768
0 0.5502218636546995 0.31126482213438733 0.023396530859217425 0.012704686617730096
0 0.5657523194836628 0.3105590062111801 0.0060508269463493344 0.012422360248447204
0 0.5703912868091973 0.3136645962732919 0.004033884630899556 0.00564652738565782
0 0.5776522791448164 0.3061829474872953 0.008067769261799113 0.004234895539243365
0 0.5794675272287213 0.3154997176736307 0.010891488503428802 0.007622811970638058
0 0.591367486889875 0.31493506493506496 0.012101653892698669 0.006493506493506494
0 0.6099233561920129 0.31309994353472614 0.026623638563937072 0.011857707509881422
0 0.654497781363453 0.3123941276115189 0.011698265429608713 0.013269339356295878
0 0.6708350141185963 0.3154997176736307 0.02016942315449778 0.007622811970638058
0 0.6670028237192416 0.30844155844155846 0.0060508269463493344 0.004234895539243365
0 0.6970552642194433 0.31507622811970637 0.021782977006857603 0.009034443817052512
0 0.7127874142799516 0.3123941276115189 0.005647438483259379 0.012140033879164314
0 0.7224687373941105 0.31225296442687744 0.010488100040338847 0.014116318464144552
0 0.7620008067769262 0.3132411067193676 0.01936264622831787 0.012140033879164314
0 0.8009277934651069 0.313382269904009 0.019766034691407825 0.010163749294184076
0 0.8348124243646632 0.3154997176736307 0.01008471157724889 0.005928853754940711
0 0.8473174667204518 0.31493506493506496 0.01008471157724889 0.007622811970638058
0 0.14683340056474384 0.3622247317899492 0.008874546187979023 0.012422360248447204
0 0.15711980637353773 0.36278938452851495 0.00927793465106898 0.014116318464144552
0 0.16680112948769665 0.365330321852061 0.00927793465106898 0.007340485601355167
0 0.200080677692618 0.3699887069452287 0.01290843081887858 0.014398644833427442
0 0.21500605082694635 0.36589497459062675 0.008874546187979023 0.007340485601355167
0 0.22307382008874546 0.3650479954827781 0.004033884630899556 0.006775832862789385
0 0.22831787010891488 0.3567193675889328 0.004840661557079467 0.003105590062111801
0 0.2317466720451795 0.36490683229813664 0.01008471157724889 0.006493506493506494
0 0.2418313836224284 0.36264822134387353 0.007664380798709157 0.01101072840203275
0 0.26946349334409037 0.365330321852061 0.012101653892698669 0.007340485601355167
0 0.28156514723678905 0.36180124223602483 0.009681323114158934 0.014963297571993224
0 0.3164582492940702 0.36307171089779783 0.018152480839048003 0.012987012987012988
0 0.3281565147236789 0.365330321852061 0.010891488503428802 0.00846979107848673
0 0.33884630899556273 0.3654714850367024 0.008874546187979023 0.006493506493506494
0 0.3509479628882614 0.36250705815923207 0.008067769261799113 0.014116318464144552
0 0.35962081484469544 0.36335403726708076 0.010891488503428802 0.01355166572557877
0 0.3699072206534893 0.37267080745341613 0.004033884630899556 0.006211180124223602
0 0.40419524001613555 0.36307171089779783 0.020976200080677694 0.015810276679841896
0 0.4213392496974587 0.3673066064370412 0.010891488503428802 0.006775832862789385
0 0.4519967728922953 0.36561264822134387 0.011698265429608713 0.007340485601355167
0 0.46954417103670837 0.366600790513834 0.023396530859217425 0.008752117447769622
0 0.5149253731343284 0.3622247317899492 0.018959257765227916 0.015810276679841896
0 0.5354981847519161 0.3660361377752682 0.0326744655102864 0.008752117447769622
0 0.5635336829366681 0.36575381140598534 0.02016942315449778 0.007058159232072276
0 0.628075837031061 0.364059853190288 0.05647438483259379 0.01383399209486166
0 0.6597418313836224 0.3598249576510446 0.0052440500201694235 0.0036702428006775835
0 0.6643807987091569 0.3663184641445511 0.011294876966518758 0.005928853754940711
0 0.6736587333602259 0.3660361377752682 0.010488100040338847 0.007622811970638058
0 0.7260992335619201 0.36250705815923207 0.04437273093989512 0.015810276679841896
0 0.754336425978217 0.3673066064370412 0.010488100040338847 0.006775832862789385
0 0.7680516337232756 0.36462450592885376 0.014521984671238403 0.01101072840203275
0 0.8150463896732554 0.3619424054206663 0.02218636546994756 0.014680971202710334
0 0.8319887051230335 0.366600790513834 0.01008471157724889 0.007058159232072276
0 0.8483259378781767 0.366600790513834 0.01936264622831787 0.009316770186335404
0 0.15026220250100847 0.41304347826086957 0.01008471157724889 0.00846979107848673
0 0.16317063331988704 0.4140316205533597 0.011698265429608713 0.008752117447769622
0 0.2029043969342477 0.41078486730660646 0.009681323114158934 0.015810276679841896
0 0.21843485276321098 0.41544325239977414 0.00927793465106898 0.005928853754940711
0 0.23396530859217426 0.4150197628458498 0.015328761597418314 0.007340485601355167
0 0.24929407018959257 0.4155844155844156 0.008874546187979023 0.007905138339920948
0 0.2607906413876563 0.4162902315076228 0.008471157724889069 0.007058159232072276
0 0.2779346510689794 0.41869000564652736 0.015328761597418314 0.014680971202710334
0 0.29043969342476805 0.4155844155844156 0.008874546187979023 0.00564652738565782
0 0.3019362646228318 0.4134669678147939 0.007664380798709157 0.01383399209486166
0 0.3106091165792658 0.41318464144551104 0.009681323114158934 0.012140033879164314
0 0.31807180314643 0.4222190852625635 0.014118596208148447 0.014398644833427442
0 0.3600242033077854 0.41304347826086957 0.013311819281968536 0.011857707509881422
0 0.37131908027430416 0.41643139469226426 0.007664380798709157 0.005081874647092038
0 0.3870512303348124 0.41332580463015245 0.01653892698668818 0.011857707509881422
0 0.4237595804759984 0.4126199887069452 0.02218636546994756 0.012140033879164314
0 0.4463493344090359 0.4150197628458498 0.019766034691407825 0.007340485601355167
0 0.4947559499798306 0.4117730095990966 0.012505042355788625 0.011575381140598532
0 0.5086728519564341 0.41417278373800115 0.014521984671238403 0.00564652738565782
0 0.5203711173860428 0.4160079051383399 0.010488100040338847 0.006493506493506494
0 0.5310609116579266 0.4165725578769057 0.010891488503428802 0.005364201016374929
0 0.5419524001613554 0.42080745341614906 0.01008471157724889 0.01383399209486166
0 0.5540540540540541 0.41445511010728403 0.00927793465106898 0.014116318464144552
0 0.563937071399758 0.4137492941840768 0.00645421540943929 0.011575381140598532
0 0.6020572811617588 0.41445511010728403 0.020572811617587738 0.012987012987012988
0 0.6466317063331989 0.41332580463015245 0.012101653892698669 0.010163749294184076
0 0.6579265832997176 0.4153020892151327 0.003227107704719645 0.006211180124223602
0 0.6619604679306171 0.4088085827216262 0.004840661557079467 0.005081874647092038
0 0.6674062121823315 0.415725578769057 0.012505042355788625 0.007058159232072276
0 0.7045179507866075 0.41544325239977414 0.010891488503428802 0.007622811970638058
0 0.7172246873739411 0.4171372106154715 0.008874546187979023 0.006493506493506494
0 0.7285195643404598 0.41318464144551104 0.00645421540943929 0.014963297571993224
0 0.7375958047599839 0.41699604743083 0.003630496167809601 0.006211180124223602
0 0.7430415490116983 0.4096555618294749 0.00645421540943929 0.005081874647092038
0 0.7492940701895926 0.4181253529079616 0.00927793465106898 0.007340485601355167
0 0.7601855586930214 0.41798418972332013 0.008471157724889069 0.007622811970638058
0 0.7704719645018152 0.4215132693393563 0.0024203307785397336 0.0016939582156973462
