0 0.14743848325937878 0.19706380575945792 0.002016942315449778 0.00282326369282891
0 0.17769261799112546 0.20990965556182947 0.043162565550625254 0.020045172219085264
0 0.22589753933037515 0.2161208356860531 0.011294876966518758 0.00818746470920384
0 0.2658329971762808 0.2121682665160926 0.02581686163775716 0.023433088650479956
0 0.2700685760387253 0.2062394127611519 0.002016942315449778 0.001411631846414455
0 0.290843081887858 0.21583850931677018 0.024203307785397338 0.021739130434782608
0 0.30899556272690604 0.2134387351778656 0.01371520774505849 0.023150762281197064
0 0.32210568777732956 0.21315640880858272 0.01653892698668818 0.01637492941840768
0 0.3676885841064946 0.2127329192546584 0.03670835014118596 0.017786561264822136
0 0.390883420734167 0.2077922077922078 0.004840661557079467 0.007905138339920948
0 0.3947156111335216 0.2199322416713721 0.002016942315449778 0.0016939582156973462
0 0.4015732150060508 0.20327498588368154 0.003630496167809601 0.004517221908526256
0 0.44050020169423154 0.21146245059288538 0.023396530859217425 0.020892151326933936
0 0.48507462686567165 0.21414455110107283 0.0391286809197257 0.014963297571993224
0 0.5167406212182332 0.22007340485601354 0.0024203307785397336 0.001411631846414455
0 0.5280354981847519 0.20496894409937888 0.004033884630899556 0.004517221908526256
0 0.5427591770875353 0.21315640880858272 0.008471157724889069 0.01693958215697346
0 0.5772488906817265 0.21160361377752682 0.03469140782573618 0.0189158667419537
0 0.6016538926986689 0.21259175607001693 0.02702702702702703 0.01693958215697346
0 0.6194029850746269 0.20892151326933936 0.0060508269463493344 0.010163749294184076
0 0.6238402581686163 0.21964991530208922 0.002016942315449778 0.001129305477131564
0 0.6603469140782574 0.21259175607001693 0.04356595401371521 0.017504234895539244
0 0.6984671238402582 0.20765104460756634 0.002016942315449778 0.001411631846414455
0 0.7071399757966922 0.2165443252399774 0.015328761597418314 0.007905138339920948
0 0.7162162162162162 0.21287408243929984 0.014118596208148447 0.018633540372670808
0 0.7307382008874547 0.2127329192546584 0.01573215006050827 0.015527950310559006
0 0.7615974183138362 0.21301524562394128 0.04437273093989512 0.016657255787690572
0 0.7620008067769262 0.2075098814229249 0.003227107704719645 0.002258610954263128
0 0.7853973376361436 0.2080745341614907 0.005647438483259379 0.010728402032749858
0 0.7894312222670432 0.21950875211744778 0.0024203307785397336 0.001411631846414455
0 0.15590964098426785 0.2597402597402597 0.019766034691407825 0.018633540372670808
0 0.17244856797095603 0.2662337662337662 0.014118596208148447 0.007340485601355167
0 0.19221460266236384 0.2662337662337662 0.025413473174667203 0.007340485601355167
0 0.2244856797095603 0.2662337662337662 0.03670835014118596 0.024844720496894408
0 0.25978217022993144 0.26171654432524 0.010488100040338847 0.017504234895539244
0 0.30052440500201694 0.2670807453416149 0.02501008471157725 0.007905138339920948
0 0.336022589753933 0.25889328063241107 0.004033884630899556 0.0016939582156973462
0 0.3533682936668011 0.26242236024844723 0.03146430012101654 0.016092603049124788
0 0.36042759177087536 0.2552230378317335 0.002016942315449778 0.0016939582156973462
0 0.381605486083098 0.26355166572557875 0.03065752319483663 0.020045172219085264
0 0.40742234772085517 0.2619988706945229 0.023396530859217425 0.01693958215697346
0 0.4336425978217023 0.27004517221908525 0.0024203307785397336 0.004799548277809147
0 0.45582896329164985 0.26228119706380576 0.03146430012101654 0.018068887634105024
0 0.4870915691811214 0.26143421795595706 0.006857603872529245 0.01693958215697346
0 0.5294473578055667 0.26665725578769056 0.04719645018152481 0.023997741389045736
0 0.600443727309399 0.26256352343308864 0.06171843485276321 0.01693958215697346
0 0.6577248890681726 0.2618577075098814 0.021379588543767647 0.021739130434782608
0 0.6706333198870512 0.2672219085262564 0.006857603872529245 0.007622811970638058
0 0.6942315449778136 0.26693958215697344 0.016942315449778138 0.008752117447769622
0 0.7077450584913272 0.2704686617730096 0.01573215006050827 0.014680971202710334
0 0.7557482855990318 0.26228119706380576 0.051230334812424366 0.018633540372670808
0 0.7878176684146834 0.2707509881422925 0.014521984671238403 0.01637492941840768
0 0.7995159338442921 0.25903444381705254 0.005647438483259379 0.013269339356295878
0 0.8021379588543768 0.27032749858836813 0.002016942315449778 0.001411631846414455
0 0.8202904396934247 0.26242236024844723 0.01008471157724889 0.016657255787690572
0 0.845300524405002 0.27117447769621683 0.0326744655102864 0.016092603049124788
0 0.15933844292053248 0.3090062111801242 0.021782977006857603 0.020609824957651044
0 0.20431625655506253 0.3157820440429136 0.02864058087938685 0.009316770186335404
0 0.20592981040742234 0.3049124788255223 0.0028237192416296895 0.0016939582156973462
0 0.22246873739411052 0.31126482213438733 0.01008471157724889 0.016092603049124788
0 0.24505849132714805 0.3123941276115189 0.03428801936264623 0.016092603049124788
0 0.27591770875352967 0.3197346132128741 0.0024203307785397336 0.005928853754940711
0 0.2987091569181121 0.3116883116883117 0.01008471157724889 0.015810276679841896
0 0.31020572811617586 0.3125352907961604 0.014521984671238403 0.01693958215697346
0 0.31847519160952 0.3170525127046866 0.0060508269463493344 0.007340485601355167
0 0.3261395724082291 0.3176171654432524 0.008471157724889069 0.00846979107848673
0 0.3313836224283985 0.3059006211180124 0.004437273093989512 0.005928853754940711
0 0.34953610326744655 0.3132411067193676 0.01008471157724889 0.016657255787690572
0 0.40096813231141587 0.3135234330886505 0.04921339249697459 0.016657255787690572
0 0.45139169019766034 0.31225296442687744 0.016942315449778138 0.018633540372670808
0 0.46893908834207343 0.3135234330886505 0.018959257765227916 0.017786561264822136
0 0.5135135135135135 0.31408808582721626 0.03146430012101654 0.023433088650479956
0 0.563937071399758 0.3129587803500847 0.03711173860427592 0.0189158667419537
0 0.6127470754336426 0.3132411067193676 0.029043969342476807 0.017221908526256352
0 0.6579265832997176 0.3177583286278938 0.016135538523598225 0.009316770186335404
0 0.6754739814441307 0.31832298136645965 0.019766034691407825 0.007622811970638058
0 0.6899959661153691 0.320016939582157 0.010891488503428802 0.010446075663466968
0 0.7045179507866075 0.3190287972896669 0.014118596208148447 0.007340485601355167
0 0.7307382008874547 0.3135234330886505 0.0391286809197257 0.018351214003387916
0 0.727511093182735 0.3085827216261999 0.003630496167809601 0.002258610954263128
0 0.7732956837434449 0.31592320722755507 0.01936264622831787 0.020892151326933936
0 0.8069786204114562 0.3136645962732919 0.033481242436466316 0.018633540372670808
0 0.15873336022589754 0.3610954263128176 0.01573215006050827 0.019762845849802372
0 0.1518757563533683 0.3551665725578769 0.002016942315449778 0.002258610954263128
0 0.172851956434046 0.36801242236024845 0.008471157724889069 0.007622811970638058
0 0.17930617184348527 0.36773009599096557 0.0060508269463493344 0.007058159232072276
0 0.1946349334409036 0.3654714850367024 0.022993142396127472 0.01948051948051948
0 0.23618394513916902 0.3684359119141728 0.020572811617587738 0.00846979107848673
0 0.2462686567164179 0.36462450592885376 0.019766034691407825 0.016092603049124788
0 0.28680919725695847 0.3643421795595709 0.021782977006857603 0.017786561264822136
0 0.327148043565954 0.3685770750988142 0.015328761597418314 0.008752117447769622
0 0.36607503025413474 0.36829474872953133 0.0391286809197257 0.02456239412761152
0 0.41488503428801937 0.36307171089779783 0.020572811617587738 0.01693958215697346
0 0.46107301331181927 0.36250705815923207 0.02743041549011698 0.015810276679841896
0 0.5020169423154498 0.3642010163749294 0.022993142396127472 0.019198193111236588
0 0.5199677289229528 0.36928289102202144 0.016135538523598225 0.007340485601355167
0 0.5328761597418313 0.36928289102202144 0.012101653892698669 0.007905138339920948
0 0.5738200887454619 0.3643421795595709 0.018959257765227916 0.023433088650479956
0 0.6238402581686163 0.36391869000564653 0.04800322710770472 0.01693958215697346
0 0.6496571198063735 0.36490683229813664 0.011698265429608713 0.017221908526256352
0 0.6595401371520775 0.3695652173913043 0.007260992335619202 0.006775832862789385
0 0.6655909640984268 0.3695652173913043 0.00645421540943929 0.006211180124223602
0 0.6762807583703107 0.37337662337662336 0.013311819281968536 0.01383399209486166
0 0.6784993949173054 0.3609542631281762 0.004033884630899556 0.002540937323546019
0 0.6841468334005647 0.36984754376058726 0.007260992335619202 0.006211180124223602
0 0.6895925776522791 0.3699887069452287 0.007664380798709157 0.006493506493506494
0 0.7004840661557079 0.3694240542066629 0.01653892698668818 0.007622811970638058
0 0.7148043565954014 0.37238848108413325 0.0024203307785397336 0.006211180124223602
0 0.7476805163372328 0.36335403726708076 0.043162565550625254 0.019198193111236588
0 0.7313432835820896 0.36773009599096557 0.0016135538523598225 0.001976284584980237
0 0.790439693424768 0.36377752682100506 0.024606696248487294 0.01948051948051948
0 0.16155707946752723 0.40782044042913607 0.0060508269463493344 0.009316770186335404
0 0.16417910447761194 0.4178430265386787 0.011294876966518758 0.00846979107848673
0 0.17708753529649052 0.41798418972332013 0.009681323114158934 0.00818746470920384
0 0.1899959661153691 0.4189723320158103 0.015328761597418314 0.007905138339920948
0 0.2144009681323114 0.41798418972332013 0.035901573215006054 0.007622811970638058
0 0.27874142799515933 0.41304347826086957 0.05486083098023396 0.019198193111236588
0 0.34610730133118195 0.42108977978543194 0.04033884630899556 0.014398644833427442
0 0.39128680919725695 0.41756070016939584 0.012101653892698669 0.007340485601355167
0 0.4429205324727713 0.41360813099943533 0.042759177087535294 0.018068887634105024
0 0.43384429205324726 0.4085262563523433 0.004437273093989512 0.00282326369282891
0 0.48426784993949173 0.4138904573687182 0.051230334812424366 0.015245623941276116
0 0.4858814037918516 0.4096555618294749 0.0060508269463493344 0.00282326369282891
0 0.5235982250907624 0.423630717108978 0.0024203307785397336 0.005364201016374929
0 0.5399354578459056 0.41826651609260307 0.01573215006050827 0.00818746470920384
0 0.563735377168213 0.4153020892151327 0.03670835014118596 0.017504234895539244
0 0.5611133521581283 0.41106719367588934 0.004840661557079467 0.00282326369282891
0 0.6264622831787011 0.4137492941840768 0.04195240016135539 0.01948051948051948
0 0.6803146430012101 0.4124788255223038 0.024606696248487294 0.019198193111236588
0 0.6728519564340459 0.40669113495200454 0.0016135538523598225 0.001976284584980237
0 0.7309398951189996 0.41219649915302087 0.03791851553045583 0.020327498588368152
0 0.7166196046793062 0.40344438170525126 0.002016942315449778 0.0016939582156973462
0 0.7607906413876563 0.4227837380011293 0.0024203307785397336 0.004234895539243365
0 0.7878176684146834 0.4147374364765669 0.03307785397337636 0.018068887634105024
0 0.7851956434045986 0.40711462450592883 0.0028237192416296895 0.002258610954263128
0 0.835820895522388 0.4124788255223038 0.01936264622831787 0.020327498588368152
0 0.1591367486889875 0.4675324675324675 0.01008471157724889 0.009034443817052512
0 0.2008874546187979 0.467673630717109 0.04195240016135539 0.010446075663466968
0 0.25211778943122226 0.46357989836250707 0.01855586930213796 0.020892151326933936
0 0.29265832997176283 0.46287408243929984 0.021379588543767647 0.01948051948051948
0 0.3408632513110125 0.46485036702428006 0.07745058491327148 0.017786561264822136
0 0.3215006050826946 0.4601919819311124 0.0024203307785397336 0.0016939582156973462
0 0.3511496571198064 0.45835686053077357 0.002016942315449778 0.001411631846414455
0 0.3924969745865268 0.47247317899491814 0.004033884630899556 0.005364201016374929
0 0.40923759580476 0.46273291925465837 0.013311819281968536 0.015245623941276116
0 0.4560306575231948 0.46414455110107283 0.03993545784590561 0.018068887634105024
0 0.508874546187979 0.46725014116318464 0.02218636546994756 0.025974025974025976
0 0.5215812827753126 0.4666854884246189 0.016135538523598225 0.015810276679841896
0 0.5611133521581283 0.4647092038396386 0.029850746268656716 0.018633540372670808
0 0.5891488503428802 0.47007340485601357 0.02944735780556676 0.007340485601355167
0 0.6411859620814845 0.4658385093167702 0.040742234772085516 0.015810276679841896
0 0.6974586526825333 0.4719085262563523 0.04356595401371521 0.017786561264822136
0 0.7599838644614764 0.466403162055336 0.06292860024203308 0.025409373235460192
0 0.7989108511496571 0.4733201581027668 0.002016942315449778 0.001411631846414455
0 0.8037515127067366 0.47346132128740825 0.002016942315449778 0.001129305477131564
0 0.8087938684953611 0.4733201581027668 0.0024203307785397336 0.001976284584980237
