0 0.15974183138362244 0.20722755505364202 0.05244050020169423 0.018068887634105024
0 0.2127874142799516 0.20736871823828346 0.030254134731746672 0.017221908526256352
0 0.2765227914481646 0.21287408243929984 0.07462686567164178 0.02710333145115754
0 0.2712787414279952 0.19875776397515527 0.0028237192416296895 0.003952569169960474
0 0.2918515530455829 0.20143986448334275 0.003630496167809601 0.001976284584980237
0 0.3592174263816055 0.2124505928853755 0.07059298104074223 0.01383399209486166
0 0.4344493747478822 0.21089779785431959 0.042759177087535294 0.012422360248447204
0 0.4883017345703913 0.21329757199322416 0.043162565550625254 0.022303783173348392
0 0.5141185962081485 0.21569734613212874 0.003630496167809601 0.007905138339920948
0 0.5427591770875353 0.20878035008469792 0.02864058087938685 0.014963297571993224
0 0.5893505445744252 0.2096273291925466 0.048406615570794675 0.014963297571993224
0 0.6403791851553046 0.2075098814229249 0.011698265429608713 0.018068887634105024
0 0.6661960467930618 0.20920383963862224 0.05203711173860428 0.01693958215697346
0 0.7323517547398144 0.20934500282326368 0.05526421944332392 0.017221908526256352
0 0.7977006857603872 0.20835686053077357 0.03509479628882614 0.01693958215697346
0 0.17809600645421542 0.26044607566346695 0.08430818878580072 0.028514963297571992
0 0.23053650665590963 0.26665725578769056 0.004437273093989512 0.01101072840203275
0 0.2656313029447358 0.2611518915866742 0.0463896732553449 0.014680971202710334
0 0.3489310205728116 0.25818746470920384 0.09600645421540945 0.0189158667419537
0 0.4281968535699879 0.25734048560135514 0.02379991932230738 0.015527950310559006
0 0.4828559903186769 0.2587521174477696 0.0572811617587737 0.016657255787690572
0 0.54497781363453 0.26242236024844723 0.03065752319483663 0.020609824957651044
0 0.5881403791851553 0.2562111801242236 0.03227107704719645 0.0189158667419537
0 0.6438079870915692 0.2595990965556183 0.07099636950383219 0.018351214003387916
0 0.6430012101653892 0.24590626764539808 0.003227107704719645 0.002258610954263128
0 0.6855586930213796 0.268068887634105 0.004437273093989512 0.003105590062111801
0 0.7101653892698668 0.2598814229249012 0.022993142396127472 0.014963297571993224
0 0.7617991125453812 0.25903444381705254 0.04961678096006454 0.016092603049124788
0 0.17789431222267044 0.30872388481084134 0.09197256958450989 0.01948051948051948
0 0.22771278741427994 0.31719367588932806 0.0052440500201694235 0.007622811970638058
0 0.2559499798305768 0.30773574251835123 0.021379588543767647 0.018068887634105024
0 0.2987091569181121 0.3129587803500847 0.04477611940298507 0.011575381140598532
0 0.3444937474788221 0.3026538678712592 0.004840661557079467 0.00564652738565782
0 0.3892698668818072 0.31225296442687744 0.08874546187979024 0.025409373235460192
0 0.40943929003630497 0.2999717673630717 0.0024203307785397336 0.002540937323546019
0 0.4407018959257765 0.30223037831733485 0.0060508269463493344 0.006493506493506494
0 0.46147640177490923 0.3123941276115189 0.023396530859217425 0.009316770186335404
0 0.517345703912868 0.3105590062111801 0.0681726502622025 0.01637492941840768
0 0.5520371117386043 0.3191699604743083 0.007664380798709157 0.007622811970638058
0 0.5580879386849537 0.3018068887634105 0.003630496167809601 0.005081874647092038
0 0.591367486889875 0.30957086391869 0.033884630899556276 0.014398644833427442
0 0.6512706736587334 0.31154714850367027 0.058491327148043566 0.020609824957651044
0 0.6853569987898346 0.31846414455110106 0.004840661557079467 0.007905138339920948
0 0.7146026623638564 0.3101355166572558 0.02379991932230738 0.017221908526256352
0 0.7569584509883017 0.30999435347261434 0.01008471157724889 0.014680971202710334
0 0.7779346510689794 0.3105590062111801 0.043969342476805166 0.015810276679841896
0 0.15207745058491326 0.3595426312817617 0.03469140782573618 0.017786561264822136
0 0.18838241226300928 0.35926030491247885 0.04759983864461476 0.018351214003387916
0 0.21742638160548608 0.36900056465273856 0.004033884630899556 0.00564652738565782
0 0.23598225090762404 0.35686053077357427 0.004033884630899556 0.006211180124223602
0 0.24687373941105284 0.3591191417278374 0.01290843081887858 0.014116318464144552
0 0.25877369907220654 0.36307171089779783 0.018959257765227916 0.00846979107848673
0 0.2991125453812021 0.3632128740824393 0.043969342476805166 0.020045172219085264
0 0.30334812424364666 0.3502258610954263 0.004840661557079467 0.004799548277809147
0 0.35316659943525613 0.3585544889892716 0.038321903993545785 0.017504234895539244
0 0.36244453408632515 0.3500846979107849 0.003630496167809601 0.004517221908526256
0 0.4146833400564744 0.36278938452851495 0.05808793868495361 0.021456804065499716
0 0.48124243646631704 0.36702428006775834 0.05486083098023396 0.018633540372670808
0 0.5441710367083501 0.3595426312817617 0.04679306171843485 0.0189158667419537
0 0.5473981444130698 0.35220214568040653 0.003227107704719645 0.005364201016374929
0 0.5970149253731343 0.3632128740824393 0.029850746268656716 0.01101072840203275
0 0.654699475594998 0.35827216261998873 0.053247277127874144 0.017504234895539244
0 0.7160145219846712 0.3589779785431959 0.04759983864461476 0.0189158667419537
0 0.7954820492133925 0.3613777526821005 0.0653489310205728 0.024844720496894408
0 0.8374344493747479 0.3660361377752682 0.004033884630899556 0.004234895539243365
0 0.1565147236789028 0.40993788819875776 0.035498184751916094 0.017504234895539244
0 0.21238402581686164 0.41741953698475437 0.043162565550625254 0.017221908526256352
0 0.20108914885034287 0.40556182947487296 0.002016942315449778 0.001976284584980237
0 0.25514320290439696 0.4171372106154715 0.038321903993545785 0.018351214003387916
0 0.30899556272690604 0.41022021456804064 0.03469140782573618 0.018068887634105024
0 0.35941912061315046 0.4105025409373235 0.04679306171843485 0.01637492941840768
0 0.43404598628479224 0.41431394692264256 0.08390480032271078 0.023997741389045736
0 0.43485276321097216 0.4018915866741954 0.003227107704719645 0.004234895539243365
0 0.5026220250100847 0.4147374364765669 0.02581686163775716 0.009599096555618294
0 0.5211778943122227 0.4199604743083004 0.00645421540943929 0.008752117447769622
0 0.5506252521177895 0.41332580463015245 0.024203307785397338 0.010163749294184076
0 0.5794675272287213 0.40993788819875776 0.014118596208148447 0.01693958215697346
0 0.581887858007261 0.4126199887069452 0.002016942315449778 0.001976284584980237
0 0.6020572811617588 0.4095143986448334 0.03993545784590561 0.017221908526256352
0 0.6534893102057281 0.4088085827216262 0.033884630899556276 0.018633540372670808
0 0.7065348931020573 0.41022021456804064 0.04719645018152481 0.01693958215697346
0 0.7789431222267044 0.4117730095990966 0.06615570794675273 0.016092603049124788
0 0.16579265832997175 0.46174477696216826 0.048406615570794675 0.012704686617730096
0 0.17769261799112546 0.45115753811405984 0.002016942315449778 0.0033879164313946925
0 0.23477208551835418 0.46047430830039526 0.04356595401371521 0.017504234895539244
0 0.2977006857603873 0.46259175607001696 0.06857603872529246 0.021174477696216828
0 0.34045986284792257 0.4686617730095991 0.004840661557079467 0.005081874647092038
0 0.37333602258975396 0.4603331451157538 0.0391286809197257 0.0189158667419537
0 0.41670028237192414 0.4590626764539808 0.02581686163775716 0.019198193111236588
0 0.5062525211778943 0.46273291925465837 0.12666397741024607 0.024844720496894408
0 0.5939895118999596 0.4642857142857143 0.020572811617587738 0.009316770186335404
0 0.5996369503832191 0.4549689440993789 0.004437273093989512 0.004799548277809147
0 0.63654699475595 0.4654150197628458 0.04195240016135539 0.026256352343308864
0 0.6425978217022993 0.4544042913608131 0.0024203307785397336 0.0036702428006775835
0 0.6787010891488503 0.46259175607001696 0.010891488503428802 0.014963297571993224
0 0.7115772488906817 0.4614624505928854 0.015328761597418314 0.012704686617730096
0 0.7517144009681324 0.4614624505928854 0.0536506655909641 0.016657255787690572
0 0.8221056877773296 0.46259175607001696 0.04679306171843485 0.016092603049124788
0 0.8380395320693829 0.46710897797854317 0.0028237192416296895 0.001411631846414455
0 0.16054860830980233 0.5151044607566346 0.03872529245663574 0.0251270468661773
0 0.23840258168616377 0.5139751552795031 0.0782573618394514 0.026256352343308864
0 0.29850746268656714 0.5125635234330886 0.024203307785397338 0.022303783173348392
0 0.32755143202904397 0.5159514398644833 0.01371520774505849 0.008752117447769622
0 0.3610326744655103 0.512987012987013 0.014521984671238403 0.023150762281197064
0 0.3755546591367487 0.5153867871259176 0.03065752319483663 0.00818746470920384
0 0.37474788221056876 0.4980237154150198 0.0024203307785397336 0.0033879164313946925
0 0.3973376361436063 0.5165160926030491 0.004033884630899556 0.0036702428006775835
0 0.4045986284792255 0.516798418972332 0.003227107704719645 0.002540937323546019
0 0.4134731746672045 0.516798418972332 0.004033884630899556 0.003105590062111801
0 0.42174263816054863 0.5173630717108978 0.003630496167809601 0.003105590062111801
