0 0.14340459862847924 0.21725014116318464 0.003630496167809601 0.007622811970638058
0 0.15994352561516742 0.22317899491812535 0.018152480839048003 0.012704686617730096
0 0.17648245260185558 0.2230378317334839 0.01734570391286809 0.01355166572557877
0 0.1936264622831787 0.22261434217955958 0.007260992335619202 0.015527950310559006
0 0.22509076240419523 0.2261434217955957 0.010488100040338847 0.006211180124223602
0 0.26300927793465106 0.22332015810276679 0.023396530859217425 0.019762845849802372
0 0.2799515933844292 0.23362507058159232 0.010488100040338847 0.0189158667419537
0 0.2801532876159742 0.21781479390175043 0.00927793465106898 0.004234895539243365
0 0.2936668011294877 0.22430830039525693 0.008067769261799113 0.016092603049124788
0 0.3021379588543768 0.22416713721061546 0.005647438483259379 0.014680971202710334
0 0.3190802743041549 0.22501411631846416 0.01936264622831787 0.01693958215697346
0 0.33219039935457845 0.22388481084133258 0.004437273093989512 0.012987012987012988
0 0.3862444534086325 0.2267080745341615 0.043162565550625254 0.009034443817052512
0 0.41306978620411455 0.22374364765669114 0.007260992335619202 0.013269339356295878
0 0.42315449778136344 0.23094297007340486 0.004840661557079467 0.003952569169960474
0 0.4257765227914482 0.2217673630717109 0.006857603872529245 0.011575381140598532
0 0.4374747882210569 0.2171089779785432 0.0052440500201694235 0.007340485601355167
0 0.47539330375151273 0.22402597402597402 0.00927793465106898 0.01383399209486166
0 0.48668818071803144 0.22769621682665162 0.011698265429608713 0.006493506493506494
0 0.5262202501008472 0.22543760587238848 0.03670835014118596 0.00818746470920384
0 0.5504235578862444 0.22275550536420102 0.007664380798709157 0.012987012987012988
0 0.5611133521581283 0.22699040090344438 0.008067769261799113 0.007905138339920948
0 0.5716014521984671 0.2289666854884246 0.003227107704719645 0.002258610954263128
0 0.5990318676885841 0.2165443252399774 0.0024203307785397336 0.005081874647092038
0 0.6107301331181928 0.22501411631846416 0.00645421540943929 0.01693958215697346
0 0.6440096813231142 0.22430830039525693 0.022993142396127472 0.016092603049124788
0 0.6663977410246067 0.22755505364201017 0.026623638563937072 0.007340485601355167
0 0.6948366276724486 0.22402597402597402 0.025413473174667203 0.014398644833427442
0 0.7228721258572005 0.22106154714850368 0.010488100040338847 0.010163749294184076
0 0.7218636546994756 0.2323546019198193 0.0052440500201694235 0.004517221908526256
0 0.772892295280355 0.22430830039525693 0.026623638563937072 0.016092603049124788
0 0.7924566357402179 0.23023715415019763 0.01008471157724889 0.007622811970638058
0 0.8045582896329165 0.22600225861095427 0.007664380798709157 0.012140033879164314
0 0.1482452601855587 0.27865612648221344 0.003630496167809601 0.009034443817052512
0 0.15409439290036306 0.2701863354037267 0.008067769261799113 0.004517221908526256
0 0.15994352561516742 0.2795031055900621 0.010891488503428802 0.006211180124223602
0 0.17749092375958048 0.27498588368153587 0.010488100040338847 0.018068887634105024
0 0.18838241226300928 0.27837380011293056 0.010488100040338847 0.00564652738565782
0 0.1990722065348931 0.2745623941276115 0.007664380798709157 0.01383399209486166
0 0.21238402581686164 0.27851496329757197 0.010891488503428802 0.006493506493506494
0 0.22468737394110527 0.27851496329757197 0.009681323114158934 0.005928853754940711
0 0.23517547398144414 0.2751270468661773 0.007260992335619202 0.014398644833427442
0 0.24223477208551836 0.2787972896668549 0.003630496167809601 0.007058159232072276
0 0.24768051633723276 0.27032749858836813 0.005647438483259379 0.004799548277809147
0 0.254538120209762 0.2790796160361378 0.009681323114158934 0.006493506493506494
0 0.2658329971762808 0.2787972896668549 0.012101653892698669 0.005928853754940711
0 0.2880193626462283 0.2720214568040655 0.008067769261799113 0.009881422924901186
0 0.28721258572004843 0.28176171654432525 0.005647438483259379 0.004517221908526256
0 0.31665994352561516 0.27498588368153587 0.02016942315449778 0.01355166572557877
0 0.3279548204921339 0.27837380011293056 0.016942315449778138 0.007905138339920948
0 0.34509883017345705 0.2787972896668549 0.01734570391286809 0.006493506493506494
0 0.36143606292860025 0.27936194240542067 0.012101653892698669 0.00818746470920384
0 0.3751512706736587 0.2803500846979108 0.008067769261799113 0.006211180124223602
0 0.38563937071399756 0.2768210050818746 0.007260992335619202 0.014398644833427442
0 0.3926986688180718 0.2844438170525127 0.014925373134328358 0.01383399209486166
0 0.39007664380798707 0.2766798418972332 0.004840661557079467 0.012422360248447204
0 0.4233561920129084 0.27540937323546016 0.006857603872529245 0.016092603049124788
0 0.43949173053650664 0.2787972896668549 0.01008471157724889 0.008752117447769622
0 0.4540137152077451 0.27865612648221344 0.014925373134328358 0.00564652738565782
0 0.48325937878176684 0.2792207792207792 0.005647438483259379 0.00846979107848673
0 0.4891085114965712 0.27117447769621683 0.0060508269463493344 0.004234895539243365
0 0.4923356192012908 0.2787972896668549 0.010891488503428802 0.007622811970638058
0 0.5129084308188786 0.2758328627893845 0.018959257765227916 0.014116318464144552
0 0.5203711173860428 0.2792207792207792 0.004840661557079467 0.00564652738565782
0 0.526825332795482 0.27117447769621683 0.004840661557079467 0.004234895539243365
0 0.5352964905203711 0.27625635234330886 0.01855586930213796 0.015527950310559006
0 0.5546591367486889 0.279785431959345 0.02016942315449778 0.00846979107848673
0 0.5748285599031868 0.2782326369282891 0.017749092375958047 0.007058159232072276
0 0.5891488503428802 0.274703557312253 0.0052440500201694235 0.01129305477131564
0 0.6006454215409439 0.28274985883681536 0.008067769261799113 0.007058159232072276
0 0.6304961678096006 0.2745623941276115 0.011294876966518758 0.011575381140598532
0 0.6456232351754739 0.2748447204968944 0.018152480839048003 0.011575381140598532
0 0.682129891085115 0.2745623941276115 0.004033884630899556 0.014398644833427442
0 0.7150060508269463 0.27851496329757197 0.031060911657926585 0.009316770186335404
0 0.7371924162968939 0.27540937323546016 0.007664380798709157 0.01383399209486166
0 0.7426381605486083 0.2769621682665161 0.00645421540943929 0.01355166572557877
0 0.7474788221056877 0.2844438170525127 0.01371520774505849 0.014963297571993224
0 0.791246470350948 0.27526821005081875 0.020572811617587738 0.014116318464144552
0 0.8146430012101654 0.27865612648221344 0.027833803953206938 0.007905138339920948
0 0.8344090359015732 0.2758328627893845 0.00927793465106898 0.012422360248447204
0 0.845502218636547 0.2768210050818746 0.012101653892698669 0.012704686617730096
0 0.15066559096409843 0.3266516092603049 0.018152480839048003 0.01693958215697346
0 0.16659943525615167 0.3308865047995483 0.01290843081887858 0.004517221908526256
0 0.20794675272287214 0.3287690570299266 0.01573215006050827 0.007622811970638058
0 0.21762807583703106 0.33554488989271597 0.013311819281968536 0.016657255787690572
0 0.26522791448164584 0.3294748729531338 0.020572811617587738 0.00846979107848673
0 0.2866075030254135 0.3297571993224167 0.020572811617587738 0.007905138339920948
0 0.30395320693828154 0.32594579333709767 0.0060508269463493344 0.012704686617730096
0 0.3194836627672449 0.3349802371541502 0.01936264622831787 0.014963297571993224
0 0.34509883017345705 0.32185206098249575 0.006857603872529245 0.009599096555618294
0 0.3446954417103671 0.3318746470920384 0.004437273093989512 0.0036702428006775835
0 0.37696651875756354 0.326369282891022 0.004437273093989512 0.014116318464144552
0 0.40419524001613555 0.3286278938452851 0.015328761597418314 0.006775832862789385
0 0.417910447761194 0.3290513833992095 0.007260992335619202 0.005928853754940711
0 0.4237595804759984 0.3339920948616601 0.013311819281968536 0.014116318464144552
0 0.4574425171440097 0.32608695652173914 0.009681323114158934 0.01129305477131564
0 0.46974586526825335 0.32834556747600224 0.01008471157724889 0.006775832862789385
0 0.5096813231141589 0.32820440429136083 0.014925373134328358 0.007058159232072276
0 0.5211778943122227 0.3284867306606437 0.003227107704719645 0.005928853754940711
0 0.5252117789431222 0.32128740824393 0.004840661557079467 0.004517221908526256
0 0.5338846308995563 0.32735742518351213 0.010891488503428802 0.00818746470920384
0 0.5435659540137152 0.3243929983060418 0.007664380798709157 0.011857707509881422
0 0.5534489713594192 0.32891022021456806 0.009681323114158934 0.007340485601355167
0 0.5635336829366681 0.326369282891022 0.005647438483259379 0.012422360248447204
0 0.5685760387252925 0.3286278938452851 0.006857603872529245 0.00564652738565782
0 0.582492940701896 0.32820440429136083 0.01855586930213796 0.00818746470920384
0 0.5941912061315047 0.334274421230943 0.004840661557079467 0.00564652738565782
0 0.6321097216619604 0.3234048560135517 0.010488100040338847 0.01101072840203275
0 0.6496571198063735 0.3246753246753247 0.01734570391286809 0.014116318464144552
0 0.664179104477612 0.3287690570299266 0.006857603872529245 0.006493506493506494
0 0.6758773699072207 0.3188876341050254 0.0028237192416296895 0.006493506493506494
0 0.7031060911657927 0.32820440429136083 0.003227107704719645 0.014963297571993224
0 0.7357805566760791 0.3308865047995483 0.010488100040338847 0.00846979107848673
0 0.7472771278741428 0.33173348390739693 0.00927793465106898 0.007340485601355167
0 0.7599838644614764 0.3310276679841897 0.01290843081887858 0.005928853754940711
0 0.77269060104881 0.33116883116883117 0.007664380798709157 0.007340485601355167
0 0.7831787010891489 0.33229813664596275 0.007664380798709157 0.005081874647092038
0 0.7948769665187576 0.3294748729531338 0.007664380798709157 0.012422360248447204
0 0.8334005647438483 0.325098814229249 0.011294876966518758 0.012140033879164314
0 0.8495361032674466 0.32580463015245625 0.01855586930213796 0.010728402032749858
0 0.1526825332795482 0.37775268210050816 0.020572811617587738 0.015810276679841896
0 0.16700282371924163 0.38114059853190285 0.008874546187979023 0.007905138339920948
0 0.1791044776119403 0.38085827216261997 0.011294876966518758 0.004517221908526256
0 0.22388059701492538 0.37676453980801805 0.010488100040338847 0.012140033879164314
0 0.23618394513916902 0.3753529079616036 0.011698265429608713 0.013269339356295878
0 0.245461879790238 0.378317334839074 0.008471157724889069 0.005081874647092038
0 0.2569584509883017 0.37450592885375494 0.008067769261799113 0.011575381140598532
0 0.30254134731746674 0.3753529079616036 0.020976200080677694 0.013269339356295878
0 0.3194836627672449 0.378317334839074 0.009681323114158934 0.00564652738565782
0 0.3537716821298911 0.3781761716544325 0.010488100040338847 0.007622811970638058
0 0.36587333602258976 0.37859966120835686 0.01290843081887858 0.009599096555618294
0 0.38342073416700284 0.37987012987012986 0.020572811617587738 0.007058159232072276
0 0.40237999193223073 0.383399209486166 0.014925373134328358 0.012987012987012988
0 0.4199273900766438 0.3804347826086957 0.01936264622831787 0.007622811970638058
0 0.43929003630496166 0.38085827216261997 0.011294876966518758 0.00564652738565782
0 0.454417103670835 0.3769057029926595 0.012505042355788625 0.014116318464144552
0 0.4651068979427188 0.37267080745341613 0.003227107704719645 0.00282326369282891
0 0.46994755949979833 0.3818464144551101 0.008067769261799113 0.005928853754940711
0 0.4824526018555869 0.3812817617165443 0.011294876966518758 0.005928853754940711
0 0.5171440096813231 0.37987012987012986 0.008874546187979023 0.005364201016374929
0 0.5286405808793868 0.3752117447769622 0.007664380798709157 0.012987012987012988
0 0.5709963695038321 0.3756352343308865 0.007664380798709157 0.011575381140598532
0 0.5845098830173457 0.3750705815923207 0.016942315449778138 0.012704686617730096
0 0.628075837031061 0.3759175607001694 0.01936264622831787 0.014398644833427442
0 0.6407825736183945 0.37888198757763975 0.01008471157724889 0.00846979107848673
0 0.6504638967325534 0.3804347826086957 0.007664380798709157 0.005364201016374929
0 0.6611536910044373 0.38354037267080743 0.011294876966518758 0.01383399209486166
0 0.6787010891488503 0.37789384528514963 0.014118596208148447 0.012140033879164314
0 0.727914481645825 0.378317334839074 0.01573215006050827 0.00846979107848673
0 0.7398144413069786 0.37648221343873517 0.008067769261799113 0.012140033879164314
0 0.7476805163372328 0.37732919254658387 0.0060508269463493344 0.013269339356295878
0 0.7531262605889472 0.37789384528514963 0.005647438483259379 0.014398644833427442
0 0.7878176684146834 0.37577639751552794 0.012101653892698669 0.012422360248447204
0 0.8021379588543768 0.378317334839074 0.012505042355788625 0.006775832862789385
0 0.8418717224687374 0.37732919254658387 0.01290843081887858 0.008752117447769622
0 0.8527632109721662 0.3791643139469226 0.008874546187979023 0.007340485601355167
0 0.15328761597418314 0.4354884246188594 0.010488100040338847 0.01948051948051948
0 0.16659943525615167 0.43153585544889894 0.01371520774505849 0.007622811970638058
0 0.1827349737797499 0.4313946922642575 0.01855586930213796 0.00846979107848673
0 0.19967728922952804 0.427442123094297 0.00645421540943929 0.012422360248447204
0 0.23295683743444937 0.43040654997176736 0.01008471157724889 0.006493506493506494
0 0.2444534086325131 0.42828910220214567 0.007260992335619202 0.011857707509881422
0 0.2801532876159742 0.42730095990965555 0.007664380798709157 0.012704686617730096
0 0.2936668011294877 0.4278656126482213 0.017749092375958047 0.012140033879164314
0 0.34207341670028235 0.4308300395256917 0.01290843081887858 0.006211180124223602
0 0.3533682936668011 0.4308300395256917 0.009681323114158934 0.006211180124223602
0 0.37333602258975396 0.4265951439864483 0.025413473174667203 0.015810276679841896
0 0.39128680919725695 0.4295595708639187 0.010488100040338847 0.006493506493506494
0 0.42617991125453814 0.4292772444946358 0.010891488503428802 0.007058159232072276
0 0.4400968132311416 0.42701863354037267 0.008067769261799113 0.016657255787690572
0 0.4790237999193223 0.42504234895539245 0.013311819281968536 0.012140033879164314
0 0.4893102057281162 0.42603049124788256 0.004840661557079467 0.014116318464144552
0 0.4967728922952804 0.4256070016939582 0.0060508269463493344 0.012704686617730096
0 0.5110931827349737 0.43068887634105024 0.016942315449778138 0.006493506493506494
0 0.5235982250907624 0.4313946922642575 0.009681323114158934 0.006211180124223602
0 0.5383219039935457 0.4253246753246753 0.01008471157724889 0.014963297571993224
0 0.5475998386446148 0.43040654997176736 0.007664380798709157 0.00818746470920384
0 0.5594997983057685 0.4302653867871259 0.009681323114158934 0.00564652738565782
0 0.5679709560306575 0.4363354037267081 0.016942315449778138 0.017786561264822136
0 0.5800726099233562 0.43054771315640883 0.004840661557079467 0.006775832862789385
0 0.5861234368697055 0.42193675889328064 0.007260992335619202 0.0036702428006775835
0 0.5893505445744252 0.4301242236024845 0.01371520774505849 0.00818746470920384
0 0.6046793061718435 0.42941840767927725 0.015328761597418314 0.006775832862789385
0 0.6163775716014522 0.43690005646527386 0.00645421540943929 0.009316770186335404
0 0.655304558289633 0.42391304347826086 0.01008471157724889 0.014398644833427442
0 0.6670028237192416 0.4267363071710898 0.01008471157724889 0.016657255787690572
0 0.6791044776119403 0.4301242236024845 0.007664380798709157 0.005928853754940711
0 0.6897942718838241 0.4265951439864483 0.00645421540943929 0.011857707509881422
0 0.7295280354981848 0.42701863354037267 0.00927793465106898 0.014398644833427442
0 0.7434449374747882 0.42758328627893843 0.017749092375958047 0.012704686617730096
0 0.7902379991932231 0.4267363071710898 0.014521984671238403 0.012704686617730096
0 0.8065752319483662 0.4301242236024845 0.025413473174667203 0.007058159232072276
0 0.827954820492134 0.42970073404856013 0.013311819281968536 0.00564652738565782
0 0.8477208551835418 0.42970073404856013 0.020572811617587738 0.009034443817052512
0 0.8678902783380396 0.42941840767927725 0.01734570391286809 0.007905138339920948
0 0.15167406212182333 0.47783738001129306 0.014521984671238403 0.0189158667419537
0 0.16821298910851148 0.4816487859966121 0.01855586930213796 0.007340485601355167
0 0.18858410649455426 0.4808018068887634 0.019766034691407825 0.007340485601355167
0 0.24021782977006859 0.4851778656126482 0.021379588543767647 0.014398644833427442
0 0.2607906413876563 0.4816487859966121 0.007664380798709157 0.00564652738565782
0 0.27047196450181527 0.481931112365895 0.010891488503428802 0.00564652738565782
0 0.30334812424364666 0.4826369282891022 0.009681323114158934 0.005928853754940711
0 0.3354175070592981 0.47882552230378317 0.019766034691407825 0.014680971202710334
0 0.345502218636547 0.48306041784302656 0.0028237192416296895 0.00564652738565782
0 0.3499394917305365 0.4751552795031056 0.003630496167809601 0.003952569169960474
0 0.35841064945542556 0.480660643704122 0.013311819281968536 0.007622811970638058
0 0.36587333602258976 0.4808018068887634 0.011294876966518758 0.007340485601355167
0 0.38221056877773296 0.4815076228119706 0.01008471157724889 0.007058159232072276
0 0.3945139169019766 0.4774138904573687 0.005647438483259379 0.011857707509881422
0 0.3981444130697862 0.4815076228119706 0.008067769261799113 0.004799548277809147
0 0.40661557079467525 0.4772727272727273 0.007260992335619202 0.01383399209486166
0 0.41327148043565953 0.48122529644268774 0.003630496167809601 0.005364201016374929
0 0.418112141992739 0.4723320158102767 0.004437273093989512 0.005081874647092038
0 0.42416296893908834 0.4815076228119706 0.00927793465106898 0.006493506493506494
0 0.436466317063332 0.48122529644268774 0.010488100040338847 0.004799548277809147
0 0.45018152480839047 0.48842461885940147 0.004840661557079467 0.006211180124223602
0 0.4856797095603066 0.48023715415019763 0.01290843081887858 0.007905138339920948
0 0.5002016942315449 0.47684923771880294 0.009681323114158934 0.01355166572557877
0 0.5078660750302542 0.481931112365895 0.003227107704719645 0.007905138339920948
0 0.5127067365873336 0.4741671372106155 0.005647438483259379 0.005928853754940711
0 0.5163372327551432 0.4810841332580463 0.008067769261799113 0.007340485601355167
0 0.5278338039532069 0.4775550536420102 0.010891488503428802 0.011575381140598532
0 0.564340459862848 0.4795313382269904 0.015328761597418314 0.007058159232072276
0 0.5780556676079064 0.48023715415019763 0.009681323114158934 0.006775832862789385
0 0.5893505445744252 0.48023715415019763 0.009681323114158934 0.006775832862789385
0 0.5990318676885841 0.47783738001129306 0.007260992335619202 0.012140033879164314
0 0.6438079870915692 0.4748729531338227 0.022589753933037516 0.012987012987012988
0 0.6916095199677289 0.4754376058723885 0.012505042355788625 0.014116318464144552
0 0.7051230334812424 0.47939017504234893 0.009681323114158934 0.006775832862789385
0 0.719039935457846 0.47699040090344436 0.01573215006050827 0.013269339356295878
0 0.7250907624041952 0.48658949745906266 0.004437273093989512 0.006493506493506494
0 0.7587736990722065 0.4784020327498588 0.01290843081887858 0.008752117447769622
0 0.7678499394917305 0.48009599096555616 0.003630496167809601 0.008752117447769622
0 0.7722872125857201 0.4723320158102767 0.0052440500201694235 0.003952569169960474
0 0.7791448164582493 0.4779785431959345 0.0052440500201694235 0.014116318464144552
0 0.7876159741831383 0.47684923771880294 0.0060508269463493344 0.012422360248447204
0 0.8315853166599435 0.47896668548842464 0.021379588543767647 0.012704686617730096
0 0.871924162968939 0.4816487859966121 0.01008471157724889 0.00846979107848673
0 0.14844695441710368 0.5304912478825522 0.017749092375958047 0.010163749294184076
0 0.16498588140379186 0.5309147374364765 0.009681323114158934 0.007058159232072276
0 0.17809600645421542 0.5317617165443252 0.013311819281968536 0.007622811970638058
0 0.18838241226300928 0.5324675324675324 0.01371520774505849 0.00846979107848673
0 0.22388059701492538 0.529785431959345 0.007260992335619202 0.005928853754940711
0 0.23376361436062928 0.5279503105590062 0.00927793465106898 0.015810276679841896
0 0.272488906817265 0.5283738001129306 0.018959257765227916 0.016092603049124788
0 0.2888261395724082 0.5313382269904009 0.008874546187979023 0.00564652738565782
0 0.30233965308592176 0.5286561264822134 0.01653892698668818 0.012704686617730096
0 0.3108108108108108 0.5321852060982496 0.003630496167809601 0.007340485601355167
0 0.318273497377975 0.5241389045736872 0.00645421540943929 0.004234895539243365
0 0.32210568777732956 0.5331733483907397 0.01008471157724889 0.00818746470920384
0 0.33319887051230335 0.5331733483907397 0.009681323114158934 0.006493506493506494
0 0.34328358208955223 0.5302089215132694 0.00645421540943929 0.014116318464144552
0 0.34772085518354173 0.5320440429136082 0.004840661557079467 0.006493506493506494
0 0.3567970956030658 0.5235742518351214 0.01008471157724889 0.0036702428006775835
0 0.36708350141185964 0.5321852060982496 0.02501008471157725 0.007905138339920948
0 0.3850342880193626 0.5398080180688877 0.004437273093989512 0.00846979107848673
0 0.41064945542557485 0.5289384528514963 0.010488100040338847 0.014398644833427442
0 0.4372730939895119 0.5286561264822134 0.010488100040338847 0.014398644833427442
0 0.44574425171440096 0.5287972896668549 0.008067769261799113 0.015245623941276116
0 0.4606696248487293 0.5324675324675324 0.01855586930213796 0.00846979107848673
0 0.5118999596611536 0.5269621682665161 0.016942315449778138 0.01383399209486166
0 0.5237999193223074 0.5327498588368154 0.007664380798709157 0.006211180124223602
0 0.5387252924566357 0.5278091473743648 0.018152480839048003 0.015527950310559006
0 0.5709963695038321 0.528514963297572 0.0052440500201694235 0.012422360248447204
0 0.5830980233965308 0.5314793901750423 0.018959257765227916 0.00818746470920384
0 0.5992335619201291 0.5316205533596838 0.007664380798709157 0.006211180124223602
0 0.6109318273497378 0.5309147374364765 0.013311819281968536 0.006493506493506494
0 0.6232351754739814 0.5299265951439864 0.012101653892698669 0.007340485601355167
0 0.6583299717628076 0.5300677583286278 0.01290843081887858 0.00818746470920384
0 0.6754739814441307 0.5265386787125917 0.01008471157724889 0.015245623941276116
0 0.6851553045582897 0.5311970638057595 0.00927793465106898 0.005928853754940711
0 0.6976603469140783 0.5269621682665161 0.007664380798709157 0.016092603049124788
0 0.7341670028237193 0.5307735742518351 0.015328761597418314 0.00846979107848673
0 0.7529245663574021 0.5382552230378317 0.01653892698668818 0.016657255787690572
0 0.7910447761194029 0.5278091473743648 0.009681323114158934 0.013269339356295878
0 0.8013311819281969 0.5319028797289667 0.007664380798709157 0.006211180124223602
0 0.8122226704316257 0.5351496329757199 0.011698265429608713 0.012140033879164314
0 0.836627672448568 0.5335968379446641 0.029043969342476807 0.01355166572557877
0 0.8574021782977007 0.5351496329757199 0.004437273093989512 0.001976284584980237
0 0.8652682533279549 0.5351496329757199 0.004840661557079467 0.002540937323546019
0 0.8721258572004841 0.5354319593450029 0.004840661557079467 0.001976284584980237
