0 0.15389269866881808 0.22501411631846416 0.006857603872529245 0.006775832862789385
0 0.15227914481645824 0.2149915302089215 0.002016942315449778 0.004234895539243365
0 0.16841468334005646 0.22162619988706944 0.018152480839048003 0.014680971202710334
0 0.21399757966922145 0.2251552795031056 0.03670835014118596 0.009881422924901186
0 0.25655506252521176 0.22120271033314512 0.033884630899556276 0.015527950310559006
0 0.2791448164582493 0.2264257481648786 0.010488100040338847 0.009034443817052512
0 0.299717628075837 0.22134387351778656 0.024203307785397338 0.014680971202710334
0 0.3412666397741025 0.22120271033314512 0.017749092375958047 0.016092603049124788
0 0.38785800726099234 0.22374364765669114 0.04719645018152481 0.02456239412761152
0 0.41670028237192414 0.221485036702428 0.011294876966518758 0.016092603049124788
0 0.4292053247277128 0.23150762281197063 0.0016135538523598225 0.006775832862789385
0 0.46046793061718433 0.22035573122529645 0.033481242436466316 0.015527950310559006
0 0.4881000403388463 0.21357989836250707 0.0016135538523598225 0.0008469791078486731
0 0.4963695038321904 0.220214568040655 0.014118596208148447 0.01637492941840768
0 0.5262202501008472 0.22346132128740825 0.02864058087938685 0.009881422924901186
0 0.5439693424768052 0.22473178994918125 0.008471157724889069 0.009034443817052512
0 0.5645421540943929 0.22332015810276679 0.018152480839048003 0.010163749294184076
0 0.5782573618394514 0.2230378317334839 0.011698265429608713 0.010163749294184076
0 0.6109318273497378 0.22035573122529645 0.04235578862444534 0.015527950310559006
0 0.6438079870915692 0.22473178994918125 0.02016942315449778 0.0220214568040655
0 0.6835417507059298 0.22106154714850368 0.03751512706736587 0.015245623941276116
0 0.7321500605082695 0.21964991530208922 0.03711173860427592 0.01693958215697346
0 0.7771278741427995 0.2204968944099379 0.0326744655102864 0.014680971202710334
0 0.7805566760790641 0.21541501976284586 0.0016135538523598225 0.001129305477131564
0 0.8206938281565147 0.22219085262563523 0.030254134731746672 0.014680971202710334
0 0.8473174667204518 0.22261434217955958 0.018959257765227916 0.012704686617730096
0 0.15469947559499797 0.2748447204968944 0.027833803953206938 0.014398644833427442
0 0.15167406212182333 0.26312817617165446 0.0016135538523598225 0.001129305477131564
0 0.1962484872932634 0.2701863354037267 0.0326744655102864 0.018068887634105024
0 0.23275514320290439 0.275974025974026 0.014521984671238403 0.015527950310559006
0 0.25776522791448164 0.27442123094297005 0.029043969342476807 0.009034443817052512
0 0.26119402985074625 0.262987012987013 0.0012101653892698668 0.001411631846414455
0 0.2888261395724082 0.28147939017504237 0.03469140782573618 0.023150762281197064
0 0.28499394917305365 0.26341050254093734 0.002016942315449778 0.0016939582156973462
0 0.3031464300121017 0.27188029361942406 0.0052440500201694235 0.0033879164313946925
0 0.33198870512303347 0.27399774138904576 0.03307785397337636 0.023433088650479956
0 0.3555869302137959 0.2714568040654997 0.01008471157724889 0.014963297571993224
0 0.3674868898749496 0.27837380011293056 0.0024203307785397336 0.001129305477131564
0 0.39108511496571197 0.265527950310559 0.008471157724889069 0.006493506493506494
0 0.4173053650665591 0.27428006775832864 0.02864058087938685 0.022303783173348392
0 0.43505445744251714 0.26439864483342745 0.002016942315449778 0.005364201016374929
0 0.4445340863251311 0.2735742518351214 0.008067769261799113 0.007340485601355167
0 0.4515933844292053 0.274703557312253 0.008471157724889069 0.00846979107848673
0 0.4810407422347721 0.27442123094297005 0.025413473174667203 0.010163749294184076
0 0.536103267446551 0.2737154150197628 0.06615570794675273 0.01101072840203275
0 0.581484469544171 0.2728684359119142 0.0060508269463493344 0.001411631846414455
0 0.600443727309399 0.2748447204968944 0.01734570391286809 0.023997741389045736
0 0.6371520774505849 0.27103331451157536 0.043162565550625254 0.014680971202710334
0 0.6762807583703107 0.2737154150197628 0.006857603872529245 0.001976284584980237
0 0.7020976200080677 0.2723037831733484 0.024606696248487294 0.021174477696216828
0 0.7351754739814441 0.2738565782044043 0.018152480839048003 0.010163749294184076
0 0.7581686163775716 0.2787972896668549 0.02379991932230738 0.01948051948051948
0 0.763210972166196 0.2800677583286279 0.003227107704719645 0.0016939582156973462
0 0.7902379991932231 0.2748447204968944 0.041145623235175476 0.021174477696216828
0 0.7918515530455829 0.2641163184641446 0.0024203307785397336 0.001411631846414455
0 0.8154497781363453 0.2826086956521739 0.002016942315449778 0.007340485601355167
0 0.8208955223880597 0.26453980801806887 0.007260992335619202 0.006211180124223602
0 0.8485276321097217 0.2720214568040655 0.0318676885841065 0.01383399209486166
0 0.1700282371924163 0.32382834556747603 0.0536506655909641 0.01637492941840768
0 0.1791044776119403 0.3176171654432524 0.0016135538523598225 0.002258610954263128
0 0.245461879790238 0.32792207792207795 0.06333198870512304 0.02456239412761152
0 0.2866075030254135 0.3290513833992095 0.002016942315449778 0.001411631846414455
0 0.30798709156918114 0.3186053077357425 0.006857603872529245 0.005364201016374929
0 0.3279548204921339 0.32086391869000563 0.021782977006857603 0.018351214003387916
0 0.3555869302137959 0.3253811405985319 0.04235578862444534 0.009316770186335404
0 0.3963291649858814 0.3287690570299266 0.03670835014118596 0.023997741389045736
0 0.43303751512706734 0.3242518351214003 0.0028237192416296895 0.01383399209486166
0 0.43949173053650664 0.3169113495200452 0.002016942315449778 0.005928853754940711
0 0.4473578055667608 0.3256634669678148 0.010488100040338847 0.008752117447769622
0 0.4562323517547398 0.326369282891022 0.008067769261799113 0.007905138339920948
0 0.49052037111738606 0.32523997741389044 0.01936264622831787 0.009034443817052512
0 0.5211778943122227 0.32594579333709767 0.03307785397337636 0.008752117447769622
0 0.5435659540137152 0.326369282891022 0.006857603872529245 0.007905138339920948
0 0.563937071399758 0.3231225296442688 0.015328761597418314 0.014398644833427442
0 0.5990318676885841 0.32919254658385094 0.03227107704719645 0.018633540372670808
0 0.6183945139169019 0.3321569734613213 0.0024203307785397336 0.006493506493506494
0 0.6508672851956434 0.32396950875211744 0.02944735780556676 0.010446075663466968
0 0.6760790641387656 0.3210050818746471 0.0024203307785397336 0.01355166572557877
0 0.7162162162162162 0.32495765104460755 0.06333198870512304 0.02258610954263128
0 0.7704719645018152 0.3246753246753247 0.021782977006857603 0.009599096555618294
0 0.8039532069382815 0.3246753246753247 0.02581686163775716 0.020327498588368152
0 0.15469947559499797 0.3738001129305477 0.022993142396127472 0.01355166572557877
0 0.18233158531665994 0.38071710897797856 0.03065752319483663 0.01948051948051948
0 0.20814844695441712 0.3791643139469226 0.0024203307785397336 0.002258610954263128
0 0.21702299314239612 0.3675889328063241 0.004840661557079467 0.00564652738565782
0 0.24606696248487292 0.3709768492377188 0.02016942315449778 0.015245623941276116
0 0.25514320290439696 0.3759175607001694 0.00927793465106898 0.008752117447769622
0 0.28701089148850345 0.3718238283455675 0.027833803953206938 0.017504234895539244
0 0.3348124243646632 0.37859966120835686 0.050826946349334406 0.021456804065499716
0 0.39229528035498185 0.3769057029926595 0.045582896329164985 0.025409373235460192
0 0.39673255344897135 0.3654714850367024 0.002016942315449778 0.001411631846414455
0 0.4441306978620411 0.37874082439299833 0.03953206938281565 0.027950310559006212
0 0.4846712384025817 0.37549407114624506 0.01653892698668818 0.01129305477131564
0 0.49757966922146024 0.3747882552230378 0.003630496167809601 0.00818746470920384
0 0.5106897942718839 0.3753529079616036 0.016135538523598225 0.009316770186335404
0 0.5052440500201695 0.36688311688311687 0.002016942315449778 0.001411631846414455
0 0.5290439693424768 0.3738001129305477 0.019766034691407825 0.014680971202710334
0 0.5621218233158531 0.3730942970073405 0.022993142396127472 0.01383399209486166
0 0.6010488100040339 0.3719649915302089 0.026623638563937072 0.017786561264822136
0 0.6508672851956434 0.37210615471485037 0.05929810407422348 0.01637492941840768
0 0.7012908430818878 0.3769057029926595 0.021379588543767647 0.02766798418972332
0 0.7422347720855184 0.3718238283455675 0.04195240016135539 0.01693958215697346
0 0.735982250907624 0.3644833427442123 0.002016942315449778 0.001129305477131564
0 0.8071803146430012 0.3706945228684359 0.06212182331585317 0.020327498588368152
0 0.16518757563533684 0.42377188029361945 0.04477611940298507 0.015810276679841896
0 0.19302137958854376 0.42603049124788256 0.01008471157724889 0.009599096555618294
0 0.2498991528842275 0.423630717108978 0.05445744251714401 0.016657255787690572
0 0.3126260588947156 0.423630717108978 0.041145623235175476 0.020045172219085264
0 0.3699072206534893 0.42320722755505363 0.048406615570794675 0.018633540372670808
0 0.4203307785397338 0.4233483907396951 0.029850746268656716 0.017221908526256352
0 0.4243646631706333 0.41643139469226426 0.0016135538523598225 0.001129305477131564
0 0.436466317063332 0.41699604743083 0.0024203307785397336 0.0016939582156973462
0 0.4485679709560307 0.43252399774138905 0.02501008471157725 0.021456804065499716
0 0.48063735377168215 0.4234895539243365 0.01573215006050827 0.015810276679841896
0 0.5151270673658733 0.4268774703557312 0.03791851553045583 0.025409373235460192
0 0.5096813231141589 0.4189723320158103 0.002016942315449778 0.0016939582156973462
0 0.5588947156111336 0.4254658385093168 0.026220250100847116 0.014116318464144552
0 0.5958047599838645 0.42419536984754375 0.026623638563937072 0.016092603049124788
0 0.6442113755546591 0.4256070016939582 0.04356595401371521 0.010446075663466968
0 0.7077450584913272 0.42518351214003386 0.04961678096006454 0.014680971202710334
0 0.7470754336425979 0.4309712027103331 0.035498184751916094 0.0189158667419537
0 0.7995159338442921 0.4253246753246753 0.021782977006857603 0.010446075663466968
0 0.7940701895925777 0.41544325239977414 0.002016942315449778 0.001411631846414455
0 0.15792658329971762 0.4738848108413326 0.024606696248487294 0.021739130434782608
0 0.17244856797095603 0.466403162055336 0.002016942315449778 0.0016939582156973462
0 0.18697055264219442 0.4779785431959345 0.027833803953206938 0.011857707509881422
0 0.21621621621621623 0.4803783173348391 0.028237192416296894 0.026821005081874648
0 0.2589753933037515 0.4774138904573687 0.02016942315449778 0.0220214568040655
0 0.29507866075030253 0.47557876905702995 0.04881000403388463 0.014398644833427442
0 0.3011294876966519 0.4678147939017504 0.002016942315449778 0.0016939582156973462
0 0.35518354175070593 0.4712027103331451 0.033481242436466316 0.025409373235460192
0 0.4017749092375958 0.4748729531338227 0.029043969342476807 0.025409373235460192
0 0.4398951189995966 0.48009599096555616 0.038321903993545785 0.015527950310559006
0 0.4645018152480839 0.4771315640880858 0.006857603872529245 0.009599096555618294
0 0.4762000806776926 0.47699040090344436 0.007664380798709157 0.009316770186335404
0 0.5010084711577248 0.47811970638057594 0.04195240016135539 0.010446075663466968
0 0.5393303751512707 0.466403162055336 0.0024203307785397336 0.002258610954263128
0 0.5560709963695039 0.47501411631846413 0.03509479628882614 0.017786561264822136
0 0.59116579265833 0.4767080745341615 0.01734570391286809 0.009881422924901186
0 0.627269060104881 0.4767080745341615 0.03711173860427592 0.010446075663466968
0 0.6811214199273901 0.4731789949181254 0.06252521177894312 0.015245623941276116
0 0.7480839048003227 0.4730378317334839 0.04477611940298507 0.016092603049124788
0 0.15429608713190804 0.5263975155279503 0.021379588543767647 0.012704686617730096
0 0.1555062525211779 0.514257481648786 0.002016942315449778 0.001411631846414455
0 0.17507059298104075 0.5273856578204404 0.01855586930213796 0.012422360248447204
0 0.21621621621621623 0.5292207792207793 0.06292860024203308 0.0251270468661773
0 0.2101653892698669 0.5190570299265952 0.0024203307785397336 0.001411631846414455
0 0.3017345703912868 0.5251270468661773 0.07664380798709157 0.014680971202710334
0 0.2977006857603873 0.5248447204968945 0.0016135538523598225 0.00282326369282891
0 0.3055667607906414 0.5177865612648221 0.0028237192416296895 0.0016939582156973462
0 0.3608309802339653 0.5275268210050819 0.027833803953206938 0.013269339356295878
0 0.3763614360629286 0.5255505364201016 0.004840661557079467 0.001411631846414455
0 0.3828156514723679 0.5371259175607002 0.0024203307785397336 0.007622811970638058
0 0.4056070996369504 0.5282326369282891 0.021379588543767647 0.010728402032749858
0 0.41972569584509883 0.5280914737436476 0.0028237192416296895 0.007058159232072276
0 0.42617991125453814 0.5268210050818747 0.004437273093989512 0.00846979107848673
0 0.4356595401371521 0.5278091473743648 0.011294876966518758 0.009316770186335404
0 0.47398144413069787 0.525974025974026 0.0645421540943929 0.012987012987012988
0 0.5262202501008472 0.5311970638057595 0.018959257765227916 0.026256352343308864
0 0.5586930213795885 0.5276679841897233 0.020976200080677694 0.009599096555618294
0 0.5554659136748689 0.5169395821569734 0.0016135538523598225 0.001129305477131564
0 0.6058894715611134 0.5279503105590062 0.06696248487293263 0.010728402032749858
0 0.6498588140379186 0.5255505364201016 0.021782977006857603 0.016092603049124788
0 0.6978620411456232 0.5265386787125917 0.05889471561113352 0.026538678712591756
0 0.7450584913271481 0.5263975155279503 0.022589753933037516 0.01101072840203275
0 0.7638160548608309 0.5247035573122529 0.013311819281968536 0.014398644833427442
0 0.8043565954013715 0.5244212309429701 0.05647438483259379 0.017786561264822136
0 0.818273497377975 0.5146809712027103 0.003630496167809601 0.00282326369282891
0 0.8396530859217426 0.5269621682665161 0.01653892698668818 0.010446075663466968
0 0.8511496571198064 0.5311970638057595 0.003227107704719645 0.001976284584980237
