0 0.15248083904800322 0.21259175607001693 0.03791851553045583 0.033314511575381144
0 0.18253327954820492 0.22007340485601354 0.025413473174667203 0.014963297571993224
0 0.19443323920935862 0.20609824957651043 0.0016135538523598225 0.001129305477131564
0 0.21157724889068172 0.21725014116318464 0.02864058087938685 0.027385657820440428
0 0.21480435659540137 0.2069452286843591 0.0012101653892698668 0.001129305477131564
0 0.21581282775312627 0.20934500282326368 0.0016135538523598225 0.003105590062111801
0 0.28055667607906415 0.22134387351778656 0.07785397337636143 0.019762845849802372
0 0.318273497377975 0.21950875211744778 0.015328761597418314 0.014963297571993224
0 0.33945139169019767 0.21908526256352343 0.02379991932230738 0.01637492941840768
0 0.390480032271077 0.21470920383963862 0.07503025413473174 0.029644268774703556
0 0.45340863251311014 0.22261434217955958 0.003227107704719645 0.015527950310559006
0 0.46793061718434853 0.22275550536420102 0.02016942315449778 0.014116318464144552
0 0.5108914885034288 0.21696781479390176 0.024606696248487294 0.029079616036137776
0 0.5169423154497781 0.21259175607001693 0.0012101653892698668 0.0016939582156973462
0 0.5320693828156515 0.22374364765669114 0.01855586930213796 0.015527950310559006
0 0.537111738604276 0.21146245059288538 0.0028237192416296895 0.0033879164313946925
0 0.5556676079064139 0.22317899491812535 0.022993142396127472 0.016657255787690572
0 0.6504638967325534 0.2236024844720497 0.13110125050423557 0.03387916431394692
0 0.7293263412666398 0.22092038396386224 0.02501008471157725 0.0189158667419537
0 0.7753126260588947 0.2224731789949181 0.03307785397337636 0.017504234895539244
0 0.7851956434045986 0.21781479390175043 0.0012101653892698668 0.0008469791078486731
0 0.7866075030254135 0.21950875211744778 0.0016135538523598225 0.001976284584980237
0 0.8231141589350545 0.221485036702428 0.058491327148043566 0.016092603049124788
0 0.8551835417507059 0.22967250141163184 0.003227107704719645 0.0008469791078486731
0 0.15227914481645824 0.27103331451157536 0.038321903993545785 0.020327498588368152
0 0.17870108914885036 0.2714568040654997 0.023396530859217425 0.016092603049124788
0 0.20371117386042759 0.2714568040654997 0.028237192416296894 0.0189158667419537
0 0.2845905607099637 0.2686335403726708 0.08672851956434045 0.026821005081874648
0 0.2607906413876563 0.2717391304347826 0.004437273093989512 0.001976284584980237
0 0.3929003630496168 0.2704686617730096 0.08793868495361033 0.021456804065499716
0 0.4489713594191206 0.27089215132693395 0.022589753933037516 0.0189158667419537
0 0.5104881000403388 0.2782326369282891 0.05929810407422348 0.031338226990400904
0 0.5800726099233562 0.2723037831733484 0.03307785397337636 0.020045172219085264
0 0.600847115772489 0.27188029361942406 0.004437273093989512 0.014116318464144552
0 0.600443727309399 0.25734048560135514 0.002016942315449778 0.001976284584980237
0 0.6268656716417911 0.2670807453416149 0.03711173860427592 0.028797289666854884
0 0.7069382815651473 0.26778656126482214 0.0754336425978217 0.027385657820440428
0 0.7146026623638564 0.2663749294184077 0.0012101653892698668 0.0008469791078486731
0 0.1891891891891892 0.3277809147374365 0.12101653892698669 0.03162055335968379
0 0.2702702702702703 0.3198757763975155 0.015328761597418314 0.0016939582156973462
0 0.30899556272690604 0.3186053077357425 0.05244050020169423 0.031338226990400904
0 0.33743444937474787 0.3092885375494071 0.0012101653892698668 0.0008469791078486731
0 0.36244453408632515 0.32806324110671936 0.050423557886244454 0.029926595143986448
0 0.3989511899959661 0.3266516092603049 0.0016135538523598225 0.002258610954263128
0 0.4281968535699879 0.31874647092038394 0.022993142396127472 0.02766798418972332
0 0.4715611133521581 0.32396950875211744 0.05889471561113352 0.039243365330321855
0 0.454417103670835 0.30745341614906835 0.0012101653892698668 0.001129305477131564
0 0.4590560709963695 0.31832298136645965 0.0016135538523598225 0.001976284584980237
0 0.5302541347317467 0.32396950875211744 0.031060911657926585 0.020609824957651044
0 0.5927793465106898 0.32128740824393 0.02944735780556676 0.044607566346696784
0 0.6135538523598225 0.32396950875211744 0.007260992335619202 0.016657255787690572
0 0.6313029447357805 0.32241671372106157 0.028237192416296894 0.017504234895539244
0 0.7083501411859621 0.32128740824393 0.07987091569181122 0.02258610954263128
0 0.7882210568777733 0.3198757763975155 0.07341670028237192 0.028232636928289104
0 0.15732150060508268 0.3674477696216827 0.042759177087535294 0.0409373235460192
0 0.22488906817265025 0.36702428006775834 0.0463896732553449 0.029361942405420668
0 0.24647035094796288 0.35841332580463015 0.0016135538523598225 0.001411631846414455
0 0.24969745865268253 0.3715415019762846 0.004840661557079467 0.019198193111236588
0 0.2825736183945139 0.3673066064370412 0.052843888664784185 0.02766798418972332
0 0.30032271077047196 0.35728402032749856 0.002016942315449778 0.001411631846414455
0 0.3346107301331182 0.37704686617730093 0.04961678096006454 0.029644268774703556
0 0.3765631302944736 0.3849520045172219 0.003630496167809601 0.012704686617730096
0 0.4193223073820089 0.3694240542066629 0.051230334812424366 0.029079616036137776
0 0.5036304961678096 0.37323546019198195 0.06494554255748286 0.023150762281197064
0 0.5447761194029851 0.3815640880858272 0.03670835014118596 0.027385657820440428
0 0.5724082291246471 0.36801242236024845 0.02501008471157725 0.027385657820440428
0 0.608713190802743 0.3750705815923207 0.03630496167809601 0.03980801806888763
0 0.6498588140379186 0.37111801242236025 0.008067769261799113 0.03020892151326934
0 0.700282371924163 0.3684359119141728 0.08309802339653086 0.028797289666854884
0 0.6734570391286809 0.37027103331451156 0.0028237192416296895 0.001976284584980237
0 0.7577652279144816 0.36801242236024845 0.02944735780556676 0.029644268774703556
0 0.8073820088745461 0.3760587238848108 0.030254134731746672 0.017504234895539244
0 0.1809197256958451 0.41869000564652736 0.0681726502622025 0.029361942405420668
0 0.21682129891085114 0.4158667419536985 0.011698265429608713 0.023715415019762844
0 0.26421944332392094 0.42179559570863917 0.03307785397337636 0.0220214568040655
0 0.263816054860831 0.41516092603049126 0.004033884630899556 0.001976284584980237
0 0.26845502218636547 0.4153020892151327 0.003630496167809601 0.0016939582156973462
0 0.2771278741427995 0.4199604743083004 0.0016135538523598225 0.001411631846414455
0 0.28317870108914883 0.4234895539243365 0.004033884630899556 0.017504234895539244
0 0.28297700685760385 0.40711462450592883 0.002016942315449778 0.0016939582156973462
0 0.3009277934651069 0.4213721061547149 0.029043969342476807 0.01948051948051948
0 0.39975796692214605 0.42193675889328064 0.10084711577248891 0.03698475437605872
0 0.472569584509883 0.42292490118577075 0.003630496167809601 0.019762845849802372
0 0.4759983864461476 0.4054206662902315 0.003227107704719645 0.00282326369282891
0 0.4792254941508673 0.4288537549407115 0.0024203307785397336 0.003952569169960474
0 0.49495764421137556 0.42405420666290233 0.03227107704719645 0.019762845849802372
0 0.5149253731343284 0.41798418972332013 0.010891488503428802 0.027950310559006212
0 0.5334812424364663 0.4254658385093168 0.02379991932230738 0.018633540372670808
0 0.5768455022186365 0.41981931112365894 0.010488100040338847 0.028797289666854884
0 0.6079064138765631 0.4189723320158103 0.048406615570794675 0.029926595143986448
0 0.6674062121823315 0.41953698475437606 0.020572811617587738 0.031055900621118012
0 0.6738604275917709 0.4162902315076228 0.0012101653892698668 0.002540937323546019
0 0.6877773295683743 0.4253246753246753 0.02501008471157725 0.01948051948051948
0 0.7144009681323115 0.4268774703557312 0.02501008471157725 0.019198193111236588
0 0.7388059701492538 0.4222190852625635 0.02218636546994756 0.026821005081874648
0 0.7811617587736991 0.4258893280632411 0.031060911657926585 0.020609824957651044
0 0.8210972166196047 0.42617165443252397 0.043969342476805166 0.016092603049124788
0 0.8473174667204518 0.4203839638622247 0.008471157724889069 0.024280067758328628
0 0.20330778539733763 0.4779785431959345 0.12585720048406615 0.030491247882552232
0 0.1563130294473578 0.4652738565782044 0.018152480839048003 0.005081874647092038
0 0.2956837434449375 0.4699322416713721 0.06292860024203308 0.027385657820440428
0 0.35417507059298103 0.4731789949181254 0.004033884630899556 0.018068887634105024
0 0.3574021782977007 0.4569452286843591 0.003227107704719645 0.001976284584980237
0 0.37031060911657926 0.46795595708639187 0.01290843081887858 0.027385657820440428
0 0.417910447761194 0.4743083003952569 0.053247277127874144 0.020327498588368152
0 0.44574425171440096 0.4751552795031056 0.01936264622831787 0.020327498588368152
0 0.4774102460669625 0.4754376058723885 0.043162565550625254 0.0220214568040655
0 0.5165389269866881 0.47346132128740825 0.02218636546994756 0.01693958215697346
0 0.54497781363453 0.46922642574816487 0.033884630899556276 0.030491247882552232
0 0.5885437676482452 0.4720496894409938 0.012101653892698669 0.02258610954263128
0 0.600040338846309 0.47473178994918125 0.004437273093989512 0.017221908526256352
0 0.6060911657926583 0.45652173913043476 0.002016942315449778 0.002258610954263128
0 0.6407825736183945 0.4792490118577075 0.05929810407422348 0.03020892151326934
0 0.6839451391690198 0.47346132128740825 0.02218636546994756 0.020327498588368152
0 0.7323517547398144 0.47360248447204967 0.07139975796692215 0.022868435911914172
0 0.745865268253328 0.4784020327498588 0.0016135538523598225 0.0008469791078486731
0 0.7956837434449375 0.4748729531338227 0.050423557886244454 0.04291360813099943
0 0.8315853166599435 0.4792490118577075 0.0028237192416296895 0.001411631846414455
0 0.1891891891891892 0.5187747035573123 0.11617587736990723 0.029644268774703556
0 0.3106091165792658 0.5232919254658385 0.09035901573215006 0.022868435911914172
0 0.3929003630496168 0.52343308865048 0.03630496167809601 0.0220214568040655
0 0.45461879790237997 0.5184923771880293 0.05970149253731343 0.03303218520609825
0 0.4828559903186769 0.5132693393562959 0.0016135538523598225 0.0016939582156973462
0 0.517345703912868 0.5194805194805194 0.06333198870512304 0.029926595143986448
0 0.5822912464703509 0.5273856578204404 0.031060911657926585 0.020327498588368152
0 0.6306978620411456 0.5194805194805194 0.05929810407422348 0.029361942405420668
0 0.7041145623235175 0.5173630717108978 0.02944735780556676 0.03077357425183512
0 0.7357805566760791 0.5239977413890458 0.03307785397337636 0.019762845849802372
0 0.172851956434046 0.5702992659514399 0.045582896329164985 0.030491247882552232
0 0.19402985074626866 0.5575945793337098 0.004033884630899556 0.0033879164313946925
0 0.2573618394513917 0.5719932241671372 0.11536910044372731 0.042348955392433656
0 0.4154901169826543 0.5746753246753247 0.15732150060508268 0.03472614342179559
0 0.5040338846308996 0.5797571993224168 0.003630496167809601 0.005928853754940711
0 0.5473981444130698 0.5690287972896668 0.03953206938281565 0.03585544889892716
0 0.5835014118596208 0.5770750988142292 0.033481242436466316 0.0220214568040655
0 0.5980233965308592 0.5636645962732919 0.0012101653892698668 0.001411631846414455
0 0.6143606292860024 0.5697346132128741 0.02016942315449778 0.03162055335968379
0 0.6944332392093586 0.5707227555053642 0.0891488503428802 0.03077357425183512
0 0.7404195240016136 0.575098814229249 0.0052440500201694235 0.01129305477131564
0 0.7607906413876563 0.5705815923207228 0.03227107704719645 0.029926595143986448
0 0.8152480839048003 0.5770750988142292 0.028237192416296894 0.021456804065499716
0 0.8440903590157322 0.5777809147374364 0.021379588543767647 0.018351214003387916
0 0.15590964098426785 0.6249294184076792 0.02702702702702703 0.023997741389045736
0 0.20693828156514724 0.6341050254093732 0.08551835417507059 0.037267080745341616
0 0.32755143202904397 0.6181535855448899 0.11294876966518758 0.037549407114624504
0 0.38684953610326744 0.6261998870694523 0.005647438483259379 0.00564652738565782
0 0.39108511496571197 0.6201298701298701 0.004437273093989512 0.022868435911914172
0 0.418313836224284 0.626764539808018 0.004033884630899556 0.018068887634105024
0 0.4211375554659137 0.6095426312817617 0.0024203307785397336 0.002258610954263128
0 0.43707139975796694 0.6261998870694523 0.02702702702702703 0.020892151326933936
0 0.4717628075837031 0.6266233766233766 0.03428801936264623 0.022303783173348392
0 0.48507462686567165 0.6101072840203275 0.002016942315449778 0.0016939582156973462
0 0.5235982250907624 0.6226708074534162 0.06131504638967326 0.029644268774703556
0 0.5687777329568374 0.6369282891022021 0.003227107704719645 0.01129305477131564
0 0.6256555062525212 0.6201298701298701 0.07664380798709157 0.03585544889892716
0 0.617789431222267 0.6110954263128177 0.0012101653892698668 0.001976284584980237
0 0.618596208148447 0.6180124223602484 0.002016942315449778 0.00564652738565782
0 0.618596208148447 0.6139186900056465 0.0012101653892698668 0.001976284584980237
0 0.6387656313029447 0.612789384528515 0.003630496167809601 0.001411631846414455
0 0.7117789431222267 0.6448334274421231 0.030254134731746672 0.09655561829474874
0 0.718434852763211 0.6747600225861096 0.02016942315449778 0.01693958215697346
0 0.7258975393303752 0.6113777526821005 0.002016942315449778 0.001976284584980237
0 0.7690601048810004 0.6339638622247318 0.08188785800726099 0.034161490683229816
0 0.7295280354981848 0.6353754940711462 0.0012101653892698668 0.0008469791078486731
0 0.8217022993142397 0.6259175607001694 0.020976200080677694 0.0220214568040655
0 0.1690197660346914 0.6849237718802936 0.060508269463493344 0.04009034443817053
0 0.22952803549818476 0.6816770186335404 0.0645421540943929 0.03020892151326934
0 0.254941508672852 0.6653020892151327 0.0016135538523598225 0.001411631846414455
0 0.27611940298507465 0.6756070016939583 0.02864058087938685 0.01693958215697346
0 0.29951593384429204 0.6791360813099944 0.04235578862444534 0.021174477696216828
0 0.36849536103267444 0.6710897797854319 0.05445744251714401 0.038396386222473176
0 0.41508672851956435 0.672077922077922 0.06212182331585317 0.03359683794466403
0 0.49596611536910046 0.6781479390175043 0.06575231948366277 0.02258610954263128
0 0.5594997983057685 0.6730660643704122 0.0572811617587737 0.029361942405420668
0 0.6333198870512303 0.6722190852625636 0.048406615570794675 0.044042913608131
0 0.6555062525211779 0.6562676453980801 0.0024203307785397336 0.004234895539243365
0 0.7511093182734974 0.6753246753246753 0.03953206938281565 0.023715415019762844
0 0.18596208148446955 0.7305194805194806 0.08793868495361033 0.03811405985319029
0 0.2390076643807987 0.7261434217955957 0.018959257765227916 0.018068887634105024
0 0.26966518757563535 0.7212027103331451 0.035901573215006054 0.03077357425183512
0 0.336224283985478 0.7251552795031055 0.02702702702702703 0.022868435911914172
0 0.3783783783783784 0.7186617730095991 0.05970149253731343 0.035290796160361376
0 0.4171036708350141 0.7258610954263128 0.01855586930213796 0.0220214568040655
0 0.4336425978217023 0.7323546019198193 0.0024203307785397336 0.0016939582156973462
