0 0.15590964098426785 0.20398080180688877 0.035901573215006054 0.0189158667419537
0 0.18858410649455426 0.20327498588368154 0.031060911657926585 0.020327498588368152
0 0.19967728922952804 0.20666290231507622 0.02581686163775716 0.010163749294184076
0 0.22025010084711577 0.20680406549971767 0.03065752319483663 0.010446075663466968
0 0.2428398547801533 0.208498023715415 0.023396530859217425 0.011575381140598532
0 0.2781363453005244 0.2075098814229249 0.02218636546994756 0.009034443817052512
0 0.3037515127067366 0.2025691699604743 0.03146430012101654 0.018351214003387916
0 0.31141589350544574 0.20271033314511575 0.03065752319483663 0.017504234895539244
0 0.33743444937474787 0.20172219085262563 0.02864058087938685 0.015527950310559006
0 0.3580072609923356 0.2010163749294184 0.03670835014118596 0.019198193111236588
0 0.3914885034288019 0.20652173913043478 0.014925373134328358 0.008752117447769622
0 0.4445340863251311 0.20172219085262563 0.11133521581282775 0.020045172219085264
0 0.4070189592577652 0.19649915302089216 0.0016135538523598225 0.001129305477131564
0 0.5161355385235982 0.2010163749294184 0.0536506655909641 0.019198193111236588
0 0.536708350141186 0.2080745341614907 0.03509479628882614 0.014680971202710334
0 0.5849132714804357 0.2025691699604743 0.06857603872529246 0.017786561264822136
0 0.6157724889068172 0.19678147939017504 0.002016942315449778 0.001129305477131564
0 0.6268656716417911 0.20609824957651043 0.017749092375958047 0.007340485601355167
0 0.636345300524405 0.21103896103896103 0.012505042355788625 0.006493506493506494
0 0.6698265429608713 0.20228684359119142 0.03428801936264623 0.016092603049124788
0 0.6916095199677289 0.20115753811405984 0.035901573215006054 0.018351214003387916
0 0.7305365066559096 0.20482778091473744 0.055667607906413875 0.023433088650479956
0 0.7835820895522388 0.20186335403726707 0.0681726502622025 0.015810276679841896
0 0.7652279144816458 0.19522868435911914 0.0016135538523598225 0.001411631846414455
0 0.15328761597418314 0.251270468661773 0.022589753933037516 0.012422360248447204
0 0.1645824929407019 0.2567758328627894 0.04033884630899556 0.021174477696216828
0 0.20492133924969747 0.2515527950310559 0.041145623235175476 0.011857707509881422
0 0.254538120209762 0.25268210050818746 0.06292860024203308 0.012422360248447204
0 0.3017345703912868 0.24774138904573687 0.03630496167809601 0.020045172219085264
0 0.33521581282775315 0.24816487859966121 0.03469140782573618 0.019762845849802372
0 0.3483259378781767 0.2518351214003388 0.020572811617587738 0.009034443817052512
0 0.3755546591367487 0.24887069452286845 0.04033884630899556 0.017786561264822136
0 0.4144816458249294 0.24887069452286845 0.04800322710770472 0.018351214003387916
0 0.4461476401774909 0.2532467532467532 0.02501008471157725 0.009034443817052512
0 0.5018152480839048 0.25 0.06776926179911255 0.0189158667419537
0 0.5649455425574829 0.25352907961603616 0.10125050423557887 0.026538678712591756
0 0.6325131101250504 0.24957651044607565 0.033884630899556276 0.015245623941276116
0 0.654699475594998 0.2593167701863354 0.05486083098023396 0.020609824957651044
0 0.7430415490116983 0.25818746470920384 0.09842678499394918 0.018351214003387916
0 0.8027430415490117 0.2508469791078487 0.041145623235175476 0.016657255787690572
0 0.8380395320693829 0.2542348955392434 0.07301331181928197 0.022303783173348392
0 0.16236385639370715 0.2984189723320158 0.04154901169826543 0.017504234895539244
0 0.17325534489713595 0.3037831733483907 0.014118596208148447 0.00846979107848673
0 0.19322307382008874 0.3040654997176736 0.029850746268656716 0.010728402032749858
0 0.18777732956837434 0.292772444946358 0.002016942315449778 0.0016939582156973462
0 0.2446551028640581 0.2981366459627329 0.051230334812424366 0.019762845849802372
0 0.27611940298507465 0.3006775832862789 0.02218636546994756 0.01129305477131564
0 0.29850746268656714 0.30110107284020327 0.028237192416296894 0.01101072840203275
0 0.35175473981444133 0.2987012987012987 0.07503025413473174 0.019762845849802372
0 0.4193223073820089 0.29785431959345005 0.038321903993545785 0.019198193111236588
0 0.4901169826542961 0.30223037831733485 0.11133521581282775 0.023997741389045736
0 0.4419120613150464 0.3029361942405421 0.013311819281968536 0.00846979107848673
0 0.4530052440500202 0.29884246188594016 0.008067769261799113 0.001976284584980237
0 0.5564743848325938 0.2987012987012987 0.056070996369503835 0.01693958215697346
0 0.5679709560306575 0.29983060417843027 0.03711173860427592 0.01637492941840768
0 0.6038725292456636 0.2994071146245059 0.05970149253731343 0.017221908526256352
0 0.662767244856797 0.30335968379446643 0.033884630899556276 0.00818746470920384
0 0.7139975796692215 0.3085827216261999 0.0782573618394514 0.019762845849802372
0 0.7791448164582493 0.30237154150197626 0.0326744655102864 0.009034443817052512
0 0.8130294473578056 0.29700734048560135 0.0391286809197257 0.014680971202710334
0 0.8223073820088745 0.3015245623941276 0.012505042355788625 0.004517221908526256
0 0.8386446147640177 0.3020892151326934 0.023396530859217425 0.006775832862789385
0 0.864058087938685 0.29898362507058157 0.0500201694231545 0.01693958215697346
0 0.8408632513110125 0.29361942405420666 0.002016942315449778 0.001129305477131564
0 0.15167406212182333 0.3490965556182947 0.03469140782573618 0.0189158667419537
0 0.15570794675272287 0.358695652173913 0.04033884630899556 0.0189158667419537
0 0.19685356998789835 0.35290796160361376 0.03065752319483663 0.009599096555618294
0 0.23235175473981445 0.3514963297571993 0.09197256958450989 0.029361942405420668
0 0.34630899556272693 0.34867306606437043 0.1254538120209762 0.019762845849802372
0 0.42698668818071805 0.34937888198757766 0.05203711173860428 0.018351214003387916
0 0.4681323114158935 0.35276679841897235 0.0318676885841065 0.011575381140598532
0 0.5338846308995563 0.34853190287972896 0.07220653489310205 0.01948051948051948
0 0.5385235982250908 0.33794466403162055 0.003227107704719645 0.0016939582156973462
0 0.6236385639370714 0.35163749294184077 0.07664380798709157 0.01101072840203275
0 0.6678096006454215 0.352343308865048 0.0326744655102864 0.010728402032749858
0 0.7061315046389673 0.34782608695652173 0.052843888664784185 0.015810276679841896
0 0.7404195240016136 0.3495200451722191 0.07220653489310205 0.028232636928289104
0 0.8057684550221864 0.34669678147939015 0.06978620411456232 0.020892151326933936
0 0.8701089148850343 0.34754376058723885 0.0645421540943929 0.020327498588368152
0 0.899556272690601 0.35827216261998873 0.0024203307785397336 0.0016939582156973462
0 0.14743848325937878 0.40160926030491245 0.03509479628882614 0.017786561264822136
0 0.16700282371924163 0.4062676453980802 0.021782977006857603 0.012422360248447204
0 0.15873336022589754 0.3920101637492942 0.002016942315449778 0.001411631846414455
0 0.17688584106494554 0.40556182947487296 0.021379588543767647 0.010446075663466968
0 0.1801129487696652 0.39695087521174477 0.002016942315449778 0.001129305477131564
0 0.19302137958854376 0.40556182947487296 0.01653892698668818 0.008752117447769622
0 0.24687373941105284 0.3999153020892151 0.0927793465106898 0.021174477696216828
0 0.290843081887858 0.4069734613212874 0.04759983864461476 0.017786561264822136
0 0.29265832997176283 0.39398644833427443 0.002016942315449778 0.001411631846414455
0 0.3553852359822509 0.4023150762281197 0.050826946349334406 0.01129305477131564
0 0.4235578862444534 0.39808018068887635 0.0572811617587737 0.021456804065499716
0 0.43787817668414686 0.4038678712591756 0.01653892698668818 0.006493506493506494
0 0.45562726906010487 0.4041501976284585 0.03993545784590561 0.009316770186335404
0 0.45139169019766034 0.3958215697346132 0.0016135538523598225 0.0016939582156973462
0 0.49072206534893104 0.3986448334274421 0.043969342476805166 0.019198193111236588
0 0.4965711980637354 0.40372670807453415 0.01371520774505849 0.00564652738565782
0 0.5203711173860428 0.3987859966120836 0.045986284792254944 0.017786561264822136
0 0.5280354981847519 0.398927159796725 0.041145623235175476 0.01637492941840768
0 0.5157321500605083 0.39271597967250144 0.002016942315449778 0.00282326369282891
0 0.5312626058894716 0.4030208921513269 0.023396530859217425 0.00818746470920384
0 0.5776522791448164 0.4064088085827216 0.060508269463493344 0.013269339356295878
0 0.6036708350141186 0.39313946922642573 0.0052440500201694235 0.001976284584980237
0 0.6569181121419927 0.40033879164313946 0.10205728116175877 0.018068887634105024
0 0.6296893908834207 0.4020327498588368 0.0024203307785397336 0.001129305477131564
0 0.6938281565147236 0.40556182947487296 0.023396530859217425 0.010446075663466968
0 0.7301331181928197 0.4018915866741954 0.028237192416296894 0.010446075663466968
0 0.781766841468334 0.40033879164313946 0.048406615570794675 0.01637492941840768
0 0.7989108511496571 0.4030208921513269 0.018152480839048003 0.006493506493506494
0 0.8221056877773296 0.3986448334274421 0.04517950786607503 0.01637492941840768
0 0.8297700685760387 0.4004799548277809 0.04195240016135539 0.016657255787690572
0 0.8576038725292456 0.40429136081309996 0.024203307785397338 0.0016939582156973462
0 0.16014521984671237 0.45087521174477696 0.03711173860427592 0.018068887634105024
0 0.17305365066559097 0.4548277809147374 0.01936264622831787 0.009599096555618294
0 0.1865671641791045 0.4599096555618295 0.0391286809197257 0.018633540372670808
0 0.22186365469947558 0.4528514963297572 0.033884630899556276 0.010728402032749858
0 0.3053650665590964 0.44861660079051385 0.0935861234368697 0.021456804065499716
0 0.34973779749899153 0.45313382269904007 0.02501008471157725 0.009599096555618294
0 0.41952400161355385 0.44678147939017504 0.07987091569181122 0.017786561264822136
0 0.4189189189189189 0.43929983060417843 0.002016942315449778 0.002258610954263128
0 0.4735780556676079 0.4525691699604743 0.026623638563937072 0.010728402032749858
0 0.5635336829366681 0.4527103331451158 0.1218233158531666 0.012140033879164314
0 0.6555062525211779 0.4469226425748165 0.04759983864461476 0.01693958215697346
0 0.6893908834207342 0.4512987012987013 0.0645421540943929 0.009316770186335404
0 0.7202501008471158 0.4536984754376059 0.022993142396127472 0.010163749294184076
0 0.7519160951996773 0.45525127046866176 0.021782977006857603 0.008752117447769622
0 0.7874142799515934 0.4505928853754941 0.029850746268656716 0.009599096555618294
0 0.8198870512303348 0.4472049689440994 0.050423557886244454 0.018633540372670808
0 0.8271480435659541 0.44889892715979673 0.04961678096006454 0.017504234895539244
0 0.16518757563533684 0.5028232636928289 0.035901573215006054 0.019762845849802372
0 0.18071803146430013 0.5005646527385658 0.03953206938281565 0.021456804065499716
0 0.20048406615570794 0.5070581592320723 0.04195240016135539 0.010728402032749858
0 0.2736990722065349 0.5060700169395822 0.057684550221863654 0.025691699604743084
0 0.30798709156918114 0.503811405985319 0.033481242436466316 0.009316770186335404
0 0.336022589753933 0.4991530208921513 0.04195240016135539 0.01693958215697346
0 0.34328358208955223 0.5039525691699605 0.017749092375958047 0.007340485601355167
0 0.3741427995159338 0.5005646527385658 0.05687777329568374 0.01693958215697346
0 0.3608309802339653 0.49548277809147373 0.0028237192416296895 0.0016939582156973462
0 0.4352561516740621 0.503811405985319 0.06938281565147236 0.013269339356295878
0 0.4935457845905607 0.5039525691699605 0.02218636546994756 0.009599096555618294
0 0.5096813231141589 0.5035290796160361 0.02944735780556676 0.009316770186335404
0 0.5068576038725292 0.4959062676453981 0.002016942315449778 0.001411631846414455
0 0.5681726502622025 0.4988706945228684 0.05687777329568374 0.019198193111236588
0 0.6290843081887858 0.4997176736307171 0.057684550221863654 0.017504234895539244
0 0.7135941912061315 0.49929418407679277 0.1306978620411456 0.020045172219085264
0 0.7525211778943123 0.5052230378317335 0.026220250100847116 0.009316770186335404
0 0.7799515933844292 0.48997741389045735 0.002016942315449778 0.001411631846414455
0 0.8241226300927793 0.5046583850931677 0.09439290036304962 0.012704686617730096
0 0.8840258168616377 0.5132693393562959 0.02379991932230738 0.007340485601355167
0 0.15792658329971762 0.558300395256917 0.025413473174667203 0.009881422924901186
0 0.1843485276321097 0.5526538678712591 0.03791851553045583 0.021174477696216828
0 0.22872125857200484 0.5594297007340485 0.02581686163775716 0.011575381140598532
0 0.2591770875352965 0.5602766798418972 0.043969342476805166 0.011575381140598532
0 0.31686163775716014 0.5547713156408809 0.04961678096006454 0.021456804065499716
0 0.34308188785800725 0.55957086391869 0.018152480839048003 0.007905138339920948
0 0.3676885841064946 0.5539243365330322 0.045582896329164985 0.020327498588368152
0 0.41206131504638965 0.5549124788255223 0.10851149657119806 0.020045172219085264
0 0.49838644614764016 0.5542066629023151 0.07059298104074223 0.019762845849802372
0 0.5578862444534086 0.5591473743647657 0.07018959257765228 0.02456239412761152
0 0.6206131504638968 0.5529361942405421 0.06897942718838242 0.018351214003387916
0 0.6738604275917709 0.5526538678712591 0.045582896329164985 0.0189158667419537
0 0.7133924969745865 0.5598531902879729 0.07704719645018153 0.014116318464144552
0 0.7670431625655506 0.5546301524562394 0.04235578862444534 0.016092603049124788
0 0.7900363049616781 0.5461603613777527 0.003630496167809601 0.001976284584980237
0 0.77349737797499 0.5642292490118577 0.003630496167809601 0.001976284584980237
