0 0.15611133521581283 0.2015810276679842 0.004033884630899556 0.003952569169960474
0 0.1799112545381202 0.21315640880858272 0.042759177087535294 0.01637492941840768
0 0.22166196046793063 0.21047430830039526 0.06736587333602259 0.023997741389045736
0 0.29689390883420735 0.21146245059288538 0.07180314643001211 0.021456804065499716
0 0.3701089148850343 0.21979107848673066 0.04719645018152481 0.009316770186335404
0 0.4390883420734167 0.21132128740824394 0.06736587333602259 0.023997741389045736
0 0.48850342880193626 0.20525127046866176 0.014521984671238403 0.01637492941840768
0 0.47983057684550223 0.2220496894409938 0.004437273093989512 0.0036702428006775835
0 0.5129084308188786 0.2171089779785432 0.02702702702702703 0.01693958215697346
0 0.5609116579265833 0.22190852625635235 0.06171843485276321 0.007905138339920948
0 0.6613553852359823 0.2121682665160926 0.11415893505445744 0.026821005081874648
0 0.6661960467930618 0.20115753811405984 0.006857603872529245 0.004234895539243365
0 0.736385639370714 0.2041219649915302 0.00927793465106898 0.015810276679841896
0 0.7289229528035498 0.22106154714850368 0.00645421540943929 0.003952569169960474
0 0.7595804759983864 0.21089779785431959 0.028237192416296894 0.023715415019762844
0 0.8235175473981444 0.21174477696216826 0.07704719645018153 0.023150762281197064
0 0.8662767244856797 0.20525127046866176 0.013311819281968536 0.005081874647092038
0 0.8695038321903994 0.217673630717109 0.020572811617587738 0.00846979107848673
0 0.19160951996772893 0.2619988706945229 0.0927793465106898 0.021456804065499716
0 0.27047196450181527 0.2639751552795031 0.056070996369503835 0.020327498588368152
0 0.272488906817265 0.25395256916996045 0.0052440500201694235 0.0036702428006775835
0 0.3160548608309802 0.2583286278938453 0.014925373134328358 0.007340485601355167
0 0.3229124647035095 0.27089215132693395 0.022993142396127472 0.00818746470920384
0 0.38684953610326744 0.26256352343308864 0.06776926179911255 0.02766798418972332
0 0.3983461073013312 0.2723037831733484 0.006857603872529245 0.002540937323546019
0 0.47781363453005243 0.26355166572557875 0.10770471964501815 0.027385657820440428
0 0.5359015732150061 0.2748447204968944 0.003630496167809601 0.003105590062111801
0 0.5615167406212183 0.2528232636928289 0.015328761597418314 0.007622811970638058
0 0.6085114965711981 0.262987012987013 0.08672851956434045 0.026256352343308864
0 0.628075837031061 0.25352907961603616 0.005647438483259379 0.005081874647092038
0 0.7250907624041952 0.2619988706945229 0.1383622428398548 0.029926595143986448
0 0.8134328358208955 0.2725861095426313 0.045582896329164985 0.007622811970638058
0 0.827551432029044 0.2515527950310559 0.006857603872529245 0.0033879164313946925
0 0.17849939491730538 0.314652738565782 0.08592174263816055 0.023997741389045736
0 0.19564340459862847 0.30321852060982496 0.004033884630899556 0.0033879164313946925
0 0.23033481242436465 0.31804065499717676 0.012101653892698669 0.002540937323546019
0 0.2708753529649052 0.3181818181818182 0.06171843485276321 0.026538678712591756
0 0.3612343686970553 0.322557876905703 0.08753529649052037 0.008752117447769622
0 0.4475594997983058 0.3157820440429136 0.06494554255748286 0.020609824957651044
0 0.5131101250504235 0.32029926595143987 0.04921339249697459 0.023433088650479956
0 0.5709963695038321 0.3186053077357425 0.04235578862444534 0.026256352343308864
0 0.6296893908834207 0.3145115753811406 0.060508269463493344 0.020327498588368152
0 0.7200484066155708 0.3136645962732919 0.09439290036304962 0.025974025974025976
0 0.7517144009681324 0.2951722190852626 0.014118596208148447 0.007622811970638058
0 0.8325937878176685 0.31408808582721626 0.08390480032271078 0.022868435911914172
0 0.21077047196450183 0.365330321852061 0.1327148043565954 0.02710333145115754
0 0.3751512706736587 0.3650479954827781 0.15248083904800322 0.026538678712591756
0 0.4836627672448568 0.36561264822134387 0.06212182331585317 0.021456804065499716
0 0.5121016538926987 0.35686053077357427 0.006857603872529245 0.003952569169960474
0 0.572206534893102 0.36589497459062675 0.08027430415490117 0.02710333145115754
0 0.5901573215006051 0.35248447204968947 0.008874546187979023 0.004799548277809147
0 0.6230334812424365 0.3760587238848108 0.007664380798709157 0.0033879164313946925
0 0.663372327551432 0.36716544325239975 0.03670835014118596 0.020609824957651044
0 0.7533279548204921 0.36363636363636365 0.11254538120209762 0.02710333145115754
0 0.8148446954417103 0.37267080745341613 0.02581686163775716 0.009034443817052512
0 0.8237192416296893 0.3547430830039526 0.016135538523598225 0.005364201016374929
0 0.8949173053650665 0.36617730095990964 0.09237595804759983 0.023715415019762844
0 0.17244856797095603 0.4158667419536985 0.050423557886244454 0.019762845849802372
0 0.2263009277934651 0.41459627329192544 0.0790641387656313 0.023997741389045736
0 0.27773295683743443 0.4059853190287973 0.014925373134328358 0.00564652738565782
0 0.281968535699879 0.4203839638622247 0.02581686163775716 0.010163749294184076
0 0.3537716821298911 0.4137492941840768 0.07180314643001211 0.027385657820440428
0 0.45966115369100446 0.4127611518915867 0.1189995966115369 0.026538678712591756
0 0.5199677289229528 0.42504234895539245 0.007260992335619202 0.004234895539243365
0 0.5318676885841065 0.40767927724449465 0.01653892698668818 0.02258610954263128
0 0.5560709963695039 0.3999153020892151 0.013311819281968536 0.007058159232072276
0 0.5663574021782977 0.41318464144551104 0.050826946349334406 0.02456239412761152
0 0.6688180718031465 0.4126199887069452 0.127470754336426 0.027385657820440428
0 0.6684146833400565 0.3979390175042349 0.008874546187979023 0.003105590062111801
0 0.8053650665590965 0.41318464144551104 0.16014521984671237 0.025691699604743084
0 0.7777329568374345 0.40245623941276115 0.007260992335619202 0.004799548277809147
0 0.23073820088745461 0.47162619988706944 0.15570794675272287 0.032467532467532464
0 0.2866075030254135 0.4484754376058724 0.013311819281968536 0.007622811970638058
0 0.39310205728116177 0.4624505928853755 0.13916901976603469 0.028232636928289104
0 0.4570391286809197 0.4767080745341615 0.009681323114158934 0.004234895539243365
0 0.5145219846712384 0.4634387351778656 0.06736587333602259 0.0251270468661773
0 0.6335215812827754 0.46710897797854317 0.14885034288019364 0.03359683794466403
0 0.6286809197256958 0.4500282326369283 0.008471157724889069 0.00564652738565782
0 0.7325534489713594 0.4644268774703557 0.042759177087535294 0.02258610954263128
0 0.7995159338442921 0.4637210615471485 0.07099636950383219 0.026821005081874648
0 0.22146026623638565 0.514257481648786 0.15409439290036306 0.03472614342179559
0 0.20976200080677693 0.49929418407679277 0.008874546187979023 0.007622811970638058
0 0.3154497781363453 0.525974025974026 0.009681323114158934 0.0033879164313946925
0 0.34933440903590157 0.5026821005081875 0.016942315449778138 0.00818746470920384
0 0.354780153287616 0.5160926030491247 0.0326744655102864 0.021456804065499716
0 0.4396934247680516 0.5163749294184077 0.09842678499394918 0.024280067758328628
0 0.4953610326744655 0.521880293619424 0.020976200080677694 0.009881422924901186
0 0.49737797498991526 0.5087521174477696 0.015328761597418314 0.006211180124223602
0 0.5784590560709963 0.5194805194805194 0.10568777732956837 0.03387916431394692
0 0.6813231141589351 0.5265386787125917 0.07503025413473174 0.018068887634105024
0 0.7730939895119 0.5224449463579899 0.0609116579265833 0.008752117447769622
0 0.845703912868092 0.5217391304347826 0.033481242436466316 0.009599096555618294
0 0.2392093586123437 0.5660643704121965 0.15893505445744252 0.028797289666854884
0 0.19604679306171843 0.551665725578769 0.008874546187979023 0.003952569169960474
0 0.23295683743444937 0.5567476002258611 0.013311819281968536 0.00564652738565782
0 0.3307785397337636 0.5774985883681536 0.004840661557079467 0.0036702428006775835
0 0.3691004437273094 0.5678994918125353 0.021782977006857603 0.017221908526256352
0 0.381807180314643 0.5701581027667985 0.01734570391286809 0.010446075663466968
0 0.39653085921742637 0.5702992659514399 0.02016942315449778 0.012422360248447204
0 0.5058491327148044 0.5693111236589498 0.16377571601452198 0.03698475437605872
0 0.645421540943929 0.5642292490118577 0.10326744655102864 0.0251270468661773
0 0.7127874142799516 0.5667701863354038 0.03146430012101654 0.020045172219085264
0 0.7424364663170633 0.5581592320722756 0.011698265429608713 0.00564652738565782
0 0.7490923759580476 0.5669113495200452 0.04356595401371521 0.021456804065499716
0 0.8309802339653086 0.5670525127046866 0.10972166196046793 0.026821005081874648
0 0.8473174667204518 0.5535008469791078 0.007664380798709157 0.004799548277809147
0 0.19039935457845905 0.6297289666854884 0.06615570794675273 0.0189158667419537
0 0.24304154901169828 0.6137775268210051 0.00927793465106898 0.00564652738565782
0 0.26321097216619604 0.6208356860530774 0.043162565550625254 0.0220214568040655
0 0.34751916095199675 0.6201298701298701 0.08430818878580072 0.021174477696216828
0 0.5340863251311012 0.6221061547148503 0.24122630092779346 0.034161490683229816
0 0.6853569987898346 0.6009316770186336 0.02581686163775716 0.012140033879164314
0 0.6530859217426381 0.6271880293619424 0.007260992335619202 0.004799548277809147
