0 0.18334005647438484 0.262987012987013 0.025413473174667203 0.021739130434782608
0 0.20270270270270271 0.2627046866177301 0.018959257765227916 0.016657255787690572
0 0.2434449374747882 0.264257481648786 0.02218636546994756 0.010728402032749858
0 0.26603469140782576 0.2660926030491248 0.030254134731746672 0.010446075663466968
0 0.31766841468334006 0.2728684359119142 0.03428801936264623 0.022303783173348392
0 0.3473174667204518 0.2660926030491248 0.022589753933037516 0.010446075663466968
0 0.37031060911657926 0.26439864483342745 0.017749092375958047 0.009881422924901186
0 0.3654699475594998 0.2552230378317335 0.0016135538523598225 0.00282326369282891
0 0.3872529245663574 0.26256352343308864 0.015328761597418314 0.015245623941276116
0 0.39592577652279143 0.2543760587238848 0.002016942315449778 0.001129305477131564
0 0.43041549011698266 0.26468097120271034 0.015328761597418314 0.013269339356295878
0 0.4461476401774909 0.2632693393562959 0.028237192416296894 0.016657255787690572
0 0.5100847115772489 0.2660926030491248 0.038321903993545785 0.01101072840203275
0 0.5423557886244453 0.26157538114059853 0.022993142396127472 0.017786561264822136
0 0.5703912868091973 0.26256352343308864 0.021782977006857603 0.017504234895539244
0 0.6292860024203307 0.2652456239412761 0.03227107704719645 0.015527950310559006
0 0.6278741427995159 0.26044607566346695 0.0012101653892698668 0.0008469791078486731
0 0.6603469140782574 0.2649632975719932 0.02501008471157725 0.014963297571993224
0 0.7083501411859621 0.265527950310559 0.02501008471157725 0.016657255787690572
0 0.7303348124243647 0.26595143986448333 0.030254134731746672 0.014116318464144552
0 0.7309398951189996 0.25804630152456237 0.003227107704719645 0.001129305477131564
0 0.7573618394513917 0.269339356295878 0.027833803953206938 0.010728402032749858
0 0.7793465106897943 0.26905702992659514 0.01371520774505849 0.009599096555618294
0 0.817466720451795 0.26538678712591757 0.06171843485276321 0.018068887634105024
0 0.18293666801129488 0.3123941276115189 0.01653892698668818 0.014398644833427442
0 0.1871722468737394 0.31804065499717676 0.008067769261799113 0.006493506493506494
0 0.20693828156514724 0.31620553359683795 0.01855586930213796 0.010163749294184076
0 0.23235175473981445 0.31521739130434784 0.03065752319483663 0.014963297571993224
0 0.30576845502218636 0.3145115753811406 0.03711173860427592 0.01637492941840768
0 0.3253327954820492 0.31804065499717676 0.024606696248487294 0.00818746470920384
0 0.3563937071399758 0.3178994918125353 0.030254134731746672 0.009034443817052512
0 0.3467123840258169 0.3094297007340486 0.002016942315449778 0.003952569169960474
0 0.38221056877773296 0.3186053077357425 0.013311819281968536 0.00818746470920384
0 0.40540540540540543 0.31437041219649914 0.03146430012101654 0.014398644833427442
0 0.4707543364259782 0.314652738565782 0.05808793868495361 0.016657255787690572
0 0.554457442517144 0.31634669678147936 0.04961678096006454 0.016092603049124788
0 0.6052843888664784 0.31959345002823264 0.04235578862444534 0.030491247882552232
0 0.6696248487293264 0.3181818181818182 0.03146430012101654 0.011857707509881422
0 0.7162162162162162 0.3266516092603049 0.002016942315449778 0.0016939582156973462
0 0.7375958047599839 0.3177583286278938 0.04235578862444534 0.016092603049124788
0 0.8142396127470755 0.326369282891022 0.07059298104074223 0.023715415019762844
0 0.8632513110125051 0.3198757763975155 0.007260992335619202 0.001129305477131564
0 0.19302137958854376 0.3651891586674195 0.03428801936264623 0.016092603049124788
0 0.20976200080677693 0.35940146809712026 0.011294876966518758 0.007905138339920948
0 0.23557886244453408 0.3681535855448899 0.04356595401371521 0.01129305477131564
0 0.3192819685356999 0.3706945228684359 0.0391286809197257 0.03274985883681536
0 0.3892698668818072 0.3673066064370412 0.029850746268656716 0.015810276679841896
0 0.4136748688987495 0.3694240542066629 0.01653892698668818 0.010446075663466968
0 0.4554255748285599 0.36561264822134387 0.07260992335619201 0.014680971202710334
0 0.5419524001613554 0.3673066064370412 0.03670835014118596 0.010728402032749858
0 0.5709963695038321 0.36885940146809715 0.01653892698668818 0.008752117447769622
0 0.5693828156514724 0.358695652173913 0.002016942315449778 0.001411631846414455
0 0.59116579265833 0.3651891586674195 0.018959257765227916 0.015527950310559006
0 0.6540943929003631 0.3694240542066629 0.01653892698668818 0.01101072840203275
0 0.663372327551432 0.3650479954827781 0.003630496167809601 0.0033879164313946925
0 0.672448567970956 0.36885940146809715 0.01936264622831787 0.009316770186335404
0 0.7031060911657927 0.36589497459062675 0.04517950786607503 0.01693958215697346
0 0.7446551028640581 0.37422360248447206 0.03469140782573618 0.016657255787690572
0 0.7773295683743445 0.3660361377752682 0.03146430012101654 0.016092603049124788
0 0.8108108108108109 0.36716544325239975 0.029043969342476807 0.012704686617730096
0 0.8017345703912868 0.3591191417278374 0.002016942315449778 0.001129305477131564
0 0.8021379588543768 0.3608130999435347 0.0012101653892698668 0.0016939582156973462
0 0.827551432029044 0.3610954263128176 0.0060508269463493344 0.003952569169960474
0 0.8283582089552238 0.37732919254658387 0.00927793465106898 0.00818746470920384
0 0.1863654699475595 0.4148785996612084 0.008067769261799113 0.008752117447769622
0 0.1972569584509883 0.40358554488989273 0.008067769261799113 0.007058159232072276
0 0.20108914885034287 0.4116318464144551 0.01573215006050827 0.017504234895539244
0 0.24405002016942315 0.4155844155844156 0.015328761597418314 0.017504234895539244
0 0.26744655102864057 0.41741953698475437 0.029043969342476807 0.01101072840203275
0 0.30778539733763616 0.4171372106154715 0.04517950786607503 0.008752117447769622
0 0.34630899556272693 0.4153020892151327 0.02944735780556676 0.012987012987012988
0 0.3580072609923356 0.42518351214003386 0.011698265429608713 0.00846979107848673
0 0.4257765227914482 0.41727837380011296 0.030254134731746672 0.007905138339920948
0 0.4191206131504639 0.41318464144551104 0.0024203307785397336 0.001411631846414455
0 0.44937474788221055 0.4171372106154715 0.014521984671238403 0.00818746470920384
0 0.46692214602662363 0.4178430265386787 0.027833803953206938 0.010728402032749858
0 0.5411456232351755 0.4199604743083004 0.022993142396127472 0.009881422924901186
0 0.5663574021782977 0.4191134952004517 0.022589753933037516 0.009881422924901186
0 0.590560709963695 0.4189723320158103 0.029850746268656716 0.00846979107848673
0 0.6494554255748286 0.42828910220214567 0.08229124647035095 0.031055900621118012
0 0.618596208148447 0.4148785996612084 0.0052440500201694235 0.0036702428006775835
0 0.7404195240016136 0.41643139469226426 0.027833803953206938 0.01637492941840768
0 0.7690601048810004 0.4311123658949746 0.0012101653892698668 0.001129305477131564
0 0.7962888261395724 0.4171372106154715 0.050826946349334406 0.0251270468661773
0 0.8473174667204518 0.4227837380011293 0.012505042355788625 0.001411631846414455
0 0.19039935457845905 0.4642857142857143 0.016135538523598225 0.01383399209486166
0 0.21238402581686164 0.4654150197628458 0.04154901169826543 0.014398644833427442
0 0.3019362646228318 0.46513269339356295 0.022993142396127472 0.018351214003387916
0 0.3313836224283985 0.46809712027103334 0.02379991932230738 0.007905138339920948
0 0.4154901169826543 0.46725014116318464 0.017749092375958047 0.011857707509881422
0 0.46107301331181927 0.4683794466403162 0.07745058491327148 0.010163749294184076
0 0.5074626865671642 0.47360248447204967 0.0024203307785397336 0.001411631846414455
0 0.5689794271883825 0.4652738565782044 0.0391286809197257 0.018633540372670808
0 0.5956030657523195 0.46612083568605306 0.018152480839048003 0.014116318464144552
0 0.6131504638967326 0.4697910784867307 0.041145623235175476 0.009599096555618294
0 0.6488503428801936 0.4710615471485037 0.019766034691407825 0.009316770186335404
0 0.6708350141185963 0.46852060982495763 0.021782977006857603 0.016657255787690572
0 0.6799112545381202 0.47247317899491814 0.01008471157724889 0.007622811970638058
0 0.6972569584509883 0.47162619988706944 0.018152480839048003 0.009881422924901186
0 0.6912061315046389 0.4593450028232637 0.002016942315449778 0.003952569169960474
0 0.7246873739411053 0.4686617730095991 0.03509479628882614 0.015245623941276116
0 0.7404195240016136 0.4803783173348391 0.025413473174667203 0.02456239412761152
0 0.7527228721258572 0.480660643704122 0.009681323114158934 0.009881422924901186
0 0.7968939088342073 0.47261434217955955 0.01008471157724889 0.007905138339920948
0 0.8148446954417103 0.4668266516092603 0.021782977006857603 0.016657255787690572
0 0.8075837031060912 0.45849802371541504 0.003227107704719645 0.0016939582156973462
0 0.20330778539733763 0.5187747035573123 0.028237192416296894 0.011575381140598532
0 0.22609923356192013 0.5170807453416149 0.021379588543767647 0.009881422924901186
0 0.24405002016942315 0.5183512140033879 0.014521984671238403 0.01129305477131564
0 0.3164582492940702 0.5173630717108978 0.027833803953206938 0.01101072840203275
0 0.3358208955223881 0.5238565782044043 0.03670835014118596 0.021739130434782608
0 0.3686970552642194 0.5176453980801807 0.02743041549011698 0.009881422924901186
0 0.3973376361436063 0.5136928289102202 0.02581686163775716 0.018351214003387916
0 0.42315449778136344 0.5152456239412762 0.026623638563937072 0.014680971202710334
0 0.4320290439693425 0.5258328627893846 0.009681323114158934 0.007622811970638058
0 0.48668818071803144 0.5180688876341051 0.01653892698668818 0.015245623941276116
0 0.5068576038725292 0.5149632975719932 0.0318676885841065 0.0220214568040655
0 0.5760387252924566 0.5176453980801807 0.02501008471157725 0.014963297571993224
0 0.5812827753126261 0.5090344438170525 0.0016135538523598225 0.001129305477131564
0 0.6030657523194837 0.5189158667419537 0.033884630899556276 0.00846979107848673
0 0.6621621621621622 0.5199040090344438 0.07785397337636143 0.02456239412761152
0 0.6282775312626059 0.5211744776962168 0.0012101653892698668 0.001129305477131564
0 0.6962484872932634 0.5289384528514963 0.03227107704719645 0.026821005081874648
0 0.6839451391690198 0.5357142857142857 0.0012101653892698668 0.0008469791078486731
0 0.754134731746672 0.519621682665161 0.01653892698668818 0.011575381140598532
0 0.7710770471964502 0.5160926030491247 0.018959257765227916 0.01693958215697346
0 0.781363453005244 0.519339356295878 0.016135538523598225 0.009316770186335404
0 0.7966922146026624 0.5203274985883681 0.008067769261799113 0.006211180124223602
0 0.8140379185155304 0.5190570299265952 0.02501008471157725 0.009316770186335404
0 0.808995562726906 0.5084697910784868 0.003630496167809601 0.002258610954263128
0 0.8376361436062929 0.5213156408808582 0.014118596208148447 0.009316770186335404
0 0.8614360629286002 0.5176453980801807 0.02864058087938685 0.013269339356295878
0 0.18475191609519967 0.5654997176736307 0.017749092375958047 0.01355166572557877
0 0.19846712384025816 0.5643704121964992 0.021782977006857603 0.01693958215697346
0 0.19402985074626866 0.5578769057029926 0.0016135538523598225 0.0016939582156973462
0 0.22146026623638565 0.5691699604743083 0.01855586930213796 0.009599096555618294
0 0.23961274707543365 0.5666290231507622 0.01855586930213796 0.015245623941276116
0 0.30697862041145624 0.5657820440429137 0.017749092375958047 0.01129305477131564
0 0.32674465510286405 0.5647939017504235 0.03065752319483663 0.017221908526256352
0 0.39975796692214605 0.5681818181818182 0.029043969342476807 0.009881422924901186
0 0.44917305365066557 0.5678994918125353 0.05929810407422348 0.01101072840203275
0 0.5441710367083501 0.5683229813664596 0.02016942315449778 0.011857707509881422
0 0.5594997983057685 0.5691699604743083 0.01855586930213796 0.009599096555618294
0 0.581887858007261 0.5683229813664596 0.022993142396127472 0.00846979107848673
0 0.6026623638563937 0.5662055335968379 0.02581686163775716 0.016092603049124788
0 0.6708350141185963 0.5681818181818182 0.03065752319483663 0.009316770186335404
0 0.7027027027027027 0.5701581027667985 0.03953206938281565 0.01101072840203275
0 0.7589753933037515 0.5662055335968379 0.020572811617587738 0.017221908526256352
0 0.7829770068576039 0.5695934500282326 0.020976200080677694 0.01101072840203275
0 0.8015328761597418 0.5707227555053642 0.02016942315449778 0.008752117447769622
0 0.8263412666397741 0.5670525127046866 0.024606696248487294 0.018351214003387916
0 0.8584106494554256 0.5770750988142292 0.03630496167809601 0.024280067758328628
0 0.8493344090359016 0.5587238848108413 0.002016942315449778 0.002258610954263128
0 0.200080677692618 0.6177300959909655 0.02016942315449778 0.01129305477131564
0 0.21702299314239612 0.6246470920383964 0.035498184751916094 0.021739130434782608
0 0.2392093586123437 0.6259175607001694 0.03065752319483663 0.018068887634105024
0 0.2688584106494554 0.6149068322981367 0.022993142396127472 0.015245623941276116
0 0.2890278338039532 0.607707509881423 0.002016942315449778 0.001976284584980237
0 0.31141589350544574 0.6173066064370413 0.042759177087535294 0.011575381140598532
0 0.354780153287616 0.6177300959909655 0.030254134731746672 0.009599096555618294
0 0.3805970149253731 0.6181535855448899 0.011698265429608713 0.010446075663466968
0 0.4354578459056071 0.6173066064370413 0.02702702702702703 0.009316770186335404
0 0.45966115369100446 0.6194240542066629 0.018152480839048003 0.00846979107848673
0 0.491327148043566 0.6150479954827781 0.03469140782573618 0.015527950310559006
0 0.5586930213795885 0.6150479954827781 0.016135538523598225 0.011575381140598532
0 0.5945945945945946 0.6154714850367025 0.060508269463493344 0.015810276679841896
0 0.6579265832997176 0.6194240542066629 0.07099636950383219 0.029361942405420668
0 0.7438483259378782 0.6177300959909655 0.04437273093989512 0.01637492941840768
0 0.7684550221863655 0.6164596273291926 0.005647438483259379 0.0036702428006775835
0 0.7870108914885035 0.6197063805759458 0.028237192416296894 0.009599096555618294
0 0.8067769261799113 0.6250705815923208 0.029850746268656716 0.018068887634105024
0 0.8338039532069382 0.6199887069452287 0.01936264622831787 0.015245623941276116
0 0.8535699878983461 0.61914172783738 0.016942315449778138 0.015245623941276116
0 0.8517547398144413 0.6113777526821005 0.002016942315449778 0.002540937323546019
0 0.872932634126664 0.6202710333145116 0.021782977006857603 0.015245623941276116
0 0.19120613150463897 0.6653020892151327 0.01936264622831787 0.01383399209486166
0 0.2109721661960468 0.6668548842461886 0.02016942315449778 0.010163749294184076
0 0.26845502218636547 0.6689723320158103 0.021379588543767647 0.012704686617730096
0 0.34489713594191207 0.6651609260304913 0.03227107704719645 0.015245623941276116
0 0.3610326744655103 0.6681253529079616 0.016942315449778138 0.009881422924901186
0 0.3717224687373941 0.6734895539243365 0.0318676885841065 0.017221908526256352
0 0.40399354578459057 0.6692546583850931 0.02702702702702703 0.01101072840203275
0 0.4346510689794272 0.668548842461886 0.026220250100847116 0.009034443817052512
0 0.4616780960064542 0.6689723320158103 0.018152480839048003 0.008752117447769622
0 0.4574425171440097 0.6585262563523433 0.0016135538523598225 0.001976284584980237
0 0.48769665187575634 0.6653020892151327 0.01936264622831787 0.016092603049124788
0 0.5163372327551432 0.6688311688311688 0.03953206938281565 0.01129305477131564
0 0.5028237192416297 0.6575381140598532 0.0028237192416296895 0.002258610954263128
0 0.5754336425978217 0.6669960474308301 0.0012101653892698668 0.0008469791078486731
0 0.6028640580879386 0.6658667419536984 0.05203711173860428 0.0189158667419537
0 0.6752722872125857 0.6703839638622248 0.022589753933037516 0.011575381140598532
0 0.7069382815651473 0.6662902315076228 0.03993545784590561 0.018068887634105024
0 0.7365873336022589 0.6705251270468662 0.04195240016135539 0.009034443817052512
0 0.7831787010891489 0.6684076792772445 0.043969342476805166 0.010446075663466968
0 0.8285599031867689 0.6706662902315076 0.02581686163775716 0.009316770186335404
0 0.19503832190399353 0.7178147939017504 0.020572811617587738 0.013269339356295878
0 0.21238402581686164 0.7186617730095991 0.014925373134328358 0.013269339356295878
0 0.2763210972166196 0.7221908526256352 0.03307785397337636 0.019198193111236588
0 0.30475998386446146 0.715132693393563 0.02218636546994756 0.018633540372670808
0 0.32573618394513915 0.7185206098249577 0.04154901169826543 0.009599096555618294
0 0.36264622831787013 0.715132693393563 0.01855586930213796 0.017504234895539244
0 0.44574425171440096 0.7183794466403162 0.045986284792254944 0.012140033879164314
0 0.4933440903590157 0.717673630717109 0.028237192416296894 0.012987012987012988
0 0.5613150463896732 0.7203557312252964 0.03428801936264623 0.009881422924901186
0 0.5943929003630496 0.7193675889328063 0.018959257765227916 0.009599096555618294
0 0.6163775716014522 0.7197910784867306 0.014521984671238403 0.008752117447769622
0 0.6357402178297701 0.715132693393563 0.029850746268656716 0.018633540372670808
0 0.6621621621621622 0.7077922077922078 0.002016942315449778 0.001129305477131564
0 0.6861637757160145 0.7203557312252964 0.048406615570794675 0.009316770186335404
0 0.7234772085518354 0.7291078486730661 0.030254134731746672 0.026256352343308864
0 0.7490923759580476 0.7254376058723885 0.0024203307785397336 0.001976284584980237
0 0.8027430415490117 0.7076510446075663 0.035498184751916094 0.004234895539243365
0 0.7934651068979427 0.7190852625635235 0.011294876966518758 0.00846979107848673
0 0.8215006050826946 0.7168266516092603 0.030254134731746672 0.019198193111236588
