0 0.17849939491730538 0.23673066064370413 0.07624041952400161 0.020609824957651044
0 0.209156918112142 0.2478825522303783 0.008471157724889069 0.006211180124223602
0 0.2498991528842275 0.23560135516657255 0.02944735780556676 0.022303783173348392
0 0.2670431625655506 0.23941276115189158 0.016942315449778138 0.012422360248447204
0 0.2712787414279952 0.23687182382834557 0.0028237192416296895 0.0016939582156973462
0 0.28963291649858813 0.2365894974590627 0.03953206938281565 0.019198193111236588
0 0.28580072609923357 0.23150762281197063 0.002016942315449778 0.0016939582156973462
0 0.3017345703912868 0.24421230942970074 0.003227107704719645 0.0016939582156973462
0 0.34772085518354173 0.23489553924336534 0.03711173860427592 0.0220214568040655
0 0.3600242033077854 0.23771880293619424 0.019766034691407825 0.012422360248447204
0 0.37938684953610324 0.23517786561264822 0.0326744655102864 0.018633540372670808
0 0.4138765631302945 0.2385657820440429 0.017749092375958047 0.012422360248447204
0 0.45784590560709965 0.23475437605872387 0.04679306171843485 0.022868435911914172
0 0.48063735377168215 0.24237718802936195 0.0326744655102864 0.020609824957651044
0 0.5302541347317467 0.2413890457368718 0.052843888664784185 0.0378317334839074
0 0.5699878983461073 0.2435064935064935 0.003227107704719645 0.001976284584980237
0 0.581686163775716 0.2310841332580463 0.021782977006857603 0.015527950310559006
0 0.6232351754739814 0.2354601919819311 0.03065752319483663 0.02258610954263128
0 0.6308995562726906 0.23870694522868435 0.012101653892698669 0.010446075663466968
0 0.6411859620814845 0.2381422924901186 0.018959257765227916 0.015527950310559006
0 0.6427995159338443 0.2289666854884246 0.0028237192416296895 0.0016939582156973462
0 0.6829366680112948 0.23828345567476003 0.03469140782573618 0.01355166572557877
0 0.7022993142396128 0.23729531338226992 0.017749092375958047 0.012140033879164314
0 0.7168212989108511 0.23489553924336534 0.026623638563937072 0.0220214568040655
0 0.7236789027833804 0.23461321287408243 0.023396530859217425 0.018068887634105024
0 0.7476805163372328 0.23785996612083568 0.040742234772085516 0.012704686617730096
0 0.8112141992739008 0.23828345567476003 0.06938281565147236 0.01355166572557877
0 0.8717224687373941 0.23729531338226992 0.02581686163775716 0.01101072840203275
0 0.8810004033884631 0.22684923771880294 0.004840661557079467 0.002540937323546019
0 0.899959661153691 0.23348390739695088 0.03791851553045583 0.020327498588368152
0 0.15167406212182333 0.28698475437605875 0.03953206938281565 0.020045172219085264
0 0.19160951996772893 0.2868435911914173 0.023396530859217425 0.020892151326933936
0 0.22146026623638565 0.28797289666854886 0.04517950786607503 0.018068887634105024
0 0.2946752722872126 0.2900903444381705 0.031060911657926585 0.015527950310559006
0 0.3392496974586527 0.2857142857142857 0.033884630899556276 0.019762845849802372
0 0.39693424768051633 0.294042913608131 0.03307785397337636 0.022303783173348392
0 0.44392900363049614 0.2867024280067758 0.07301331181928197 0.0189158667419537
0 0.5068576038725292 0.28500846979107847 0.043969342476805166 0.01948051948051948
0 0.5617184348527632 0.288961038961039 0.05445744251714401 0.029644268774703556
0 0.5949979830576846 0.2868435911914173 0.023396530859217425 0.018633540372670808
0 0.6068979427188382 0.2761151891586674 0.0028237192416296895 0.0016939582156973462
0 0.6444130697862042 0.28500846979107847 0.06333198870512304 0.020609824957651044
0 0.6706333198870512 0.2920666290231508 0.003630496167809601 0.002540937323546019
0 0.719039935457846 0.2837380011293055 0.03509479628882614 0.02258610954263128
0 0.791246470350948 0.2852907961603614 0.10044372730939895 0.022303783173348392
0 0.8666801129487697 0.2876905702992659 0.040742234772085516 0.015810276679841896
0 0.8686970552642195 0.27738565782044045 0.0060508269463493344 0.001976284584980237
0 0.8862444534086326 0.2885375494071146 0.01290843081887858 0.010163749294184076
0 0.9251714400968132 0.28825522303783174 0.07139975796692215 0.0378317334839074
0 0.8969342476805163 0.2780914737436477 0.0028237192416296895 0.002258610954263128
0 0.15409439290036306 0.340626764539808 0.03469140782573618 0.014963297571993224
0 0.17809600645421542 0.3416149068322981 0.0326744655102864 0.025974025974025976
0 0.1855586930213796 0.3474025974025974 0.009681323114158934 0.009316770186335404
0 0.22488906817265025 0.3382269904009034 0.020572811617587738 0.018633540372670808
0 0.2535296490520371 0.33977978543195936 0.0536506655909641 0.014963297571993224
0 0.28963291649858813 0.34980237154150196 0.03307785397337636 0.028797289666854884
0 0.28136345300524407 0.33243929983060416 0.003630496167809601 0.001976284584980237
0 0.34610730133118195 0.33667419536984755 0.028237192416296894 0.020609824957651044
0 0.3656716417910448 0.33977978543195936 0.01734570391286809 0.012704686617730096
0 0.3620411456232352 0.33272162619988704 0.0028237192416296895 0.001976284584980237
0 0.3929003630496168 0.33639186900056467 0.022589753933037516 0.020045172219085264
0 0.409035901573215 0.3404856013551666 0.01855586930213796 0.012987012987012988
0 0.43384429205324726 0.33582721626199885 0.03751512706736587 0.021174477696216828
0 0.4755949979830577 0.3351214003387916 0.023396530859217425 0.019198193111236588
0 0.48971359419120614 0.33977978543195936 0.026623638563937072 0.01383399209486166
0 0.5359015732150061 0.3365330321852061 0.04719645018152481 0.018633540372670808
0 0.5490116982654296 0.34641445511010727 0.01371520774505849 0.010163749294184076
0 0.5968132311415894 0.3385093167701863 0.040742234772085516 0.014116318464144552
0 0.6278741427995159 0.33554488989271597 0.033481242436466316 0.020045172219085264
0 0.6492537313432836 0.339356295878035 0.021379588543767647 0.01129305477131564
0 0.6462283178701089 0.33116883116883117 0.0024203307785397336 0.0033879164313946925
0 0.672448567970956 0.33667419536984755 0.04195240016135539 0.01948051948051948
0 0.7154094392900363 0.3359683794466403 0.02864058087938685 0.020892151326933936
0 0.7240822912464704 0.3403444381705251 0.02016942315449778 0.01101072840203275
0 0.7739007664380799 0.3361095426312818 0.04235578862444534 0.022303783173348392
0 0.800322710770472 0.3361095426312818 0.035498184751916094 0.020045172219085264
0 0.8116175877369908 0.3476849237718803 0.015328761597418314 0.00818746470920384
0 0.8485276321097217 0.33681535855448896 0.02379991932230738 0.020327498588368152
0 0.8622428398547801 0.33639186900056467 0.02702702702702703 0.017786561264822136
0 0.899959661153691 0.3361095426312818 0.023396530859217425 0.018351214003387916
0 0.9138765631302945 0.34006211180124224 0.020572811617587738 0.010446075663466968
0 0.9227511093182735 0.33992094861660077 0.013311819281968536 0.010728402032749858
0 0.9441306978620412 0.33794466403162055 0.03993545784590561 0.030491247882552232
0 0.9336425978217023 0.3308865047995483 0.0028237192416296895 0.00282326369282891
0 0.9594594594594594 0.33780350084697913 0.014118596208148447 0.002540937323546019
0 0.1617587736990722 0.3908808582721626 0.05486083098023396 0.014398644833427442
0 0.2325534489713594 0.39313946922642573 0.02702702702702703 0.011575381140598532
0 0.2390076643807987 0.3804347826086957 0.0060508269463493344 0.001411631846414455
0 0.2613957240822912 0.38763410502540935 0.03146430012101654 0.019198193111236588
0 0.3085921742638161 0.38721061547148505 0.04921339249697459 0.023433088650479956
0 0.33682936668011293 0.38763410502540935 0.02581686163775716 0.018633540372670808
0 0.3612343686970553 0.38848108413325805 0.030254134731746672 0.020327498588368152
0 0.35296490520371115 0.38382269904009036 0.003227107704719645 0.001976284584980237
0 0.38140379185155304 0.39172783738001127 0.020572811617587738 0.01101072840203275
0 0.390681726502622 0.3985036702428007 0.031060911657926585 0.026821005081874648
0 0.37938684953610324 0.38311688311688313 0.0028237192416296895 0.0016939582156973462
0 0.4564340459862848 0.38763410502540935 0.0463896732553449 0.023150762281197064
0 0.4977813634530052 0.3900338791643139 0.06131504638967326 0.014963297571993224
0 0.553852359822509 0.38749294184076793 0.026623638563937072 0.020609824957651044
0 0.5685760387252925 0.385940146809712 0.030254134731746672 0.019198193111236588
0 0.6135538523598225 0.385940146809712 0.03307785397337636 0.020892151326933936
0 0.6234368697055265 0.39031620553359686 0.019766034691407825 0.012140033879164314
0 0.6436062928600242 0.38664596273291924 0.00927793465106898 0.001976284584980237
0 0.6557079467527229 0.39031620553359686 0.014925373134328358 0.012704686617730096
0 0.6672045179507866 0.3879164313946923 0.02581686163775716 0.0220214568040655
0 0.6661960467930618 0.3802936194240542 0.0028237192416296895 0.0016939582156973462
0 0.6833400564743848 0.3898927159796725 0.009681323114158934 0.0016939582156973462
0 0.6986688180718031 0.39469226425748166 0.029043969342476807 0.018068887634105024
0 0.7309398951189996 0.39031620553359686 0.04759983864461476 0.011575381140598532
0 0.754134731746672 0.3904573687182383 0.01573215006050827 0.010728402032749858
0 0.7498991528842275 0.38961038961038963 0.0024203307785397336 0.002258610954263128
0 0.7777329568374345 0.3889045736871824 0.045986284792254944 0.026821005081874648
0 0.8247277127874143 0.39412761151891584 0.04235578862444534 0.021456804065499716
0 0.8866478418717225 0.38664596273291924 0.08067769261799113 0.021739130434782608
0 0.16438079870915692 0.43915866741953696 0.057684550221863654 0.020045172219085264
0 0.22569584509883017 0.4367588932806324 0.03509479628882614 0.019198193111236588
0 0.2944735780556676 0.44042913608131 0.06776926179911255 0.028797289666854884
0 0.31585316659943524 0.43407679277244493 0.003227107704719645 0.001976284584980237
0 0.35034288019362647 0.43802936194240544 0.05203711173860428 0.022868435911914172
0 0.42960871319080274 0.43873517786561267 0.07180314643001211 0.023715415019762844
0 0.509479628882614 0.4395821569734613 0.06131504638967326 0.029926595143986448
0 0.5445744251714401 0.4364765669113495 0.02743041549011698 0.023715415019762844
0 0.5659540137152077 0.4398644833427442 0.041145623235175476 0.014116318464144552
0 0.6022589753933038 0.4370412196499153 0.01371520774505849 0.002258610954263128
0 0.6315046389673256 0.44452286843591193 0.05203711173860428 0.01948051948051948
0 0.6831383622428399 0.43873517786561267 0.06494554255748286 0.020327498588368152
0 0.7192416296893909 0.44127611518915866 0.008874546187979023 0.004517221908526256
0 0.7509076240419524 0.4374647092038396 0.03509479628882614 0.022303783173348392
0 0.7847922549415087 0.43774703557312256 0.0463896732553449 0.021739130434782608
0 0.8144413069786204 0.43817052512704685 0.010488100040338847 0.0016939582156973462
0 0.845703912868092 0.44240542066629024 0.057684550221863654 0.015810276679841896
0 0.1446147640177491 0.49209486166007904 0.02218636546994756 0.014680971202710334
0 0.16296893908834206 0.48842461885940147 0.02743041549011698 0.0220214568040655
0 0.18676885841064947 0.4901185770750988 0.03307785397337636 0.020892151326933936
0 0.17648245260185558 0.4841897233201581 0.0028237192416296895 0.00282326369282891
0 0.24505849132714805 0.4923771880293619 0.043162565550625254 0.015810276679841896
0 0.2743041549011698 0.49195369847543763 0.029043969342476807 0.015527950310559006
0 0.2966922146026624 0.48955392433653305 0.02944735780556676 0.020327498588368152
0 0.3511496571198064 0.4937888198757764 0.04154901169826543 0.01637492941840768
0 0.3691004437273094 0.49604743083003955 0.029850746268656716 0.018633540372670808
0 0.38967325534489716 0.49209486166007904 0.01936264622831787 0.011857707509881422
0 0.41770875352964904 0.4891304347826087 0.03993545784590561 0.020045172219085264
0 0.44574425171440096 0.4925183512140034 0.021782977006857603 0.01383399209486166
0 0.44130697862041146 0.4836250705815923 0.003227107704719645 0.002258610954263128
0 0.46853569987898347 0.49392998306041785 0.04477611940298507 0.03359683794466403
0 0.5383219039935457 0.4916713721061547 0.03751512706736587 0.01383399209486166
0 0.617789431222267 0.4881422924901186 0.06494554255748286 0.021456804065499716
0 0.6791044776119403 0.49209486166007904 0.0326744655102864 0.014680971202710334
0 0.6748688987494957 0.4906832298136646 0.0024203307785397336 0.001129305477131564
0 0.6972569584509883 0.49548277809147373 0.02864058087938685 0.018633540372670808
0 0.7156111335215812 0.48898927159796723 0.021782977006857603 0.019198193111236588
0 0.7607906413876563 0.4892715979672501 0.06615570794675273 0.018633540372670808
0 0.8382412263009278 0.4878599661208357 0.06292860024203308 0.019762845849802372
0 0.8947156111335216 0.4922360248447205 0.04679306171843485 0.012140033879164314
0 0.9255748285599031 0.4916713721061547 0.014118596208148447 0.002540937323546019
0 0.16861637757160144 0.5385375494071146 0.06776926179911255 0.023997741389045736
0 0.24324324324324326 0.5417843026538679 0.021782977006857603 0.015245623941276116
0 0.25675675675675674 0.5391022021456804 0.026220250100847116 0.021174477696216828
0 0.2882210568777733 0.5403726708074534 0.06333198870512304 0.018633540372670808
0 0.30919725695845096 0.5484189723320159 0.006857603872529245 0.004234895539243365
0 0.34751916095199675 0.5278091473743648 0.010891488503428802 0.007058159232072276
0 0.3563937071399758 0.5412196499153021 0.02944735780556676 0.02258610954263128
0 0.381605486083098 0.5434782608695652 0.04921339249697459 0.014680971202710334
0 0.3602258975393304 0.5340203274985884 0.004840661557079467 0.007058159232072276
0 0.42053247277127875 0.5311970638057595 0.010891488503428802 0.00818746470920384
0 0.4225494150867285 0.5419254658385093 0.02944735780556676 0.014963297571993224
0 0.48870512303348124 0.5398080180688877 0.0754336425978217 0.023150762281197064
0 0.5492133924969745 0.5400903444381705 0.02218636546994756 0.019762845849802372
0 0.5770471964501815 0.5396668548842461 0.05929810407422348 0.021174477696216828
0 0.654699475594998 0.544042913608131 0.03469140782573618 0.01637492941840768
0 0.6770875352964906 0.5444664031620553 0.022993142396127472 0.01383399209486166
0 0.7045179507866075 0.5392433653303218 0.04235578862444534 0.021456804065499716
0 0.7349737797498992 0.5474308300395256 0.008874546187979023 0.007340485601355167
0 0.7807583703106091 0.541501976284585 0.05929810407422348 0.014680971202710334
0 0.8219039935457846 0.5327498588368154 0.00927793465106898 0.00846979107848673
0 0.8291649858814037 0.5365612648221344 0.022993142396127472 0.020045172219085264
0 0.8721258572004841 0.5464426877470355 0.060508269463493344 0.020045172219085264
0 0.9096409842678499 0.545313382269904 0.005647438483259379 0.0036702428006775835
0 0.9215409439290037 0.5320440429136082 0.019766034691407825 0.016092603049124788
0 0.9427188382412263 0.5252682100508187 0.008874546187979023 0.00818746470920384
0 0.15248083904800322 0.5866741953698476 0.020976200080677694 0.021456804065499716
0 0.15974183138362244 0.5882269904009034 0.023396530859217425 0.021739130434782608
0 0.16397741024606696 0.5903444381705252 0.01734570391286809 0.01693958215697346
0 0.17426381605486083 0.5928853754940712 0.01936264622831787 0.015245623941276116
0 0.17708753529649052 0.577639751552795 0.003227107704719645 0.0033879164313946925
0 0.21117386042759176 0.5937323546019199 0.03509479628882614 0.014680971202710334
0 0.23416700282371924 0.5927442123094298 0.01734570391286809 0.012140033879164314
0 0.2472771278741428 0.5900621118012422 0.026623638563937072 0.02258610954263128
0 0.254538120209762 0.5900621118012422 0.02501008471157725 0.019762845849802372
0 0.27511093182734975 0.5928853754940712 0.03630496167809601 0.012987012987012988
0 0.33642597821702297 0.5890739695087521 0.02581686163775716 0.021739130434782608
0 0.36042759177087536 0.5902032749858837 0.033481242436466316 0.020609824957651044
0 0.3525615167406212 0.58399209486166 0.003227107704719645 0.001976284584980237
0 0.3929003630496168 0.5904856013551666 0.041145623235175476 0.0189158667419537
0 0.3765631302944736 0.5849802371541502 0.003630496167809601 0.00282326369282891
0 0.45482049213392495 0.5900621118012422 0.050423557886244454 0.020327498588368152
0 0.5223880597014925 0.5982495765104461 0.07018959257765228 0.025974025974025976
0 0.5949979830576846 0.5894974590626765 0.021782977006857603 0.020327498588368152
0 0.6153691004437273 0.5930265386787126 0.027833803953206938 0.012140033879164314
0 0.635538523598225 0.5934500282326369 0.02702702702702703 0.012987012987012988
0 0.6306978620411456 0.5849802371541502 0.0028237192416296895 0.002258610954263128
0 0.6797095603065753 0.5930265386787126 0.029043969342476807 0.012704686617730096
0 0.6855586930213796 0.5821569734613213 0.0052440500201694235 0.002258610954263128
0 0.7307382008874547 0.5897797854319593 0.03670835014118596 0.020327498588368152
0 0.8108108108108109 0.588085827216262 0.06857603872529246 0.023715415019762844
0 0.8467123840258168 0.5904856013551666 0.011294876966518758 0.001976284584980237
0 0.872529245663574 0.5921795595708639 0.035498184751916094 0.01383399209486166
0 0.8924969745865268 0.591897233201581 0.013311819281968536 0.012140033879164314
0 0.9039935457845906 0.5916149068322981 0.01936264622831787 0.011575381140598532
0 0.9033884630899556 0.5832862789384529 0.0028237192416296895 0.00282326369282891
0 0.9158935054457442 0.5911914172783738 0.018959257765227916 0.011857707509881422
0 0.9370713997579669 0.5921795595708639 0.03630496167809601 0.014963297571993224
0 0.14885034288019364 0.6324110671936759 0.02581686163775716 0.023715415019762844
0 0.16296893908834206 0.6435629587803501 0.04679306171843485 0.03867871259175607
0 0.2244856797095603 0.6401750423489554 0.02218636546994756 0.021174477696216828
0 0.2573618394513917 0.64257481648786 0.04679306171843485 0.020327498588368152
0 0.31121419927390076 0.643845285149633 0.031060911657926585 0.014398644833427442
0 0.34045986284792257 0.6445511010728402 0.028237192416296894 0.012422360248447204
0 0.41064945542557485 0.6380575945793338 0.045986284792254944 0.023715415019762844
0 0.4334409035901573 0.6418690005646528 0.024606696248487294 0.012704686617730096
0 0.4703509479628883 0.6380575945793338 0.05405405405405406 0.021456804065499716
0 0.4485679709560307 0.6341050254093732 0.003227107704719645 0.002258610954263128
0 0.5318676885841065 0.6415866741953699 0.035901573215006054 0.016657255787690572
0 0.5720048406615571 0.6427159796725014 0.022589753933037516 0.014398644833427442
0 0.6325131101250504 0.6420101637492942 0.05889471561113352 0.034443817052512704
0 0.6865671641791045 0.648927159796725 0.041145623235175476 0.027385657820440428
0 0.7139975796692215 0.6427159796725014 0.03711173860427592 0.029079616036137776
0 0.7117789431222267 0.6341050254093732 0.0028237192416296895 0.002258610954263128
0 0.7246873739411053 0.6398927159796725 0.027833803953206938 0.022303783173348392
0 0.7662363856393707 0.6461038961038961 0.031060911657926585 0.014963297571993224
0 0.7755143202904397 0.632128740824393 0.004437273093989512 0.0033879164313946925
0 0.8247277127874143 0.6439864483342744 0.03751512706736587 0.01637492941840768
0 0.8565954013715208 0.6408808582721626 0.03751512706736587 0.023150762281197064
0 0.90883420734167 0.6537267080745341 0.06938281565147236 0.03190287972896669
0 0.1563130294473578 0.6929700734048561 0.04961678096006454 0.032467532467532464
0 0.2045179507866075 0.6911349520045172 0.023396530859217425 0.020892151326933936
0 0.21682129891085114 0.6908526256352343 0.027833803953206938 0.019198193111236588
0 0.3041549011698265 0.6901468097120271 0.0790641387656313 0.025691699604743084
0 0.38785800726099234 0.6931112365894975 0.07220653489310205 0.031055900621118012
0 0.46893908834207343 0.6897233201581028 0.02379991932230738 0.019762845849802372
0 0.5060508269463493 0.6939582156973462 0.0609116579265833 0.037267080745341616
0 0.5625252117789431 0.695511010728402 0.018152480839048003 0.01101072840203275
0 0.6103267446551028 0.689158667419537 0.050826946349334406 0.023715415019762844
0 0.6575231948366277 0.6908526256352343 0.04679306171843485 0.0220214568040655
0 0.6887858007260992 0.6914172783738001 0.0318676885841065 0.020327498588368152
0 0.7220653489310206 0.6946640316205533 0.042759177087535294 0.01383399209486166
0 0.7470754336425979 0.7010163749294184 0.03227107704719645 0.024844720496894408
0 0.7440500201694231 0.6869000564652739 0.0028237192416296895 0.0016939582156973462
0 0.7692617991125453 0.6911349520045172 0.023396530859217425 0.018633540372670808
0 0.7876159741831383 0.6900056465273856 0.02702702702702703 0.0220214568040655
0 0.8428801936264623 0.6931112365894975 0.0463896732553449 0.03613777526821005
0 0.1510689794271884 0.7412478825522304 0.021379588543767647 0.021174477696216828
0 0.15994352561516742 0.7289666854884246 0.02702702702702703 0.002258610954263128
0 0.16518757563533684 0.7439299830604178 0.0318676885841065 0.015810276679841896
0 0.18737394110528438 0.740824392998306 0.02864058087938685 0.023715415019762844
0 0.2628075837031061 0.7426595143986449 0.06736587333602259 0.020609824957651044
0 0.32876159741831384 0.7402597402597403 0.02743041549011698 0.023715415019762844
0 0.35155304558289635 0.7466120835686053 0.04961678096006454 0.022303783173348392
0 0.3852359822509076 0.7453416149068323 0.03227107704719645 0.012987012987012988
0 0.4312222670431626 0.7428006775832863 0.02581686163775716 0.02258610954263128
0 0.46571198063735375 0.7439299830604178 0.06978620411456232 0.015810276679841896
0 0.445139169019766 0.7302371541501976 0.022993142396127472 0.003105590062111801
0 0.5046389673255345 0.7456239412761152 0.024203307785397338 0.010163749294184076
0 0.5038321903993546 0.737012987012987 0.003227107704719645 0.003105590062111801
0 0.5282371924162969 0.740824392998306 0.014118596208148447 0.00282326369282891
0 0.5744251714400969 0.7432241671372106 0.055667607906413875 0.03190287972896669
0 0.6444130697862042 0.7412478825522304 0.035901573215006054 0.022303783173348392
0 0.6581282775312626 0.7443534726143421 0.035901573215006054 0.016092603049124788
0 0.6787010891488503 0.7511293054771315 0.0052440500201694235 0.001976284584980237
