0 0.15490116982654295 0.22388481084133258 0.015328761597418314 0.01693958215697346
0 0.16821298910851148 0.22699040090344438 0.011294876966518758 0.007905138339920948
0 0.1865671641791045 0.22811970638057594 0.020572811617587738 0.007905138339920948
0 0.18354175070592982 0.2248729531338227 0.003227107704719645 0.001411631846414455
0 0.19322307382008874 0.21640316205533597 0.005647438483259379 0.001976284584980237
0 0.20209762000806777 0.22416713721061546 0.004840661557079467 0.01693958215697346
0 0.2408229124647035 0.22529644268774704 0.014521984671238403 0.009034443817052512
0 0.2527228721258572 0.22529644268774704 0.0052440500201694235 0.007340485601355167
0 0.2593787817668415 0.2171089779785432 0.00645421540943929 0.002258610954263128
0 0.26119402985074625 0.22557876905702992 0.002016942315449778 0.007905138339920948
0 0.2712787414279952 0.22868435911914173 0.00927793465106898 0.012987012987012988
0 0.28479225494150867 0.22755505364201017 0.009681323114158934 0.017504234895539244
0 0.3073820088745462 0.22162619988706944 0.028237192416296894 0.01693958215697346
0 0.34852763210972165 0.2161208356860531 0.00645421540943929 0.002540937323546019
0 0.35215812827753123 0.22628458498023715 0.003227107704719645 0.005928853754940711
0 0.3608309802339653 0.2248729531338227 0.006857603872529245 0.008752117447769622
0 0.3721258572004841 0.2251552795031056 0.01008471157724889 0.007622811970638058
0 0.38019362646228316 0.21569734613212874 0.004437273093989512 0.00282326369282891
0 0.38039532069382814 0.22586109542631283 0.003227107704719645 0.007905138339920948
0 0.3953206938281565 0.2230378317334839 0.02016942315449778 0.015810276679841896
0 0.41085114965711983 0.22120271033314512 0.007664380798709157 0.014398644833427442
0 0.4292053247277128 0.22656691134952003 0.020976200080677694 0.0251270468661773
0 0.42940701895925776 0.21597967250141162 0.0052440500201694235 0.002258610954263128
0 0.46974586526825335 0.22557876905702992 0.013311819281968536 0.009034443817052512
0 0.5054457442517144 0.22289666854884246 0.050826946349334406 0.016657255787690572
0 0.5619201290843082 0.22134387351778656 0.01290843081887858 0.014116318464144552
0 0.5607099636950383 0.21301524562394128 0.0024203307785397336 0.001976284584980237
0 0.582089552238806 0.22077922077922077 0.02501008471157725 0.017504234895539244
0 0.6248487293263413 0.22811970638057594 0.02581686163775716 0.007340485601355167
0 0.6339249697458653 0.21682665160926032 0.0052440500201694235 0.0016939582156973462
0 0.6446147640177491 0.2267080745341615 0.008067769261799113 0.009034443817052512
0 0.6575231948366277 0.22826086956521738 0.009681323114158934 0.014963297571993224
0 0.6706333198870512 0.2220496894409938 0.004437273093989512 0.01383399209486166
0 0.6776926179911255 0.22557876905702992 0.011294876966518758 0.007340485601355167
0 0.691407825736184 0.22543760587238848 0.010488100040338847 0.00818746470920384
0 0.709156918112142 0.22388481084133258 0.024203307785397338 0.015245623941276116
0 0.7521177894312223 0.22783738001129306 0.01573215006050827 0.007340485601355167
0 0.8059701492537313 0.23178994918125354 0.09116579265832997 0.01637492941840768
0 0.7985074626865671 0.23743647656691136 0.0012101653892698668 0.0016939582156973462
0 0.8572004840661557 0.22501411631846416 0.008874546187979023 0.01693958215697346
0 0.14764017749092376 0.275974025974026 0.012101653892698669 0.00818746470920384
0 0.15954013715207746 0.27343308865047994 0.01008471157724889 0.021739130434782608
0 0.18697055264219442 0.27639751552795033 0.013311819281968536 0.009034443817052512
0 0.22226704316256554 0.27526821005081875 0.016135538523598225 0.007340485601355167
0 0.23779749899152886 0.2756916996047431 0.00927793465106898 0.007058159232072276
0 0.24707543364259782 0.2725861095426313 0.007664380798709157 0.011575381140598532
0 0.2482855990318677 0.26538678712591757 0.002016942315449778 0.0016939582156973462
0 0.2700685760387253 0.27103331451157536 0.030254134731746672 0.01637492941840768
0 0.31464300121016536 0.27399774138904576 0.014521984671238403 0.010446075663466968
0 0.3303751512706737 0.27032749858836813 0.009681323114158934 0.017786561264822136
0 0.3444937474788221 0.2738565782044043 0.011294876966518758 0.009034443817052512
0 0.3781766841468334 0.2632693393562959 0.002016942315449778 0.001976284584980237
0 0.3836224283985478 0.2717391304347826 0.01290843081887858 0.01383399209486166
0 0.399959661153691 0.2689158667419537 0.019766034691407825 0.018351214003387916
0 0.4509883017345704 0.2725861095426313 0.03469140782573618 0.020609824957651044
0 0.4663170633319887 0.26468097120271034 0.005647438483259379 0.003105590062111801
0 0.47216619604679305 0.2717391304347826 0.004437273093989512 0.017221908526256352
0 0.48083904800322713 0.2751270468661773 0.011294876966518758 0.007058159232072276
0 0.49294070189592576 0.26990400903444384 0.01290843081887858 0.019762845849802372
0 0.5318676885841065 0.2720214568040655 0.010891488503428802 0.016092603049124788
0 0.5441710367083501 0.2761151891586674 0.011294876966518758 0.007905138339920948
0 0.5762404195240016 0.277244494635799 0.007664380798709157 0.009034443817052512
0 0.5943929003630496 0.27653867871259175 0.022993142396127472 0.00818746470920384
0 0.6167809600645422 0.2727272727272727 0.012101653892698669 0.015810276679841896
0 0.6228317870108915 0.2648221343873518 0.004840661557079467 0.00282326369282891
0 0.6290843081887858 0.27625635234330886 0.010891488503428802 0.009881422924901186
0 0.6417910447761194 0.2776679841897233 0.012101653892698669 0.008752117447769622
0 0.6776926179911255 0.2720214568040655 0.010488100040338847 0.01383399209486166
0 0.6990722065348931 0.27117447769621683 0.02501008471157725 0.016657255787690572
0 0.7166196046793062 0.2714568040654997 0.01008471157724889 0.015527950310559006
0 0.7503025413473174 0.2761151891586674 0.012101653892698669 0.007905138339920948
0 0.7789431222267044 0.2766798418972332 0.010488100040338847 0.009034443817052512
0 0.7977006857603872 0.2769621682665161 0.02379991932230738 0.010163749294184076
0 0.14622831787010893 0.32481648785996614 0.014118596208148447 0.010446075663466968
0 0.16276724485679708 0.32128740824393 0.01573215006050827 0.01637492941840768
0 0.1772892295280355 0.32523997741389044 0.012505042355788625 0.00846979107848673
0 0.20371117386042759 0.31521739130434784 0.005647438483259379 0.002540937323546019
0 0.21379588543767647 0.3242518351214003 0.014521984671238403 0.008752117447769622
0 0.2583703106091166 0.32523997741389044 0.0326744655102864 0.009034443817052512
0 0.28176684146833403 0.32495765104460755 0.0060508269463493344 0.007905138339920948
0 0.2918515530455829 0.3198757763975155 0.003630496167809601 0.015810276679841896
0 0.3007260992335619 0.32933370976849236 0.01008471157724889 0.014963297571993224
0 0.3402581686163776 0.3207227555053642 0.008471157724889069 0.014680971202710334
0 0.3523598225090762 0.3242518351214003 0.011698265429608713 0.006493506493506494
0 0.3608309802339653 0.31959345002823264 0.0060508269463493344 0.014116318464144552
0 0.3717224687373941 0.31959345002823264 0.01573215006050827 0.01637492941840768
0 0.40520371117386045 0.314652738565782 0.006857603872529245 0.001976284584980237
0 0.41407825736183945 0.3243929983060418 0.01653892698668818 0.009599096555618294
0 0.4471561113352158 0.3256634669678148 0.00927793465106898 0.008752117447769622
0 0.46026623638563935 0.326369282891022 0.012101653892698669 0.006775832862789385
0 0.4903186768858411 0.3221343873517787 0.004437273093989512 0.015810276679841896
0 0.4991932230738201 0.32622811970638055 0.012505042355788625 0.007058159232072276
0 0.5116982654296087 0.32679277244494637 0.01008471157724889 0.007058159232072276
0 0.5229931423961275 0.3296160361377753 0.010891488503428802 0.014398644833427442
0 0.5399354578459056 0.3246753246753247 0.021379588543767647 0.009034443817052512
0 0.5802743041549012 0.3253811405985319 0.012505042355788625 0.00818746470920384
0 0.6105284388866479 0.3197346132128741 0.01008471157724889 0.016657255787690572
0 0.6218233158531666 0.3234048560135517 0.010891488503428802 0.007058159232072276
0 0.6337232755143203 0.3198757763975155 0.007260992335619202 0.01693958215697346
0 0.6438079870915692 0.32933370976849236 0.010488100040338847 0.014963297571993224
0 0.6579265832997176 0.3296160361377753 0.004033884630899556 0.004799548277809147
0 0.6962484872932634 0.32128740824393 0.010488100040338847 0.01637492941840768
0 0.7079467527228721 0.32523997741389044 0.011294876966518758 0.00846979107848673
0 0.7438483259378782 0.3269339356295878 0.011294876966518758 0.007905138339920948
0 0.7565550625252118 0.32156973461321287 0.00927793465106898 0.01693958215697346
0 0.7678499394917305 0.3256634669678148 0.010891488503428802 0.00818746470920384
0 0.7803549818475192 0.3256634669678148 0.007664380798709157 0.008752117447769622
0 0.7900363049616781 0.322557876905703 0.007664380798709157 0.016657255787690572
0 0.799919322307382 0.32679277244494637 0.010488100040338847 0.008752117447769622
0 0.8122226704316257 0.32382834556747603 0.012505042355788625 0.015810276679841896
0 0.8469140782573619 0.3231225296442688 0.00927793465106898 0.016092603049124788
0 0.8574021782977007 0.32834556747600224 0.01008471157724889 0.007340485601355167
0 0.1464300121016539 0.37732919254658387 0.011294876966518758 0.009316770186335404
0 0.15974183138362244 0.37422360248447206 0.011294876966518758 0.016657255787690572
0 0.1645824929407019 0.367871259175607 0.004033884630899556 0.0033879164313946925
0 0.1754739814441307 0.3771880293619424 0.014521984671238403 0.00846979107848673
0 0.1897942718838241 0.37323546019198195 0.008471157724889069 0.014680971202710334
0 0.22146026623638565 0.37267080745341613 0.010488100040338847 0.015245623941276116
0 0.23961274707543365 0.37323546019198195 0.023396530859217425 0.015810276679841896
0 0.28479225494150867 0.37577639751552794 0.01290843081887858 0.010728402032749858
0 0.30697862041145624 0.37210615471485037 0.03146430012101654 0.017504234895539244
0 0.3194836627672449 0.36617730095990964 0.005647438483259379 0.00282326369282891
0 0.3303751512706737 0.3761998870694523 0.007260992335619202 0.007622811970638058
0 0.34227511093182733 0.37634105025409376 0.013311819281968536 0.01129305477131564
0 0.3555869302137959 0.38311688311688313 0.004437273093989512 0.00564652738565782
0 0.37878176684146836 0.3759175607001694 0.011294876966518758 0.007622811970638058
0 0.39027833803953205 0.3728119706380576 0.006857603872529245 0.016657255787690572
0 0.400161355385236 0.3761998870694523 0.010488100040338847 0.00818746470920384
0 0.41407825736183945 0.3780350084697911 0.014925373134328358 0.009034443817052512
0 0.4302137958854377 0.3793054771315641 0.014925373134328358 0.013269339356295878
0 0.43686970552642196 0.3673066064370412 0.0016135538523598225 0.001129305477131564
0 0.4388866478418717 0.3673066064370412 0.0016135538523598225 0.001129305477131564
0 0.4483662767244857 0.3784584980237154 0.01573215006050827 0.012140033879164314
0 0.48204921339249696 0.37337662337662336 0.01290843081887858 0.009881422924901186
0 0.4919322307382009 0.37450592885375494 0.0028237192416296895 0.006493506493506494
0 0.49314239612747074 0.366600790513834 0.003630496167809601 0.003105590062111801
0 0.5 0.3709768492377188 0.006857603872529245 0.014116318464144552
0 0.5110931827349737 0.3708356860530774 0.010488100040338847 0.013269339356295878
0 0.5473981444130698 0.3771880293619424 0.01290843081887858 0.007905138339920948
0 0.5592981040742234 0.3780350084697911 0.00927793465106898 0.006775832862789385
0 0.572811617587737 0.3784584980237154 0.009681323114158934 0.008752117447769622
0 0.5841064945542558 0.3791643139469226 0.008874546187979023 0.007340485601355167
0 0.6032674465510286 0.37775268210050816 0.024606696248487294 0.00846979107848673
0 0.6256555062525212 0.37761151891586675 0.016942315449778138 0.009881422924901186
0 0.6413876563130294 0.37676453980801805 0.012101653892698669 0.006493506493506494
0 0.6540943929003631 0.37648221343873517 0.011698265429608713 0.007058159232072276
0 0.6672045179507866 0.3814229249011858 0.010488100040338847 0.015245623941276116
0 0.7033077853973376 0.3794466403162055 0.00927793465106898 0.009599096555618294
0 0.7103670835014119 0.3694240542066629 0.005647438483259379 0.0036702428006775835
0 0.7129891085114965 0.378317334839074 0.0028237192416296895 0.00846979107848673
0 0.7220653489310206 0.38099943534726144 0.009681323114158934 0.013269339356295878
0 0.7351754739814441 0.37775268210050816 0.008471157724889069 0.006775832862789385
0 0.7440500201694231 0.3771880293619424 0.0052440500201694235 0.006775832862789385
0 0.7492940701895926 0.37676453980801805 0.0060508269463493344 0.006493506493506494
0 0.7599838644614764 0.3771880293619424 0.012101653892698669 0.009599096555618294
0 0.7946752722872126 0.3753529079616036 0.009681323114158934 0.008752117447769622
0 0.8073820088745461 0.37987012987012986 0.008471157724889069 0.012704686617730096
0 0.8198870512303348 0.3771880293619424 0.010891488503428802 0.00564652738565782
0 0.8309802339653086 0.3791643139469226 0.003227107704719645 0.0033879164313946925
0 0.8370310609116579 0.3793054771315641 0.008874546187979023 0.007058159232072276
0 0.145623235175474 0.422360248447205 0.007260992335619202 0.01355166572557877
0 0.16296893908834206 0.4233483907396951 0.02016942315449778 0.015527950310559006
0 0.20431625655506253 0.42264257481648787 0.0060508269463493344 0.01355166572557877
0 0.21319080274304156 0.4256070016939582 0.0060508269463493344 0.006493506493506494
0 0.2254941508672852 0.4264539808018069 0.010488100040338847 0.007058159232072276
0 0.23699072206534894 0.4277244494635799 0.00927793465106898 0.007905138339920948
0 0.24949576442113755 0.4222190852625635 0.014118596208148447 0.0189158667419537
0 0.2658329971762808 0.4257481648785997 0.009681323114158934 0.010728402032749858
0 0.27853973376361435 0.4295595708639187 0.0028237192416296895 0.004234895539243365
0 0.31867688584106496 0.4117730095990966 0.007260992335619202 0.004799548277809147
0 0.34429205324727713 0.4222190852625635 0.04235578862444534 0.017221908526256352
0 0.40338846308995563 0.42193675889328064 0.015328761597418314 0.016657255787690572
0 0.4253731343283582 0.4265951439864483 0.025413473174667203 0.006775832862789385
0 0.45219846712384026 0.4213721061547149 0.008874546187979023 0.016657255787690572
0 0.4495764421137555 0.4127611518915867 0.0028237192416296895 0.004517221908526256
0 0.5032271077047197 0.42814793901750425 0.01573215006050827 0.008752117447769622
0 0.5155304558289633 0.4280067758328628 0.00645421540943929 0.007905138339920948
0 0.5151270673658733 0.41869000564652736 0.004033884630899556 0.00282326369282891
0 0.5316659943525616 0.43040654997176736 0.02016942315449778 0.012704686617730096
0 0.573013311819282 0.42264257481648787 0.008471157724889069 0.018068887634105024
0 0.5923759580475998 0.42264257481648787 0.021379588543767647 0.015245623941276116
0 0.6351351351351351 0.42165443252399776 0.021379588543767647 0.014963297571993224
0 0.645219846712384 0.41727837380011296 0.0028237192416296895 0.0033879164313946925
0 0.6530859217426381 0.4256070016939582 0.00645421540943929 0.00818746470920384
0 0.662767244856797 0.4213721061547149 0.00645421540943929 0.017221908526256352
0 0.6934247680516338 0.42715979672501414 0.012101653892698669 0.006775832862789385
0 0.7107704719645018 0.4227837380011293 0.016135538523598225 0.026821005081874648
0 0.7488906817265026 0.42715979672501414 0.01008471157724889 0.007340485601355167
0 0.7613957240822913 0.42857142857142855 0.010891488503428802 0.006775832862789385
0 0.7910447761194029 0.42405420666290233 0.008067769261799113 0.018068887634105024
0 0.8059701492537313 0.4225014116318464 0.016135538523598225 0.016092603049124788
0 0.1464300121016539 0.4764257481648786 0.015328761597418314 0.018351214003387916
0 0.16034691407825735 0.48221343873517786 0.011698265429608713 0.009599096555618294
0 0.1811214199273901 0.4775550536420102 0.014521984671238403 0.014398644833427442
0 0.19987898346107302 0.4741671372106155 0.014925373134328358 0.018351214003387916
0 0.2408229124647035 0.47346132128740825 0.014521984671238403 0.018633540372670808
0 0.24384832593787817 0.4668266516092603 0.004437273093989512 0.002540937323546019
0 0.2599838644614764 0.4733201581027668 0.018959257765227916 0.018351214003387916
0 0.29931423961274706 0.4805194805194805 0.011294876966518758 0.019198193111236588
0 0.3162565550625252 0.4775550536420102 0.012101653892698669 0.009316770186335404
0 0.3293666801129488 0.47656691134952006 0.011698265429608713 0.011857707509881422
0 0.3701089148850343 0.47586109542631283 0.019766034691407825 0.014398644833427442
0 0.3771682129891085 0.4704968944099379 0.004840661557079467 0.0036702428006775835
0 0.3864461476401775 0.47586109542631283 0.012101653892698669 0.01383399209486166
0 0.42315449778136344 0.48348390739695085 0.015328761597418314 0.017221908526256352
0 0.44493747478822104 0.4808018068887634 0.028237192416296894 0.010163749294184076
0 0.47498991528842277 0.4754376058723885 0.02944735780556676 0.02258610954263128
0 0.4979830576845502 0.4738848108413326 0.01573215006050827 0.015527950310559006
0 0.5129084308188786 0.4767080745341615 0.013311819281968536 0.008752117447769622
0 0.5250100847115773 0.48334274421230944 0.014118596208148447 0.024280067758328628
0 0.5379185155304558 0.48094297007340486 0.0028237192416296895 0.003105590062111801
