0 0.15691811214199275 0.21188594014680973 0.02016942315449778 0.016092603049124788
0 0.14965711980637353 0.21894409937888198 0.0016135538523598225 0.001411631846414455
0 0.1744655102864058 0.21485036702428006 0.011698265429608713 0.01129305477131564
0 0.17224687373941105 0.20369847543760589 0.003227107704719645 0.004799548277809147
0 0.20713997579669222 0.21456804065499718 0.012505042355788625 0.010728402032749858
0 0.22589753933037515 0.220214568040655 0.024203307785397338 0.021456804065499716
0 0.25857200484066156 0.21301524562394128 0.035498184751916094 0.014398644833427442
0 0.2771278741427995 0.20426312817617165 0.003227107704719645 0.001976284584980237
0 0.31565147236789026 0.21569734613212874 0.03509479628882614 0.009034443817052512
0 0.3402581686163776 0.21513269339356295 0.011698265429608713 0.009599096555618294
0 0.3721258572004841 0.21640316205533597 0.014118596208148447 0.007058159232072276
0 0.3850342880193626 0.21597967250141162 0.00927793465106898 0.009599096555618294
0 0.4233561920129084 0.2134387351778656 0.018959257765227916 0.01637492941840768
0 0.4352561516740621 0.21668548842461885 0.010488100040338847 0.00818746470920384
0 0.4431222267043163 0.21739130434782608 0.0028237192416296895 0.005081874647092038
0 0.44392900363049614 0.2137210615471485 0.0028237192416296895 0.0016939582156973462
0 0.4509883017345704 0.21640316205533597 0.011294876966518758 0.009316770186335404
0 0.46329164985881405 0.21188594014680973 0.012505042355788625 0.017221908526256352
0 0.4709560306575232 0.22092038396386224 0.01573215006050827 0.01383399209486166
0 0.5064542154094392 0.2155561829474873 0.012505042355788625 0.008752117447769622
0 0.5193626462283178 0.21668548842461885 0.010891488503428802 0.009316770186335404
0 0.5482049213392497 0.2121682665160926 0.014521984671238403 0.01383399209486166
0 0.5599031867688584 0.21640316205533597 0.00645421540943929 0.007622811970638058
0 0.5689794271883825 0.2155561829474873 0.010891488503428802 0.008752117447769622
0 0.5713997579669221 0.20482778091473744 0.002016942315449778 0.0036702428006775835
0 0.6119402985074627 0.2155561829474873 0.03307785397337636 0.022868435911914172
0 0.6250504235578862 0.21795595708639187 0.0052440500201694235 0.00564652738565782
0 0.6415893505445744 0.21781479390175043 0.019766034691407825 0.008752117447769622
0 0.6349334409035902 0.2069452286843591 0.003227107704719645 0.0033879164313946925
0 0.6607503025413474 0.22261434217955958 0.004033884630899556 0.004234895539243365
0 0.6847519160951997 0.2180971202710333 0.02379991932230738 0.007058159232072276
0 0.7109721661960468 0.21386222473178995 0.021379588543767647 0.014398644833427442
0 0.7022993142396128 0.20680406549971767 0.0024203307785397336 0.0036702428006775835
0 0.7501008471157725 0.21527385657820441 0.011698265429608713 0.009881422924901186
0 0.7609923356192013 0.2155561829474873 0.010891488503428802 0.009881422924901186
0 0.7807583703106091 0.21626199887069453 0.025413473174667203 0.00846979107848673
0 0.8009277934651069 0.21583850931677018 0.02218636546994756 0.023997741389045736
0 0.1381605486083098 0.26750423489553926 0.01734570391286809 0.0251270468661773
0 0.14925373134328357 0.26679841897233203 0.009681323114158934 0.00846979107848673
0 0.15832997176280758 0.26679841897233203 0.013311819281968536 0.00846979107848673
0 0.1782977006857604 0.26976284584980237 0.023396530859217425 0.007622811970638058
0 0.22851956434045986 0.26242236024844723 0.018959257765227916 0.015527950310559006
0 0.2434449374747882 0.2660926030491248 0.014118596208148447 0.008752117447769622
0 0.25574828559903184 0.26679841897233203 0.008874546187979023 0.009599096555618294
0 0.27228721258572003 0.2673630717108978 0.023396530859217425 0.020892151326933936
0 0.3170633319887051 0.26453980801806887 0.016135538523598225 0.014116318464144552
0 0.33662767244856795 0.26778656126482214 0.021379588543767647 0.007058159232072276
0 0.35316659943525613 0.26750423489553926 0.00927793465106898 0.006493506493506494
0 0.35054457442517145 0.2595990965556183 0.003227107704719645 0.005364201016374929
0 0.3830173457039129 0.2662337662337662 0.014925373134328358 0.009034443817052512
0 0.3991528842275111 0.2662337662337662 0.013311819281968536 0.006211180124223602
0 0.44130697862041146 0.2632693393562959 0.03307785397337636 0.014963297571993224
0 0.4856797095603066 0.2632693393562959 0.022589753933037516 0.014963297571993224
0 0.4989915288422751 0.26679841897233203 0.012101653892698669 0.007340485601355167
0 0.517345703912868 0.26468097120271034 0.02218636546994756 0.014963297571993224
0 0.5312626058894716 0.27004517221908525 0.015328761597418314 0.012140033879164314
0 0.5679709560306575 0.2672219085262564 0.012101653892698669 0.009881422924901186
0 0.5792658329971763 0.2651044607566347 0.014521984671238403 0.014116318464144552
0 0.5941912061315047 0.2684923771880294 0.008067769261799113 0.007340485601355167
0 0.6147640177490924 0.26651609260304915 0.028237192416296894 0.01129305477131564
0 0.6347317466720451 0.26651609260304915 0.01653892698668818 0.01129305477131564
0 0.6440096813231142 0.25945793337097683 0.004437273093989512 0.002258610954263128
0 0.6567164179104478 0.2672219085262564 0.026623638563937072 0.008752117447769622
0 0.6980637353771683 0.2676453980801807 0.018152480839048003 0.006775832862789385
0 0.7103670835014119 0.2658102766798419 0.020976200080677694 0.022303783173348392
0 0.7434449374747882 0.2648221343873518 0.022589753933037516 0.012987012987012988
0 0.7603872529245663 0.2670807453416149 0.007260992335619202 0.007340485601355167
0 0.7581686163775716 0.2593167701863354 0.002016942315449778 0.004799548277809147
0 0.7954820492133925 0.2641163184641446 0.012101653892698669 0.014398644833427442
0 0.8059701492537313 0.264257481648786 0.011294876966518758 0.014680971202710334
0 0.8116175877369908 0.2673630717108978 0.009681323114158934 0.007340485601355167
0 0.8237192416296893 0.26792772444946356 0.008067769261799113 0.007905138339920948
0 0.8212989108511497 0.2627046866177301 0.0016135538523598225 0.001411631846414455
0 0.836425978217023 0.2652456239412761 0.012505042355788625 0.015527950310559006
0 0.13594191206131503 0.3156408808582722 0.009681323114158934 0.010728402032749858
0 0.14925373134328357 0.3166290231507623 0.02016942315449778 0.009316770186335404
0 0.16155707946752723 0.31719367588932806 0.003630496167809601 0.005364201016374929
0 0.16780960064542155 0.30787690570299264 0.0024203307785397336 0.002540937323546019
0 0.17224687373941105 0.31281761716544326 0.008874546187979023 0.012422360248447204
0 0.18051633723275515 0.325098814229249 0.004437273093989512 0.004799548277809147
0 0.21077047196450183 0.31733483907396953 0.019766034691407825 0.010728402032749858
0 0.2263009277934651 0.32495765104460755 0.017749092375958047 0.0220214568040655
0 0.22468737394110527 0.30999435347261434 0.0024203307785397336 0.003952569169960474
0 0.24707543364259782 0.31832298136645965 0.024606696248487294 0.007622811970638058
0 0.2757160145219847 0.31521739130434784 0.031060911657926585 0.01383399209486166
0 0.29487696651875756 0.31945228684359117 0.009681323114158934 0.008752117447769622
0 0.3346107301331182 0.3170525127046866 0.014925373134328358 0.007905138339920948
0 0.3574021782977007 0.31437041219649914 0.024203307785397338 0.01383399209486166
0 0.39310205728116177 0.31648785996612083 0.018959257765227916 0.011857707509881422
0 0.4060104881000403 0.3169113495200452 0.00927793465106898 0.008752117447769622
0 0.4027833803953207 0.3092885375494071 0.0012101653892698668 0.0008469791078486731
0 0.4048003227107705 0.3090062111801242 0.002016942315449778 0.001411631846414455
0 0.4219443323920936 0.31733483907396953 0.01936264622831787 0.006211180124223602
0 0.436264622831787 0.3178994918125353 0.006857603872529245 0.005081874647092038
0 0.44473578055667606 0.3190287972896669 0.00927793465106898 0.006211180124223602
0 0.47862041145623235 0.3156408808582722 0.013311819281968536 0.015810276679841896
0 0.4935457845905607 0.31535855448898925 0.018959257765227916 0.014116318464144552
0 0.5028237192416297 0.31634669678147936 0.004437273093989512 0.001976284584980237
0 0.5304558289632917 0.3190287972896669 0.02743041549011698 0.023150762281197064
0 0.5340863251311012 0.3169113495200452 0.0024203307785397336 0.002540937323546019
0 0.5475998386446148 0.31846414455110106 0.010891488503428802 0.007905138339920948
0 0.5623235175473982 0.31931112365894976 0.017749092375958047 0.006211180124223602
0 0.5812827753126261 0.3157820440429136 0.009681323114158934 0.01101072840203275
0 0.5943929003630496 0.32368718238283456 0.0060508269463493344 0.005364201016374929
0 0.6151674062121824 0.31945228684359117 0.011294876966518758 0.007058159232072276
0 0.6319080274304155 0.31959345002823264 0.01573215006050827 0.007340485601355167
0 0.6665994352561517 0.3178994918125353 0.011698265429608713 0.009034443817052512
0 0.6795078660750302 0.3177583286278938 0.01008471157724889 0.009316770186335404
0 0.6924162968939088 0.31535855448898925 0.014118596208148447 0.011857707509881422
0 0.709560306575232 0.31832298136645965 0.01290843081887858 0.009316770186335404
0 0.7216619604679306 0.3190287972896669 0.012101653892698669 0.006775832862789385
0 0.7626058894715612 0.31931112365894976 0.024606696248487294 0.024280067758328628
0 0.7743041549011698 0.3191699604743083 0.010891488503428802 0.006493506493506494
0 0.7779346510689794 0.32086391869000563 0.0052440500201694235 0.004799548277809147
0 0.7974989915288423 0.3188876341050254 0.016942315449778138 0.008752117447769622
0 0.13574021782977008 0.366600790513834 0.012505042355788625 0.009316770186335404
0 0.15328761597418314 0.36645962732919257 0.01371520774505849 0.007340485601355167
0 0.16922146026623638 0.3642010163749294 0.01653892698668818 0.014116318464144552
0 0.21782977006857604 0.37027103331451156 0.016942315449778138 0.013269339356295878
0 0.23517547398144414 0.367871259175607 0.010488100040338847 0.00846979107848673
0 0.2472771278741428 0.3651891586674195 0.012101653892698669 0.012140033879164314
0 0.2515127067365873 0.36801242236024845 0.002016942315449778 0.0008469791078486731
0 0.25857200484066156 0.3650479954827781 0.012101653892698669 0.012422360248447204
0 0.263614360629286 0.36773009599096557 0.010891488503428802 0.00818746470920384
0 0.2716821298910851 0.3697063805759458 0.0060508269463493344 0.006493506493506494
0 0.2811617587736991 0.3695652173913043 0.012101653892698669 0.006211180124223602
0 0.3239209358612344 0.36773009599096557 0.01371520774505849 0.013269339356295878
0 0.33884630899556273 0.36476566911349523 0.015328761597418314 0.01693958215697346
0 0.35619201290843083 0.36900056465273856 0.010488100040338847 0.010163749294184076
0 0.36607503025413474 0.37351778656126483 0.01734570391286809 0.01355166572557877
0 0.38422751109318276 0.3728119706380576 0.014118596208148447 0.01383399209486166
0 0.4213392496974587 0.3674477696216827 0.021379588543767647 0.011575381140598532
0 0.43263412666397744 0.36024844720496896 0.003630496167809601 0.00282326369282891
0 0.4396934247680516 0.36900056465273856 0.01290843081887858 0.006775832862789385
0 0.4507866075030254 0.3695652173913043 0.00927793465106898 0.00846979107848673
0 0.4598628479225494 0.366600790513834 0.011294876966518758 0.013269339356295878
0 0.48749495764421136 0.36928289102202144 0.0052440500201694235 0.006775832862789385
0 0.49314239612747074 0.36024844720496896 0.002016942315449778 0.004517221908526256
0 0.5014118596208148 0.3699887069452287 0.017749092375958047 0.005928853754940711
0 0.5435659540137152 0.3660361377752682 0.03670835014118596 0.014398644833427442
0 0.5901573215006051 0.36801242236024845 0.010488100040338847 0.008752117447769622
0 0.6034691407825736 0.36773009599096557 0.012101653892698669 0.009316770186335404
0 0.6143606292860024 0.3684359119141728 0.00645421540943929 0.00564652738565782
0 0.627470754336426 0.36914172783738003 0.014925373134328358 0.006493506493506494
0 0.645824929407019 0.36914172783738003 0.01936264622831787 0.008752117447769622
0 0.6597418313836224 0.3681535855448899 0.008471157724889069 0.007340485601355167
0 0.7022993142396128 0.36801242236024845 0.028237192416296894 0.02456239412761152
0 0.7390076643807987 0.36617730095990964 0.016942315449778138 0.014116318464144552
0 0.7527228721258572 0.36900056465273856 0.004033884630899556 0.004517221908526256
0 0.7575635336829367 0.35926030491247885 0.004033884630899556 0.005928853754940711
0 0.7624041952400161 0.36885940146809715 0.008874546187979023 0.00818746470920384
0 0.7849939491730537 0.3739412761151892 0.020976200080677694 0.015527950310559006
0 0.8065752319483662 0.36885940146809715 0.01653892698668818 0.006493506493506494
0 0.827349737797499 0.36688311688311687 0.015328761597418314 0.013269339356295878
0 0.13856393707139975 0.4253246753246753 0.011698265429608713 0.021739130434782608
0 0.15873336022589754 0.4184076792772445 0.018959257765227916 0.009599096555618294
0 0.17950786607503025 0.4225014116318464 0.016942315449778138 0.015527950310559006
0 0.2226704316256555 0.41770186335403725 0.009681323114158934 0.008752117447769622
0 0.23396530859217426 0.42193675889328064 0.016135538523598225 0.016657255787690572
0 0.2517144009681323 0.4199604743083004 0.01855586930213796 0.009316770186335404
0 0.2734973779749899 0.4234895539243365 0.0024203307785397336 0.002258610954263128
0 0.30919725695845096 0.4158667419536985 0.026220250100847116 0.015810276679841896
0 0.31988705123033484 0.40923207227555053 0.003227107704719645 0.0008469791078486731
0 0.3291649858814038 0.42080745341614906 0.008874546187979023 0.008752117447769622
0 0.32876159741831384 0.4105025409373235 0.004033884630899556 0.00564652738565782
0 0.35841064945542556 0.4202428006775833 0.024606696248487294 0.0251270468661773
0 0.36506655909640984 0.42207792207792205 0.008067769261799113 0.00564652738565782
0 0.37938684953610324 0.41967814793901753 0.01008471157724889 0.005364201016374929
0 0.3755546591367487 0.4114906832298137 0.0016135538523598225 0.003105590062111801
0 0.3989511899959661 0.4246188594014681 0.03146430012101654 0.020327498588368152
0 0.42315449778136344 0.41981931112365894 0.008067769261799113 0.002258610954263128
0 0.4441306978620411 0.4205251270468662 0.014521984671238403 0.007622811970638058
0 0.4649052037111739 0.4205251270468662 0.02379991932230738 0.007622811970638058
0 0.4802339653085922 0.41106719367588934 0.002016942315449778 0.00282326369282891
0 0.48426784993949173 0.4161490683229814 0.00927793465106898 0.012422360248447204
0 0.491327148043566 0.4189723320158103 0.008874546187979023 0.00846979107848673
0 0.5223880597014925 0.4201016374929418 0.007260992335619202 0.006211180124223602
0 0.5316659943525616 0.41953698475437606 0.012101653892698669 0.006775832862789385
0 0.5500201694231545 0.41981931112365894 0.018959257765227916 0.007340485601355167
0 0.5473981444130698 0.41770186335403725 0.007260992335619202 0.006493506493506494
0 0.5657523194836628 0.4192546583850932 0.01008471157724889 0.00846979107848673
0 0.5958047599838645 0.4184076792772445 0.01371520774505849 0.009034443817052512
0 0.609116579265833 0.4168548842461886 0.011294876966518758 0.010446075663466968
0 0.6113352158128278 0.4105025409373235 0.0028237192416296895 0.001129305477131564
0 0.6222267043162566 0.4189723320158103 0.008471157724889069 0.003952569169960474
0 0.6206131504638968 0.41022021456804064 0.003630496167809601 0.005081874647092038
0 0.6367486889874949 0.4147374364765669 0.011698265429608713 0.014116318464144552
0 0.6474384832593788 0.42179559570863917 0.017749092375958047 0.014116318464144552
0 0.6647841871722469 0.42419536984754375 0.005647438483259379 0.006493506493506494
0 0.6879790237999194 0.4168548842461886 0.010891488503428802 0.013269339356295878
0 0.7016942315449778 0.4161490683229814 0.011698265429608713 0.012987012987012988
0 0.7174263816054861 0.41869000564652736 0.01008471157724889 0.009034443817052512
0 0.7311415893505446 0.4203839638622247 0.013311819281968536 0.007905138339920948
0 0.7430415490116983 0.42701863354037267 0.01936264622831787 0.021739130434782608
0 0.764017749092376 0.41770186335403725 0.01290843081887858 0.012704686617730096
0 0.8110125050423558 0.41770186335403725 0.030254134731746672 0.012704686617730096
0 0.14965711980637353 0.4647092038396386 0.020976200080677694 0.015810276679841896
0 0.1645824929407019 0.4587803500846979 0.0024203307785397336 0.003952569169960474
0 0.16942315449778136 0.4678147939017504 0.009681323114158934 0.010163749294184076
0 0.18394513916901978 0.4655561829474873 0.017749092375958047 0.01355166572557877
0 0.22206534893102056 0.46485036702428006 0.012505042355788625 0.01383399209486166
0 0.23235175473981445 0.46852060982495763 0.012101653892698669 0.00818746470920384
0 0.27228721258572003 0.470214568040655 0.02743041549011698 0.007058159232072276
0 0.291246470350948 0.4699322416713721 0.010488100040338847 0.006493506493506494
0 0.3136345300524405 0.4678147939017504 0.020572811617587738 0.011857707509881422
0 0.36708350141185964 0.47360248447204967 0.03065752319483663 0.016657255787690572
0 0.40762404195240015 0.4704968944099379 0.02218636546994756 0.023433088650479956
0 0.4211375554659137 0.4696499153020892 0.012101653892698669 0.009316770186335404
0 0.4320290439693425 0.47063805759457933 0.010488100040338847 0.007340485601355167
0 0.4550221863654699 0.47035573122529645 0.004840661557079467 0.006211180124223602
0 0.46208148446954417 0.4606154714850367 0.002016942315449778 0.002540937323546019
0 0.4683340056474385 0.4642857142857143 0.010488100040338847 0.014963297571993224
0 0.49515933844292054 0.4662619988706945 0.012505042355788625 0.012704686617730096
0 0.5070592981040742 0.4730378317334839 0.01855586930213796 0.014963297571993224
0 0.5471964501815249 0.468944099378882 0.013311819281968536 0.01129305477131564
0 0.5603065752319484 0.468944099378882 0.011294876966518758 0.00846979107848673
0 0.5734167002823719 0.46936758893280633 0.011698265429608713 0.00818746470920384
0 0.5857200484066156 0.4686617730095991 0.009681323114158934 0.010163749294184076
0 0.5982250907624042 0.4644268774703557 0.012101653892698669 0.015245623941276116
0 0.6042759177087536 0.4688029361942405 0.012101653892698669 0.007622811970638058
0 0.6214199273900767 0.4696499153020892 0.014118596208148447 0.007058159232072276
0 0.63695038321904 0.4678147939017504 0.010488100040338847 0.014116318464144552
0 0.6571198063735377 0.47134387351778656 0.02743041549011698 0.022303783173348392
0 0.6865671641791045 0.4767080745341615 0.022589753933037516 0.014963297571993224
0 0.7158128277531263 0.47035573122529645 0.02944735780556676 0.009034443817052512
0 0.7339653085921742 0.46160361377752684 0.002016942315449778 0.0033879164313946925
0 0.7375958047599839 0.47063805759457933 0.002016942315449778 0.0016939582156973462
0 0.7412263009277935 0.4696499153020892 0.008471157724889069 0.006493506493506494
0 0.7503025413473174 0.4762845849802372 0.01371520774505849 0.020892151326933936
0 0.7851956434045986 0.4673913043478261 0.011698265429608713 0.01383399209486166
0 0.8057684550221864 0.46823828345567475 0.027833803953206938 0.01383399209486166
0 0.8295683743444937 0.47134387351778656 0.01734570391286809 0.007058159232072276
0 0.14844695441710368 0.5203274985883681 0.024203307785397338 0.010163749294184076
0 0.1653892698668818 0.5090344438170525 0.0024203307785397336 0.004517221908526256
0 0.17587736990722067 0.5151044607566346 0.02016942315449778 0.015527950310559006
0 0.22972972972972974 0.5184923771880293 0.040742234772085516 0.013269339356295878
0 0.28398547801532875 0.5186335403726708 0.01936264622831787 0.0220214568040655
0 0.28842275110931825 0.5206098249576511 0.008874546187979023 0.00564652738565782
0 0.3021379588543768 0.5194805194805194 0.009681323114158934 0.007340485601355167
0 0.2989108511496571 0.5108695652173914 0.0024203307785397336 0.005364201016374929
0 0.32029043969342474 0.5242800677583286 0.029850746268656716 0.01693958215697346
0 0.3483259378781767 0.5191981931112366 0.00927793465106898 0.0016939582156973462
0 0.36829366680112946 0.5184923771880293 0.014521984671238403 0.008752117447769622
0 0.38967325534489716 0.5190570299265952 0.020976200080677694 0.007058159232072276
0 0.40217829770068575 0.5118577075098815 0.0024203307785397336 0.002258610954263128
0 0.40923759580476 0.5165160926030491 0.00927793465106898 0.014963297571993224
0 0.4421137555465914 0.519339356295878 0.016135538523598225 0.005928853754940711
0 0.45461879790237997 0.5186335403726708 0.021782977006857603 0.02258610954263128
0 0.4927390076643808 0.5177865612648221 0.03670835014118596 0.015245623941276116
0 0.5395320693828156 0.5187747035573123 0.013311819281968536 0.008752117447769622
0 0.5524405002016942 0.5249858836815359 0.030254134731746672 0.016657255787690572
0 0.5786607503025414 0.5187747035573123 0.014118596208148447 0.007622811970638058
0 0.5931827349737797 0.5191981931112366 0.013311819281968536 0.009599096555618294
0 0.6028640580879386 0.519339356295878 0.004437273093989512 0.005928853754940711
0 0.6155707946752723 0.5165160926030491 0.015328761597418314 0.017221908526256352
0 0.6121419927390077 0.5093167701863354 0.002016942315449778 0.0033879164313946925
0 0.6534893102057281 0.5179277244494636 0.016135538523598225 0.012140033879164314
0 0.6698265429608713 0.5199040090344438 0.010891488503428802 0.00818746470920384
0 0.6841468334005647 0.5204686617730095 0.007260992335619202 0.007058159232072276
0 0.691407825736184 0.5213156408808582 0.005647438483259379 0.004234895539243365
0 0.7081484469544171 0.5187747035573123 0.018959257765227916 0.013269339356295878
0 0.7228721258572005 0.5245623941276115 0.0024203307785397336 0.0016939582156973462
