0 0.1789027833803953 0.21597967250141162 0.06736587333602259 0.019762845849802372
0 0.2710770471964502 0.22063805759457933 0.06292860024203308 0.01383399209486166
0 0.3346107301331182 0.22120271033314512 0.01653892698668818 0.012704686617730096
0 0.36385639370713996 0.22656691134952003 0.04517950786607503 0.020045172219085264
0 0.3828156514723679 0.2149915302089215 0.003227107704719645 0.001976284584980237
0 0.3947156111335216 0.22261434217955958 0.013311819281968536 0.010446075663466968
0 0.42073416700282373 0.22190852625635235 0.03630496167809601 0.012422360248447204
0 0.46954417103670837 0.22134387351778656 0.029043969342476807 0.01637492941840768
0 0.49697458652682536 0.22346132128740825 0.028237192416296894 0.012704686617730096
0 0.5377168212989109 0.22106154714850368 0.029850746268656716 0.017504234895539244
0 0.5649455425574829 0.220214568040655 0.02864058087938685 0.018068887634105024
0 0.6068979427188382 0.22699040090344438 0.018152480839048003 0.018068887634105024
0 0.6244453408632513 0.22430830039525693 0.014521984671238403 0.011575381140598532
0 0.6512706736587334 0.22699040090344438 0.03751512706736587 0.029926595143986448
0 0.717628075837031 0.22134387351778656 0.06212182331585317 0.018068887634105024
0 0.7016942315449778 0.21682665160926032 0.003630496167809601 0.002258610954263128
0 0.7779346510689794 0.221485036702428 0.026220250100847116 0.013269339356295878
0 0.8186768858410649 0.22713156408808582 0.05526421944332392 0.03190287972896669
0 0.8565954013715208 0.22811970638057594 0.006857603872529245 0.009599096555618294
0 0.14320290439693426 0.2648221343873518 0.0016135538523598225 0.006775832862789385
0 0.15066559096409843 0.26990400903444384 0.01653892698668818 0.012422360248447204
0 0.17144009681323114 0.26905702992659514 0.02581686163775716 0.01693958215697346
0 0.17950786607503025 0.2651044607566347 0.003227107704719645 0.002258610954263128
0 0.20129084308188785 0.2689158667419537 0.03065752319483663 0.016657255787690572
0 0.2539330375151271 0.2704686617730096 0.019766034691407825 0.011857707509881422
0 0.2876159741831384 0.27089215132693395 0.042759177087535294 0.013269339356295878
0 0.31444130697862044 0.2636928289102202 0.006857603872529245 0.006211180124223602
0 0.3289632916498588 0.2691981931112366 0.01734570391286809 0.017221908526256352
0 0.3711173860427592 0.2715979672501412 0.01371520774505849 0.012422360248447204
0 0.42940701895925776 0.2707509881422925 0.038321903993545785 0.01693958215697346
0 0.42759177087535294 0.2682100508187465 0.003227107704719645 0.002258610954263128
0 0.5141185962081485 0.2745623941276115 0.0681726502622025 0.027950310559006212
0 0.545179507866075 0.265527950310559 0.0028237192416296895 0.003105590062111801
0 0.5657523194836628 0.2728684359119142 0.027833803953206938 0.013269339356295878
0 0.5873336022589754 0.2707509881422925 0.012101653892698669 0.019198193111236588
0 0.6327148043565954 0.2725861095426313 0.03670835014118596 0.014398644833427442
0 0.6563130294473578 0.27216261998870694 0.009681323114158934 0.01637492941840768
0 0.672246873739411 0.2816205533596838 0.026220250100847116 0.03303218520609825
0 0.6895925776522791 0.279785431959345 0.006857603872529245 0.009599096555618294
0 0.7357805566760791 0.2724449463579898 0.053247277127874144 0.019198193111236588
0 0.16760790641387657 0.3188876341050254 0.051230334812424366 0.015527950310559006
0 0.21762807583703106 0.3221343873517787 0.04800322710770472 0.0220214568040655
0 0.22246873739411052 0.31437041219649914 0.003630496167809601 0.002540937323546019
0 0.25332795482049214 0.32171089779785433 0.021782977006857603 0.01383399209486166
0 0.29810407422347723 0.32029926595143987 0.012101653892698669 0.010446075663466968
0 0.3227107704719645 0.3219932241671372 0.03227107704719645 0.013269339356295878
0 0.35599031867688585 0.32058159232072275 0.025413473174667203 0.013269339356295878
0 0.4352561516740621 0.32156973461321287 0.06212182331585317 0.014680971202710334
0 0.5139169019766034 0.31945228684359117 0.04517950786607503 0.016657255787690572
0 0.5659540137152077 0.32284020327498586 0.017749092375958047 0.012704686617730096
0 0.5877369907220653 0.3231225296442688 0.029043969342476807 0.012140033879164314
0 0.6079064138765631 0.3222755505364201 0.01290843081887858 0.011575381140598532
0 0.6173860427591771 0.3207227555053642 0.008471157724889069 0.014680971202710334
0 0.6246470350947962 0.32029926595143987 0.006857603872529245 0.014398644833427442
0 0.6593384429205325 0.32368718238283456 0.021379588543767647 0.012140033879164314
0 0.6930213795885438 0.32284020327498586 0.045986284792254944 0.016657255787690572
0 0.7579669221460267 0.32142857142857145 0.02501008471157725 0.017221908526256352
0 0.7672448567970956 0.3167701863354037 0.003227107704719645 0.002258610954263128
0 0.781766841468334 0.3242518351214003 0.01936264622831787 0.011575381140598532
0 0.7884227511093183 0.31620553359683795 0.003630496167809601 0.002258610954263128
0 0.8160548608309802 0.32128740824393 0.04759983864461476 0.018633540372670808
0 0.17426381605486083 0.3705533596837945 0.05244050020169423 0.016657255787690572
0 0.25776522791448164 0.3697063805759458 0.05405405405405406 0.014963297571993224
0 0.3235175473981444 0.3709768492377188 0.01936264622831787 0.017504234895539244
0 0.336022589753933 0.3634952004517222 0.003227107704719645 0.002540937323546019
0 0.33642597821702297 0.37337662337662336 0.003227107704719645 0.009316770186335404
0 0.3469140782573618 0.3752117447769622 0.01290843081887858 0.014116318464144552
0 0.40661557079467525 0.3725296442687747 0.02581686163775716 0.012704686617730096
0 0.43848325937878174 0.3715415019762846 0.035498184751916094 0.018633540372670808
0 0.4645018152480839 0.37549407114624506 0.02218636546994756 0.012987012987012988
0 0.527027027027027 0.3708356860530774 0.05203711173860428 0.017221908526256352
0 0.5651472367890278 0.37732919254658387 0.003227107704719645 0.002540937323546019
