0 0.14844695441710368 0.2267080745341615 0.029850746268656716 0.006211180124223602
0 0.14239612747075434 0.2422360248447205 0.01290843081887858 0.015245623941276116
0 0.1663977410246067 0.2409655561829475 0.030254134731746672 0.020045172219085264
0 0.2035094796288826 0.23955392433653303 0.04154901169826543 0.023997741389045736
0 0.23134328358208955 0.24576510446075664 0.018152480839048003 0.017221908526256352
0 0.2525211778943122 0.2385657820440429 0.017749092375958047 0.020892151326933936
0 0.2769261799112545 0.25056465273856576 0.04719645018152481 0.04488989271597967
0 0.27773295683743443 0.264257481648786 0.003630496167809601 0.006775832862789385
0 0.3037515127067366 0.25381140598531904 0.008874546187979023 0.015245623941276116
0 0.32513110125050426 0.2385657820440429 0.021782977006857603 0.02258610954263128
0 0.3537716821298911 0.24237718802936195 0.03791851553045583 0.016657255787690572
0 0.38967325534489716 0.2435064935064935 0.03630496167809601 0.020045172219085264
0 0.4225494150867285 0.24153020892151328 0.03509479628882614 0.016657255787690572
0 0.4407018959257765 0.25042348955392435 0.007664380798709157 0.010728402032749858
0 0.4764017749092376 0.24025974025974026 0.04517950786607503 0.018633540372670808
0 0.5310609116579266 0.24181253529079616 0.018959257765227916 0.03020892151326934
0 0.5399354578459056 0.2429418407679277 0.01734570391286809 0.013269339356295878
0 0.5328761597418313 0.23898927159796726 0.0024203307785397336 0.001976284584980237
0 0.5572811617587737 0.24322416713721062 0.014925373134328358 0.014963297571993224
0 0.5756353368293666 0.2413890457368718 0.029850746268656716 0.020327498588368152
0 0.5919725695845098 0.23136645962732919 0.002016942315449778 0.002540937323546019
0 0.6044776119402985 0.24265951439864483 0.026220250100847116 0.016092603049124788
0 0.6494554255748286 0.23898927159796726 0.042759177087535294 0.026256352343308864
0 0.6968535699878984 0.2381422924901186 0.014925373134328358 0.021739130434782608
0 0.7061315046389673 0.24209486166007904 0.006857603872529245 0.01101072840203275
0 0.7156111335215812 0.2419536984754376 0.014521984671238403 0.012987012987012988
0 0.7113755546591367 0.23193111236589498 0.002016942315449778 0.001976284584980237
0 0.7480839048003227 0.24025974025974026 0.040742234772085516 0.019762845849802372
0 0.7714804356595402 0.23150762281197063 0.002016942315449778 0.0033879164313946925
0 0.7892295280354982 0.24181253529079616 0.035901573215006054 0.015527950310559006
0 0.14501815248083905 0.2943252399774139 0.033481242436466316 0.017221908526256352
0 0.18334005647438484 0.2931959345002823 0.03993545784590561 0.022303783173348392
0 0.2035094796288826 0.2865612648221344 0.0028237192416296895 0.0016939582156973462
0 0.21601452198467125 0.2912196499153021 0.018152480839048003 0.015527950310559006
0 0.2309398951189996 0.2951722190852626 0.01573215006050827 0.014398644833427442
0 0.24768051633723276 0.29488989271597965 0.015328761597418314 0.014398644833427442
0 0.27833803953206937 0.292772444946358 0.041145623235175476 0.0220214568040655
0 0.30254134731746674 0.2971485036702428 0.012101653892698669 0.016092603049124788
0 0.3408632513110125 0.29460756634669677 0.021782977006857603 0.014398644833427442
0 0.36587333602258976 0.2933370976849238 0.02743041549011698 0.020892151326933936
0 0.381605486083098 0.28514963297571994 0.0016135538523598225 0.0033879164313946925
0 0.38785800726099234 0.29460756634669677 0.013311819281968536 0.016092603049124788
0 0.40399354578459057 0.29263128176171654 0.01653892698668818 0.018351214003387916
0 0.4564340459862848 0.29234895539243366 0.0391286809197257 0.022868435911914172
0 0.48225090762404194 0.2971485036702428 0.002016942315449778 0.001411631846414455
0 0.5030254134731746 0.29037267080745344 0.01855586930213796 0.020045172219085264
0 0.5290439693424768 0.29164313946922643 0.04154901169826543 0.019198193111236588
0 0.5189592577652279 0.2867024280067758 0.0060508269463493344 0.001411631846414455
0 0.5887454618797903 0.2900903444381705 0.019766034691407825 0.01948051948051948
0 0.6044776119402985 0.2941840767927724 0.01734570391286809 0.01355166572557877
0 0.6246470350947962 0.2992659514398645 0.018959257765227916 0.03274985883681536
0 0.618192819685357 0.3094297007340486 0.0012101653892698668 0.0033879164313946925
0 0.6337232755143203 0.2865612648221344 0.0024203307785397336 0.0033879164313946925
0 0.6690197660346914 0.292772444946358 0.06333198870512304 0.015245623941276116
0 0.7055264219443323 0.29488989271597965 0.009681323114158934 0.012140033879164314
0 0.7355788624445341 0.29037267080745344 0.018152480839048003 0.01948051948051948
0 0.7549415086728519 0.2937605872388481 0.018959257765227916 0.01101072840203275
0 0.7763210972166196 0.29051383399209485 0.022993142396127472 0.019198193111236588
0 0.14037918515530456 0.34217955957086393 0.026623638563937072 0.02258610954263128
0 0.1672045179507866 0.3448616600790514 0.033481242436466316 0.016092603049124788
0 0.18777732956837434 0.3417560700169396 0.014118596208148447 0.017221908526256352
0 0.208955223880597 0.34217955957086393 0.03630496167809601 0.020327498588368152
0 0.27228721258572003 0.3440146809712027 0.04033884630899556 0.017221908526256352
0 0.30597014925373134 0.3445793337097685 0.026220250100847116 0.014963297571993224
0 0.32956837434449376 0.34232072275550535 0.029850746268656716 0.020609824957651044
0 0.3797902379991932 0.3440146809712027 0.0318676885841065 0.0189158667419537
0 0.4056070996369504 0.3447204968944099 0.013311819281968536 0.012987012987012988
0 0.43707139975796694 0.3409090909090909 0.0463896732553449 0.022303783173348392
0 0.46853569987898347 0.3438735177865613 0.01573215006050827 0.018068887634105024
0 0.509479628882614 0.34260304912478823 0.01855586930213796 0.017221908526256352
0 0.5141185962081485 0.33272162619988704 0.0012101653892698668 0.0008469791078486731
0 0.5427591770875353 0.3427442123094297 0.050423557886244454 0.024280067758328628
0 0.573215006050827 0.34415584415584416 0.015328761597418314 0.014116318464144552
0 0.6224283985478015 0.33893280632411066 0.014521984671238403 0.017786561264822136
0 0.6377571601452199 0.3411914172783738 0.015328761597418314 0.012704686617730096
0 0.655304558289633 0.3411914172783738 0.021379588543767647 0.01948051948051948
0 0.6952400161355385 0.3438735177865613 0.01734570391286809 0.014680971202710334
0 0.7196450181524808 0.34330886504799546 0.041145623235175476 0.014680971202710334
0 0.7442517144009682 0.3505081874647092 0.022589753933037516 0.029079616036137776
0 0.7710770471964502 0.339356295878035 0.0326744655102864 0.021456804065499716
0 0.8156514723678903 0.34260304912478823 0.033884630899556276 0.015527950310559006
0 0.14058087938684954 0.3922924901185771 0.0318676885841065 0.023433088650479956
0 0.13957240822912464 0.3934217955957086 0.009681323114158934 0.011575381140598532
0 0.18495361032674465 0.39172783738001127 0.010891488503428802 0.01948051948051948
0 0.1926179911254538 0.3944099378881988 0.01573215006050827 0.015810276679841896
0 0.2156111335215813 0.3904573687182383 0.021379588543767647 0.019762845849802372
0 0.26603469140782576 0.3921513269339356 0.03670835014118596 0.018068887634105024
0 0.2946752722872126 0.3901750423489554 0.02218636546994756 0.021456804065499716
0 0.3588140379185155 0.39158667419536985 0.05929810407422348 0.019198193111236588
0 0.3924969745865268 0.3934217955957086 0.017749092375958047 0.015527950310559006
0 0.42154094392900365 0.3922924901185771 0.035498184751916094 0.029079616036137776
0 0.4443323920935861 0.3948334274421231 0.013311819281968536 0.01383399209486166
0 0.4901169826542961 0.3945511010728402 0.02016942315449778 0.017221908526256352
0 0.49939491730536506 0.39398644833427443 0.014521984671238403 0.014398644833427442
0 0.5155304558289633 0.3932806324110672 0.02501008471157725 0.015810276679841896
0 0.5072609923356192 0.38819875776397517 0.0012101653892698668 0.0016939582156973462
0 0.535699878983461 0.3929983060417843 0.01290843081887858 0.015810276679841896
0 0.554457442517144 0.39059853190287974 0.021379588543767647 0.021739130434782608
0 0.5843081887858007 0.3929983060417843 0.022993142396127472 0.021456804065499716
0 0.599435256151674 0.39935064935064934 0.008874546187979023 0.009316770186335404
0 0.608309802339653 0.39808018068887635 0.017749092375958047 0.014116318464144552
0 0.6540943929003631 0.3944099378881988 0.019766034691407825 0.01693958215697346
0 0.6643807987091569 0.39313946922642573 0.008067769261799113 0.014963297571993224
0 0.6801129487696652 0.39172783738001127 0.022589753933037516 0.017221908526256352
0 0.709560306575232 0.39059853190287974 0.03791851553045583 0.017221908526256352
0 0.7434449374747882 0.39370412196499155 0.029850746268656716 0.01383399209486166
0 0.7295280354981848 0.3825522303783173 0.0012101653892698668 0.001129305477131564
0 0.7555465913674869 0.38354037267080743 0.0016135538523598225 0.001976284584980237
0 0.7962888261395724 0.39186900056465274 0.03953206938281565 0.025974025974025976
0 0.14622831787010893 0.4470638057594579 0.04235578862444534 0.022868435911914172
0 0.1990722065348931 0.44565217391304346 0.035901573215006054 0.0251270468661773
0 0.21924162968939087 0.44522868435911916 0.019766034691407825 0.021456804065499716
0 0.21742638160548608 0.43690005646527386 0.0016135538523598225 0.002540937323546019
0 0.2379991932230738 0.4457933370976849 0.028237192416296894 0.018068887634105024
0 0.27309398951189995 0.4473461321287408 0.03711173860427592 0.013269339356295878
0 0.30395320693828154 0.4450875211744777 0.013311819281968536 0.01948051948051948
0 0.35760387252924564 0.4463579898362507 0.035901573215006054 0.01355166572557877
0 0.3860427591770875 0.44367588932806323 0.023396530859217425 0.021174477696216828
0 0.40137152077450583 0.44466403162055335 0.021782977006857603 0.018633540372670808
0 0.4203307785397338 0.44551101072840205 0.023396530859217425 0.017504234895539244
0 0.4461476401774909 0.4470638057594579 0.015328761597418314 0.002540937323546019
0 0.47236789027833803 0.4472049689440994 0.02501008471157725 0.015245623941276116
0 0.4864864864864865 0.4473461321287408 0.016942315449778138 0.011575381140598532
0 0.5078660750302542 0.4481931112365895 0.02743041549011698 0.01383399209486166
0 0.5300524405002017 0.4538396386222473 0.015328761597418314 0.011575381140598532
0 0.5457845905607099 0.4449463579898362 0.014521984671238403 0.01129305477131564
0 0.5562726906010488 0.444240542066629 0.012101653892698669 0.018351214003387916
0 0.5762404195240016 0.4494635798983625 0.012505042355788625 0.01129305477131564
0 0.6212182331585316 0.4462168266516093 0.016942315449778138 0.01383399209486166
0 0.6502622025010085 0.4463579898362507 0.04033884630899556 0.011857707509881422
0 0.6968535699878984 0.44367588932806323 0.013311819281968536 0.014963297571993224
0 0.7107704719645018 0.4459345002823264 0.014521984671238403 0.010446075663466968
0 0.7323517547398144 0.4419819311123659 0.022993142396127472 0.017786561264822136
0 0.7694634933440904 0.44889892715979673 0.025413473174667203 0.020892151326933936
0 0.7847922549415087 0.4426877470355731 0.007664380798709157 0.012987012987012988
0 0.7985074626865671 0.44367588932806323 0.022993142396127472 0.013269339356295878
0 0.8138362242839855 0.4462168266516093 0.007664380798709157 0.01101072840203275
0 0.8334005647438483 0.4514398644833427 0.029043969342476807 0.03274985883681536
0 0.14360629286002422 0.49520045172219085 0.028237192416296894 0.02766798418972332
0 0.1865671641791045 0.49392998306041785 0.010891488503428802 0.01948051948051948
0 0.19665187575635337 0.49604743083003955 0.012505042355788625 0.012987012987012988
0 0.2099636950383219 0.4966120835686053 0.01573215006050827 0.012987012987012988
0 0.24041952400161357 0.5046583850931677 0.05486083098023396 0.034161490683229816
0 0.28398547801532875 0.49647092038396384 0.01855586930213796 0.014963297571993224
0 0.300121016538927 0.5056465273856579 0.01936264622831787 0.028797289666854884
0 0.3130294473578056 0.49632975719932243 0.009681323114158934 0.015245623941276116
0 0.3190802743041549 0.5052230378317335 0.017749092375958047 0.023433088650479956
0 0.3686970552642194 0.4946357989836251 0.024203307785397338 0.0220214568040655
0 0.4116579265832997 0.4916713721061547 0.01573215006050827 0.020609824957651044
0 0.4245663574021783 0.4953416149068323 0.01573215006050827 0.015527950310559006
0 0.4715611133521581 0.49548277809147373 0.016135538523598225 0.01637492941840768
0 0.48124243646631704 0.4966120835686053 0.016135538523598225 0.014116318464144552
0 0.4780153287615974 0.49082439299830605 0.0016135538523598225 0.001411631846414455
0 0.49072206534893104 0.4947769621682665 0.010891488503428802 0.017786561264822136
0 0.5028237192416297 0.49520045172219085 0.02218636546994756 0.01693958215697346
0 0.5131101250504235 0.49520045172219085 0.012101653892698669 0.018633540372670808
0 0.5197660346914078 0.5070581592320723 0.022993142396127472 0.028797289666854884
0 0.5110931827349737 0.5119988706945229 0.004840661557079467 0.006493506493506494
0 0.5615167406212183 0.4981648785996612 0.014521984671238403 0.014963297571993224
0 0.581081081081081 0.4943534726143422 0.018959257765227916 0.019198193111236588
0 0.628075837031061 0.5032467532467533 0.07018959257765228 0.03472614342179559
0 0.6920129084308189 0.4925183512140034 0.007664380798709157 0.013269339356295878
0 0.7033077853973376 0.4946357989836251 0.01734570391286809 0.012422360248447204
0 0.7214602662363856 0.5009881422924901 0.0028237192416296895 0.001976284584980237
0 0.7488906817265026 0.49209486166007904 0.03428801936264623 0.021456804065499716
0 0.8005244050020169 0.49308300395256915 0.043969342476805166 0.016657255787690572
0 0.8237192416296893 0.487012987012987 0.0024203307785397336 0.00282326369282891
0 0.8313836224283986 0.49491812535290797 0.011294876966518758 0.01355166572557877
0 0.8370310609116579 0.49265951439864486 0.0016135538523598225 0.002258610954263128
0 0.13937071399757966 0.5434782608695652 0.01734570391286809 0.024844720496894408
0 0.15026220250100847 0.5464426877470355 0.014925373134328358 0.014398644833427442
0 0.15792658329971762 0.5488424618859401 0.0012101653892698668 0.001129305477131564
0 0.163574021782977 0.5464426877470355 0.011698265429608713 0.015527950310559006
0 0.190802743041549 0.5470073404856014 0.042759177087535294 0.017786561264822136
0 0.25131101250504234 0.5441840767927725 0.02743041549011698 0.018351214003387916
0 0.2672448567970956 0.5354319593450029 0.002016942315449778 0.001411631846414455
0 0.2876159741831384 0.5463015245623941 0.03791851553045583 0.017504234895539244
0 0.31343283582089554 0.5460191981931113 0.01371520774505849 0.014116318464144552
0 0.3253327954820492 0.5463015245623941 0.014118596208148447 0.015245623941276116
0 0.3382412263009278 0.5454545454545454 0.014118596208148447 0.012987012987012988
0 0.34953610326744655 0.5457368718238284 0.01573215006050827 0.015245623941276116
0 0.3664784187172247 0.5396668548842461 0.019766034691407825 0.022303783173348392
0 0.38886647841871724 0.5542066629023151 0.008874546187979023 0.007905138339920948
0 0.40540540540540543 0.5468661773009599 0.01855586930213796 0.01355166572557877
0 0.4213392496974587 0.5451722190852626 0.01734570391286809 0.012422360248447204
0 0.44231544977813636 0.5417843026538679 0.02218636546994756 0.020327498588368152
0 0.49616780960064544 0.5448898927159797 0.05405405405405406 0.015245623941276116
0 0.5282371924162969 0.5472896668548842 0.014925373134328358 0.016657255787690572
0 0.5405405405405406 0.5496894409937888 0.007260992335619202 0.009599096555618294
0 0.5641387656313029 0.5436194240542067 0.01573215006050827 0.022303783173348392
0 0.5736183945139169 0.5484189723320159 0.008874546187979023 0.014398644833427442
0 0.5891488503428802 0.545313382269904 0.02218636546994756 0.020045172219085264
0 0.6220250100847116 0.5468661773009599 0.009681323114158934 0.01637492941840768
0 0.6302944735780557 0.5489836250705816 0.014925373134328358 0.01383399209486166
0 0.6653892698668818 0.5460191981931113 0.018959257765227916 0.015245623941276116
0 0.6835417507059298 0.5433370976849238 0.02379991932230738 0.017786561264822136
0 0.7055264219443323 0.555759457933371 0.035498184751916094 0.03303218520609825
0 0.7285195643404598 0.5460191981931113 0.014521984671238403 0.012987012987012988
0 0.7406212182331585 0.5536420101637493 0.004033884630899556 0.0016939582156973462
0 0.7591770875352964 0.5375494071146245 0.020976200080677694 0.003952569169960474
0 0.7638160548608309 0.5477131564088086 0.026220250100847116 0.014680971202710334
0 0.7837837837837838 0.5460191981931113 0.01371520774505849 0.01355166572557877
0 0.8251311012505043 0.5446075663466968 0.0391286809197257 0.019198193111236588
0 0.14320290439693426 0.5964144551101073 0.026623638563937072 0.04206662902315076
0 0.1536910044372731 0.5893562958780351 0.0016135538523598225 0.0008469791078486731
0 0.15409439290036306 0.5822981366459627 0.0016135538523598225 0.001976284584980237
0 0.15873336022589754 0.5958498023715415 0.01008471157724889 0.014398644833427442
0 0.1736587333602259 0.5941558441558441 0.022993142396127472 0.022868435911914172
0 0.2382008874546188 0.591897233201581 0.04235578862444534 0.023433088650479956
0 0.2617991125453812 0.5964144551101073 0.01290843081887858 0.015527950310559006
0 0.2716821298910851 0.6086956521739131 0.027833803953206938 0.03896103896103896
0 0.2589753933037515 0.584274421230943 0.0016135538523598225 0.001976284584980237
0 0.3194836627672449 0.5971202710333146 0.01855586930213796 0.018633540372670808
0 0.3126260588947156 0.596979107848673 0.0016135538523598225 0.001976284584980237
0 0.3370310609116579 0.5955674760022586 0.02702702702702703 0.022303783173348392
0 0.3850342880193626 0.5981084133258047 0.031060911657926585 0.01948051948051948
0 0.400161355385236 0.5923207227555054 0.0016135538523598225 0.0016939582156973462
0 0.4114562323517547 0.5961321287408244 0.023396530859217425 0.01948051948051948
0 0.45219846712384026 0.5964144551101073 0.020976200080677694 0.015527950310559006
0 0.4707543364259782 0.5993788819875776 0.014521984671238403 0.01355166572557877
0 0.49052037111738606 0.5989553924336533 0.01371520774505849 0.013269339356295878
0 0.5298507462686567 0.5962732919254659 0.02864058087938685 0.015810276679841896
0 0.5312626058894716 0.5889328063241107 0.0016135538523598225 0.001129305477131564
0 0.5863251311012505 0.5974025974025974 0.027833803953206938 0.014116318464144552
0 0.6079064138765631 0.597261434217956 0.017749092375958047 0.011575381140598532
0 0.6333198870512303 0.5951439864483343 0.029850746268656716 0.015245623941276116
0 0.6875756353368294 0.5974025974025974 0.03993545784590561 0.01693958215697346
0 0.7305365066559096 0.5996612083568605 0.01855586930213796 0.01637492941840768
0 0.745260185558693 0.5979672501411631 0.019766034691407825 0.0220214568040655
0 0.7700685760387252 0.5974025974025974 0.04517950786607503 0.019198193111236588
0 0.14683340056474384 0.6480801806888763 0.028237192416296894 0.013269339356295878
0 0.21198063735377168 0.6487859966120836 0.018959257765227916 0.012422360248447204
0 0.21601452198467125 0.6518915866741953 0.0012101653892698668 0.0016939582156973462
0 0.26220250100847114 0.6482213438735178 0.016135538523598225 0.014680971202710334
0 0.27934651068979427 0.6485036702428006 0.024606696248487294 0.014680971202710334
0 0.31141589350544574 0.6466685488424618 0.035498184751916094 0.016657255787690572
0 0.36950383219039934 0.6528797289666854 0.021782977006857603 0.01948051948051948
0 0.3844292053247277 0.6469508752117448 0.008874546187979023 0.013269339356295878
0 0.39552238805970147 0.6472332015810277 0.018152480839048003 0.012704686617730096
0 0.4138765631302945 0.6468097120271034 0.016942315449778138 0.014116318464144552
0 0.45582896329164985 0.6486448334274422 0.01855586930213796 0.014398644833427442
0 0.4762000806776926 0.650197628458498 0.025413473174667203 0.012987012987012988
0 0.49717628075837034 0.6480801806888763 0.014925373134328358 0.01101072840203275
0 0.5080677692617991 0.6494918125352908 0.01734570391286809 0.010446075663466968
0 0.5296490520371118 0.6490683229813664 0.01290843081887858 0.010163749294184076
0 0.5469947559499798 0.6482213438735178 0.014521984671238403 0.01129305477131564
0 0.5665590964098427 0.6453980801806889 0.022993142396127472 0.018068887634105024
0 0.6127470754336426 0.6461038961038961 0.015328761597418314 0.012140033879164314
0 0.627672448567971 0.6482213438735178 0.01371520774505849 0.009034443817052512
0 0.6480435659540137 0.6446922642574816 0.018959257765227916 0.016657255787690572
0 0.6647841871722469 0.6473743647656691 0.01855586930213796 0.012422360248447204
0 0.6861637757160145 0.6547148503670243 0.03469140782573618 0.02766798418972332
0 0.709358612343687 0.6561264822134387 0.013311819281968536 0.01129305477131564
0 0.746268656716418 0.6461038961038961 0.042759177087535294 0.014963297571993224
0 0.7779346510689794 0.6469508752117448 0.014925373134328358 0.011575381140598532
0 0.7835820895522388 0.6427159796725014 0.002016942315449778 0.001976284584980237
0 0.8102057281161759 0.6446922642574816 0.01734570391286809 0.016092603049124788
0 0.8261395724082291 0.6469508752117448 0.015328761597418314 0.012140033879164314
0 0.8497377974989915 0.6487859966120836 0.02944735780556676 0.023150762281197064
0 0.1446147640177491 0.6966403162055336 0.03509479628882614 0.020045172219085264
0 0.172851956434046 0.698051948051948 0.01573215006050827 0.012704686617730096
0 0.21944332392093585 0.7010163749294184 0.005647438483259379 0.012987012987012988
0 0.2244856797095603 0.6919819311123659 0.003630496167809601 0.00282326369282891
0 0.23295683743444937 0.6991812535290797 0.018152480839048003 0.012704686617730096
0 0.25010084711577246 0.6949463579898363 0.012101653892698669 0.016657255787690572
0 0.2688584106494554 0.6994635798983625 0.033481242436466316 0.014963297571993224
0 0.29386849536103266 0.7000282326369283 0.012505042355788625 0.002540937323546019
0 0.3174667204517951 0.6993224167137211 0.016942315449778138 0.014680971202710334
0 0.3446954417103671 0.6994635798983625 0.04154901169826543 0.01383399209486166
0 0.38120209762000806 0.6988989271597967 0.03065752319483663 0.011575381140598532
0 0.40137152077450583 0.7045454545454546 0.003227107704719645 0.001976284584980237
0 0.4227511093182735 0.6987577639751553 0.01855586930213796 0.011857707509881422
0 0.43787817668414686 0.6973461321287409 0.014925373134328358 0.011857707509881422
0 0.45683743444937475 0.698051948051948 0.014925373134328358 0.01101072840203275
0 0.46893908834207343 0.7027103331451158 0.003630496167809601 0.0016939582156973462
0 0.481645824929407 0.7066629023150762 0.010488100040338847 0.009034443817052512
0 0.508874546187979 0.6979107848673066 0.02702702702702703 0.012422360248447204
0 0.5320693828156515 0.6976284584980237 0.015328761597418314 0.011857707509881422
0 0.5500201694231545 0.6966403162055336 0.020572811617587738 0.015527950310559006
0 0.5653489310205728 0.7052512704686618 0.003630496167809601 0.00282326369282891
0 0.5853166599435257 0.6966403162055336 0.016942315449778138 0.014398644833427442
0 0.6024606696248487 0.703416149068323 0.0028237192416296895 0.002540937323546019
0 0.6327148043565954 0.6988989271597967 0.03751512706736587 0.009881422924901186
0 0.6645824929407019 0.6972049689440993 0.019766034691407825 0.015527950310559006
0 0.6950383219039935 0.6986166007905138 0.016135538523598225 0.015527950310559006
0 0.7067365873336022 0.7055335968379447 0.003227107704719645 0.002258610954263128
0 0.7212585720048407 0.704686617730096 0.007260992335619202 0.011857707509881422
0 0.7460669624848729 0.6976284584980237 0.012505042355788625 0.010163749294184076
0 0.7503025413473174 0.6948051948051948 0.003227107704719645 0.0033879164313946925
0 0.7620008067769262 0.6970638057594579 0.016135538523598225 0.010728402032749858
0 0.7785397337636144 0.7011575381140599 0.021782977006857603 0.015527950310559006
0 0.7930617184348527 0.7028514963297572 0.0024203307785397336 0.001411631846414455
0 0.8017345703912868 0.7096273291925466 0.010891488503428802 0.009316770186335404
0 0.8049616780960065 0.7029926595143986 0.002016942315449778 0.001129305477131564
0 0.8255344897135942 0.6963579898362507 0.024606696248487294 0.018351214003387916
0 0.8438886647841872 0.7027103331451158 0.0024203307785397336 0.0016939582156973462
0 0.8586123436869706 0.6974872953133823 0.01573215006050827 0.016092603049124788
0 0.8737394110528439 0.7032749858836815 0.003227107704719645 0.0016939582156973462
0 0.1427995159338443 0.7478825522303784 0.016135538523598225 0.018068887634105024
0 0.15026220250100847 0.7449181253529079 0.002016942315449778 0.0036702428006775835
0 0.16438079870915692 0.7478825522303784 0.02702702702702703 0.015245623941276116
0 0.1954417103670835 0.7456239412761152 0.033481242436466316 0.019198193111236588
0 0.25655506252521176 0.7456239412761152 0.03227107704719645 0.019762845849802372
0 0.28580072609923357 0.7480237154150198 0.02864058087938685 0.014398644833427442
0 0.32129891085114964 0.7579051383399209 0.019766034691407825 0.03077357425183512
0 0.34388866478418717 0.7495765104460757 0.027833803953206938 0.012422360248447204
0 0.3676885841064946 0.7454827780914738 0.02218636546994756 0.01948051948051948
0 0.3805970149253731 0.7533879164313947 0.008471157724889069 0.010446075663466968
0 0.41629689390883423 0.7477413890457368 0.055667607906413875 0.0189158667419537
0 0.4517950786607503 0.7450592885375494 0.011294876966518758 0.01637492941840768
0 0.46006454215409437 0.7545172219085262 0.018959257765227916 0.026821005081874648
0 0.5002016942315449 0.7453416149068323 0.022589753933037516 0.018633540372670808
0 0.5207745058491328 0.748729531338227 0.029850746268656716 0.014116318464144552
0 0.5437676482452601 0.7553642010163749 0.003227107704719645 0.002540937323546019
0 0.5588947156111336 0.7584697910784868 0.010891488503428802 0.009316770186335404
0 0.563331988705123 0.7526821005081875 0.002016942315449778 0.0016939582156973462
0 0.590560709963695 0.7466120835686053 0.035498184751916094 0.017221908526256352
0 0.6262605889471561 0.747459062676454 0.033481242436466316 0.013269339356295878
0 0.663775716014522 0.7480237154150198 0.020572811617587738 0.016092603049124788
0 0.6780960064542154 0.7456239412761152 0.022589753933037516 0.01693958215697346
0 0.7049213392496975 0.7498588368153586 0.035901573215006054 0.021456804065499716
0 0.7293263412666398 0.746188594014681 0.01855586930213796 0.011857707509881422
0 0.7759177087535296 0.7463297571993224 0.040742234772085516 0.012704686617730096
0 0.7680516337232756 0.7420948616600791 0.0016135538523598225 0.0008469791078486731
0 0.8069786204114562 0.7459062676453981 0.022993142396127472 0.019762845849802372
0 0.854981847519161 0.747459062676454 0.0318676885841065 0.017221908526256352
0 0.8803953206938282 0.7488706945228685 0.01734570391286809 0.016092603049124788
0 0.8971359419120614 0.7514116318464145 0.015328761597418314 0.014963297571993224
