0 0.14239612747075434 0.221485036702428 0.017749092375958047 0.014398644833427442
0 0.1690197660346914 0.22106154714850368 0.029043969342476807 0.009034443817052512
0 0.24122630092779346 0.21725014116318464 0.07018959257765228 0.0189158667419537
0 0.3237192416296894 0.21640316205533597 0.024606696248487294 0.02456239412761152
0 0.36950383219039934 0.2121682665160926 0.009681323114158934 0.017786561264822136
0 0.39229528035498185 0.2171089779785432 0.03751512706736587 0.019198193111236588
0 0.4100443727309399 0.21230942970073405 0.0028237192416296895 0.00282326369282891
0 0.4308188785800726 0.21682665160926032 0.03146430012101654 0.019762845849802372
0 0.47519160951996775 0.22233201581027667 0.003227107704719645 0.007058159232072276
0 0.48204921339249696 0.21922642574816487 0.014521984671238403 0.01383399209486166
0 0.536304961678096 0.2171089779785432 0.0391286809197257 0.01637492941840768
0 0.5284388866478419 0.2100508187464709 0.004033884630899556 0.00282326369282891
0 0.5939895118999596 0.21823828345567475 0.06897942718838242 0.017504234895539244
0 0.6300927793465106 0.22924901185770752 0.005647438483259379 0.005081874647092038
0 0.6744655102864058 0.21964991530208922 0.04921339249697459 0.01693958215697346
0 0.7267043162565551 0.2186617730095991 0.031060911657926585 0.016092603049124788
0 0.7212585720048407 0.22007340485601354 0.0016135538523598225 0.001976284584980237
0 0.7692617991125453 0.21753246753246752 0.03791851553045583 0.01948051948051948
0 0.8342073416700282 0.2224731789949181 0.050826946349334406 0.01637492941840768
0 0.14078257361839452 0.2704686617730096 0.022589753933037516 0.024844720496894408
0 0.1918112141992739 0.2761151891586674 0.04154901169826543 0.010163749294184076
0 0.2599838644614764 0.2701863354037267 0.03993545784590561 0.01129305477131564
0 0.28317870108914883 0.26877470355731226 0.016135538523598225 0.010728402032749858
0 0.31121419927390076 0.26651609260304915 0.026220250100847116 0.019762845849802372
0 0.34630899556272693 0.2584697910784867 0.004437273093989512 0.001976284584980237
0 0.3574021782977007 0.264257481648786 0.016942315449778138 0.018633540372670808
0 0.39108511496571197 0.26990400903444384 0.014118596208148447 0.006775832862789385
0 0.4134731746672045 0.2720214568040655 0.023396530859217425 0.009316770186335404
0 0.5082694634933441 0.2751270468661773 0.09681323114158935 0.03020892151326934
0 0.599838644614764 0.2751270468661773 0.05405405405405406 0.03303218520609825
0 0.6665994352561517 0.2724449463579898 0.019766034691407825 0.007340485601355167
0 0.6891891891891891 0.2717391304347826 0.022993142396127472 0.008752117447769622
0 0.7123840258168617 0.26877470355731226 0.011294876966518758 0.00282326369282891
0 0.7285195643404598 0.2725861095426313 0.01371520774505849 0.008752117447769622
0 0.7498991528842275 0.2714568040654997 0.033884630899556276 0.016657255787690572
0 0.7938684953610327 0.2720214568040655 0.008874546187979023 0.00818746470920384
0 0.8283582089552238 0.2682100508187465 0.0536506655909641 0.01693958215697346
0 0.18051633723275515 0.3176171654432524 0.0891488503428802 0.020327498588368152
0 0.2603872529245664 0.32156973461321287 0.02944735780556676 0.01693958215697346
0 0.3334005647438483 0.32523997741389044 0.08027430415490117 0.029926595143986448
0 0.40883420734167003 0.3181818181818182 0.02944735780556676 0.017504234895539244
0 0.472569584509883 0.32382834556747603 0.057684550221863654 0.02766798418972332
0 0.5135135135135135 0.32382834556747603 0.004033884630899556 0.0016939582156973462
0 0.554457442517144 0.3207227555053642 0.045582896329164985 0.012422360248447204
0 0.6200080677692618 0.32156973461321287 0.04437273093989512 0.017504234895539244
0 0.618596208148447 0.3157820440429136 0.0052440500201694235 0.002540937323546019
0 0.6690197660346914 0.3266516092603049 0.025413473174667203 0.023715415019762844
0 0.709156918112142 0.3198757763975155 0.02743041549011698 0.019198193111236588
0 0.7277127874142799 0.32396950875211744 0.014521984671238403 0.012140033879164314
0 0.7993142396127471 0.32806324110671936 0.08027430415490117 0.0220214568040655
0 0.1427995159338443 0.37012987012987014 0.016942315449778138 0.012987012987012988
0 0.13614360629286001 0.37238848108413325 0.003630496167809601 0.006211180124223602
0 0.18313836224283986 0.37224731789949184 0.016942315449778138 0.009881422924901186
0 0.24868898749495763 0.36829474872953133 0.0681726502622025 0.0189158667419537
0 0.31887858007260994 0.3697063805759458 0.03751512706736587 0.017221908526256352
0 0.39209358612343687 0.37140033879164314 0.07260992335619201 0.015527950310559006
0 0.47236789027833803 0.3681535855448899 0.035498184751916094 0.019198193111236588
0 0.5488100040338846 0.36716544325239975 0.06736587333602259 0.01948051948051948
0 0.6143606292860024 0.36928289102202144 0.011294876966518758 0.019198193111236588
0 0.6401774909237595 0.37295313382269907 0.04517950786607503 0.01129305477131564
0 0.6674062121823315 0.36391869000564653 0.0028237192416296895 0.005081874647092038
0 0.6758773699072207 0.37140033879164314 0.01008471157724889 0.009881422924901186
0 0.7232755143202905 0.366600790513834 0.03872529245663574 0.018351214003387916
0 0.7442517144009682 0.37634105025409376 0.0024203307785397336 0.0016939582156973462
0 0.7783380395320694 0.36391869000564653 0.01653892698668818 0.007340485601355167
0 0.7884227511093183 0.37125917560700167 0.03428801936264623 0.012422360248447204
0 0.8509479628882614 0.3719649915302089 0.04719645018152481 0.00818746470920384
0 0.1563130294473578 0.42207792207792205 0.038321903993545785 0.023715415019762844
0 0.1827349737797499 0.429983060417843 0.008874546187979023 0.009599096555618294
0 0.2109721661960468 0.4257481648785997 0.022589753933037516 0.007340485601355167
0 0.23154497781363453 0.42108977978543194 0.02501008471157725 0.018351214003387916
0 0.291044776119403 0.42080745341614906 0.031060911657926585 0.017786561264822136
0 0.3380395320693828 0.42419536984754375 0.04195240016135539 0.023997741389045736
0 0.3993545784590561 0.4234895539243365 0.02743041549011698 0.025409373235460192
0 0.43061718434852764 0.41953698475437606 0.0326744655102864 0.018633540372670808
0 0.4780153287615974 0.4233483907396951 0.021782977006857603 0.02456239412761152
0 0.4933440903590157 0.42701863354037267 0.005647438483259379 0.004234895539243365
0 0.5290439693424768 0.42179559570863917 0.06494554255748286 0.015245623941276116
0 0.5310609116579266 0.4168548842461886 0.0028237192416296895 0.001976284584980237
0 0.5796692214602662 0.4253246753246753 0.010488100040338847 0.006493506493506494
0 0.5897539330375151 0.41869000564652736 0.009681323114158934 0.015245623941276116
0 0.6006454215409439 0.4137492941840768 0.004033884630899556 0.0036702428006775835
0 0.6121419927390077 0.42066629023150764 0.0052440500201694235 0.01355166572557877
0 0.6242436466317063 0.4258893280632411 0.01653892698668818 0.007622811970638058
0 0.6321097216619604 0.4184076792772445 0.0024203307785397336 0.002258610954263128
0 0.6436062928600242 0.42193675889328064 0.010891488503428802 0.014963297571993224
0 0.6488503428801936 0.41869000564652736 0.002016942315449778 0.0016939582156973462
0 0.6732553448971359 0.4222190852625635 0.042759177087535294 0.016092603049124788
0 0.6871722468737395 0.41756070016939584 0.003630496167809601 0.001129305477131564
0 0.7006857603872529 0.4243365330321852 0.01371520774505849 0.006775832862789385
0 0.7168212989108511 0.43054771315640883 0.004840661557079467 0.006775832862789385
0 0.744856797095603 0.42504234895539245 0.014118596208148447 0.007622811970638058
0 0.7626058894715612 0.423630717108978 0.014925373134328358 0.007622811970638058
0 0.8104074223477209 0.42193675889328064 0.04679306171843485 0.016092603049124788
0 0.8703106091165793 0.41981931112365894 0.03670835014118596 0.019198193111236588
0 0.15167406212182333 0.4686617730095991 0.03469140782573618 0.018633540372670808
0 0.19140782573618395 0.4754376058723885 0.03509479628882614 0.023150762281197064
0 0.19019766034691407 0.4658385093167702 0.004437273093989512 0.002258610954263128
0 0.24102460669624848 0.4738848108413326 0.0318676885841065 0.022868435911914172
0 0.3120209762000807 0.47459062676453984 0.057684550221863654 0.025409373235460192
0 0.34409035901573215 0.47261434217955955 0.011294876966518758 0.01355166572557877
0 0.3686970552642194 0.4719085262563523 0.03307785397337636 0.016092603049124788
0 0.4320290439693425 0.475296442687747 0.05405405405405406 0.00818746470920384
0 0.46208148446954417 0.4816487859966121 0.006857603872529245 0.009034443817052512
0 0.5028237192416297 0.47162619988706944 0.04800322710770472 0.018351214003387916
0 0.5625252117789431 0.4697910784867307 0.0463896732553449 0.020327498588368152
0 0.6228317870108915 0.47967250141163187 0.02743041549011698 0.01637492941840768
0 0.6284792254941509 0.4665443252399774 0.0024203307785397336 0.001411631846414455
0 0.6536910044372731 0.47501411631846413 0.021379588543767647 0.012140033879164314
0 0.6867688584106495 0.4761434217955957 0.024606696248487294 0.01383399209486166
0 0.7065348931020573 0.4808018068887634 0.00927793465106898 0.010728402032749858
0 0.7291246470350948 0.47473178994918125 0.014925373134328358 0.009881422924901186
0 0.7563533682936668 0.4704968944099379 0.033884630899556276 0.0189158667419537
0 0.8023396530859217 0.47459062676453984 0.02743041549011698 0.007905138339920948
0 0.17809600645421542 0.5254093732354602 0.08350141185962082 0.029361942405420668
0 0.263614360629286 0.5241389045736872 0.052843888664784185 0.026821005081874648
0 0.29386849536103266 0.5320440429136082 0.0060508269463493344 0.009881422924901186
0 0.3317870108914885 0.5225861095426313 0.0326744655102864 0.019762845849802372
0 0.36688180718031466 0.5258328627893846 0.010891488503428802 0.00818746470920384
0 0.3795885437676482 0.5251270468661773 0.011294876966518758 0.007340485601355167
0 0.4017749092375958 0.5252682100508187 0.029850746268656716 0.00818746470920384
0 0.44352561516740624 0.52343308865048 0.025413473174667203 0.023150762281197064
0 0.4899152884227511 0.525691699604743 0.03751512706736587 0.009034443817052512
0 0.5078660750302542 0.521880293619424 0.0024203307785397336 0.001976284584980237
0 0.5290439693424768 0.5211744776962168 0.031060911657926585 0.018633540372670808
0 0.5615167406212183 0.5262563523433089 0.028237192416296894 0.011857707509881422
0 0.6466317063331989 0.5207509881422925 0.0645421540943929 0.018351214003387916
0 0.709560306575232 0.519339356295878 0.029850746268656716 0.017221908526256352
0 0.7531262605889472 0.5199040090344438 0.011294876966518758 0.016657255787690572
0 0.7745058491327148 0.5231507622811971 0.03791851553045583 0.015810276679841896
0 0.800322710770472 0.5159514398644833 0.0024203307785397336 0.003105590062111801
0 0.8047599838644615 0.5266798418972332 0.01290843081887858 0.010446075663466968
0 0.8334005647438483 0.5214568040654998 0.01936264622831787 0.01693958215697346
0 0.8582089552238806 0.5239977413890458 0.02864058087938685 0.01637492941840768
0 0.8777732956837434 0.5331733483907397 0.008067769261799113 0.00818746470920384
0 0.15853166599435256 0.5717108977978543 0.042759177087535294 0.021456804065499716
0 0.2154094392900363 0.5739695087521175 0.016942315449778138 0.025974025974025976
0 0.22609923356192013 0.5741106719367589 0.012505042355788625 0.009881422924901186
0 0.22166196046793063 0.5638057594579333 0.002016942315449778 0.0016939582156973462
0 0.2519160951996773 0.5762281197063805 0.033481242436466316 0.024280067758328628
0 0.3344090359015732 0.5718520609824957 0.07099636950383219 0.020609824957651044
0 0.4114562323517547 0.5780632411067194 0.03469140782573618 0.020045172219085264
0 0.4737797498991529 0.5731225296442688 0.051230334812424366 0.017504234895539244
0 0.5409439290036305 0.5758046301524562 0.015328761597418314 0.007058159232072276
0 0.5403388463089955 0.5680406549971767 0.003630496167809601 0.002258610954263128
0 0.5812827753126261 0.5786278938452851 0.03630496167809601 0.007622811970638058
0 0.6494554255748286 0.5780632411067194 0.055667607906413875 0.009316770186335404
0 0.6843485276321097 0.5820158102766798 0.0028237192416296895 0.002540937323546019
