0 0.17648245260185558 0.220214568040655 0.07866075030254134 0.03670242800677583
0 0.15328761597418314 0.21329757199322416 0.00645421540943929 0.014398644833427442
0 0.20028237192416296 0.23066064370412195 0.0012101653892698668 0.00282326369282891
0 0.27289229528035497 0.21414455110107283 0.051230334812424366 0.02456239412761152
0 0.372730939895119 0.21753246753246752 0.07180314643001211 0.0251270468661773
0 0.3753529649052037 0.2224731789949181 0.0012101653892698668 0.001129305477131564
0 0.4774102460669625 0.21329757199322416 0.03509479628882614 0.022303783173348392
0 0.5118999596611536 0.2121682665160926 0.03065752319483663 0.020045172219085264
0 0.5599031867688584 0.21852060982495766 0.004840661557079467 0.012987012987012988
0 0.5966115369100444 0.2140033879164314 0.06696248487293263 0.023150762281197064
0 0.6958450988301734 0.21428571428571427 0.05405405405405406 0.02258610954263128
0 0.7244856797095603 0.2137210615471485 0.0024203307785397336 0.001129305477131564
0 0.7377974989915288 0.21485036702428006 0.023396530859217425 0.021456804065499716
0 0.8033481242436467 0.22120271033314512 0.03751512706736587 0.027950310559006212
0 0.17144009681323114 0.2649632975719932 0.06696248487293263 0.022868435911914172
0 0.17607906413876562 0.2732919254658385 0.003630496167809601 0.0016939582156973462
0 0.1801129487696652 0.2720214568040655 0.0012101653892698668 0.0008469791078486731
0 0.2345703912868092 0.264257481648786 0.0391286809197257 0.0220214568040655
0 0.3017345703912868 0.26905702992659514 0.09923356192012908 0.015810276679841896
0 0.39330375151270675 0.27653867871259175 0.016942315449778138 0.03472614342179559
0 0.41085114965711983 0.26792772444946356 0.01008471157724889 0.014680971202710334
0 0.4223477208551835 0.2672219085262564 0.011294876966518758 0.012704686617730096
0 0.4388866478418717 0.2745623941276115 0.017749092375958047 0.031338226990400904
0 0.4626865671641791 0.2628458498023715 0.021782977006857603 0.023150762281197064
0 0.5114965711980637 0.26439864483342745 0.021782977006857603 0.026256352343308864
0 0.5671641791044776 0.268068887634105 0.02581686163775716 0.016092603049124788
0 0.599435256151674 0.2627046866177301 0.03065752319483663 0.022868435911914172
0 0.6308995562726906 0.269339356295878 0.026623638563937072 0.014680971202710334
0 0.7039128680919726 0.26976284584980237 0.035498184751916094 0.017221908526256352
0 0.7527228721258572 0.265527950310559 0.04921339249697459 0.023997741389045736
0 0.7803549818475192 0.26566911349520045 0.0028237192416296895 0.001129305477131564
0 0.7924566357402179 0.27300959909655564 0.021379588543767647 0.011857707509881422
0 0.8104074223477209 0.28642010163749293 0.022589753933037516 0.03585544889892716
0 0.1555062525211779 0.3188876341050254 0.027833803953206938 0.021739130434782608
0 0.19382815651472368 0.3166290231507623 0.03509479628882614 0.021174477696216828
0 0.21964501815248083 0.3154997176736307 0.020572811617587738 0.021739130434782608
0 0.2767244856797096 0.3201581027667984 0.02501008471157725 0.01693958215697346
0 0.29709560306575233 0.31931112365894976 0.01653892698668818 0.015810276679841896
0 0.3037515127067366 0.32580463015245625 0.007260992335619202 0.0016939582156973462
0 0.3108108108108108 0.32142857142857145 0.0060508269463493344 0.016092603049124788
0 0.3590157321500605 0.3181818181818182 0.033884630899556276 0.023150762281197064
0 0.38483259378781765 0.3188876341050254 0.01290843081887858 0.01383399209486166
0 0.39753933037515127 0.3245341614906832 0.01573215006050827 0.027950310559006212
0 0.41427995159338443 0.32481648785996614 0.014521984671238403 0.026256352343308864
0 0.43828156514723676 0.3186053077357425 0.02379991932230738 0.014398644833427442
0 0.4564340459862848 0.32792207792207795 0.006857603872529245 0.011575381140598532
0 0.5145219846712384 0.3147939017504235 0.04154901169826543 0.025974025974025976
0 0.5776522791448164 0.3191699604743083 0.015328761597418314 0.017221908526256352
0 0.5786607503025414 0.3207227555053642 0.0012101653892698668 0.001129305477131564
0 0.5956030657523195 0.31521739130434784 0.010891488503428802 0.021174477696216828
0 0.609721661960468 0.3191699604743083 0.011698265429608713 0.012704686617730096
0 0.6208148446954417 0.32086391869000563 0.008067769261799113 0.013269339356295878
0 0.6357402178297701 0.3190287972896669 0.011294876966518758 0.012422360248447204
0 0.6532876159741832 0.3176171654432524 0.014925373134328358 0.012987012987012988
0 0.7238805970149254 0.3156408808582722 0.06171843485276321 0.018633540372670808
0 0.7650262202501008 0.3277809147374365 0.00927793465106898 0.010728402032749858
0 0.8140379185155304 0.3160643704121965 0.05970149253731343 0.022303783173348392
0 0.14864864864864866 0.36900056465273856 0.02218636546994756 0.01693958215697346
0 0.16861637757160144 0.3705533596837945 0.016135538523598225 0.014398644833427442
0 0.1899959661153691 0.3709768492377188 0.016942315449778138 0.01355166572557877
0 0.20956030657523195 0.37012987012987014 0.018152480839048003 0.014116318464144552
0 0.2382008874546188 0.3663184641445511 0.030254134731746672 0.020045172219085264
0 0.2472771278741428 0.364059853190288 0.0016135538523598225 0.001976284584980237
0 0.2617991125453812 0.37012987012987014 0.01290843081887858 0.01129305477131564
0 0.2757160145219847 0.3681535855448899 0.012505042355788625 0.017504234895539244
0 0.3061718434852763 0.366600790513834 0.0500201694231545 0.022303783173348392
0 0.34288019362646227 0.378317334839074 0.00645421540943929 0.012422360248447204
0 0.373134328358209 0.3697063805759458 0.01290843081887858 0.014963297571993224
0 0.390480032271077 0.36984754376058726 0.01371520774505849 0.01637492941840768
0 0.4056070996369504 0.37027103331451156 0.00927793465106898 0.014398644833427442
0 0.4169019766034691 0.3697063805759458 0.014118596208148447 0.013269339356295878
0 0.4322307382008875 0.36490683229813664 0.01573215006050827 0.02456239412761152
0 0.4372730939895119 0.35615471485036704 0.005647438483259379 0.004799548277809147
0 0.46551028640580877 0.3651891586674195 0.0500201694231545 0.027950310559006212
0 0.49616780960064544 0.3815640880858272 0.012101653892698669 0.01101072840203275
0 0.5312626058894716 0.36914172783738003 0.017749092375958047 0.015527950310559006
0 0.5901573215006051 0.36589497459062675 0.0927793465106898 0.025409373235460192
0 0.6893908834207342 0.36900056465273856 0.026623638563937072 0.03500846979107849
0 0.709156918112142 0.37111801242236025 0.016135538523598225 0.014398644833427442
0 0.7361839451391691 0.3718238283455675 0.03711173860427592 0.01355166572557877
0 0.15752319483662766 0.4158667419536985 0.033481242436466316 0.023150762281197064
0 0.17970956030657523 0.41854884246188595 0.01734570391286809 0.015527950310559006
0 0.20512303348124244 0.41671372106154714 0.038321903993545785 0.01637492941840768
0 0.2263009277934651 0.41869000564652736 0.008067769261799113 0.01355166572557877
0 0.23598225090762404 0.4192546583850932 0.010488100040338847 0.014680971202710334
0 0.2989108511496571 0.41854884246188595 0.05244050020169423 0.021739130434782608
0 0.3741427995159338 0.41883116883116883 0.0391286809197257 0.016092603049124788
0 0.4005647438483259 0.41205533596837945 0.003227107704719645 0.001976284584980237
0 0.40298507462686567 0.4212309429700734 0.00645421540943929 0.012422360248447204
0 0.43162565550625254 0.41883116883116883 0.045986284792254944 0.020045172219085264
0 0.46571198063735375 0.4189723320158103 0.007664380798709157 0.018633540372670808
0 0.5213795885437676 0.42857142857142855 0.051230334812424366 0.04291360813099943
0 0.5201694231544978 0.44240542066629024 0.0012101653892698668 0.002258610954263128
0 0.5843081887858007 0.41741953698475437 0.02702702702702703 0.02456239412761152
0 0.6052843888664784 0.4203839638622247 0.014925373134328358 0.014116318464144552
0 0.6236385639370714 0.42179559570863917 0.017749092375958047 0.01355166572557877
0 0.6619604679306171 0.41953698475437606 0.05970149253731343 0.021456804065499716
0 0.6990722065348931 0.4330886504799548 0.010488100040338847 0.01355166572557877
0 0.7446551028640581 0.4205251270468662 0.023396530859217425 0.03811405985319029
0 0.7751109318273497 0.41332580463015245 0.035901573215006054 0.024280067758328628
0 0.8295683743444937 0.41953698475437606 0.040742234772085516 0.01355166572557877
0 0.86304961678096 0.41770186335403725 0.024606696248487294 0.03077357425183512
0 0.15611133521581283 0.47289666854884244 0.04437273093989512 0.034443817052512704
0 0.1446147640177491 0.5007058159232072 0.003630496167809601 0.001976284584980237
0 0.2382008874546188 0.4710615471485037 0.04881000403388463 0.01383399209486166
0 0.21803146430012102 0.4634387351778656 0.0012101653892698668 0.0008469791078486731
0 0.27309398951189995 0.4712027103331451 0.02016942315449778 0.01355166572557877
0 0.28620411456232353 0.47247317899491814 0.0052440500201694235 0.014398644833427442
0 0.30153287615974184 0.47035573122529645 0.021379588543767647 0.014680971202710334
0 0.32553448971359417 0.4709203839638622 0.015328761597418314 0.021456804065499716
0 0.35599031867688585 0.46852060982495763 0.04477611940298507 0.021174477696216828
0 0.3763614360629286 0.46174477696216826 0.0016135538523598225 0.0008469791078486731
0 0.3989511899959661 0.4805194805194805 0.04033884630899556 0.04178430265386787
0 0.4411052843888665 0.4761434217955957 0.0028237192416296895 0.001976284584980237
0 0.5036304961678096 0.47261434217955955 0.04154901169826543 0.030491247882552232
0 0.5264219443323921 0.48249576510446074 0.010488100040338847 0.015245623941276116
0 0.5699878983461073 0.47360248447204967 0.017749092375958047 0.016092603049124788
0 0.5895522388059702 0.46795595708639187 0.014925373134328358 0.020045172219085264
0 0.6407825736183945 0.4762845849802372 0.03993545784590561 0.012422360248447204
0 0.663775716014522 0.4858836815358554 0.022993142396127472 0.028797289666854884
0 0.7113755546591367 0.466403162055336 0.02379991932230738 0.021456804065499716
0 0.7291246470350948 0.4603331451157538 0.0028237192416296895 0.002540937323546019
0 0.7555465913674869 0.47219085262563526 0.04437273093989512 0.014398644833427442
0 0.8261395724082291 0.4709203839638622 0.03227107704719645 0.015245623941276116
0 0.8590157321500606 0.4707792207792208 0.021379588543767647 0.012704686617730096
0 0.8693021379588544 0.4836250705815923 0.016135538523598225 0.01129305477131564
0 0.145623235175474 0.5180688876341051 0.04437273093989512 0.032185206098249576
0 0.24142799515933844 0.5189158667419537 0.05929810407422348 0.021456804065499716
0 0.32755143202904397 0.5189158667419537 0.016942315449778138 0.014116318464144552
0 0.3434852763210972 0.5182100508187465 0.010891488503428802 0.012140033879164314
0 0.3781766841468334 0.5176453980801807 0.04961678096006454 0.021174477696216828
0 0.44150867285195644 0.5223037831733484 0.014925373134328358 0.01693958215697346
0 0.44876966518757566 0.5132693393562959 0.002016942315449778 0.0016939582156973462
0 0.46974586526825335 0.5300677583286278 0.031060911657926585 0.027385657820440428
0 0.5302541347317467 0.5221626199887069 0.03751512706736587 0.03698475437605872
0 0.5958047599838645 0.5187747035573123 0.0645421540943929 0.023997741389045736
0 0.6575231948366277 0.5146809712027103 0.017749092375958047 0.002258610954263128
0 0.7319483662767244 0.5179277244494636 0.04235578862444534 0.027385657820440428
0 0.7874142799515934 0.5278091473743648 0.029043969342476807 0.03359683794466403
0 0.809600645421541 0.5107284020327498 0.003227107704719645 0.00282326369282891
0 0.836425978217023 0.5177865612648221 0.045582896329164985 0.023715415019762844
0 0.8717224687373941 0.5153867871259176 0.024203307785397338 0.0251270468661773
0 0.1472367890278338 0.5690287972896668 0.028237192416296894 0.026256352343308864
0 0.17123840258168616 0.5711462450592886 0.011698265429608713 0.015245623941276116
0 0.1845502218636547 0.5711462450592886 0.012505042355788625 0.01637492941840768
0 0.2708753529649052 0.5694522868435912 0.0754336425978217 0.024280067758328628
0 0.31847519160952 0.5800395256916996 0.006857603872529245 0.010446075663466968
0 0.3688987494957644 0.5676171654432524 0.038321903993545785 0.023433088650479956
0 0.45582896329164985 0.5701581027667985 0.06938281565147236 0.021174477696216828
0 0.536506655909641 0.5821569734613213 0.03227107704719645 0.031055900621118012
0 0.5689794271883825 0.5755223037831734 0.02944735780556676 0.011575381140598532
0 0.5947962888261396 0.5705815923207228 0.020572811617587738 0.023715415019762844
0 0.6246470350947962 0.5745341614906833 0.035901573215006054 0.014680971202710334
0 0.672650262202501 0.57128740824393 0.052843888664784185 0.021174477696216828
0 0.7442517144009682 0.5749576510446076 0.03065752319483663 0.014963297571993224
0 0.8116175877369908 0.5695934500282326 0.05486083098023396 0.023997741389045736
0 0.1845502218636547 0.6216826651609261 0.08753529649052037 0.024280067758328628
0 0.14320290439693426 0.633681535855449 0.0024203307785397336 0.001411631846414455
0 0.23598225090762404 0.6287408243929983 0.021782977006857603 0.024844720496894408
0 0.2833803953206938 0.6230942970073405 0.01734570391286809 0.014116318464144552
0 0.30778539733763616 0.6225296442687747 0.026623638563937072 0.019762845849802372
0 0.3410649455425575 0.6199887069452287 0.03428801936264623 0.02258610954263128
0 0.4056070996369504 0.620412196499153 0.02864058087938685 0.01948051948051948
0 0.47498991528842277 0.620412196499153 0.043969342476805166 0.021739130434782608
0 0.5437676482452601 0.6261998870694523 0.01290843081887858 0.01637492941840768
0 0.5607099636950383 0.6247882552230378 0.014521984671238403 0.01355166572557877
0 0.5772488906817265 0.6245059288537549 0.02743041549011698 0.01355166572557877
0 0.5941912061315047 0.6230942970073405 0.01855586930213796 0.012987012987012988
0 0.6129487696651875 0.6216826651609261 0.01653892698668818 0.014680971202710334
0 0.6224283985478015 0.623235460191982 0.017749092375958047 0.015527950310559006
0 0.645219846712384 0.6194240542066629 0.030254134731746672 0.021456804065499716
0 0.6752722872125857 0.6171654432523997 0.03791851553045583 0.029926595143986448
0 0.6982654296087132 0.6290231507622812 0.0024203307785397336 0.0033879164313946925
