0 0.15490116982654295 0.21230942970073405 0.03953206938281565 0.019198193111236588
0 0.14400968132311415 0.21527385657820441 0.004033884630899556 0.016092603049124788
0 0.21319080274304156 0.21823828345567475 0.051230334812424366 0.03274985883681536
0 0.2698668818071803 0.21823828345567475 0.017749092375958047 0.010728402032749858
0 0.291044776119403 0.21979107848673066 0.02218636546994756 0.009881422924901186
0 0.32855990318676886 0.21979107848673066 0.02379991932230738 0.008752117447769622
0 0.3711173860427592 0.21287408243929984 0.03307785397337636 0.020892151326933936
0 0.41629689390883423 0.21442687747035574 0.023396530859217425 0.021174477696216828
0 0.43848325937878174 0.2171089779785432 0.026623638563937072 0.014680971202710334
0 0.4977813634530052 0.2183794466403162 0.048406615570794675 0.02456239412761152
0 0.5294473578055667 0.22684923771880294 0.006857603872529245 0.007622811970638058
0 0.5296490520371118 0.21922642574816487 0.0024203307785397336 0.001976284584980237
0 0.5601048810004033 0.2171089779785432 0.02218636546994756 0.014680971202710334
0 0.5792658329971763 0.2204968944099379 0.008067769261799113 0.006211180124223602
0 0.6192012908430818 0.2217673630717109 0.04679306171843485 0.008752117447769622
0 0.6486486486486487 0.22346132128740825 0.008874546187979023 0.008752117447769622
0 0.6619604679306171 0.23136645962732919 0.00645421540943929 0.005928853754940711
0 0.6645824929407019 0.220214568040655 0.002016942315449778 0.00282326369282891
0 0.7071399757966922 0.22317899491812535 0.04437273093989512 0.026256352343308864
0 0.7624041952400161 0.21470920383963862 0.009681323114158934 0.014963297571993224
0 0.7753126260588947 0.22190852625635235 0.016942315449778138 0.007905138339920948
0 0.7920532472771279 0.22317899491812535 0.006857603872529245 0.007058159232072276
0 0.808995562726906 0.22134387351778656 0.01653892698668818 0.00846979107848673
0 0.8263412666397741 0.2220496894409938 0.011698265429608713 0.006493506493506494
0 0.8380395320693829 0.21386222473178995 0.012505042355788625 0.00818746470920384
0 0.8555869302137958 0.21047430830039526 0.01290843081887858 0.010446075663466968
0 0.8572004840661557 0.2245906267645398 0.0024203307785397336 0.001411631846414455
0 0.14885034288019364 0.26256352343308864 0.011294876966518758 0.018068887634105024
0 0.16942315449778136 0.264257481648786 0.02743041549011698 0.018068887634105024
0 0.22045179507866075 0.27089215132693395 0.01734570391286809 0.009316770186335404
0 0.2400161355385236 0.2701863354037267 0.03065752319483663 0.011857707509881422
0 0.2662363856393707 0.27992659514398643 0.007260992335619202 0.009881422924901186
0 0.2680516337232755 0.2713156408808583 0.0028237192416296895 0.00282326369282891
0 0.3245260185558693 0.2745623941276115 0.058491327148043566 0.02456239412761152
0 0.3753529649052037 0.27428006775832864 0.018152480839048003 0.007058159232072276
0 0.3717224687373941 0.2641163184641446 0.0028237192416296895 0.001976284584980237
0 0.4007664380798709 0.2696216826651609 0.014925373134328358 0.015810276679841896
0 0.41044776119402987 0.2682100508187465 0.004437273093989512 0.002258610954263128
0 0.4407018959257765 0.2689158667419537 0.0536506655909641 0.017786561264822136
0 0.5165389269866881 0.26990400903444384 0.050423557886244454 0.02258610954263128
0 0.5441710367083501 0.2696216826651609 0.012101653892698669 0.009599096555618294
0 0.5627269060104881 0.2676453980801807 0.01936264622831787 0.017504234895539244
0 0.5586930213795885 0.25804630152456237 0.0016135538523598225 0.0016939582156973462
0 0.5667607906413876 0.2648221343873518 0.003227107704719645 0.002258610954263128
0 0.5867285195643405 0.27964426877470355 0.022993142396127472 0.017221908526256352
0 0.6389673255344898 0.2684923771880294 0.04759983864461476 0.018633540372670808
0 0.7129891085114965 0.26778656126482214 0.06655909640984267 0.016092603049124788
0 0.7515127067365873 0.2780914737436477 0.008874546187979023 0.007905138339920948
0 0.754134731746672 0.2689158667419537 0.0028237192416296895 0.001976284584980237
0 0.7894312222670432 0.2715979672501412 0.03146430012101654 0.007905138339920948
0 0.7769261799112546 0.2663749294184077 0.0016135538523598225 0.001411631846414455
0 0.8309802339653086 0.2779503105590062 0.045986284792254944 0.017786561264822136
0 0.1526825332795482 0.31648785996612083 0.0318676885841065 0.019762845849802372
0 0.1918112141992739 0.32086391869000563 0.013311819281968536 0.00818746470920384
0 0.22246873739411052 0.3177583286278938 0.04154901169826543 0.016092603049124788
0 0.2928600242033078 0.3222755505364201 0.04356595401371521 0.020609824957651044
0 0.3870512303348124 0.32382834556747603 0.08753529649052037 0.025974025974025976
0 0.46772892295280355 0.32185206098249575 0.014925373134328358 0.007905138339920948
0 0.4663170633319887 0.31154714850367027 0.003227107704719645 0.003105590062111801
0 0.48406615570794675 0.3222755505364201 0.010488100040338847 0.007622811970638058
0 0.5350947962888262 0.31648785996612083 0.08108108108108109 0.019198193111236588
0 0.6139572408229125 0.32185206098249575 0.033884630899556276 0.024280067758328628
0 0.6559096409842678 0.32142857142857145 0.014521984671238403 0.009316770186335404
0 0.6829366680112948 0.320016939582157 0.03791851553045583 0.017786561264822136
0 0.7139975796692215 0.3272162619988707 0.02501008471157725 0.019198193111236588
0 0.7373941105284388 0.32382834556747603 0.010488100040338847 0.002258610954263128
0 0.7603872529245663 0.32622811970638055 0.02581686163775716 0.016657255787690572
0 0.7793465106897943 0.3290513833992095 0.008874546187979023 0.007622811970638058
0 0.1617587736990722 0.3674477696216827 0.05405405405405406 0.020609824957651044
0 0.17486889874949577 0.3642010163749294 0.003630496167809601 0.0016939582156973462
0 0.2198467123840258 0.3685770750988142 0.041145623235175476 0.016092603049124788
0 0.27228721258572003 0.36801242236024845 0.02016942315449778 0.016092603049124788
0 0.27954820492133925 0.36575381140598534 0.0016135538523598225 0.001411631846414455
0 0.3009277934651069 0.36773009599096557 0.03146430012101654 0.016657255787690572
0 0.32956837434449376 0.3790231507622812 0.008067769261799113 0.009316770186335404
0 0.3313836224283985 0.36984754376058726 0.0028237192416296895 0.00282326369282891
0 0.3656716417910448 0.3719649915302089 0.02379991932230738 0.00818746470920384
0 0.38483259378781765 0.37351778656126483 0.008874546187979023 0.006775832862789385
0 0.4219443323920936 0.3747882552230378 0.03065752319483663 0.016657255787690572
0 0.4336425978217023 0.365330321852061 0.0024203307785397336 0.0033879164313946925
0 0.4441306978620411 0.3739412761151892 0.007260992335619202 0.006493506493506494
0 0.4681323114158935 0.3694240542066629 0.035901573215006054 0.018351214003387916
0 0.4923356192012908 0.3769057029926595 0.007664380798709157 0.010163749294184076
0 0.5590964098426785 0.3705533596837945 0.0782573618394514 0.016092603049124788
0 0.6327148043565954 0.3674477696216827 0.04154901169826543 0.01948051948051948
0 0.6851553045582897 0.37140033879164314 0.06171843485276321 0.025691699604743084
0 0.7297297297297297 0.3759175607001694 0.003227107704719645 0.0036702428006775835
0 0.7682533279548205 0.36589497459062675 0.030254134731746672 0.017504234895539244
0 0.7555465913674869 0.37027103331451156 0.004033884630899556 0.010446075663466968
0 0.1510689794271884 0.4209486166007905 0.02944735780556676 0.025974025974025976
0 0.14602662363856395 0.4097967250141163 0.00645421540943929 0.005364201016374929
0 0.1563130294473578 0.4148785996612084 0.004437273093989512 0.001411631846414455
0 0.18293666801129488 0.41770186335403725 0.021379588543767647 0.01948051948051948
0 0.2472771278741428 0.423630717108978 0.05970149253731343 0.03020892151326934
0 0.28479225494150867 0.41078486730660646 0.003227107704719645 0.004517221908526256
0 0.28680919725695847 0.4244776962168266 0.009681323114158934 0.008752117447769622
0 0.36143606292860025 0.4257481648785997 0.09923356192012908 0.028797289666854884
0 0.3674868898749496 0.41643139469226426 0.0024203307785397336 0.0016939582156973462
0 0.4398951189995966 0.4234895539243365 0.014118596208148447 0.007905138339920948
0 0.46046793061718433 0.42391304347826086 0.021379588543767647 0.008752117447769622
0 0.5102864058087939 0.41854884246188595 0.05405405405405406 0.017786561264822136
0 0.5671641791044776 0.42108977978543194 0.011294876966518758 0.009881422924901186
0 0.6187979023799919 0.42391304347826086 0.06212182331585317 0.03077357425183512
0 0.6976603469140783 0.42264257481648787 0.033481242436466316 0.010163749294184076
0 0.7244856797095603 0.42391304347826086 0.010488100040338847 0.008752117447769622
0 0.763614360629286 0.4205251270468662 0.07260992335619201 0.015527950310559006
0 0.8160548608309802 0.42419536984754375 0.028237192416296894 0.007058159232072276
0 0.837232755143203 0.4277244494635799 0.003630496167809601 0.0016939582156973462
0 0.14844695441710368 0.46485036702428006 0.01855586930213796 0.016657255787690572
0 0.16922146026623638 0.46922642574816487 0.01653892698668818 0.00846979107848673
0 0.22710770471964503 0.4723320158102767 0.045986284792254944 0.010728402032749858
0 0.2843888664784187 0.4751552795031056 0.01936264622831787 0.009599096555618294
0 0.3229124647035095 0.46908526256352345 0.051230334812424366 0.0189158667419537
0 0.3799919322307382 0.4771315640880858 0.03146430012101654 0.015245623941276116
0 0.4334409035901573 0.47134387351778656 0.027833803953206938 0.015527950310559006
0 0.4247680516337233 0.4621682665160926 0.0016135538523598225 0.001129305477131564
0 0.4443323920935861 0.4666854884246189 0.0028237192416296895 0.0016939582156973462
0 0.4653085921742638 0.4741671372106155 0.02702702702702703 0.007058159232072276
0 0.5342880193626462 0.4696499153020892 0.06655909640984267 0.017221908526256352
0 0.6137555465913674 0.4699322416713721 0.04477611940298507 0.020609824957651044
0 0.6444130697862042 0.47586109542631283 0.00927793465106898 0.005364201016374929
0 0.6839451391690198 0.4748729531338227 0.022993142396127472 0.020327498588368152
0 0.6782977006857603 0.4634387351778656 0.002016942315449778 0.001976284584980237
0 0.7281161758773699 0.47247317899491814 0.012101653892698669 0.007622811970638058
0 0.7289229528035498 0.468944099378882 0.0016135538523598225 0.001129305477131564
0 0.7759177087535296 0.474025974025974 0.04719645018152481 0.021456804065499716
0 0.18192819685356998 0.5223037831733484 0.09116579265832997 0.023150762281197064
0 0.20774505849132716 0.5151044607566346 0.004840661557079467 0.001976284584980237
0 0.27511093182734975 0.5238565782044043 0.024203307785397338 0.02456239412761152
0 0.32876159741831384 0.5206098249576511 0.03307785397337636 0.015810276679841896
0 0.36163775716014523 0.5203274985883681 0.030254134731746672 0.019198193111236588
0 0.38664784187172246 0.5225861095426313 0.00927793465106898 0.002258610954263128
0 0.4219443323920936 0.5203274985883681 0.03065752319483663 0.019198193111236588
0 0.445340863251311 0.525691699604743 0.008874546187979023 0.01129305477131564
0 0.46127470754336425 0.5251270468661773 0.014118596208148447 0.010728402032749858
0 0.47781363453005243 0.5273856578204404 0.0028237192416296895 0.002258610954263128
