0 0.1329164985881404 0.20525127046866176 0.0060508269463493344 0.005081874647092038
0 0.14138765631302944 0.21541501976284586 0.003630496167809601 0.019198193111236588
0 0.15167406212182333 0.2171089779785432 0.011294876966518758 0.01693958215697346
0 0.1863654699475595 0.21753246753246752 0.01371520774505849 0.013269339356295878
0 0.22065348931020573 0.2204968944099379 0.012101653892698669 0.009034443817052512
0 0.25231948366276724 0.2261434217955957 0.019766034691407825 0.015245623941276116
0 0.26200080677692617 0.21668548842461885 0.0028237192416296895 0.004234895539243365
0 0.27954820492133925 0.22233201581027667 0.021782977006857603 0.02456239412761152
0 0.3007260992335619 0.2285431959345003 0.0060508269463493344 0.007058159232072276
0 0.3053650665590964 0.20920383963862224 0.00645421540943929 0.003952569169960474
0 0.3469140782573618 0.22416713721061546 0.03307785397337636 0.010728402032749858
0 0.37474788221056876 0.21964991530208922 0.02501008471157725 0.01693958215697346
0 0.4213392496974587 0.21894409937888198 0.02218636546994756 0.016657255787690572
0 0.4485679709560307 0.21908526256352343 0.035498184751916094 0.019198193111236588
0 0.46752722872125857 0.2289666854884246 0.005647438483259379 0.007340485601355167
0 0.49394917305365066 0.2140033879164314 0.006857603872529245 0.004517221908526256
0 0.5352964905203711 0.2180971202710333 0.06131504638967326 0.020609824957651044
0 0.5792658329971763 0.22529644268774704 0.022589753933037516 0.009034443817052512
0 0.6200080677692618 0.22120271033314512 0.024203307785397338 0.016657255787690572
0 0.6530859217426381 0.22317899491812535 0.01371520774505849 0.00818746470920384
0 0.6859620814844696 0.22077922077922077 0.04881000403388463 0.015810276679841896
0 0.7428398547801532 0.21880293619424054 0.0326744655102864 0.015245623941276116
0 0.7718838241226301 0.22219085262563523 0.013311819281968536 0.006775832862789385
0 0.8229124647035094 0.21922642574816487 0.042759177087535294 0.016092603049124788
0 0.14138765631302944 0.2713156408808583 0.012505042355788625 0.009599096555618294
0 0.1990722065348931 0.2751270468661773 0.06171843485276321 0.028514963297571992
0 0.30133118192819686 0.27060982495765107 0.08390480032271078 0.020045172219085264
0 0.3525615167406212 0.27964426877470355 0.0016135538523598225 0.001411631846414455
0 0.36264622831787013 0.264257481648786 0.008067769261799113 0.003952569169960474
0 0.390883420734167 0.2682100508187465 0.017749092375958047 0.015810276679841896
0 0.41306978620411455 0.27399774138904576 0.021782977006857603 0.009316770186335404
0 0.4302137958854377 0.28063241106719367 0.0052440500201694235 0.007905138339920948
0 0.4762000806776926 0.2723037831733484 0.05526421944332392 0.023997741389045736
0 0.5332795482049213 0.2738565782044043 0.012101653892698669 0.009034443817052512
0 0.5665590964098427 0.2748447204968944 0.014925373134328358 0.008752117447769622
0 0.5921742638160549 0.2751270468661773 0.026623638563937072 0.00818746470920384
0 0.6238402581686163 0.27526821005081875 0.024606696248487294 0.007905138339920948
0 0.6419927390076644 0.2670807453416149 0.004437273093989512 0.00282326369282891
0 0.6476401774909237 0.27498588368153587 0.006857603872529245 0.00846979107848673
0 0.7129891085114965 0.27117447769621683 0.06736587333602259 0.016657255787690572
0 0.7884227511093183 0.2682100508187465 0.05526421944332392 0.015810276679841896
0 0.8210972166196047 0.2790796160361378 0.0060508269463493344 0.008752117447769622
0 0.15429608713190804 0.31733483907396953 0.04235578862444534 0.01693958215697346
0 0.24324324324324326 0.3188876341050254 0.09681323114158935 0.020045172219085264
0 0.3194836627672449 0.3201581027667984 0.010488100040338847 0.01693958215697346
0 0.3261395724082291 0.32679277244494637 0.003630496167809601 0.004234895539243365
0 0.3489310205728116 0.32382834556747603 0.04437273093989512 0.01129305477131564
0 0.40338846308995563 0.3245341614906832 0.014521984671238403 0.00818746470920384
0 0.4398951189995966 0.3198757763975155 0.051230334812424366 0.018068887634105024
0 0.509076240419524 0.32156973461321287 0.048406615570794675 0.019198193111236588
0 0.5443727309398951 0.32185206098249575 0.01573215006050827 0.007340485601355167
0 0.6042759177087536 0.3265104460756635 0.042759177087535294 0.009316770186335404
0 0.6934247680516338 0.3243929983060418 0.08551835417507059 0.02710333145115754
0 0.744856797095603 0.326369282891022 0.006857603872529245 0.007905138339920948
0 0.764017749092376 0.32679277244494637 0.0024203307785397336 0.001411631846414455
0 0.7896329164985881 0.3154997176736307 0.01573215006050827 0.01101072840203275
0 0.7868091972569584 0.32029926595143987 0.0060508269463493344 0.014963297571993224
0 0.799919322307382 0.3197346132128741 0.016942315449778138 0.017786561264822136
0 0.8138362242839855 0.32396950875211744 0.01653892698668818 0.008752117447769622
0 0.13513513513513514 0.3753529079616036 0.01371520774505849 0.00818746470920384
0 0.15409439290036306 0.37662337662337664 0.02016942315449778 0.010728402032749858
0 0.2018959257765228 0.3695652173913043 0.04235578862444534 0.018068887634105024
0 0.2325534489713594 0.3784584980237154 0.007664380798709157 0.009881422924901186
0 0.263412666397741 0.36674195369847545 0.01936264622831787 0.019762845849802372
0 0.2962888261395724 0.37224731789949184 0.04477611940298507 0.01383399209486166
0 0.3444937474788221 0.3740824392998306 0.014521984671238403 0.006775832862789385
0 0.36304961678096004 0.3753529079616036 0.01936264622831787 0.008752117447769622
0 0.4116579265832997 0.3740824392998306 0.011698265429608713 0.006775832862789385
0 0.4554255748285599 0.370412196499153 0.04437273093989512 0.015810276679841896
0 0.509479628882614 0.3685770750988142 0.008874546187979023 0.018351214003387916
0 0.5298507462686567 0.37450592885375494 0.030254134731746672 0.00818746470920384
0 0.5556676079064139 0.37450592885375494 0.018152480839048003 0.009881422924901186
0 0.5738200887454619 0.37634105025409376 0.01573215006050827 0.007340485601355167
0 0.5855183541750706 0.36617730095990964 0.013311819281968536 0.009034443817052512
0 0.6068979427188382 0.3619424054206663 0.01734570391286809 0.010163749294184076
0 0.6099233561920129 0.3746470920383964 0.0024203307785397336 0.00282326369282891
0 0.6337232755143203 0.366600790513834 0.012101653892698669 0.020045172219085264
0 0.6571198063735377 0.36885940146809715 0.029850746268656716 0.0189158667419537
0 0.6805163372327552 0.38015245623941274 0.007260992335619202 0.007622811970638058
0 0.7166196046793062 0.36900056465273856 0.02379991932230738 0.019198193111236588
0 0.7263009277934651 0.37027103331451156 0.002016942315449778 0.001976284584980237
0 0.7353771682129892 0.37648221343873517 0.010488100040338847 0.005928853754940711
0 0.7855990318676885 0.370412196499153 0.045582896329164985 0.014116318464144552
0 0.13574021782977008 0.4278656126482213 0.01008471157724889 0.015527950310559006
0 0.17305365066559097 0.42080745341614906 0.050826946349334406 0.01948051948051948
0 0.22428398547801534 0.42970073404856013 0.02501008471157725 0.010163749294184076
0 0.2874142799515934 0.42165443252399776 0.07301331181928197 0.022303783173348392
0 0.37494957644211374 0.42504234895539245 0.0536506655909641 0.027950310559006212
0 0.4048003227107705 0.43167701863354035 0.007664380798709157 0.007340485601355167
0 0.4292053247277128 0.4254658385093168 0.01290843081887858 0.00846979107848673
0 0.4528035498184752 0.42701863354037267 0.02944735780556676 0.009881422924901186
0 0.4790237999193223 0.42066629023150764 0.019766034691407825 0.020327498588368152
0 0.499798305768455 0.43054771315640883 0.023396530859217425 0.020327498588368152
0 0.5423557886244453 0.42264257481648787 0.0391286809197257 0.015810276679841896
0 0.6040742234772085 0.42476002258610956 0.045582896329164985 0.008752117447769622
0 0.6680112948769665 0.43280632411067194 0.041145623235175476 0.021456804065499716
0 0.7139975796692215 0.43195934500282324 0.048406615570794675 0.01637492941840768
0 0.7146026623638564 0.4155844155844156 0.0060508269463493344 0.0016939582156973462
0 0.790843081887858 0.4202428006775833 0.0326744655102864 0.018351214003387916
0 0.14300121016538928 0.4741671372106155 0.02702702702702703 0.02456239412761152
0 0.18313836224283986 0.4774138904573687 0.02581686163775716 0.00846979107848673
0 0.20754336425978218 0.4754376058723885 0.003630496167809601 0.006211180124223602
0 0.21581282775312627 0.4696499153020892 0.012101653892698669 0.017786561264822136
0 0.22186365469947558 0.470214568040655 0.008874546187979023 0.0189158667419537
0 0.23860427591770875 0.4771315640880858 0.0326744655102864 0.010163749294184076
0 0.2771278741427995 0.48560135516657255 0.00645421540943929 0.012987012987012988
0 0.2962888261395724 0.4803783173348391 0.0052440500201694235 0.004799548277809147
0 0.31847519160952 0.47896668548842464 0.0391286809197257 0.00818746470920384
0 0.3717224687373941 0.47684923771880294 0.024606696248487294 0.023150762281197064
0 0.41770875352964904 0.4710615471485037 0.03428801936264623 0.017221908526256352
0 0.48850342880193626 0.472755505364201 0.05405405405405406 0.01948051948051948
0 0.5306575231948366 0.48221343873517786 0.0060508269463493344 0.007340485601355167
0 0.582089552238806 0.4784020327498588 0.05486083098023396 0.010446075663466968
0 0.608914885034288 0.47134387351778656 0.0028237192416296895 0.001976284584980237
0 0.6282775312626059 0.47247317899491814 0.02379991932230738 0.013269339356295878
0 0.6734570391286809 0.4709203839638622 0.020572811617587738 0.019762845849802372
0 0.7055264219443323 0.4764257481648786 0.01290843081887858 0.006493506493506494
0 0.755143202904397 0.47557876905702995 0.035498184751916094 0.01101072840203275
0 0.782371924162969 0.4786843591191417 0.014118596208148447 0.007058159232072276
0 0.8289632916498588 0.4795313382269904 0.07422347720855184 0.023997741389045736
0 0.8537716821298911 0.46950875211744775 0.0052440500201694235 0.0016939582156973462
0 0.15732150060508268 0.5263975155279503 0.06131504638967326 0.027385657820440428
0 0.2252924566357402 0.5303500846979108 0.01734570391286809 0.00818746470920384
0 0.2490923759580476 0.5237154150197628 0.020572811617587738 0.017504234895539244
0 0.3037515127067366 0.5214568040654998 0.03953206938281565 0.017504234895539244
0 0.3402581686163776 0.5245623941276115 0.027833803953206938 0.01355166572557877
0 0.40943929003630497 0.5225861095426313 0.06696248487293263 0.015810276679841896
0 0.47781363453005243 0.5228684359119141 0.04477611940298507 0.015810276679841896
0 0.5534489713594192 0.5237154150197628 0.04356595401371521 0.015245623941276116
0 0.6139572408229125 0.5228684359119141 0.03227107704719645 0.015810276679841896
0 0.6831383622428399 0.5200451722190853 0.035901573215006054 0.014680971202710334
0 0.7343686970552642 0.5217391304347826 0.056070996369503835 0.01693958215697346
0 0.1791044776119403 0.5780632411067194 0.0790641387656313 0.009881422924901186
0 0.24969745865268253 0.5731225296442688 0.053247277127874144 0.017504234895539244
0 0.28943122226704315 0.5772162619988707 0.025413473174667203 0.011575381140598532
0 0.28519564340459863 0.5681818181818182 0.004840661557079467 0.001411631846414455
0 0.34530052440500203 0.5777809147374364 0.026623638563937072 0.028514963297571992
0 0.409035901573215 0.5824392998306042 0.060508269463493344 0.018068887634105024
0 0.44876966518757566 0.5797571993224168 0.002016942315449778 0.001411631846414455
