0 0.15732150060508268 0.2323546019198193 0.02501008471157725 0.0033879164313946925
0 0.1536910044372731 0.24336533032185206 0.004033884630899556 0.017504234895539244
0 0.1897942718838241 0.2484472049689441 0.051230334812424366 0.03500846979107849
0 0.26522791448164584 0.2468944099378882 0.04719645018152481 0.012704686617730096
0 0.30798709156918114 0.24971767363071712 0.0326744655102864 0.03359683794466403
0 0.354578459056071 0.24322416713721062 0.01371520774505849 0.012704686617730096
0 0.37232755143202906 0.2425183512140034 0.011294876966518758 0.014680971202710334
0 0.418313836224284 0.24463579898362506 0.07664380798709157 0.014963297571993224
0 0.46672045179507865 0.24237718802936195 0.017749092375958047 0.017786561264822136
0 0.491125453812021 0.24392998306041785 0.0052440500201694235 0.010728402032749858
0 0.49415086728519564 0.23588368153585546 0.004033884630899556 0.003105590062111801
0 0.5030254134731746 0.24336533032185206 0.01290843081887858 0.01355166572557877
0 0.54538120209762 0.24237718802936195 0.022589753933037516 0.020609824957651044
0 0.5845098830173457 0.2509881422924901 0.05163372327551432 0.0378317334839074
0 0.6415893505445744 0.24618859401468096 0.019766034691407825 0.03274985883681536
0 0.6528842275110932 0.2453416149068323 0.01653892698668818 0.010728402032749858
0 0.6774909237595804 0.24632975719932243 0.0326744655102864 0.012140033879164314
0 0.7079467527228721 0.24378881987577639 0.009681323114158934 0.001411631846414455
0 0.7329568374344494 0.24209486166007904 0.016942315449778138 0.020609824957651044
0 0.7482855990318676 0.24520045172219085 0.011294876966518758 0.012140033879164314
0 0.7801532876159741 0.2466120835686053 0.05163372327551432 0.012140033879164314
0 0.15873336022589754 0.29234895539243366 0.022993142396127472 0.021739130434782608
0 0.17607906413876562 0.29446640316205536 0.011698265429608713 0.011857707509881422
0 0.1964501815248084 0.2950310559006211 0.02501008471157725 0.015245623941276116
0 0.21500605082694635 0.2961603613777527 0.003227107704719645 0.011857707509881422
0 0.21883824122630094 0.28585544889892717 0.002016942315449778 0.001411631846414455
0 0.23961274707543365 0.2943252399774139 0.029043969342476807 0.012704686617730096
0 0.2601855586930214 0.2951722190852626 0.007260992335619202 0.009881422924901186
0 0.29164985881403793 0.29178430265386784 0.016135538523598225 0.022303783173348392
0 0.3110125050423558 0.30688876341050253 0.005647438483259379 0.01129305477131564
0 0.3467123840258169 0.2951722190852626 0.02379991932230738 0.029079616036137776
0 0.36688180718031466 0.2951722190852626 0.007664380798709157 0.009881422924901186
0 0.39854780153287617 0.2943252399774139 0.005647438483259379 0.015527950310559006
0 0.3983461073013312 0.2824675324675325 0.0028237192416296895 0.0036702428006775835
0 0.4156918112141993 0.2943252399774139 0.02379991932230738 0.017786561264822136
0 0.44332392093586126 0.29107848673066067 0.02581686163775716 0.023715415019762844
0 0.46329164985881405 0.2941840767927724 0.014118596208148447 0.01129305477131564
0 0.4856797095603066 0.292772444946358 0.020976200080677694 0.014116318464144552
0 0.5108914885034288 0.30095990965556185 0.006857603872529245 0.010728402032749858
0 0.5369100443727309 0.2909373235460192 0.01936264622831787 0.021174477696216828
0 0.554457442517144 0.2961603613777527 0.01573215006050827 0.012422360248447204
0 0.573013311819282 0.2920666290231508 0.01734570391286809 0.020609824957651044
0 0.6323114158935055 0.29347826086956524 0.04961678096006454 0.020609824957651044
0 0.7004840661557079 0.2941840767927724 0.0391286809197257 0.020892151326933936
0 0.7373941105284388 0.2937605872388481 0.02501008471157725 0.020045172219085264
0 0.7569584509883017 0.29587803500846976 0.014118596208148447 0.012987012987012988
0 0.7743041549011698 0.29446640316205536 0.018152480839048003 0.020327498588368152
0 0.8217022993142397 0.2971485036702428 0.03630496167809601 0.014963297571993224
0 0.8525615167406212 0.29234895539243366 0.021379588543767647 0.023433088650479956
0 0.15590964098426785 0.3375211744776962 0.033481242436466316 0.02456239412761152
0 0.18212989108511496 0.34260304912478823 0.012505042355788625 0.011575381140598532
0 0.19342476805163372 0.34232072275550535 0.01008471157724889 0.011575381140598532
0 0.22226704316256554 0.3409090909090909 0.03630496167809601 0.022868435911914172
0 0.24969745865268253 0.34076792772444947 0.016942315449778138 0.021456804065499716
0 0.2936668011294877 0.34260304912478823 0.02016942315449778 0.01948051948051948
0 0.3029447357805567 0.3386504799548278 0.0016135538523598225 0.0008469791078486731
0 0.34066155707946755 0.3437323546019198 0.025413473174667203 0.022303783173348392
0 0.3828156514723679 0.34203839638622247 0.05486083098023396 0.022868435911914172
0 0.4562323517547398 0.3534726143421796 0.03469140782573618 0.048560135516657256
0 0.5139169019766034 0.3416149068322981 0.029850746268656716 0.024844720496894408
0 0.5393303751512707 0.34655561829474874 0.016135538523598225 0.017221908526256352
0 0.5326744655102864 0.33568605307735744 0.0012101653892698668 0.0016939582156973462
0 0.5800726099233562 0.3447204968944099 0.020976200080677694 0.014116318464144552
0 0.5915691811214199 0.3414737436476567 0.0012101653892698668 0.0008469791078486731
0 0.5960064542154094 0.3455674760022586 0.0052440500201694235 0.015810276679841896
0 0.5966115369100444 0.3349802371541502 0.0016135538523598225 0.004799548277809147
0 0.6139572408229125 0.34429700734048563 0.03065752319483663 0.035290796160361376
0 0.6423961274707544 0.3526256352343309 0.006857603872529245 0.014680971202710334
0 0.6847519160951997 0.3451439864483343 0.03670835014118596 0.01948051948051948
0 0.709358612343687 0.34853190287972896 0.0052440500201694235 0.014398644833427442
0 0.7097620008067769 0.3375211744776962 0.0012101653892698668 0.0008469791078486731
0 0.7250907624041952 0.3455674760022586 0.01653892698668818 0.020327498588368152
0 0.7295280354981848 0.35403726708074534 0.0028237192416296895 0.001129305477131564
0 0.7468737394110528 0.3447204968944099 0.020572811617587738 0.020327498588368152
0 0.7787414279951593 0.34528514963297574 0.03993545784590561 0.01693958215697346
0 0.8340056474384833 0.34669678147939015 0.03751512706736587 0.01637492941840768
0 0.8251311012505043 0.34570863918690004 0.003630496167809601 0.001411631846414455
0 0.8642597821702299 0.3411914172783738 0.01653892698668818 0.022868435911914172
0 0.145421540943929 0.3958215697346132 0.022993142396127472 0.040654997176736304
0 0.15832997176280758 0.3965273856578204 0.020572811617587738 0.013269339356295878
0 0.18878580072609924 0.3904573687182383 0.04033884630899556 0.025409373235460192
0 0.1837434449374748 0.38226990400903443 0.0012101653892698668 0.0016939582156973462
0 0.21843485276321098 0.3956804065499718 0.014118596208148447 0.011575381140598532
0 0.23557886244453408 0.3935629587803501 0.008067769261799113 0.0016939582156973462
0 0.25514320290439696 0.3948334274421231 0.0052440500201694235 0.014398644833427442
0 0.25756353368293666 0.384669678147939 0.002016942315449778 0.002540937323546019
0 0.2678499394917305 0.3952569169960474 0.012101653892698669 0.014116318464144552
0 0.28499394917305365 0.39257481648785997 0.011698265429608713 0.001411631846414455
0 0.3043565954013715 0.39158667419536985 0.018959257765227916 0.02258610954263128
0 0.318273497377975 0.396386222473179 0.016135538523598225 0.014116318464144552
0 0.33844292053247277 0.3956804065499718 0.022589753933037516 0.014398644833427442
0 0.3557886244453409 0.4041501976284585 0.010488100040338847 0.016657255787690572
0 0.4154901169826543 0.39751552795031053 0.05647438483259379 0.03557312252964427
0 0.4707543364259782 0.39723320158102765 0.03227107704719645 0.015810276679841896
0 0.5058491327148044 0.39497459062676454 0.03146430012101654 0.023715415019762844
0 0.5286405808793868 0.39469226425748166 0.018959257765227916 0.020892151326933936
0 0.5413473174667205 0.38721061547148505 0.003227107704719645 0.002540937323546019
0 0.5554659136748689 0.3955392433653303 0.01855586930213796 0.015245623941276116
0 0.563735377168213 0.4075381140598532 0.019766034691407825 0.03359683794466403
0 0.6242436466317063 0.40429136081309996 0.03509479628882614 0.025974025974025976
0 0.6617587736990722 0.39680971202710336 0.01653892698668818 0.016657255787690572
0 0.6768858410649455 0.3986448334274421 0.010488100040338847 0.014116318464144552
0 0.7043162565550625 0.3985036702428007 0.035498184751916094 0.014963297571993224
0 0.7519160951996773 0.397656691134952 0.015328761597418314 0.01383399209486166
0 0.7789431222267044 0.3924336533032185 0.03711173860427592 0.020327498588368152
0 0.8053650665590965 0.40471485036702426 0.01653892698668818 0.029079616036137776
0 0.7993142396127471 0.40019762845849804 0.0028237192416296895 0.001976284584980237
0 0.15046389673255345 0.44551101072840205 0.02016942315449778 0.018068887634105024
0 0.18293666801129488 0.441699604743083 0.02864058087938685 0.023433088650479956
0 0.20048406615570794 0.4367588932806324 0.0016135538523598225 0.001129305477131564
0 0.21883824122630094 0.4426877470355731 0.02218636546994756 0.020327498588368152
0 0.28176684146833403 0.44452286843591193 0.03993545784590561 0.022303783173348392
0 0.3567970956030658 0.44762845849802374 0.038321903993545785 0.016092603049124788
0 0.390480032271077 0.44904009034443815 0.021782977006857603 0.01383399209486166
0 0.4110528438886648 0.44875776397515527 0.011294876966518758 0.013269339356295878
0 0.45764421137555467 0.4470638057594579 0.011698265429608713 0.0251270468661773
0 0.4705526421944332 0.44664031620553357 0.013311819281968536 0.01129305477131564
0 0.4834610730133118 0.4473461321287408 0.0060508269463493344 0.01101072840203275
0 0.5350947962888262 0.44367588932806323 0.043162565550625254 0.023997741389045736
0 0.5532472771278741 0.4367588932806324 0.002016942315449778 0.001129305477131564
0 0.5768455022186365 0.44466403162055335 0.03469140782573618 0.020892151326933936
0 0.608713190802743 0.45200451722190854 0.0024203307785397336 0.0016939582156973462
0 0.6706333198870512 0.4440993788819876 0.045582896329164985 0.024280067758328628
0 0.6532876159741832 0.44565217391304346 0.00927793465106898 0.01948051948051948
0 0.7295280354981848 0.444240542066629 0.025413473174667203 0.03698475437605872
0 0.755143202904397 0.44960474308300397 0.05163372327551432 0.016092603049124788
0 0.781363453005244 0.4376058723884811 0.0024203307785397336 0.0016939582156973462
0 0.8019362646228317 0.45638057594579334 0.029043969342476807 0.0409373235460192
0 0.14501815248083905 0.508893280632411 0.02944735780556676 0.04432523997741389
0 0.1690197660346914 0.4980237154150198 0.012101653892698669 0.020327498588368152
0 0.181726502622025 0.49745906267645396 0.014118596208148447 0.015245623941276116
0 0.21319080274304156 0.5046583850931677 0.03670835014118596 0.028514963297571992
0 0.2811617587736991 0.4953416149068323 0.04437273093989512 0.02456239412761152
0 0.3120209762000807 0.49731789949181254 0.013311819281968536 0.012140033879164314
0 0.3642597821702299 0.4956239412761152 0.03791851553045583 0.020045172219085264
0 0.4201290843081888 0.4944946357989836 0.020572811617587738 0.022868435911914172
0 0.4407018959257765 0.49647092038396384 0.018152480839048003 0.015527950310559006
0 0.45966115369100446 0.4977413890457369 0.020572811617587738 0.01355166572557877
0 0.47983057684550223 0.4978825522303783 0.01573215006050827 0.014963297571993224
0 0.5348931020572811 0.4968944099378882 0.01936264622831787 0.02766798418972332
0 0.5473981444130698 0.49731789949181254 0.01371520774505849 0.013269339356295878
0 0.5613150463896732 0.4976002258610954 0.008471157724889069 0.01101072840203275
0 0.5970149253731343 0.49943534726143424 0.017749092375958047 0.015245623941276116
0 0.6647841871722469 0.4957651044607566 0.04921339249697459 0.023715415019762844
0 0.7480839048003227 0.49745906267645396 0.0609116579265833 0.023150762281197064
0 0.8017345703912868 0.4956239412761152 0.035901573215006054 0.022868435911914172
0 0.15147236789027835 0.5431959345002824 0.031060911657926585 0.028797289666854884
0 0.18293666801129488 0.5458780350084698 0.022993142396127472 0.03303218520609825
0 0.20754336425978218 0.5482778091473743 0.019766034691407825 0.01355166572557877
0 0.26865671641791045 0.5451722190852626 0.03711173860427592 0.020892151326933936
0 0.32432432432432434 0.5479954827780915 0.023396530859217425 0.03500846979107849
0 0.3382412263009278 0.5484189723320159 0.01734570391286809 0.011575381140598532
0 0.36809197256958454 0.5457368718238284 0.04719645018152481 0.020892151326933936
0 0.40762404195240015 0.5451722190852626 0.011698265429608713 0.002258610954263128
0 0.4263816054860831 0.5481366459627329 0.004840661557079467 0.012140033879164314
0 0.42839854780153286 0.5391022021456804 0.003227107704719645 0.0036702428006775835
0 0.436466317063332 0.545313382269904 0.011294876966518758 0.01383399209486166
0 0.4538120209762001 0.5423489553924337 0.011294876966518758 0.0016939582156973462
0 0.4770068576038725 0.5471485036702428 0.014118596208148447 0.019762845849802372
0 0.48628479225494153 0.5487012987012987 0.014118596208148447 0.013269339356295878
0 0.5064542154094392 0.5485601355166573 0.02379991932230738 0.014680971202710334
0 0.5740217829770069 0.5512422360248447 0.060508269463493344 0.03303218520609825
0 0.617789431222267 0.5446075663466968 0.02702702702702703 0.023715415019762844
0 0.6462283178701089 0.5515245623941276 0.028237192416296894 0.012704686617730096
0 0.6708350141185963 0.5454545454545454 0.01855586930213796 0.019198193111236588
0 0.7283178701089149 0.5458780350084698 0.04961678096006454 0.0251270468661773
0 0.7902379991932231 0.5553359683794467 0.03630496167809601 0.026538678712591756
0 0.8075837031060912 0.5461603613777527 0.0024203307785397336 0.0008469791078486731
0 0.8164582492940702 0.5467250141163185 0.01936264622831787 0.021174477696216828
0 0.8376361436062929 0.5509599096555619 0.02218636546994756 0.014398644833427442
0 0.8281565147236789 0.538961038961039 0.0016135538523598225 0.001129305477131564
0 0.8598225090762405 0.5594297007340485 0.0028237192416296895 0.001976284584980237
0 0.15711980637353773 0.5937323546019199 0.050423557886244454 0.024280067758328628
0 0.19866881807180314 0.5968379446640316 0.012505042355788625 0.015810276679841896
0 0.23941105284388867 0.6000846979107849 0.01734570391286809 0.016657255787690572
0 0.263614360629286 0.6134952004517222 0.057684550221863654 0.04178430265386787
0 0.29245663574021785 0.5892151326933935 0.0024203307785397336 0.0016939582156973462
0 0.30233965308592176 0.5996612083568605 0.012505042355788625 0.014116318464144552
0 0.31807180314643 0.6081309994353472 0.006857603872529245 0.010728402032749858
0 0.36345300524405 0.5958498023715415 0.020976200080677694 0.020045172219085264
0 0.3826139572408229 0.5999435347261434 0.013311819281968536 0.014116318464144552
0 0.390681726502622 0.5938735177865613 0.0012101653892698668 0.0008469791078486731
0 0.3983461073013312 0.5990965556182948 0.013311819281968536 0.012987012987012988
0 0.417910447761194 0.5992377188029362 0.021782977006857603 0.015527950310559006
0 0.4300121016538927 0.5887916431394692 0.0016135538523598225 0.0008469791078486731
0 0.4526018555869302 0.5999435347261434 0.04356595401371521 0.015810276679841896
0 0.5129084308188786 0.598531902879729 0.018959257765227916 0.020327498588368152
0 0.5242033077853974 0.6105307735742518 0.006857603872529245 0.012704686617730096
0 0.5574828559903187 0.6002258610954263 0.01290843081887858 0.014680971202710334
0 0.5853166599435257 0.6007905138339921 0.03227107704719645 0.014116318464144552
0 0.6006454215409439 0.5926030491247882 0.00645421540943929 0.0016939582156973462
0 0.6135538523598225 0.5996612083568605 0.015328761597418314 0.014680971202710334
0 0.6260588947156112 0.611518915866742 0.01936264622831787 0.034443817052512704
0 0.6738604275917709 0.5978260869565217 0.01573215006050827 0.020045172219085264
0 0.6871722468737395 0.6023433088650479 0.013311819281968536 0.01101072840203275
0 0.7216619604679306 0.5950028232636928 0.004033884630899556 0.001976284584980237
0 0.7331585316659943 0.5992377188029362 0.018959257765227916 0.03811405985319029
0 0.7626058894715612 0.6000846979107849 0.04881000403388463 0.017786561264822136
0 0.7930617184348527 0.6022021456804065 0.00645421540943929 0.012987012987012988
0 0.7966922146026624 0.5889328063241107 0.0024203307785397336 0.00282326369282891
0 0.8170633319887052 0.6065782044042913 0.031060911657926585 0.03811405985319029
0 0.1653892698668818 0.6461038961038961 0.023396530859217425 0.021739130434782608
0 0.18293666801129488 0.6487859966120836 0.013311819281968536 0.01355166572557877
0 0.2291246470350948 0.6475155279503105 0.06696248487293263 0.02456239412761152
0 0.27732956837434447 0.658102766798419 0.00927793465106898 0.01129305477131564
0 0.3291649858814038 0.6483625070581592 0.023396530859217425 0.0189158667419537
0 0.3467123840258169 0.6504799548277809 0.011698265429608713 0.01129305477131564
0 0.36506655909640984 0.6462450592885376 0.02016942315449778 0.020892151326933936
0 0.43485276321097216 0.6472332015810277 0.045986284792254944 0.018351214003387916
0 0.46248487293263413 0.6387634105025409 0.004437273093989512 0.001976284584980237
0 0.47680516337232753 0.6487859966120836 0.03065752319483663 0.0220214568040655
0 0.4989915288422751 0.6517504234895539 0.01371520774505849 0.008752117447769622
0 0.5524405002016942 0.6487859966120836 0.02218636546994756 0.020327498588368152
0 0.564340459862848 0.6511857707509882 0.011294876966518758 0.012140033879164314
0 0.6151674062121824 0.6470920383963862 0.04356595401371521 0.023150762281197064
0 0.6770875352964906 0.6486448334274422 0.022993142396127472 0.023433088650479956
0 0.6918112141992739 0.652738565782044 0.016942315449778138 0.01355166572557877
0 0.7109721661960468 0.6504799548277809 0.01653892698668818 0.014116318464144552
0 0.735982250907624 0.6479390175042349 0.04235578862444534 0.024280067758328628
0 0.15248083904800322 0.7089215132693394 0.024203307785397338 0.03896103896103896
0 0.18777732956837434 0.7055335968379447 0.035901573215006054 0.030491247882552232
0 0.22206534893102056 0.6997459062676454 0.024606696248487294 0.01383399209486166
0 0.28943122226704315 0.6984754376058724 0.03993545784590561 0.018068887634105024
0 0.3237192416296894 0.6956521739130435 0.018152480839048003 0.023715415019762844
0 0.3810004033884631 0.6963579898362507 0.043969342476805166 0.0251270468661773
0 0.4489713594191206 0.6976284584980237 0.02016942315449778 0.01693958215697346
0 0.4745865268253328 0.7058159232072275 0.027833803953206938 0.030491247882552232
0 0.5038321903993546 0.7000282326369283 0.028237192416296894 0.014398644833427442
0 0.5205728116175877 0.7010163749294184 0.0052440500201694235 0.01355166572557877
0 0.527228721258572 0.69042913608131 0.0016135538523598225 0.001411631846414455
0 0.5395320693828156 0.7000282326369283 0.018152480839048003 0.012140033879164314
0 0.5667607906413876 0.6991812535290797 0.04195240016135539 0.020045172219085264
0 0.599435256151674 0.7004517221908526 0.016135538523598225 0.020892151326933936
0 0.6256555062525212 0.7027103331451158 0.033884630899556276 0.01355166572557877
0 0.6470350947962888 0.6979107848673066 0.011294876966518758 0.018633540372670808
0 0.6893908834207342 0.7014398644833427 0.012101653892698669 0.012140033879164314
0 0.7041145623235175 0.700592885375494 0.01573215006050827 0.027950310559006212
0 0.7527228721258572 0.7094861660079052 0.021782977006857603 0.026538678712591756
0 0.7739007664380799 0.7029926595143986 0.013311819281968536 0.012422360248447204
0 0.7797498991528842 0.6972049689440993 0.004840661557079467 0.003105590062111801
0 0.7936668011294877 0.6988989271597967 0.020572811617587738 0.021174477696216828
0 0.8071803146430012 0.6911349520045172 0.0024203307785397336 0.001129305477131564
0 0.8210972166196047 0.7035573122529645 0.021379588543767647 0.014116318464144552
0 0.8438886647841872 0.7161208356860531 0.012101653892698669 0.010446075663466968
0 0.15469947559499797 0.7507058159232072 0.003630496167809601 0.014116318464144552
0 0.15711980637353773 0.7399774138904573 0.0028237192416296895 0.001129305477131564
0 0.17466720451795079 0.7509881422924901 0.026623638563937072 0.031055900621118012
0 0.1972569584509883 0.7494353472614342 0.01290843081887858 0.014398644833427442
0 0.21258572004840662 0.7495765104460757 0.005647438483259379 0.010163749294184076
0 0.2309398951189996 0.7501411631846414 0.020572811617587738 0.012422360248447204
0 0.24808390480032272 0.7505646527385658 0.004840661557079467 0.014398644833427442
0 0.26321097216619604 0.7516939582156974 0.012505042355788625 0.012704686617730096
0 0.27773295683743443 0.759175607001694 0.014118596208148447 0.025974025974025976
0 0.3372327551432029 0.7471767363071711 0.04356595401371521 0.020609824957651044
0 0.3745461879790238 0.7504234895539243 0.02379991932230738 0.012987012987012988
0 0.43404598628479224 0.7481648785996612 0.03146430012101654 0.021456804065499716
0 0.4647035094796289 0.7491530208921513 0.02743041549011698 0.0189158667419537
0 0.5149253731343284 0.7481648785996612 0.031060911657926585 0.020892151326933936
0 0.5661557079467527 0.7529644268774703 0.021379588543767647 0.01355166572557877
0 0.5925776522791448 0.752540937323546 0.02743041549011698 0.01383399209486166
0 0.6436062928600242 0.752540937323546 0.038321903993545785 0.015527950310559006
0 0.7192416296893909 0.7481648785996612 0.05163372327551432 0.025409373235460192
0 0.7910447761194029 0.7612930547713156 0.022589753933037516 0.029079616036137776
0 0.8172650262202501 0.7540937323546019 0.02501008471157725 0.014680971202710334
0 0.8305768455022187 0.739553924336533 0.004840661557079467 0.001976284584980237
0 0.8481242436466317 0.7529644268774703 0.035901573215006054 0.02258610954263128
0 0.837232755143203 0.7471767363071711 0.0012101653892698668 0.0008469791078486731
